55
1 0 0
0 1 0
0 0 1
0.1 0.9 0
0.2 0.8 0
0.3 0.7 0
0.4 0.6 0
0.5 0.5 0
0.6 0.4 0
0.7 0.3 0
0.8 0.2 0
0.9 0.1 0
0 0.0909091 0.909091
0 0.181818 0.818182
0 0.272727 0.727273
0 0.363636 0.636364
0 0.454545 0.545455
0 0.545455 0.454545
0 0.636364 0.363636
0 0.727273 0.272727
0 0.818182 0.181818
0 0.909091 0.0909091
0.833333 0 0.166667
0.666667 0 0.333333
0.5 0 0.5
0.333333 0 0.666667
0.166667 0 0.833333
0.649345 0.0964376 0.254218
0.141399 0.490474 0.368127
0.257777 0.14277 0.599453
0.158032 0.609663 0.232305
0.450404 0.423229 0.126367
0.793081 0.0613519 0.145567
0.391047 0.0893936 0.519559
0.409774 0.260587 0.329638
0.154588 0.246562 0.598849
0.26941 0.624124 0.106466
0.298484 0.526695 0.174821
0.207393 0.32768 0.464927
0.598731 0.247205 0.154065
0.115097 0.158536 0.726367
0.0875848 0.835192 0.0772234
0.40183 0.340927 0.257242
0.13653 0.686619 0.176851
0.201698 0.403236 0.395066
0.709371 0.154931 0.135698
0.51049 0.167156 0.322353
0.330689 0.203475 0.465836
0.29944 0.438671 0.261889
0.200892 0.070304 0.728804
0.541731 0.0714672 0.386802
0.562406 0.336311 0.101283
0.137598 0.757802 0.1046
0.0787037 0.0423383 0.878958
0.111818 0.560617 0.327565


3 1 21
17 16 28
8 7 31
0 11 32
22 0 32
23 22 32
27 23 32
25 24 33
15 14 35
6 5 36
31 7 37
7 6 37
6 36 37
36 30 37
16 15 38
15 35 38
10 9 39
13 12 40
14 13 40
35 14 40
29 35 40
4 3 41
3 21 41
21 20 41
38 34 42
34 39 42
19 18 43
18 30 43
36 5 43
30 36 43
28 16 44
16 38 44
38 42 44
11 10 45
32 11 45
27 32 45
10 39 45
39 34 46
27 45 46
45 39 46
35 29 47
34 38 47
38 35 47
29 33 47
33 46 47
46 34 47
31 37 48
37 28 48
28 44 48
42 31 48
44 42 48
25 33 49
33 29 49
40 12 49
26 25 49
29 40 49
24 23 50
33 24 50
23 27 50
27 46 50
46 33 50
9 8 51
8 31 51
31 42 51
39 9 51
42 39 51
4 41 52
41 20 52
5 4 52
43 5 52
20 19 52
19 43 52
12 2 53
2 26 53
26 49 53
49 12 53
18 17 54
30 18 54
17 28 54
28 37 54
37 30 54
