118
1 0 0
0 1 0
0 0 1
0.1 0.9 0
0.2 0.8 0
0.3 0.7 0
0.4 0.6 0
0.5 0.5 0
0.6 0.4 0
0.7 0.3 0
0.8 0.2 0
0.9 0.1 0
0 0.0625 0.9375
0 0.125 0.875
0 0.1875 0.8125
0 0.25 0.75
0 0.3125 0.6875
0 0.375 0.625
0 0.4375 0.5625
0 0.5 0.5
0 0.5625 0.4375
0 0.625 0.375
0 0.6875 0.3125
0 0.75 0.25
0 0.8125 0.1875
0 0.875 0.125
0 0.9375 0.0625
0.941176 0 0.0588235
0.882353 0 0.117647
0.823529 0 0.176471
0.764706 0 0.235294
0.705882 0 0.294118
0.647059 0 0.352941
0.588235 0 0.411765
0.529412 0 0.470588
0.470588 0 0.529412
0.411765 0 0.588235
0.352941 0 0.647059
0.294118 0 0.705882
0.235294 0 0.764706
0.176471 0 0.823529
0.117647 0 0.882353
0.0588236 0 0.941176
0.658405 0.0961049 0.245491
0.104579 0.494078 0.401342
0.256911 0.15756 0.58553
0.160166 0.610654 0.229179
0.490578 0.409721 0.0997003
0.795512 0.0804248 0.124063
0.417934 0.083838 0.498228
0.666382 0.262664 0.0709546
0.668389 0.145953 0.185658
0.760986 0.177817 0.061197
0.394016 0.255584 0.3504
0.160745 0.250747 0.588508
0.280776 0.616755 0.102468
0.321598 0.522544 0.155858
0.186994 0.323907 0.489098
0.495795 0.230523 0.273681
0.260944 0.510684 0.228372
0.169314 0.542995 0.28769
0.540213 0.0866594 0.373128
0.165303 0.179025 0.655671
0.187541 0.695915 0.116544
0.246681 0.703986 0.0493329
0.329769 0.0638889 0.606342
0.589824 0.244998 0.165178
0.0879038 0.363604 0.548492
0.112369 0.157835 0.729796
0.333711 0.270614 0.395675
0.147395 0.791835 0.0607697
0.23318 0.387086 0.379733
0.0886761 0.782698 0.128626
0.445241 0.33327 0.221489
0.848295 0.0931842 0.0585205
0.38867 0.512967 0.0983622
0.259797 0.0847604 0.655442
0.12417 0.700972 0.174858
0.074047 0.705182 0.220771
0.577242 0.315213 0.107545
0.0611061 0.85479 0.0841042
0.297661 0.195685 0.506654
0.459467 0.493337 0.0471957
0.484404 0.0780219 0.437574
0.479568 0.186953 0.333479
0.582931 0.11581 0.301259
0.649685 0.221219 0.129096
0.14075 0.0756161 0.783634
0.0713909 0.239608 0.689001
0.338908 0.40147 0.259622
0.422275 0.423423 0.154302
0.575435 0.379183 0.045382
0.22581 0.6042 0.16999
0.0759352 0.296905 0.62716
0.319102 0.351591 0.329306
0.0746327 0.0846079 0.840759
0.0861817 0.575811 0.338008
0.558999 0.216772 0.22423
0.437021 0.167042 0.395937
0.743159 0.0694273 0.187414
0.079491 0.643903 0.276606
0.0629249 0.153363 0.783712
0.37613 0.172009 0.451861
0.0897039 0.437839 0.472457
0.349835 0.602162 0.0480028
0.19988 0.0806234 0.719497
0.249173 0.448026 0.302801
0.270411 0.285479 0.44411
0.409381 0.299057 0.291562
0.203627 0.259553 0.53682
0.0643271 0.897832 0.0378409
0.0489205 0.0530281 0.898051
0.358325 0.0903537 0.551321
0.171672 0.481079 0.34725
0.510236 0.327685 0.162079
0.722234 0.155125 0.122642
0.176604 0.389559 0.433837
0.360379 0.437905 0.201716


0 11 27
12 2 42
31 30 43
21 20 44
29 28 48
35 34 49
10 9 52
9 50 52
59 46 60
33 32 61
45 54 62
5 4 64
63 55 64
37 36 65
18 17 67
19 18 67
4 3 70
63 64 70
64 4 70
25 24 72
63 70 72
11 10 74
10 52 74
27 11 74
28 27 74
48 28 74
52 48 74
55 56 75
38 37 76
45 62 76
65 45 76
37 65 76
72 24 77
63 72 77
24 23 78
77 24 78
46 77 78
26 25 80
25 72 80
72 70 80
7 6 82
75 47 82
34 33 83
33 61 83
49 34 83
32 31 85
31 43 85
61 32 85
84 61 85
58 84 85
66 51 86
50 79 86
79 66 86
40 39 87
16 15 88
15 68 88
68 62 88
47 75 90
75 56 90
9 8 91
50 9 91
47 79 91
79 50 91
8 7 91
7 82 91
82 47 91
46 59 92
59 56 92
56 55 92
55 63 92
77 46 92
63 77 92
54 67 93
67 17 93
17 16 93
16 88 93
62 54 93
88 62 93
69 53 94
71 69 94
14 13 95
41 40 95
40 87 95
22 21 96
21 44 96
43 51 97
51 66 97
73 58 97
58 85 97
85 43 97
53 69 98
84 53 98
83 61 98
61 84 98
30 29 99
43 30 99
51 43 99
29 48 99
23 22 100
78 23 100
60 46 100
46 78 100
22 96 100
96 60 100
15 14 101
68 15 101
87 68 101
14 95 101
95 87 101
81 49 102
98 69 102
49 83 102
83 98 102
20 19 103
44 20 103
19 67 103
67 57 103
6 5 104
5 64 104
64 55 104
55 75 104
75 82 104
82 6 104
39 38 105
62 68 105
76 62 105
38 76 105
68 87 105
87 39 105
59 60 106
89 59 106
71 94 106
94 89 106
69 71 107
57 81 107
81 102 107
102 69 107
53 84 108
84 58 108
58 73 108
73 89 108
89 94 108
94 53 108
57 67 109
67 54 109
54 45 109
45 81 109
81 57 109
3 1 110
1 26 110
26 80 110
70 3 110
80 70 110
13 12 111
12 42 111
42 41 111
41 95 111
95 13 111
36 35 112
35 49 112
65 36 112
45 65 112
81 45 112
49 81 112
44 71 113
96 44 113
60 96 113
106 60 113
71 106 113
90 73 114
66 79 114
79 47 114
47 90 114
73 97 114
97 66 114
86 51 115
48 52 115
52 50 115
50 86 115
51 99 115
99 48 115
103 57 116
71 44 116
44 103 116
57 107 116
107 71 116
56 59 117
59 89 117
90 56 117
89 73 117
73 90 117
