88
1 0 0
0 1 0
0 0 1
0.0999999 0.9 0
0.2 0.8 0
0.3 0.7 0
0.4 0.6 0
0.5 0.5 0
0.6 0.4 0
0.7 0.3 0
0.8 0.2 0
0.9 0.1 0
0 0.0625 0.9375
0 0.125 0.875
0 0.1875 0.8125
0 0.25 0.75
0 0.3125 0.6875
0 0.375 0.625
0 0.4375 0.5625
0 0.5 0.5
0 0.5625 0.4375
0 0.625 0.375
0 0.6875 0.3125
0 0.75 0.25
0 0.8125 0.1875
0 0.875 0.125
0 0.9375 0.0625
0.909091 0 0.0909091
0.818182 0 0.181818
0.727273 0 0.272727
0.636364 0 0.363636
0.545455 0 0.454545
0.454545 0 0.545455
0.363636 0 0.636364
0.272727 0 0.727273
0.181818 0 0.818182
0.090909 0 0.909091
0.656841 0.101502 0.241657
0.126468 0.479484 0.394048
0.273192 0.142561 0.584248
0.191203 0.595817 0.21298
0.484112 0.416258 0.0996298
0.780943 0.0805407 0.138516
0.414245 0.0734419 0.512313
0.872641 0.069305 0.0580537
0.663927 0.263873 0.0722002
0.754454 0.162891 0.0826546
0.363486 0.271618 0.364896
0.158534 0.251783 0.589683
0.255138 0.645806 0.0990563
0.336618 0.519955 0.143426
0.198774 0.333065 0.468162
0.512071 0.226487 0.261441
0.17285 0.527031 0.300119
0.49499 0.0929127 0.412098
0.130998 0.204443 0.664559
0.241311 0.254212 0.504477
0.335811 0.0602305 0.603958
0.594175 0.244946 0.160879
0.274463 0.496648 0.228889
0.121111 0.146069 0.73282
0.163697 0.767607 0.0686955
0.232499 0.381188 0.386313
0.447192 0.329695 0.223113
0.120306 0.69883 0.180865
0.364181 0.21005 0.42577
0.110773 0.335315 0.553912
0.464875 0.473268 0.0618573
0.224642 0.118109 0.657249
0.50169 0.160583 0.337727
0.0873418 0.857289 0.0553693
0.128192 0.0803095 0.791499
0.662474 0.161065 0.176461
0.337932 0.161731 0.500338
0.283416 0.425469 0.291115
0.10081 0.42638 0.472811
0.367722 0.328255 0.304023
0.0846972 0.612808 0.302495
0.531911 0.333575 0.134514
0.0760176 0.0551073 0.868875
0.381994 0.552718 0.065288
0.395668 0.418056 0.186276
0.244389 0.060561 0.69505
0.594639 0.347308 0.0580536
0.116221 0.757963 0.125815
0.61234 0.0684639 0.319196
0.07745 0.559262 0.363288
0.076852 0.67266 0.250488


3 1 26
12 2 36
29 28 37
20 19 38
28 27 42
37 28 42
32 31 43
0 11 44
27 0 44
42 27 44
10 9 45
11 10 46
44 11 46
42 44 46
10 45 46
17 16 48
6 5 49
49 40 50
31 30 54
43 31 54
16 15 55
48 16 55
39 48 55
33 32 57
32 43 57
43 39 57
46 45 58
50 40 59
40 53 59
15 14 60
55 15 60
5 4 61
49 5 61
51 47 62
52 58 63
24 23 64
40 49 64
47 51 65
51 56 65
18 17 66
51 18 66
17 48 66
48 56 66
56 51 66
8 7 67
41 8 67
50 41 67
39 55 68
57 39 68
55 60 68
37 52 69
52 47 69
47 65 69
65 54 69
4 3 70
3 26 70
26 25 70
25 61 70
61 4 70
14 13 71
60 14 71
35 34 71
37 42 72
52 37 72
58 52 72
42 46 72
46 58 72
39 43 73
48 39 73
56 48 73
43 54 73
54 65 73
65 56 73
53 38 74
38 62 74
59 53 74
19 18 75
18 51 75
38 19 75
62 38 75
51 62 75
47 52 76
52 63 76
62 47 76
63 74 76
74 62 76
22 21 77
53 40 77
58 45 78
63 58 78
13 12 79
12 36 79
36 35 79
35 71 79
71 13 79
7 6 80
6 49 80
67 7 80
49 50 80
50 67 80
41 50 81
50 59 81
59 74 81
74 63 81
78 41 81
63 78 81
34 33 82
68 60 82
33 57 82
57 68 82
60 71 82
71 34 82
9 8 83
8 41 83
41 78 83
45 9 83
78 45 83
25 24 84
61 25 84
49 61 84
64 49 84
24 64 84
30 29 85
54 30 85
69 54 85
29 37 85
37 69 85
21 20 86
20 38 86
38 53 86
53 77 86
77 21 86
23 22 87
64 23 87
40 64 87
22 77 87
77 40 87
