80
1 0 0
0 1 0
0 0 1
0.0999999 0.9 0
0.2 0.8 0
0.3 0.7 0
0.4 0.6 0
0.5 0.5 0
0.6 0.4 0
0.7 0.3 0
0.8 0.2 0
0.9 0.1 0
0 0.1 0.9
0 0.2 0.8
0 0.3 0.7
0 0.4 0.6
0 0.5 0.5
0 0.6 0.4
0 0.7 0.3
0 0.8 0.2
0 0.9 0.1
0.9375 0 0.0625
0.875 0 0.125
0.8125 0 0.1875
0.75 0 0.25
0.6875 0 0.3125
0.625 0 0.375
0.5625 0 0.4375
0.5 0 0.5
0.4375 0 0.5625
0.375 0 0.625
0.3125 0 0.6875
0.25 0 0.75
0.1875 0 0.8125
0.125 0 0.875
0.0625 0 0.9375
0.619248 0.137181 0.24357
0.0970022 0.514416 0.388581
0.27311 0.151692 0.575198
0.170041 0.604457 0.225502
0.479583 0.42003 0.100387
0.663303 0.247191 0.0895054
0.678315 0.124778 0.196908
0.775442 0.145812 0.078746
0.396261 0.258561 0.345179
0.179024 0.242568 0.578408
0.286502 0.607097 0.106401
0.422656 0.119874 0.457469
0.170241 0.345025 0.484734
0.468772 0.253052 0.278176
0.264288 0.534032 0.20168
0.153634 0.189863 0.656503
0.372667 0.549636 0.0776975
0.193067 0.673364 0.133569
0.588866 0.256194 0.15494
0.744241 0.105713 0.150046
0.087176 0.356291 0.556533
0.120479 0.150053 0.729468
0.326919 0.263919 0.409162
0.096577 0.807641 0.0957821
0.20574 0.42733 0.36693
0.857184 0.0899717 0.0528442
0.351538 0.129691 0.518771
0.0721844 0.749166 0.17865
0.501937 0.114676 0.383387
0.41686 0.413224 0.169916
0.574719 0.117933 0.307348
0.360149 0.406821 0.23303
0.0973289 0.618884 0.283787
0.234939 0.110183 0.654879
0.0571687 0.0929265 0.849905
0.56507 0.361482 0.0734485
0.053151 0.178741 0.768108
0.284116 0.415819 0.300065
0.0685195 0.284509 0.646971
0.0691687 0.461409 0.469422
0.26655 0.262823 0.470627
0.526349 0.263614 0.210037
0.172915 0.769973 0.0571124
0.111974 0.0801697 0.807856


0 11 21
12 2 35
18 17 37
31 30 38
7 6 40
9 8 41
25 24 42
36 25 42
10 9 43
23 22 43
9 41 43
5 4 46
29 28 47
45 38 48
6 5 52
5 46 52
40 6 52
39 50 53
50 46 53
36 42 54
42 41 54
24 23 55
42 24 55
41 42 55
23 43 55
43 41 55
45 48 56
16 15 56
51 45 56
33 32 57
32 51 57
47 44 58
3 1 59
1 20 59
39 53 59
37 48 60
11 10 61
21 11 61
22 21 61
10 43 61
43 22 61
30 29 62
38 30 62
29 47 62
47 58 62
20 19 63
59 20 63
39 59 63
28 27 64
47 28 64
44 47 64
27 26 64
49 44 64
52 46 65
40 52 65
26 25 66
25 36 66
49 64 66
64 26 66
44 49 67
46 50 67
65 46 67
49 65 67
37 60 68
60 39 68
19 18 68
63 19 68
18 37 68
39 63 68
31 38 69
38 45 69
32 31 69
51 32 69
45 51 69
13 12 70
12 35 70
35 34 70
8 7 71
41 8 71
54 41 71
7 40 71
40 54 71
14 13 72
57 14 72
13 70 72
58 44 73
50 39 73
39 60 73
60 58 73
44 67 73
67 50 73
51 56 74
56 15 74
15 14 74
14 57 74
57 51 74
17 16 75
16 56 75
37 17 75
48 37 75
56 48 75
48 38 76
38 62 76
58 60 76
62 58 76
60 48 76
54 40 77
40 65 77
65 49 77
36 54 77
49 66 77
66 36 77
4 3 78
46 4 78
53 46 78
3 59 78
59 53 78
34 33 79
33 57 79
57 72 79
70 34 79
72 70 79
