34
1 0 0
0 1 0
0 0 1
0.1 0.9 0
0.2 0.8 0
0.3 0.7 0
0.4 0.6 0
0.5 0.5 0
0.6 0.4 0
0.7 0.3 0
0.8 0.2 0
0.9 0.1 0
0 0.0588235 0.941177
0 0.117647 0.882353
0 0.176471 0.823529
0 0.235294 0.764706
0 0.294118 0.705882
0 0.352941 0.647059
0 0.411765 0.588235
0 0.470588 0.529412
0 0.529412 0.470588
0 0.588235 0.411765
0 0.647059 0.352941
0 0.705882 0.294118
0 0.764706 0.235294
0 0.823529 0.176471
0 0.882353 0.117647
0 0.941177 0.0588235
0.857143 0 0.142857
0.714286 0 0.285714
0.571429 0 0.428571
0.428571 0 0.571429
0.285714 0 0.714286
0.142857 0 0.857143


0 11 18
11 10 19
18 11 19
10 9 20
19 10 20
9 8 21
20 9 21
8 7 22
21 8 22
7 6 23
22 7 23
6 5 24
23 6 24
5 4 25
24 5 25
4 3 26
25 4 26
3 1 27
26 3 27
0 18 28
18 17 28
17 16 29
28 17 29
16 15 30
29 16 30
15 14 31
30 15 31
14 13 32
31 14 32
12 2 33
13 12 33
32 13 33
