109
1 0 0
0 1 0
0 0 1
0.1 0.9 0
0.2 0.8 0
0.3 0.7 0
0.4 0.6 0
0.5 0.5 0
0.6 0.4 0
0.7 0.3 0
0.8 0.2 0
0.9 0.1 0
0 0.0714285 0.928571
0 0.142857 0.857143
0 0.214286 0.785714
0 0.285714 0.714286
0 0.357143 0.642857
0 0.428571 0.571428
0 0.5 0.5
0 0.571429 0.428571
0 0.642857 0.357143
0 0.714286 0.285714
0 0.785714 0.214286
0 0.857143 0.142857
0 0.928571 0.0714286
0.941176 0 0.0588235
0.882353 0 0.117647
0.823529 0 0.176471
0.764706 0 0.235294
0.705882 0 0.294118
0.647059 0 0.352941
0.588235 0 0.411765
0.529412 0 0.470588
0.470588 0 0.529412
0.411765 0 0.588235
0.352941 0 0.647059
0.294118 0 0.705882
0.235294 0 0.764706
0.176471 0 0.823529
0.117647 0 0.882353
0.0588235 0 0.941176
0.651821 0.0970424 0.251137
0.103284 0.486721 0.409995
0.278783 0.131192 0.590025
0.163957 0.595943 0.240099
0.489688 0.404417 0.105895
0.653566 0.279102 0.0673319
0.671868 0.133391 0.194741
0.754696 0.18652 0.0587843
0.738408 0.132348 0.129245
0.399171 0.245533 0.355297
0.17404 0.245513 0.580447
0.263728 0.640192 0.0960802
0.0624498 0.114274 0.823276
0.324552 0.515335 0.160112
0.435187 0.0810821 0.483731
0.172143 0.347418 0.480439
0.494662 0.231532 0.273806
0.247802 0.549335 0.202864
0.165757 0.52976 0.304483
0.542444 0.0758563 0.3817
0.151266 0.191907 0.656827
0.348019 0.581519 0.0704622
0.191219 0.678816 0.129965
0.257916 0.699731 0.042353
0.84843 0.104225 0.0473454
0.590657 0.240355 0.168988
0.0884083 0.370727 0.540865
0.0770036 0.31083 0.612166
0.138398 0.131908 0.729694
0.334832 0.26699 0.398179
0.17612 0.76449 0.0593897
0.0976595 0.824902 0.0774389
0.217236 0.405634 0.37713
0.433958 0.349413 0.216629
0.24602 0.105929 0.648051
0.15271 0.669163 0.178127
0.350479 0.122295 0.527226
0.0822078 0.705734 0.212059
0.571373 0.317859 0.110768
0.482217 0.179234 0.338548
0.583073 0.112856 0.304071
0.447464 0.138046 0.41449
0.0698732 0.247244 0.682882
0.542082 0.40529 0.0526276
0.338091 0.41699 0.244919
0.415021 0.44809 0.136889
0.409289 0.299921 0.29079
0.318597 0.356444 0.324958
0.440828 0.498947 0.0602253
0.107043 0.54591 0.347047
0.559129 0.214145 0.226727
0.244662 0.228309 0.527029
0.652591 0.21529 0.132119
0.0715542 0.647602 0.280844
0.274396 0.266937 0.458667
0.0800006 0.445432 0.474567
0.247801 0.469487 0.282711
0.347765 0.0621633 0.590072
0.051189 0.0631007 0.88571
0.0625647 0.184541 0.752894
0.822396 0.0775837 0.100021
0.0718556 0.785945 0.1422
0.209725 0.0852258 0.705049
0.128527 0.0756707 0.795803
0.0503857 0.916208 0.0334063
0.752795 0.0606338 0.186571
0.366276 0.176082 0.457642
0.506616 0.32636 0.167024


0 11 25
12 2 40
29 28 41
20 19 42
9 8 46
41 28 47
10 9 48
9 46 48
48 46 49
14 13 53
33 32 55
32 31 60
31 30 60
6 5 62
52 54 62
54 52 63
58 54 63
5 4 64
52 62 64
62 5 64
11 10 65
25 11 65
26 25 65
10 48 65
18 17 67
51 56 67
17 16 68
67 17 68
61 51 68
51 67 68
4 3 71
64 4 71
63 52 71
52 64 71
71 3 72
63 71 72
42 56 73
36 35 75
35 43 75
43 51 75
51 61 75
44 58 76
58 63 76
34 33 77
33 55 77
44 76 78
30 29 81
29 41 81
57 80 81
60 30 81
80 60 81
55 32 82
32 60 82
50 70 82
60 80 82
80 50 82
16 15 83
61 68 83
68 16 83
69 61 83
8 7 84
45 79 84
46 8 84
79 46 84
54 58 85
74 54 85
62 54 86
54 74 86
50 80 87
80 57 87
57 74 87
74 85 87
70 50 88
73 70 88
50 87 88
87 85 88
7 6 89
6 62 89
45 84 89
84 7 89
62 86 89
86 45 89
20 42 90
42 73 90
73 59 90
41 47 91
47 66 91
74 57 91
57 81 91
81 41 91
51 43 92
56 51 92
43 77 92
47 49 93
66 47 93
49 46 93
46 79 93
79 66 93
22 21 94
78 22 94
59 44 94
44 78 94
21 20 94
20 90 94
90 59 94
70 73 95
73 56 95
56 92 95
92 77 95
19 18 96
42 19 96
56 42 96
18 67 96
67 56 96
58 44 97
44 59 97
85 58 97
59 73 97
73 88 97
88 85 97
35 34 98
43 35 98
34 77 98
77 43 98
13 12 99
12 40 99
40 39 99
39 53 99
53 13 99
15 14 100
14 53 100
69 83 100
83 15 100
27 26 101
49 27 101
48 49 101
26 65 101
65 48 101
24 23 102
72 24 102
63 72 102
76 63 102
23 22 102
22 78 102
78 76 102
37 36 103
69 37 103
61 69 103
75 61 103
36 75 103
39 38 104
53 39 104
38 37 104
37 69 104
100 53 104
69 100 104
3 1 105
1 24 105
24 72 105
72 3 105
28 27 106
27 49 106
47 28 106
49 47 106
55 82 107
82 70 107
70 95 107
77 55 107
95 77 107
66 79 108
79 45 108
45 86 108
86 74 108
74 91 108
91 66 108
