32
1 0 0
0 1 0
0 0 1
0.1 0.9 0
0.2 0.8 0
0.3 0.7 0
0.4 0.6 0
0.5 0.5 0
0.6 0.4 0
0.7 0.3 0
0.8 0.2 0
0.9 0.1 0
0 0.0625 0.9375
0 0.125 0.875
0 0.1875 0.8125
0 0.25 0.75
0 0.3125 0.6875
0 0.375 0.625
0 0.4375 0.5625
0 0.5 0.5
0 0.5625 0.4375
0 0.625 0.375
0 0.6875 0.3125
0 0.75 0.25
0 0.8125 0.1875
0 0.875 0.125
0 0.9375 0.0625
0.833333 0 0.166667
0.666667 0 0.333333
0.5 0 0.5
0.333333 0 0.666667
0.166667 0 0.833333


0 11 17
11 10 18
17 11 18
10 9 19
18 10 19
9 8 20
19 9 20
8 7 21
20 8 21
7 6 22
21 7 22
6 5 23
22 6 23
5 4 24
23 5 24
4 3 25
24 4 25
3 1 26
25 3 26
0 17 27
17 16 27
16 15 28
27 16 28
15 14 29
28 15 29
14 13 30
29 14 30
12 2 31
13 12 31
30 13 31
