112
1 0 0
0 1 0
0 0 1
0.1 0.9 0
0.2 0.8 0
0.3 0.7 0
0.4 0.6 0
0.5 0.5 0
0.6 0.4 0
0.7 0.3 0
0.8 0.2 0
0.9 0.1 0
0 0.0666666 0.933333
0 0.133333 0.866667
0 0.2 0.8
0 0.266667 0.733333
0 0.333333 0.666667
0 0.4 0.6
0 0.466667 0.533333
0 0.533333 0.466667
0 0.6 0.4
0 0.666667 0.333333
0 0.733333 0.266667
0 0.8 0.2
0 0.866667 0.133333
0 0.933333 0.0666667
0.95 0 0.05
0.9 0 0.1
0.85 0 0.15
0.8 0 0.2
0.75 0 0.25
0.7 0 0.3
0.65 0 0.35
0.6 0 0.4
0.55 0 0.45
0.5 0 0.5
0.45 0 0.55
0.4 0 0.6
0.35 0 0.65
0.3 0 0.7
0.25 0 0.75
0.2 0 0.8
0.15 0 0.85
0.1 0 0.9
0.0500001 0 0.95
0.637185 0.122526 0.240289
0.0966693 0.489777 0.413553
0.294499 0.119006 0.586495
0.176451 0.584574 0.238974
0.472174 0.420727 0.107099
0.661146 0.271993 0.0668616
0.69133 0.118011 0.190659
0.760613 0.180308 0.0590784
0.746262 0.122543 0.131194
0.383971 0.262761 0.353269
0.176359 0.251893 0.571748
0.275158 0.630446 0.0943953
0.317707 0.516181 0.166112
0.405454 0.112033 0.482513
0.18846 0.328328 0.483212
0.498345 0.226071 0.275584
0.265288 0.516506 0.218206
0.186694 0.507122 0.306183
0.154786 0.190026 0.655187
0.365342 0.5756 0.0590581
0.191978 0.685722 0.122301
0.258689 0.699051 0.0422598
0.574213 0.25953 0.166257
0.0670037 0.386073 0.546923
0.130172 0.136487 0.733341
0.33992 0.252716 0.407365
0.167888 0.776712 0.0554001
0.452118 0.383938 0.163944
0.098027 0.818083 0.0838897
0.230248 0.389307 0.380445
0.533732 0.243769 0.2225
0.088855 0.779851 0.131294
0.431137 0.348371 0.220492
0.855695 0.0953281 0.0489767
0.352019 0.116241 0.53174
0.488239 0.133113 0.378648
0.570796 0.33235 0.0968541
0.47872 0.469853 0.0514268
0.589912 0.118586 0.291502
0.537267 0.124557 0.338176
0.440057 0.13008 0.429862
0.125066 0.0765183 0.798415
0.0653518 0.261259 0.673389
0.250084 0.107631 0.642285
0.295484 0.244954 0.459562
0.422764 0.279434 0.297803
0.0738953 0.0892504 0.836854
0.293946 0.421767 0.284288
0.567595 0.389932 0.0424728
0.186393 0.637226 0.176381
0.213092 0.0904301 0.696478
0.10708 0.552176 0.340744
0.0847161 0.655918 0.259365
0.652131 0.215243 0.132626
0.106484 0.400362 0.493154
0.188951 0.39303 0.418019
0.0618964 0.161056 0.777047
0.256084 0.219733 0.524183
0.821593 0.0792778 0.0991288
0.0826506 0.727162 0.190188
0.285987 0.370539 0.343474
0.0370317 0.0544049 0.908563
0.374648 0.507478 0.117874
0.0521264 0.503297 0.444577
0.0891271 0.299472 0.611401
0.067794 0.895865 0.0363412
0.35367 0.410122 0.236208


0 11 26
12 2 44
31 30 45
21 20 46
38 37 47
9 8 50
30 29 51
45 30 51
10 9 52
9 50 52
29 28 53
51 29 53
52 50 53
36 35 58
6 5 64
57 56 65
5 4 66
56 64 66
64 5 66
45 51 67
18 17 68
19 18 68
41 40 69
4 3 71
66 4 71
65 56 71
56 66 71
67 49 72
65 71 73
45 67 75
67 72 75
25 24 76
73 25 76
65 73 76
72 57 77
60 75 77
75 72 77
11 10 78
26 11 78
27 26 78
10 52 78
37 36 79
47 37 79
36 58 79
34 33 80
49 67 81
7 6 82
6 64 82
64 49 82
49 81 82
32 31 83
31 45 83
45 75 83
75 60 83
33 32 84
32 83 84
83 60 84
80 33 84
35 34 85
58 35 85
54 70 85
80 54 85
34 80 85
70 58 85
42 41 86
41 69 86
17 16 87
16 15 87
15 69 87
69 63 87
39 38 88
38 47 88
47 55 88
55 63 88
70 74 89
58 70 89
79 58 89
60 77 90
84 60 90
54 80 90
80 84 90
14 13 91
13 43 91
43 42 91
42 86 91
61 48 92
48 62 92
54 90 92
8 7 93
50 8 93
81 50 93
7 82 93
82 81 93
48 61 94
61 57 94
57 65 94
65 76 94
40 39 95
63 69 95
69 40 95
39 88 95
88 63 95
22 21 96
21 46 96
74 62 96
23 22 97
62 48 97
22 96 97
96 62 97
51 53 98
53 50 98
50 81 98
67 51 98
81 67 98
59 46 99
55 59 99
68 55 99
19 68 99
46 59 100
59 89 100
89 74 100
74 96 100
96 46 100
15 14 101
69 15 101
86 69 101
14 91 101
91 86 101
55 47 102
59 55 102
47 79 102
79 89 102
89 59 102
28 27 103
52 53 103
53 28 103
27 78 103
78 52 103
24 23 104
76 24 104
48 94 104
94 76 104
23 97 104
97 48 104
70 54 105
74 70 105
62 74 105
92 62 105
54 92 105
13 12 106
12 44 106
43 13 106
44 43 106
56 57 107
57 72 107
64 56 107
49 64 107
72 49 107
20 19 108
46 20 108
19 99 108
99 46 108
68 17 109
63 55 109
55 68 109
17 87 109
87 63 109
3 1 110
1 25 110
25 73 110
71 3 110
73 71 110
57 61 111
77 57 111
90 77 111
61 92 111
92 90 111
