74
1 0 0
0 1 0
0 0 1
0.0999999 0.9 0
0.2 0.8 0
0.3 0.7 0
0.4 0.6 0
0.5 0.5 0
0.6 0.4 0
0.7 0.3 0
0.8 0.2 0
0.9 0.1 0
0 0.0833333 0.916667
0 0.166667 0.833333
0 0.25 0.75
0 0.333333 0.666667
0 0.416667 0.583333
0 0.5 0.5
0 0.583333 0.416667
0 0.666667 0.333333
0 0.75 0.25
0 0.833333 0.166667
0 0.916667 0.0833333
0.9 0 0.1
0.8 0 0.2
0.7 0 0.3
0.6 0 0.4
0.5 0 0.5
0.4 0 0.6
0.3 0 0.7
0.2 0 0.8
0.1 0 0.9
0.605189 0.130271 0.26454
0.109036 0.472894 0.41807
0.284905 0.132443 0.582652
0.175608 0.60207 0.222322
0.479017 0.404856 0.116126
0.790848 0.073861 0.135291
0.404591 0.09328 0.502129
0.648982 0.274035 0.0769829
0.775374 0.155215 0.0694116
0.400407 0.247437 0.352157
0.158649 0.261382 0.579969
0.269068 0.629679 0.101253
0.307709 0.519865 0.172426
0.186999 0.337475 0.475526
0.487126 0.242529 0.270345
0.193761 0.512411 0.293828
0.533227 0.07827 0.388503
0.567388 0.257645 0.174967
0.0844777 0.379472 0.53605
0.118697 0.136633 0.74467
0.168266 0.748763 0.0829708
0.230848 0.404144 0.365008
0.443909 0.341526 0.214565
0.246728 0.0754647 0.677807
0.130949 0.693949 0.175102
0.288143 0.21068 0.501177
0.323837 0.434582 0.241582
0.874535 0.0663882 0.0590767
0.492406 0.165523 0.342071
0.682956 0.161822 0.155222
0.0863822 0.839516 0.0741022
0.0820795 0.240385 0.677535
0.0909329 0.0751494 0.833918
0.397333 0.525397 0.0772708
0.0851271 0.5839 0.330973
0.398953 0.17542 0.425626
0.714753 0.0676202 0.217626
0.0702294 0.772922 0.156848
0.355006 0.335837 0.309157
0.0727309 0.663312 0.263957
0.298798 0.288801 0.412401
0.17691 0.172836 0.650254


3 1 22
12 2 31
18 17 33
8 7 36
24 23 37
28 27 38
34 28 38
10 9 39
9 8 39
8 36 39
11 10 40
10 39 40
6 5 43
43 35 44
44 35 47
26 25 48
25 32 48
27 26 48
38 27 48
46 32 49
39 36 49
17 16 50
33 17 50
16 15 50
15 42 50
45 33 50
42 45 50
14 13 51
5 4 52
43 5 52
33 45 53
47 33 53
46 49 54
49 36 54
29 28 55
28 34 55
30 29 55
51 30 55
35 43 56
43 52 56
34 38 57
42 34 57
45 42 57
36 44 58
54 36 58
44 47 58
47 53 58
0 11 59
23 0 59
37 23 59
11 40 59
40 37 59
32 46 60
48 32 60
46 41 60
37 40 61
49 32 61
40 39 61
39 49 61
4 3 62
52 4 62
3 22 62
22 21 62
15 14 63
42 15 63
14 51 63
13 12 64
51 13 64
12 31 64
31 30 64
30 51 64
7 6 65
6 43 65
43 44 65
36 7 65
44 36 65
19 18 66
47 35 66
18 33 66
33 47 66
38 48 67
48 60 67
60 41 67
57 38 67
25 24 68
32 25 68
24 37 68
37 61 68
61 32 68
21 20 69
20 56 69
56 52 69
52 62 69
62 21 69
41 46 70
46 54 70
54 58 70
58 53 70
20 19 71
56 20 71
35 56 71
19 66 71
66 35 71
45 57 72
57 67 72
67 41 72
41 70 72
53 45 72
70 53 72
34 42 73
42 63 73
51 55 73
63 51 73
55 34 73
