49
1 0 0
0 1 0
0 0 1
0.1 0.9 0
0.2 0.8 0
0.3 0.7 0
0.4 0.6 0
0.5 0.5 0
0.6 0.4 0
0.7 0.3 0
0.8 0.2 0
0.9 0.1 0
0 0.0833333 0.916667
0 0.166667 0.833333
0 0.25 0.75
0 0.333333 0.666667
0 0.416667 0.583333
0 0.5 0.5
0 0.583333 0.416667
0 0.666667 0.333333
0 0.75 0.25
0 0.833333 0.166667
0 0.916667 0.0833333
0.8 0 0.2
0.6 0 0.4
0.4 0 0.6
0.2 0 0.8
0.624673 0.11566 0.259667
0.300173 0.138039 0.561789
0.187067 0.602448 0.210485
0.446508 0.231112 0.32238
0.204547 0.238176 0.557276
0.324533 0.512313 0.163154
0.211876 0.32439 0.463734
0.614415 0.244446 0.141139
0.431308 0.399835 0.168857
0.534323 0.0780512 0.387626
0.174682 0.678619 0.146699
0.702259 0.156303 0.141438
0.193271 0.0892895 0.71744
0.217566 0.403495 0.378939
0.202663 0.47977 0.317567
0.435426 0.320879 0.243695
0.133605 0.756794 0.109601
0.817309 0.0635341 0.119157
0.417067 0.166197 0.416736
0.0749874 0.860857 0.0641558
0.39994 0.0601319 0.539928
0.126601 0.179986 0.693413


3 1 22
12 2 26
19 18 29
15 14 31
8 7 32
7 6 32
6 29 32
29 18 32
16 15 33
15 31 33
31 30 33
10 9 34
8 32 35
9 8 35
24 23 36
23 27 36
6 5 37
29 6 37
20 19 37
19 29 37
11 10 38
10 34 38
30 27 38
34 30 38
13 12 39
12 26 39
26 25 39
17 16 40
16 33 40
18 17 41
32 18 41
17 40 41
35 32 41
40 35 41
33 30 42
30 34 42
34 9 42
9 35 42
40 33 42
35 40 42
5 4 43
4 21 43
21 20 43
20 37 43
37 5 43
0 11 44
23 0 44
27 23 44
11 38 44
38 27 44
27 30 45
30 31 45
31 28 45
28 36 45
36 27 45
4 3 46
3 22 46
21 4 46
22 21 46
25 24 47
24 36 47
36 28 47
28 39 47
39 25 47
14 13 48
28 31 48
31 14 48
13 39 48
39 28 48
