136
1 0 0
0 1 0
0 0 1
0.1 0.9 0
0.2 0.8 0
0.3 0.7 0
0.4 0.6 0
0.5 0.5 0
0.6 0.4 0
0.7 0.3 0
0.8 0.2 0
0.9 0.1 0
0 0.0526316 0.947368
0 0.105263 0.894737
0 0.157895 0.842105
0 0.210526 0.789474
0 0.263158 0.736842
0 0.315789 0.684211
0 0.368421 0.631579
0 0.421053 0.578947
0 0.473684 0.526316
0 0.526316 0.473684
0 0.578947 0.421053
0 0.631579 0.368421
0 0.684211 0.315789
0 0.736842 0.263158
0 0.789474 0.210526
0 0.842105 0.157895
0 0.894737 0.105263
0 0.947368 0.0526316
0.95 0 0.05
0.9 0 0.1
0.85 0 0.15
0.8 0 0.2
0.75 0 0.25
0.7 0 0.3
0.65 0 0.35
0.6 0 0.4
0.55 0 0.45
0.5 0 0.5
0.45 0 0.55
0.4 0 0.6
0.35 0 0.65
0.3 0 0.7
0.25 0 0.75
0.2 0 0.8
0.15 0 0.85
0.1 0 0.9
0.05 0 0.95
0.138795 0.824964 0.0362405
0.633146 0.116274 0.25058
0.108108 0.499034 0.392858
0.264959 0.154751 0.580289
0.167848 0.601597 0.230555
0.494406 0.411032 0.0945621
0.401746 0.0910656 0.507188
0.659226 0.277646 0.0631278
0.663795 0.151504 0.184701
0.742157 0.179712 0.0781319
0.745963 0.121429 0.132607
0.385541 0.264912 0.349547
0.167099 0.242064 0.590837
0.28047 0.626044 0.0934855
0.0547993 0.136437 0.808764
0.317719 0.531381 0.150899
0.190352 0.329563 0.480085
0.509191 0.221112 0.269696
0.276897 0.511078 0.212024
0.164029 0.544565 0.291406
0.881584 0.0564625 0.0619531
0.537229 0.0849473 0.377824
0.153992 0.187742 0.658266
0.350735 0.599732 0.0495327
0.203057 0.666593 0.130349
0.242642 0.715197 0.042161
0.829221 0.130818 0.0399614
0.576667 0.262634 0.1607
0.09395 0.351977 0.554073
0.0789714 0.307622 0.613407
0.114223 0.163301 0.722476
0.480681 0.189977 0.329341
0.343424 0.251549 0.405027
0.461072 0.382401 0.156527
0.0772631 0.848508 0.0742286
0.234106 0.381581 0.384313
0.544849 0.244775 0.210376
0.0921396 0.780002 0.127858
0.439937 0.332204 0.227859
0.257376 0.0804226 0.662201
0.13686 0.687378 0.175762
0.0767512 0.70145 0.221799
0.406663 0.300584 0.292753
0.569463 0.322193 0.108344
0.295532 0.204561 0.499907
0.459849 0.491648 0.0485028
0.190425 0.466696 0.342878
0.582173 0.106824 0.311002
0.452266 0.123771 0.423963
0.817524 0.0872402 0.0952361
0.660887 0.216225 0.122888
0.123271 0.0759284 0.800801
0.0660261 0.257714 0.67626
0.0952479 0.453027 0.451725
0.336156 0.406084 0.257761
0.721693 0.0635257 0.214781
0.240075 0.502364 0.257562
0.575343 0.37947 0.0451873
0.0760642 0.0734844 0.850451
0.761588 0.0656995 0.172713
0.177171 0.394454 0.428375
0.22103 0.600178 0.178792
0.393211 0.504751 0.102038
0.342659 0.10264 0.554701
0.442316 0.177833 0.379851
0.303518 0.37179 0.324692
0.361653 0.179929 0.458418
0.0897877 0.575154 0.335058
0.0833538 0.640893 0.275753
0.369457 0.433643 0.1969
0.214556 0.24967 0.535774
0.206596 0.0838802 0.709523
0.172403 0.746459 0.0811384
0.742094 0.225597 0.0323086
0.0710816 0.163081 0.765838
0.101451 0.394038 0.504511
0.316483 0.0703735 0.613144
0.228533 0.148111 0.623356
0.919227 0.0546744 0.0260988
0.058871 0.763165 0.177964
0.262965 0.294222 0.442813
0.454493 0.0777791 0.467728
0.309593 0.324362 0.366045
0.0392319 0.0414069 0.919361
0.169528 0.0711709 0.759301
0.252812 0.449176 0.298012
0.0550915 0.913764 0.031144


12 2 48
4 3 49
35 34 50
23 22 51
40 39 55
15 14 63
31 30 69
37 36 70
38 37 70
6 5 72
64 62 73
5 4 74
4 49 74
62 72 74
72 5 74
11 10 75
20 19 77
71 61 78
19 18 78
77 19 78
61 77 78
29 28 83
50 57 85
57 76 85
66 50 85
76 82 85
28 27 86
83 28 86
66 85 87
85 82 87
43 42 88
73 86 89
26 25 90
53 89 90
60 80 91
80 66 91
66 87 91
54 82 92
82 76 92
7 6 94
6 72 94
51 84 95
36 35 96
35 50 96
50 66 96
66 80 96
70 36 96
80 70 96
38 70 97
32 31 98
59 32 98
58 59 98
31 69 98
69 75 98
75 58 98
57 59 99
76 57 99
58 56 99
56 92 99
59 58 99
92 76 99
46 45 100
18 17 101
78 18 101
71 78 101
17 16 101
16 79 101
79 71 101
22 21 102
51 22 102
91 87 103
34 33 104
50 34 104
57 50 104
67 53 105
53 68 105
103 67 105
9 8 106
56 9 106
54 92 106
92 56 106
8 7 106
7 94 106
94 54 106
14 13 107
13 47 107
47 46 107
63 14 107
46 100 107
100 63 107
33 32 108
32 59 108
104 33 108
59 57 108
57 104 108
102 65 109
84 51 109
51 102 109
67 64 110
64 73 110
53 67 110
89 53 110
73 89 110
62 64 111
72 62 111
64 82 111
82 54 111
54 94 111
94 72 111
41 40 112
40 55 112
55 93 112
70 80 113
80 60 113
97 70 113
60 81 113
81 97 113
95 84 114
60 91 114
91 103 114
97 81 115
93 55 115
24 23 116
23 51 116
51 95 116
95 68 116
25 24 117
90 25 117
68 53 117
53 90 117
24 116 117
116 68 117
64 67 118
82 64 118
87 82 118
67 103 118
103 87 118
77 61 119
61 52 119
93 65 119
52 112 119
112 93 119
44 43 120
71 79 120
88 71 120
43 88 120
73 62 121
62 74 121
74 49 121
49 83 121
83 86 121
86 73 121
10 9 122
9 56 122
56 58 122
58 75 122
75 10 122
16 15 123
79 16 123
15 63 123
63 100 123
21 20 124
102 21 124
20 77 124
65 102 124
77 119 124
119 65 124
42 41 125
88 42 125
41 112 125
112 52 125
52 61 126
61 71 126
71 88 126
88 125 126
125 52 126
0 11 127
30 0 127
69 30 127
11 75 127
75 69 127
27 26 128
86 27 128
89 86 128
26 90 128
90 89 128
109 65 129
81 84 129
84 109 129
115 81 129
65 93 129
93 115 129
39 38 130
38 97 130
55 39 130
97 115 130
115 55 130
81 60 131
84 81 131
60 114 131
114 84 131
13 12 132
12 48 132
47 13 132
48 47 132
45 44 133
100 45 133
44 120 133
120 79 133
79 123 133
123 100 133
68 95 134
95 114 134
105 68 134
103 105 134
114 103 134
3 1 135
1 29 135
49 3 135
29 83 135
83 49 135
