57
1 0 0
0 1 0
0 0 1
0.1 0.9 0
0.2 0.8 0
0.3 0.7 0
0.4 0.6 0
0.5 0.5 0
0.6 0.4 0
0.7 0.3 0
0.8 0.2 0
0.9 0.1 0
0 0.0666667 0.933333
0 0.133333 0.866667
0 0.2 0.8
0 0.266667 0.733333
0 0.333333 0.666667
0 0.4 0.6
0 0.466667 0.533333
0 0.533333 0.466667
0 0.6 0.4
0 0.666667 0.333333
0 0.733333 0.266667
0 0.8 0.2
0 0.866667 0.133333
0 0.933333 0.0666667
0.857143 0 0.142857
0.714286 0 0.285714
0.571429 0 0.428571
0.428571 0 0.571429
0.285714 0 0.714286
0.142857 0 0.857143
0.604884 0.121912 0.273203
0.249677 0.15418 0.596143
0.177754 0.6121 0.210145
0.460892 0.403489 0.135619
0.60518 0.284663 0.110157
0.719176 0.189012 0.0918118
0.757851 0.111308 0.130841
0.376665 0.261449 0.361887
0.184407 0.239474 0.576119
0.228856 0.529121 0.242023
0.323408 0.581075 0.0955175
0.500625 0.0851423 0.414233
0.186277 0.683206 0.130518
0.532653 0.241726 0.225621
0.141348 0.774355 0.0842974
0.199375 0.0927304 0.707894
0.244468 0.384882 0.37065
0.421167 0.352113 0.226719
0.191878 0.29876 0.509362
0.223909 0.466163 0.309928
0.122409 0.0589093 0.818682
0.395959 0.498104 0.105937
0.381335 0.182329 0.436336
0.15364 0.370516 0.475844
0.386831 0.0671198 0.546049


3 1 25
4 3 25
24 4 25
12 2 31
27 26 32
15 14 33
22 21 34
9 8 35
10 9 36
9 35 36
11 10 37
10 36 37
0 11 38
26 0 38
32 26 38
11 37 38
16 15 40
15 33 40
21 20 41
34 21 41
7 6 42
28 27 43
27 32 43
6 5 44
23 22 44
42 6 44
22 34 44
34 42 44
37 36 45
32 38 45
39 32 45
38 37 45
5 4 46
4 24 46
24 23 46
23 44 46
44 5 46
14 13 47
30 29 47
33 14 47
19 18 48
39 45 48
36 35 49
45 36 49
48 45 49
17 16 50
16 40 50
20 19 51
41 20 51
35 41 51
49 35 51
19 48 51
48 49 51
13 12 52
12 31 52
31 30 52
30 47 52
47 13 52
8 7 53
35 8 53
41 35 53
34 41 53
42 34 53
7 42 53
43 32 54
40 33 54
33 43 54
32 39 54
39 50 54
50 40 54
18 17 55
48 18 55
39 48 55
50 39 55
17 50 55
29 28 56
28 43 56
43 33 56
33 47 56
47 29 56
