88
1 0 0
0 1 0
0 0 1
0.0999999 0.9 0
0.2 0.8 0
0.3 0.7 0
0.4 0.6 0
0.5 0.5 0
0.6 0.4 0
0.7 0.3 0
0.8 0.2 0
0.9 0.1 0
0 0.0714286 0.928571
0 0.142857 0.857143
0 0.214286 0.785714
0 0.285714 0.714286
0 0.357143 0.642857
0 0.428571 0.571429
0 0.5 0.5
0 0.571429 0.428571
0 0.642857 0.357143
0 0.714286 0.285714
0 0.785714 0.214286
0 0.857143 0.142857
0 0.928571 0.0714286
0.909091 0 0.0909091
0.818182 0 0.181818
0.727273 0 0.272727
0.636364 0 0.363636
0.545455 0 0.454545
0.454545 0 0.545455
0.363636 0 0.636364
0.272727 0 0.727273
0.181818 0 0.818182
0.090909 0 0.909091
0.60736 0.145849 0.246791
0.110275 0.489539 0.400186
0.277233 0.137388 0.585379
0.178584 0.603437 0.21798
0.463128 0.42752 0.109352
0.795319 0.075191 0.12949
0.416692 0.0791432 0.504164
0.664668 0.253978 0.0813537
0.778661 0.151566 0.0697732
0.402822 0.240369 0.356808
0.190236 0.24627 0.563494
0.270234 0.629253 0.100512
0.324828 0.516352 0.15882
0.188397 0.328445 0.483157
0.488654 0.238486 0.272859
0.163194 0.535484 0.301322
0.529805 0.0748369 0.395358
0.14654 0.196602 0.656859
0.279613 0.238566 0.481821
0.576455 0.241451 0.182093
0.0910063 0.350808 0.558186
0.128734 0.127863 0.743403
0.179066 0.746057 0.0748771
0.21697 0.386439 0.396591
0.879268 0.0652537 0.0554784
0.0809273 0.785467 0.133606
0.440474 0.336025 0.2235
0.402518 0.522335 0.0751468
0.251509 0.0850401 0.663451
0.127781 0.701147 0.171072
0.084685 0.845029 0.0702862
0.531689 0.33288 0.135432
0.296861 0.458712 0.244427
0.510637 0.15238 0.336983
0.686516 0.159922 0.153562
0.407061 0.162569 0.43037
0.13168 0.0739913 0.794329
0.714211 0.0696009 0.216188
0.3193 0.165184 0.515516
0.353856 0.0572694 0.588875
0.0773906 0.626585 0.296024
0.346882 0.342363 0.310754
0.229696 0.444357 0.325946
0.0992689 0.419786 0.480945
0.0703377 0.572072 0.35759
0.583793 0.357165 0.0590417
0.0756159 0.060168 0.864216
0.409818 0.413522 0.17666
0.305854 0.284931 0.409215
0.626993 0.067101 0.305906
0.0826883 0.288665 0.628646
0.511559 0.442516 0.0459249
0.0672536 0.210191 0.722555


3 1 24
12 2 34
19 18 36
26 25 40
30 29 41
10 9 42
11 10 43
10 42 43
6 5 46
46 38 47
29 28 51
41 29 51
37 45 52
48 45 53
49 35 54
17 16 55
45 48 55
14 13 56
5 4 57
46 5 57
0 11 59
25 0 59
40 25 59
11 43 59
43 40 59
23 22 60
49 54 61
7 6 62
6 46 62
46 47 62
47 39 62
32 31 63
56 32 63
37 52 63
52 56 63
22 21 64
21 38 64
60 22 64
38 46 64
46 57 64
57 60 64
4 3 65
3 24 65
24 23 65
23 60 65
57 4 65
60 57 65
54 42 66
61 54 66
47 38 67
38 50 67
35 49 68
49 44 68
54 35 69
40 43 69
43 42 69
42 54 69
41 51 70
68 44 70
51 68 70
56 13 71
33 32 71
32 56 71
27 26 72
26 40 72
40 69 72
69 35 72
37 41 73
45 37 73
53 45 73
41 70 73
70 53 73
31 30 74
30 41 74
41 37 74
37 63 74
63 31 74
21 20 75
38 21 75
50 38 75
44 49 76
49 61 76
61 67 76
50 36 77
36 58 77
67 50 77
58 76 77
76 67 77
18 17 78
17 55 78
55 48 78
36 18 78
58 36 78
48 58 78
20 19 79
19 36 79
36 50 79
50 75 79
75 20 79
9 8 80
42 9 80
66 42 80
39 66 80
13 12 81
71 13 81
12 34 81
34 33 81
33 71 81
61 66 82
66 39 82
39 47 82
47 67 82
67 61 82
48 53 83
58 48 83
53 70 83
70 44 83
44 76 83
76 58 83
28 27 84
35 68 84
51 28 84
68 51 84
27 72 84
72 35 84
16 15 85
15 52 85
52 45 85
45 55 85
55 16 85
8 7 86
7 62 86
62 39 86
39 80 86
80 8 86
15 14 87
52 15 87
14 56 87
56 52 87
