36
1 0 0
0 1 0
0 0 1
0.1 0.9 0
0.2 0.8 0
0.3 0.7 0
0.4 0.6 0
0.5 0.5 0
0.6 0.4 0
0.7 0.3 0
0.8 0.2 0
0.9 0.1 0
0 0.0909091 0.909091
0 0.181818 0.818182
0 0.272727 0.727273
0 0.363636 0.636364
0 0.454545 0.545455
0 0.545455 0.454545
0 0.636364 0.363636
0 0.727273 0.272727
0 0.818182 0.181818
0 0.909091 0.0909091
0.666667 0 0.333333
0.333333 0 0.666667
0.621641 0.120487 0.257872
0.308236 0.133149 0.558615
0.392313 0.270283 0.337405
0.27013 0.482244 0.247626
0.273663 0.390077 0.33626
0.17986 0.655712 0.164428
0.474872 0.0598387 0.465289
0.208895 0.0868174 0.704288
0.483612 0.342895 0.173492
0.272591 0.203011 0.524398
0.133035 0.759027 0.107937
0.223129 0.57577 0.2011


3 1 21
4 3 21
20 4 21
12 2 23
11 10 24
0 11 24
22 0 24
10 9 26
15 14 26
24 10 26
8 7 27
17 16 27
16 15 28
15 26 28
8 27 28
27 16 28
6 5 29
5 19 29
19 18 29
23 22 30
22 24 30
24 25 30
13 12 31
25 13 31
12 23 31
23 30 31
30 25 31
9 8 32
8 28 32
26 9 32
28 26 32
14 13 33
13 25 33
26 14 33
25 24 33
24 26 33
5 4 34
4 20 34
19 5 34
20 19 34
7 6 35
18 17 35
17 27 35
27 7 35
6 29 35
29 18 35
