106
1 0 0
0 1 0
0 0 1
0.1 0.9 0
0.2 0.8 0
0.3 0.7 0
0.4 0.6 0
0.5 0.5 0
0.6 0.4 0
0.7 0.3 0
0.8 0.2 0
0.9 0.1 0
0 0.0714285 0.928572
0 0.142857 0.857143
0 0.214286 0.785714
0 0.285714 0.714286
0 0.357143 0.642857
0 0.428571 0.571429
0 0.5 0.5
0 0.571429 0.428571
0 0.642857 0.357143
0 0.714286 0.285714
0 0.785714 0.214286
0 0.857143 0.142857
0 0.928572 0.0714286
0.9375 0 0.0625
0.875 0 0.125
0.8125 0 0.1875
0.75 0 0.25
0.6875 0 0.3125
0.625 0 0.375
0.5625 0 0.4375
0.5 0 0.5
0.4375 0 0.5625
0.375 0 0.625
0.3125 0 0.6875
0.25 0 0.75
0.1875 0 0.8125
0.125 0 0.875
0.0624999 0 0.9375
0.620866 0.131833 0.247301
0.102733 0.488291 0.408976
0.268423 0.138531 0.593046
0.16117 0.605809 0.233022
0.489104 0.403765 0.107131
0.774965 0.0926729 0.132362
0.408899 0.087358 0.503743
0.644523 0.296693 0.0587843
0.683453 0.125684 0.190864
0.747739 0.187678 0.0645832
0.398795 0.24149 0.359715
0.178527 0.255917 0.565557
0.285336 0.611108 0.103555
0.0655689 0.113779 0.820653
0.326986 0.512733 0.16028
0.176568 0.347005 0.476427
0.506065 0.220507 0.273428
0.183361 0.52048 0.296159
0.53983 0.0812436 0.378926
0.166206 0.184387 0.649406
0.189269 0.696932 0.113798
0.245266 0.704395 0.0503384
0.572556 0.260011 0.167434
0.261812 0.50755 0.230638
0.0875604 0.373753 0.538687
0.0794867 0.31025 0.610263
0.129895 0.148408 0.721698
0.334234 0.258622 0.407144
0.149127 0.791138 0.0597349
0.215289 0.407838 0.376873
0.0773094 0.791722 0.130969
0.444518 0.328352 0.22713
0.844518 0.0941957 0.0612864
0.387433 0.513199 0.0993679
0.263447 0.0835777 0.652975
0.140478 0.686517 0.173005
0.0706559 0.710531 0.218813
0.580663 0.314989 0.104349
0.29015 0.201193 0.508657
0.478989 0.18247 0.338541
0.453831 0.123037 0.423132
0.0656648 0.881008 0.0533271
0.141639 0.0739423 0.784418
0.0708361 0.248242 0.680922
0.54052 0.408979 0.0505006
0.444232 0.393931 0.161836
0.581275 0.102095 0.31663
0.673281 0.2026 0.124119
0.285691 0.422388 0.291921
0.228856 0.599358 0.171786
0.110243 0.542957 0.3468
0.355025 0.0846553 0.560319
0.526177 0.262856 0.210967
0.0811067 0.630762 0.288131
0.395407 0.314461 0.290132
0.441749 0.511598 0.0466533
0.0804313 0.446531 0.473038
0.0535715 0.0632091 0.883219
0.0634171 0.18476 0.751823
0.366246 0.174839 0.458916
0.342814 0.611055 0.0461302
0.360056 0.418117 0.221827
0.209794 0.0758253 0.714381
0.262184 0.295061 0.442755
0.316372 0.338527 0.345101
0.750687 0.0554147 0.193899


0 11 25
12 2 39
29 28 40
20 19 41
27 26 45
33 32 46
9 8 47
40 28 48
10 9 49
9 47 49
14 13 53
38 37 53
31 30 58
42 51 59
5 4 61
60 52 61
40 48 62
43 57 63
18 17 64
51 55 64
59 51 65
17 16 65
64 17 65
51 64 65
4 3 68
60 61 68
61 4 68
41 55 69
23 22 70
24 23 70
60 68 70
11 10 72
10 49 72
25 11 72
26 25 72
45 26 72
49 45 72
52 54 73
35 34 74
34 42 74
42 59 74
60 70 75
22 21 76
43 75 76
70 22 76
75 70 76
44 62 77
51 42 78
55 51 78
32 31 80
46 32 80
31 58 80
50 67 80
58 79 80
79 50 80
3 1 81
1 24 81
68 3 81
24 70 81
70 68 81
37 36 82
53 37 82
16 15 83
65 16 83
59 65 83
66 59 83
8 7 84
44 77 84
47 8 84
77 47 84
62 44 85
44 73 85
73 54 85
30 29 86
29 40 86
58 30 86
40 56 86
56 79 86
79 58 86
49 47 87
48 45 87
45 49 87
47 77 87
62 48 87
77 62 87
63 57 88
57 69 88
54 52 89
52 60 89
60 75 89
63 54 89
43 63 89
75 43 89
20 41 90
41 69 90
69 57 90
34 33 91
42 34 91
33 46 91
46 78 91
78 42 91
56 40 92
40 62 92
71 56 92
62 85 92
85 71 92
43 76 93
76 21 93
21 20 93
20 90 93
57 43 93
90 57 93
56 71 94
50 79 94
79 56 94
7 6 95
73 44 95
44 84 95
84 7 95
19 18 96
41 19 96
55 41 96
18 64 96
64 55 96
13 12 97
12 39 97
39 38 97
38 53 97
53 13 97
15 14 98
14 53 98
53 82 98
82 66 98
66 83 98
83 15 98
78 46 99
46 80 99
80 67 99
6 5 100
5 61 100
61 52 100
52 73 100
73 95 100
95 6 100
54 63 101
71 85 101
85 54 101
94 71 101
63 88 101
88 94 101
36 35 102
35 74 102
59 66 102
74 59 102
66 82 102
82 36 102
67 69 103
69 55 103
55 78 103
78 99 103
99 67 103
67 50 104
69 67 104
88 69 104
50 94 104
94 88 104
28 27 105
48 28 105
27 45 105
45 48 105
