134
1 0 0
0 1 0
0 0 1
0.1 0.9 0
0.2 0.8 0
0.3 0.7 0
0.4 0.6 0
0.5 0.5 0
0.6 0.4 0
0.7 0.3 0
0.8 0.2 0
0.9 0.1 0
0 0.0526316 0.947368
0 0.105263 0.894737
0 0.157895 0.842105
0 0.210526 0.789474
0 0.263158 0.736842
0 0.315789 0.684211
0 0.368421 0.631579
0 0.421053 0.578947
0 0.473684 0.526316
0 0.526316 0.473684
0 0.578947 0.421053
0 0.631579 0.368421
0 0.684211 0.315789
0 0.736842 0.263158
0 0.789474 0.210526
0 0.842105 0.157895
0 0.894737 0.105263
0 0.947369 0.0526316
0.944444 0 0.0555556
0.888889 0 0.111111
0.833333 0 0.166667
0.777778 0 0.222222
0.722222 0 0.277778
0.666667 0 0.333333
0.611111 0 0.388889
0.555556 0 0.444444
0.5 0 0.5
0.444444 0 0.555556
0.388889 0 0.611111
0.333333 0 0.666667
0.277778 0 0.722222
0.222222 0 0.777778
0.166667 0 0.833333
0.111111 0 0.888889
0.0555556 0 0.944444
0.102458 0.860052 0.03749
0.61713 0.127853 0.255017
0.103381 0.494757 0.401862
0.252301 0.154408 0.593291
0.168097 0.604157 0.227746
0.493008 0.414877 0.0921155
0.781919 0.0770384 0.141043
0.420452 0.0640817 0.515466
0.906944 0.0595938 0.033462
0.66114 0.277454 0.0614068
0.673112 0.133154 0.193734
0.752115 0.178858 0.0690272
0.390388 0.258637 0.350975
0.164247 0.252002 0.583751
0.288957 0.613348 0.0976956
0.0657489 0.134708 0.799543
0.332713 0.517669 0.149619
0.165467 0.34676 0.487774
0.509391 0.217739 0.27287
0.274265 0.517772 0.207963
0.166434 0.540784 0.292782
0.491503 0.464989 0.0435078
0.541701 0.0824563 0.375843
0.162822 0.18785 0.649328
0.258576 0.24918 0.492244
0.254124 0.698786 0.0470894
0.574768 0.258333 0.1669
0.753054 0.13954 0.107406
0.0892596 0.363721 0.54702
0.137521 0.111255 0.751224
0.337692 0.261789 0.400518
0.166264 0.77836 0.0553759
0.45451 0.395509 0.149982
0.221757 0.387195 0.391049
0.0705833 0.789521 0.139895
0.457998 0.321118 0.220883
0.399168 0.504213 0.0966195
0.252331 0.0754636 0.672205
0.125372 0.700805 0.173822
0.0779788 0.695757 0.226264
0.396925 0.308277 0.294797
0.0977263 0.197201 0.705073
0.133748 0.423065 0.443187
0.566979 0.324617 0.108404
0.568316 0.211417 0.220267
0.22496 0.615406 0.159634
0.189356 0.46619 0.344454
0.4827 0.186366 0.330934
0.575615 0.112185 0.312201
0.440788 0.128606 0.430606
0.686595 0.165073 0.148332
0.134127 0.0667183 0.799155
0.340005 0.411825 0.24817
0.58615 0.364954 0.0488962
0.844631 0.0761295 0.079239
0.0766001 0.0720678 0.851332
0.0815314 0.834468 0.0840002
0.358607 0.144921 0.496472
0.0751591 0.309382 0.615459
0.350476 0.0880908 0.561433
0.441208 0.176356 0.382436
0.174909 0.718265 0.106825
0.334422 0.213515 0.452064
0.0900166 0.569858 0.340126
0.372643 0.432475 0.194882
0.193726 0.0954623 0.710812
0.374644 0.583258 0.0420977
0.0818475 0.63906 0.279092
0.273446 0.428647 0.297907
0.30014 0.354371 0.345489
0.82615 0.139105 0.034745
0.7517 0.0569459 0.191354
0.0784781 0.428255 0.493267
0.742505 0.226937 0.0305583
0.263999 0.193015 0.542986
0.0493041 0.0460263 0.90467
0.179921 0.288461 0.531618
0.296099 0.0807892 0.623112
0.655515 0.0550335 0.289452
0.243732 0.315947 0.440321
0.460194 0.0696838 0.470123
0.700582 0.0592454 0.240172
0.0584089 0.186705 0.754886
0.239124 0.504086 0.25679
0.050503 0.565257 0.38424
0.660073 0.228988 0.110938
0.0456707 0.931715 0.022614


12 2 46
4 3 47
22 21 49
32 31 53
39 38 54
0 11 55
30 0 55
15 14 62
8 7 68
36 35 69
37 36 69
50 60 70
5 4 72
20 19 75
43 42 76
4 47 78
72 4 78
27 26 81
28 27 81
73 79 82
61 63 83
52 68 83
63 79 83
79 52 83
42 41 84
81 26 85
26 25 86
85 26 86
51 85 86
65 82 87
17 16 88
70 17 88
49 21 89
80 49 89
52 79 90
79 73 90
48 57 91
57 73 91
65 48 91
73 82 91
82 65 91
63 61 92
51 66 92
85 51 92
66 63 92
49 80 93
65 87 94
87 59 94
69 35 95
94 69 95
48 65 95
65 94 95
37 69 96
57 53 97
53 74 97
73 57 97
44 43 98
43 76 98
76 62 98
87 82 99
9 8 100
56 9 100
8 68 100
68 52 100
52 90 100
90 56 100
31 30 101
30 55 101
53 31 101
74 53 101
58 74 101
14 13 102
45 44 102
44 98 102
62 14 102
98 62 102
29 28 103
47 29 103
78 47 103
28 81 103
18 17 105
17 70 105
70 60 105
19 18 105
75 19 105
60 75 105
40 39 106
39 54 106
54 104 106
59 77 107
77 96 107
69 94 107
96 69 107
94 59 107
61 72 108
72 78 108
81 85 108
85 92 108
92 61 108
78 103 108
103 81 108
96 77 109
71 104 109
104 96 109
24 23 110
49 93 110
93 67 110
63 66 111
79 63 111
66 99 111
82 79 111
99 82 111
76 42 112
42 84 112
88 76 112
84 70 112
70 88 112
7 6 113
68 7 113
6 5 113
5 72 113
72 61 113
61 83 113
83 68 113
67 51 114
25 24 114
86 25 114
51 86 114
24 110 114
110 67 114
67 93 115
87 99 115
77 59 116
80 77 116
59 87 116
87 115 116
93 80 116
115 93 116
11 10 117
55 11 117
58 101 117
101 55 117
33 32 118
32 53 118
53 57 118
20 75 119
75 64 119
21 20 119
89 21 119
64 89 119
10 9 120
9 56 120
56 58 120
58 117 120
117 10 120
60 50 121
104 71 121
50 106 121
106 104 121
13 12 122
12 46 122
46 45 122
45 102 122
102 13 122
71 64 123
64 75 123
121 71 123
75 60 123
60 121 123
41 40 124
84 41 124
50 70 124
70 84 124
40 106 124
106 50 124
35 34 125
95 35 125
48 95 125
77 80 126
80 89 126
89 64 126
64 71 126
71 109 126
109 77 126
38 37 127
37 96 127
54 38 127
96 104 127
104 54 127
34 33 128
33 118 128
57 48 128
118 57 128
48 125 128
125 34 128
16 15 129
15 62 129
62 76 129
76 88 129
88 16 129
66 51 130
51 67 130
99 66 130
67 115 130
115 99 130
23 22 131
22 49 131
49 110 131
110 23 131
58 56 132
74 58 132
90 73 132
73 97 132
97 74 132
56 90 132
3 1 133
1 29 133
29 47 133
47 3 133
