65
1 0 0
0 1 0
0 0 1
0.1 0.9 0
0.2 0.8 0
0.3 0.7 0
0.4 0.6 0
0.5 0.5 0
0.6 0.4 0
0.7 0.3 0
0.8 0.2 0
0.9 0.1 0
0 0.1 0.9
0 0.2 0.8
0 0.3 0.7
0 0.4 0.6
0 0.5 0.5
0 0.6 0.4
0 0.7 0.3
0 0.8 0.2
0 0.9 0.1
0.888889 0 0.111111
0.777778 0 0.222222
0.666667 0 0.333333
0.555556 0 0.444444
0.444444 0 0.555556
0.333333 0 0.666667
0.222222 0 0.777778
0.111111 0 0.888889
0.648652 0.104731 0.246617
0.112653 0.477752 0.409595
0.278017 0.127832 0.594151
0.182438 0.603244 0.214318
0.461329 0.421879 0.116792
0.786432 0.0676663 0.145902
0.408472 0.0847291 0.506799
0.378393 0.278907 0.342701
0.177718 0.238358 0.583924
0.69664 0.226104 0.0772555
0.28885 0.612391 0.0987588
0.314239 0.508955 0.176806
0.18369 0.339855 0.476455
0.583103 0.321565 0.0953327
0.539452 0.0865265 0.374021
0.592191 0.228311 0.179498
0.0835089 0.360634 0.555857
0.150998 0.136891 0.712112
0.0938808 0.808055 0.0980643
0.250648 0.369583 0.379769
0.469343 0.315889 0.214768
0.0887915 0.708055 0.203154
0.509864 0.19726 0.292877
0.344709 0.401424 0.253867
0.302157 0.225888 0.471955
0.247132 0.0664576 0.68641
0.186534 0.70927 0.104196
0.39722 0.524742 0.0780381
0.702405 0.151021 0.146574
0.211528 0.492413 0.296059
0.0822434 0.244103 0.673653
0.0966306 0.087525 0.815844
0.427794 0.165269 0.406937
0.0874978 0.603411 0.309091
0.801486 0.131307 0.0672065
0.889335 0.0520158 0.0586495


3 1 20
12 2 28
23 22 29
17 16 30
8 7 33
22 21 34
29 22 34
25 24 35
26 25 35
31 26 35
10 9 38
6 5 39
39 32 40
9 8 42
38 9 42
8 33 42
24 23 43
23 29 43
35 24 43
38 42 44
16 15 45
30 16 45
15 14 45
41 30 45
37 41 45
31 37 46
4 3 47
3 20 47
20 19 47
30 41 48
42 33 49
44 42 49
19 18 50
47 19 50
43 29 51
29 44 51
44 49 51
49 36 51
33 40 52
49 33 52
48 36 52
36 49 52
31 35 53
37 31 53
41 37 53
36 48 53
48 41 53
27 26 54
26 31 54
31 46 54
46 27 54
5 4 55
39 5 55
32 39 55
50 32 55
4 47 55
47 50 55
7 6 56
33 7 56
40 33 56
6 39 56
39 40 56
29 34 57
38 44 57
44 29 57
40 32 58
30 48 58
48 52 58
52 40 58
37 45 59
45 14 59
14 13 59
13 46 59
46 37 59
13 12 60
46 13 60
12 28 60
28 27 60
27 46 60
51 36 61
35 43 61
43 51 61
36 53 61
53 35 61
18 17 62
17 30 62
32 50 62
50 18 62
30 58 62
58 32 62
11 10 63
57 34 63
10 38 63
38 57 63
0 11 64
21 0 64
11 63 64
34 21 64
63 34 64
