25
1 0 0
0 1 0
0 0 1
0.1 0.9 0
0.2 0.8 0
0.3 0.7 0
0.4 0.6 0
0.5 0.5 0
0.6 0.4 0
0.7 0.3 0
0.8 0.2 0
0.9 0.1 0
0.9 0 0.1
0.8 0 0.2
0.7 0 0.3
0.6 0 0.4
0.5 0 0.5
0.4 0 0.6
0.3 0 0.7
0.2 0 0.8
0.1 0 0.9
0.149226 0.426308 0.424466
0.0442238 0.484786 0.47099
0.248673 0.374638 0.376689
0.34946 0.309486 0.341054


0 11 12
11 10 13
12 11 13
10 9 14
13 10 14
9 8 15
14 9 15
8 7 16
15 8 16
7 6 17
16 7 17
4 3 21
3 20 21
19 4 21
20 19 21
1 2 22
2 20 22
3 1 22
20 3 22
5 4 23
4 19 23
18 5 23
19 18 23
6 5 24
5 18 24
17 6 24
18 17 24
