41
1 0 0
0 1 0
0 0 1
0.1 0.9 0
0.2 0.8 0
0.3 0.7 0
0.4 0.6 0
0.5 0.5 0
0.6 0.4 0
0.7 0.3 0
0.8 0.2 0
0.9 0.1 0
0 0.0833333 0.916667
0 0.166667 0.833333
0 0.25 0.75
0 0.333333 0.666667
0 0.416667 0.583333
0 0.5 0.5
0 0.583333 0.416667
0 0.666667 0.333333
0 0.75 0.25
0 0.833333 0.166667
0 0.916667 0.0833333
0.75 0 0.25
0.5 0 0.5
0.25 0 0.75
0.597368 0.120309 0.282323
0.273401 0.151725 0.574874
0.416709 0.236349 0.346942
0.242785 0.234834 0.522381
0.302298 0.523024 0.174677
0.494549 0.294723 0.210728
0.640472 0.189355 0.170172
0.433802 0.397993 0.168205
0.229201 0.397229 0.37357
0.255121 0.0765831 0.668296
0.17864 0.669052 0.152308
0.202651 0.478571 0.318778
0.127592 0.76747 0.104939
0.499623 0.0677537 0.432623
0.214269 0.323711 0.46202


3 1 22
4 3 22
21 4 22
12 2 25
0 11 26
23 0 26
14 13 27
15 14 29
14 27 29
27 26 29
26 28 29
8 7 30
7 6 30
6 19 30
19 18 30
10 9 31
11 10 32
26 11 32
28 26 32
10 31 32
31 28 32
8 30 33
9 8 33
31 9 33
17 16 34
31 33 34
13 12 35
12 25 35
25 24 35
27 13 35
6 5 36
5 20 36
19 6 36
20 19 36
18 17 37
30 18 37
33 30 37
17 34 37
34 33 37
5 4 38
4 21 38
20 5 38
21 20 38
24 23 39
23 26 39
26 27 39
27 35 39
35 24 39
15 29 40
29 28 40
16 15 40
34 16 40
28 31 40
31 34 40
