67
1 0 0
0 1 0
0 0 1
0.1 0.9 0
0.2 0.8 0
0.3 0.7 0
0.4 0.6 0
0.5 0.5 0
0.6 0.4 0
0.7 0.3 0
0.8 0.2 0
0.9 0.1 0
0 0.1 0.9
0 0.2 0.8
0 0.3 0.7
0 0.4 0.6
0 0.5 0.5
0 0.6 0.4
0 0.7 0.3
0 0.8 0.2
0 0.9 0.1
0.9 0 0.1
0.8 0 0.2
0.7 0 0.3
0.6 0 0.4
0.5 0 0.5
0.4 0 0.6
0.3 0 0.7
0.2 0 0.8
0.1 0 0.9
0.622837 0.115076 0.262086
0.103321 0.477115 0.419564
0.265484 0.144673 0.589843
0.187371 0.601971 0.210658
0.480054 0.400598 0.119348
0.807302 0.0826951 0.110003
0.406007 0.0838112 0.510182
0.621704 0.296045 0.0822509
0.368086 0.275679 0.356235
0.168995 0.249005 0.582001
0.291612 0.612337 0.0960514
0.325292 0.507846 0.166861
0.175208 0.34807 0.476722
0.501835 0.206612 0.291553
0.52242 0.0906226 0.386957
0.57703 0.249764 0.173206
0.0865784 0.374337 0.539085
0.135947 0.162746 0.701308
0.0940819 0.807425 0.0984932
0.241571 0.388595 0.369834
0.4528 0.319727 0.227473
0.0887121 0.705222 0.206066
0.710718 0.174908 0.114373
0.266891 0.257173 0.475935
0.350677 0.401521 0.247802
0.24956 0.488426 0.262015
0.0712121 0.271779 0.657009
0.187603 0.709609 0.102788
0.103291 0.0876022 0.809106
0.401392 0.520698 0.0779101
0.0808932 0.602464 0.316643
0.437456 0.16104 0.401504
0.215239 0.074522 0.710239
0.723818 0.0710722 0.205109
0.348069 0.176672 0.475259
0.317515 0.0621885 0.620296
0.163491 0.515309 0.3212


3 1 20
0 11 21
12 2 29
24 23 30
17 16 31
8 7 34
11 10 35
21 11 35
22 21 35
26 25 36
9 8 37
8 34 37
6 5 40
40 33 41
25 24 44
36 25 44
24 30 44
30 43 44
43 30 45
37 34 45
16 15 46
31 16 46
42 31 46
39 42 46
32 39 47
4 3 48
3 20 48
20 19 48
31 42 49
38 43 50
43 45 50
45 34 50
19 18 51
48 19 51
10 9 52
9 37 52
35 10 52
45 30 52
37 45 52
39 32 53
42 39 53
38 49 53
49 42 53
34 41 54
50 34 54
49 38 54
38 50 54
41 33 55
49 54 55
54 41 55
15 14 56
46 15 56
39 46 56
14 13 56
13 47 56
47 39 56
5 4 57
40 5 57
4 48 57
33 40 57
51 33 57
48 51 57
13 12 58
47 13 58
12 29 58
29 28 58
7 6 59
34 7 59
41 34 59
6 40 59
40 41 59
18 17 60
17 31 60
33 51 60
51 18 60
36 44 61
43 38 61
44 43 61
28 27 62
32 47 62
47 58 62
58 28 62
23 22 63
30 23 63
52 30 63
22 35 63
35 52 63
32 36 64
53 32 64
38 53 64
61 38 64
36 61 64
27 26 65
26 36 65
36 32 65
32 62 65
62 27 65
31 49 66
49 55 66
60 31 66
55 33 66
33 60 66
