75
1 0 0
0 1 0
0 0 1
0.0999999 0.9 0
0.2 0.8 0
0.3 0.7 0
0.4 0.6 0
0.5 0.5 0
0.6 0.4 0
0.7 0.3 0
0.8 0.2 0
0.9 0.1 0
0 0.0769231 0.923077
0 0.153846 0.846154
0 0.230769 0.769231
0 0.307692 0.692308
0 0.384615 0.615385
0 0.461538 0.538462
0 0.538462 0.461538
0 0.615385 0.384615
0 0.692308 0.307692
0 0.769231 0.230769
0 0.846154 0.153846
0 0.923077 0.0769231
0.9 0 0.1
0.8 0 0.2
0.7 0 0.3
0.6 0 0.4
0.5 0 0.5
0.4 0 0.6
0.3 0 0.7
0.2 0 0.8
0.1 0 0.9
0.631165 0.118188 0.250647
0.105897 0.503045 0.391058
0.281185 0.133265 0.58555
0.161904 0.616756 0.221339
0.454598 0.427958 0.117444
0.772612 0.0800883 0.1473
0.409933 0.087834 0.502233
0.668221 0.252439 0.0793399
0.777514 0.151857 0.0706292
0.412586 0.253064 0.33435
0.180866 0.252199 0.566935
0.266858 0.631669 0.101473
0.300539 0.525657 0.173805
0.200236 0.32089 0.478874
0.175258 0.525345 0.299397
0.539425 0.0799792 0.380596
0.133169 0.203188 0.663643
0.576272 0.236407 0.187321
0.0929031 0.360471 0.546626
0.11255 0.142677 0.744773
0.169106 0.749669 0.0812251
0.224668 0.403108 0.372225
0.875563 0.0649147 0.0595221
0.451655 0.321992 0.226353
0.240334 0.0845412 0.675125
0.121991 0.698382 0.179627
0.0723098 0.780118 0.147572
0.560076 0.332445 0.107479
0.298845 0.202685 0.49847
0.50913 0.193383 0.297487
0.31937 0.433815 0.246815
0.681121 0.170765 0.148114
0.086976 0.842771 0.0702535
0.41978 0.168017 0.412203
0.136023 0.066793 0.797184
0.395055 0.529729 0.0752153
0.0788225 0.300677 0.620501
0.339717 0.342064 0.31822
0.0782693 0.612959 0.308772
0.106304 0.427912 0.465784
0.30793 0.279567 0.412504
0.717337 0.0506148 0.232048


3 1 23
12 2 32
19 18 34
8 7 37
25 24 38
29 28 39
35 29 39
10 9 40
11 10 41
10 40 41
6 5 44
44 36 45
45 36 47
27 26 48
26 33 48
28 27 48
39 28 48
15 14 49
35 43 49
17 16 51
43 46 51
14 13 52
49 14 52
5 4 53
44 5 53
47 34 54
0 11 55
24 0 55
38 24 55
11 41 55
41 38 55
30 29 57
29 35 57
35 49 57
49 52 57
21 20 58
20 36 58
36 44 58
44 53 58
22 21 59
21 58 59
58 53 59
9 8 60
40 9 60
8 37 60
37 56 60
50 40 60
56 50 60
35 39 61
43 35 61
46 43 61
48 33 62
33 50 62
50 56 62
56 42 62
37 45 63
56 37 63
45 47 63
47 54 63
33 38 64
50 33 64
38 41 64
41 40 64
40 50 64
4 3 65
3 23 65
23 22 65
53 4 65
22 59 65
59 53 65
39 48 66
61 39 66
48 62 66
62 42 66
13 12 67
12 32 67
32 31 67
52 13 67
31 30 67
30 57 67
57 52 67
7 6 68
6 44 68
44 45 68
37 7 68
45 37 68
16 15 69
15 49 69
49 43 69
43 51 69
51 16 69
42 56 70
56 63 70
63 54 70
20 19 71
36 20 71
19 34 71
34 47 71
47 36 71
18 17 72
34 18 72
54 34 72
17 51 72
51 46 72
46 54 72
46 61 73
61 66 73
66 42 73
42 70 73
54 46 73
70 54 73
26 25 74
33 26 74
25 38 74
38 33 74
