28
1 0 0
0 1 0
0 0 1
0.1 0.9 0
0.2 0.8 0
0.3 0.7 0
0.4 0.6 0
0.5 0.5 0
0.6 0.4 0
0.7 0.3 0
0.8 0.2 0
0.9 0.1 0
0 0.0714286 0.928571
0 0.142857 0.857143
0 0.214286 0.785714
0 0.285714 0.714286
0 0.357143 0.642857
0 0.428571 0.571429
0 0.5 0.5
0 0.571429 0.428571
0 0.642857 0.357143
0 0.714286 0.285714
0 0.785714 0.214286
0 0.857143 0.142857
0 0.928571 0.0714286
0.75 0 0.25
0.5 0 0.5
0.25 0 0.75


0 11 15
11 10 16
15 11 16
10 9 17
16 10 17
9 8 18
17 9 18
8 7 19
18 8 19
7 6 20
19 7 20
6 5 21
20 6 21
5 4 22
21 5 22
4 3 23
22 4 23
3 1 24
23 3 24
0 15 25
15 14 25
14 13 26
25 14 26
12 2 27
13 12 27
26 13 27
