100
1 0 0
0 1 0
0 0 1
0.1 0.9 0
0.2 0.8 0
0.3 0.7 0
0.4 0.6 0
0.5 0.5 0
0.6 0.4 0
0.7 0.3 0
0.8 0.2 0
0.9 0.1 0
0 0.0666667 0.933333
0 0.133333 0.866667
0 0.2 0.8
0 0.266667 0.733333
0 0.333333 0.666667
0 0.4 0.6
0 0.466667 0.533333
0 0.533333 0.466667
0 0.6 0.4
0 0.666667 0.333333
0 0.733333 0.266667
0 0.8 0.2
0 0.866667 0.133333
0 0.933333 0.0666667
0.923077 0 0.0769231
0.846154 0 0.153846
0.769231 0 0.230769
0.692308 0 0.307692
0.615385 0 0.384615
0.538462 0 0.461538
0.461538 0 0.538462
0.384615 0 0.615385
0.307692 0 0.692308
0.230769 0 0.769231
0.153846 0 0.846154
0.0769231 0 0.923077
0.117269 0.831731 0.0509998
0.623896 0.111721 0.264383
0.0990636 0.496956 0.40398
0.260222 0.159742 0.580036
0.162147 0.612393 0.22546
0.482172 0.417877 0.099951
0.798739 0.0803775 0.120883
0.428232 0.0672842 0.504484
0.665811 0.259549 0.0746401
0.783332 0.154259 0.062409
0.39969 0.251037 0.349273
0.163226 0.261244 0.57553
0.274676 0.61911 0.106214
0.324115 0.525987 0.149898
0.187549 0.3321 0.480351
0.487008 0.232245 0.280746
0.17686 0.538075 0.285065
0.695125 0.118952 0.185923
0.535907 0.0742933 0.3898
0.169301 0.182092 0.648608
0.264584 0.238901 0.496515
0.593065 0.243794 0.163141
0.287849 0.488893 0.223258
0.0902829 0.365699 0.544019
0.0691298 0.320046 0.610825
0.114639 0.15463 0.730731
0.220175 0.393655 0.386171
0.881157 0.0662686 0.0525742
0.092276 0.77933 0.128394
0.440517 0.337218 0.222265
0.399981 0.521594 0.0784247
0.256816 0.0872059 0.655979
0.160669 0.684368 0.154963
0.0564733 0.855477 0.0880501
0.534109 0.333085 0.132806
0.372643 0.20517 0.422187
0.494983 0.158889 0.346128
0.602106 0.0713113 0.326582
0.510516 0.445177 0.0443072
0.137389 0.0690296 0.793581
0.206761 0.723714 0.0695247
0.346725 0.147958 0.505317
0.286663 0.423954 0.289383
0.0836797 0.574311 0.342009
0.585387 0.357519 0.0570944
0.449258 0.114123 0.436619
0.356485 0.3303 0.313215
0.0798289 0.643251 0.27692
0.208674 0.0623605 0.728966
0.410024 0.428886 0.161089
0.0698195 0.0664878 0.863693
0.101868 0.428302 0.46983
0.0740778 0.71556 0.210362
0.233003 0.592016 0.174981
0.29436 0.30085 0.40479
0.0825753 0.251128 0.666297
0.322601 0.631566 0.0458331
0.354046 0.0728976 0.573056
0.698222 0.178711 0.123067
0.0604652 0.129493 0.810042
0.177107 0.480161 0.342733
0.568285 0.209463 0.222252


3 1 25
12 2 37
4 3 38
3 25 38
29 28 39
20 19 40
27 26 44
32 31 45
10 9 46
11 10 47
10 46 47
28 27 55
27 44 55
39 28 55
31 30 56
41 49 57
49 41 58
52 49 58
42 54 60
18 17 61
49 52 61
17 16 62
49 61 62
61 17 62
15 14 63
0 11 65
26 0 65
11 47 65
44 26 65
47 44 65
24 23 66
7 6 68
50 51 68
34 33 69
41 57 69
57 63 69
25 24 71
38 25 71
24 66 71
66 38 71
59 46 72
67 59 72
39 53 74
53 48 74
48 73 74
30 29 75
56 30 75
29 39 75
39 74 75
74 56 75
8 7 76
7 68 76
68 43 76
36 35 77
5 4 78
4 38 78
38 66 78
66 70 78
70 50 78
58 41 79
73 58 79
60 54 80
67 60 80
21 20 81
20 40 81
9 8 82
46 9 82
43 72 82
72 46 82
8 76 82
76 43 82
45 31 83
31 56 83
56 74 83
74 73 83
73 79 83
79 45 83
48 53 84
53 67 84
80 64 84
67 80 84
22 21 85
21 81 85
54 42 85
81 54 85
35 34 86
34 69 86
69 63 86
63 77 86
77 35 86
51 60 87
60 67 87
43 68 87
68 51 87
67 72 87
72 43 87
13 12 88
12 37 88
37 36 88
36 77 88
19 18 89
40 19 89
18 61 89
61 52 89
52 64 89
64 40 89
23 22 90
42 70 90
66 23 90
70 66 90
22 85 90
85 42 90
51 50 91
42 60 91
60 51 91
50 70 91
70 42 91
52 58 92
58 73 92
73 48 92
64 52 92
48 84 92
84 64 92
16 15 93
62 16 93
57 49 93
49 62 93
15 63 93
63 57 93
6 5 94
50 68 94
68 6 94
5 78 94
78 50 94
33 32 95
32 45 95
41 69 95
69 33 95
45 79 95
79 41 95
44 47 96
55 44 96
47 46 96
46 59 96
59 55 96
14 13 97
63 14 97
77 63 97
13 88 97
88 77 97
80 54 98
40 64 98
64 80 98
54 81 98
81 40 98
53 39 99
39 55 99
55 59 99
59 67 99
67 53 99
