101
1 0 0
0 1 0
0 0 1
0.1 0.9 0
0.2 0.8 0
0.3 0.7 0
0.4 0.6 0
0.5 0.5 0
0.6 0.4 0
0.7 0.3 0
0.8 0.2 0
0.9 0.1 0
0 0.0769231 0.923077
0 0.153846 0.846154
0 0.230769 0.769231
0 0.307692 0.692308
0 0.384615 0.615385
0 0.461538 0.538462
0 0.538462 0.461538
0 0.615385 0.384615
0 0.692308 0.307692
0 0.769231 0.230769
0 0.846154 0.153846
0 0.923077 0.0769231
0.933333 0 0.0666667
0.866667 0 0.133333
0.8 0 0.2
0.733333 0 0.266667
0.666667 0 0.333333
0.6 0 0.4
0.533333 0 0.466667
0.466667 0 0.533333
0.4 0 0.6
0.333333 0 0.666667
0.266667 0 0.733333
0.2 0 0.8
0.133333 0 0.866667
0.0666666 0 0.933333
0.64178 0.0951014 0.263119
0.102365 0.480858 0.416777
0.256757 0.151049 0.592194
0.177156 0.594478 0.228366
0.474441 0.422816 0.102743
0.783812 0.0837949 0.132394
0.655502 0.270738 0.0737604
0.688603 0.115325 0.196072
0.754429 0.181525 0.0640451
0.401199 0.252222 0.346579
0.171477 0.259434 0.569088
0.281812 0.613992 0.104196
0.0603119 0.138238 0.80145
0.321107 0.523549 0.155344
0.424155 0.0947511 0.481094
0.181304 0.340545 0.478152
0.479573 0.233565 0.286862
0.162567 0.53051 0.306923
0.53155 0.0775872 0.390862
0.16201 0.1902 0.647791
0.17764 0.689121 0.13324
0.242515 0.704461 0.0530248
0.609863 0.236143 0.153995
0.308833 0.460166 0.231001
0.0879996 0.362493 0.549508
0.121608 0.149028 0.729365
0.150036 0.789278 0.0606856
0.215702 0.40191 0.382389
0.0819262 0.798312 0.119762
0.438872 0.33862 0.222509
0.845562 0.0921953 0.0622429
0.381355 0.520975 0.0976692
0.238522 0.089771 0.671707
0.352453 0.110674 0.536874
0.0869286 0.717193 0.195879
0.569961 0.336927 0.0931122
0.329611 0.276584 0.393805
0.434519 0.146418 0.419063
0.483373 0.164892 0.351734
0.0657509 0.881885 0.0523645
0.127345 0.0703909 0.802265
0.0637752 0.254048 0.682177
0.524216 0.427866 0.0479177
0.572486 0.109401 0.318113
0.312531 0.23065 0.45682
0.312439 0.367126 0.320435
0.095423 0.557329 0.347248
0.404088 0.43104 0.164872
0.701817 0.171686 0.126497
0.0807249 0.433929 0.485346
0.254032 0.223581 0.522387
0.386807 0.335916 0.277276
0.0641019 0.0695816 0.866316
0.340567 0.612834 0.0465995
0.0909176 0.294709 0.614373
0.238053 0.470459 0.291488
0.0822288 0.644322 0.27345
0.239516 0.585656 0.174828
0.323816 0.0650702 0.611113
0.193114 0.0638156 0.743071
0.507289 0.328063 0.164648
0.437612 0.517311 0.0450763
0.559789 0.210794 0.229418


0 11 24
12 2 37
28 27 38
19 18 39
26 25 43
9 8 44
27 26 45
38 27 45
26 43 45
10 9 46
9 44 46
14 13 50
31 30 52
30 29 56
40 48 57
5 4 59
58 49 59
17 16 62
48 53 62
14 50 63
4 3 64
58 59 64
59 4 64
39 53 65
23 22 66
58 64 66
11 10 68
10 46 68
24 11 68
25 24 68
43 25 68
46 43 68
49 51 69
34 33 70
40 57 70
57 63 70
32 31 71
31 52 71
22 21 72
66 22 72
41 58 72
58 66 72
44 8 73
60 44 73
52 30 75
30 56 75
47 74 75
54 47 76
47 75 76
75 56 76
3 1 77
1 23 77
64 3 77
23 66 77
66 64 77
36 35 78
63 50 78
16 15 79
15 14 79
14 63 79
63 57 79
8 7 80
73 8 80
42 73 80
29 28 81
56 29 81
28 38 81
54 76 81
76 56 81
65 53 82
74 65 82
71 52 82
52 75 82
75 74 82
74 47 83
65 74 83
20 19 84
19 39 84
39 65 84
65 55 84
51 61 85
61 67 85
42 69 85
69 51 85
45 43 86
43 46 86
46 44 86
44 60 86
60 45 86
18 17 87
17 62 87
39 18 87
53 39 87
62 53 87
48 40 88
53 48 88
82 53 88
40 71 88
71 82 88
47 54 89
54 67 89
83 47 89
67 61 89
61 83 89
13 12 90
12 37 90
37 36 90
50 13 90
36 78 90
78 50 90
5 59 91
59 49 91
6 5 91
49 69 91
57 48 92
48 62 92
79 57 92
62 16 92
16 79 92
41 55 93
61 41 93
83 61 93
55 65 93
65 83 93
55 41 94
21 20 94
72 21 94
41 72 94
20 84 94
84 55 94
58 41 95
51 49 95
49 58 95
41 61 95
61 51 95
33 32 96
40 70 96
70 33 96
32 71 96
71 40 96
35 34 97
34 70 97
70 63 97
63 78 97
78 35 97
60 73 98
73 42 98
42 85 98
85 67 98
7 6 99
69 42 99
42 80 99
80 7 99
6 91 99
91 69 99
38 45 100
45 60 100
54 81 100
81 38 100
60 98 100
67 54 100
98 67 100
