79
1 0 0
0 1 0
0 0 1
0.0999999 0.9 0
0.2 0.8 0
0.3 0.7 0
0.4 0.6 0
0.5 0.5 0
0.6 0.4 0
0.7 0.3 0
0.8 0.2 0
0.9 0.1 0
0 0.0833334 0.916667
0 0.166667 0.833333
0 0.25 0.75
0 0.333333 0.666667
0 0.416667 0.583333
0 0.5 0.5
0 0.583333 0.416667
0 0.666667 0.333333
0 0.75 0.25
0 0.833333 0.166667
0 0.916667 0.0833333
0.909091 0 0.0909091
0.818182 0 0.181818
0.727273 0 0.272727
0.636364 0 0.363636
0.545455 0 0.454545
0.454545 0 0.545455
0.363636 0 0.636364
0.272727 0 0.727273
0.181818 0 0.818182
0.090909 0 0.909091
0.607088 0.129318 0.263594
0.0992742 0.499896 0.40083
0.277926 0.132372 0.589702
0.185248 0.589953 0.224799
0.497522 0.398477 0.104001
0.801307 0.0743136 0.124379
0.396493 0.0810556 0.522451
0.656201 0.26387 0.0799294
0.733508 0.181383 0.0851083
0.400741 0.255539 0.34372
0.178713 0.2525 0.568787
0.270205 0.628627 0.101168
0.302143 0.530786 0.167071
0.197315 0.321382 0.481304
0.503537 0.229312 0.267151
0.176188 0.512786 0.311026
0.704506 0.109363 0.18613
0.549433 0.0811286 0.369438
0.146778 0.193447 0.659775
0.58591 0.249546 0.164543
0.0880228 0.369794 0.542183
0.114103 0.140208 0.74569
0.179017 0.74483 0.0761527
0.216599 0.406297 0.377104
0.0786652 0.776522 0.144813
0.433174 0.337826 0.229
0.396756 0.516841 0.086403
0.237697 0.0863552 0.675948
0.133729 0.694647 0.171625
0.296718 0.201234 0.502048
0.288075 0.455876 0.256049
0.491822 0.164985 0.343193
0.0863833 0.841631 0.0719854
0.092804 0.0751013 0.832095
0.325675 0.353165 0.32116
0.853838 0.0924611 0.0537005
0.0832357 0.589052 0.327712
0.304483 0.279382 0.416135
0.0711753 0.297145 0.63168
0.422016 0.146102 0.431882
0.0744399 0.664143 0.261417
0.391258 0.437302 0.17144
0.590822 0.33742 0.0717581
0.642174 0.0519968 0.305829
0.184191 0.0574037 0.758406
0.116253 0.419862 0.463885


3 1 22
0 11 23
12 2 32
18 17 34
8 7 37
24 23 38
29 28 39
35 29 39
28 27 39
10 9 41
9 40 41
6 5 44
44 36 45
25 24 49
24 38 49
38 41 49
27 26 50
35 43 51
47 33 52
33 49 52
41 40 52
49 41 52
17 16 53
43 46 53
14 13 54
51 14 54
5 4 55
44 5 55
48 34 56
21 20 57
42 47 58
47 52 58
52 37 58
7 6 59
37 7 59
6 44 59
44 45 59
30 29 60
29 35 60
35 51 60
51 54 60
36 44 61
44 55 61
57 20 61
55 57 61
35 39 62
43 35 62
46 43 62
45 36 63
36 48 63
48 56 63
33 47 64
50 33 64
47 42 64
4 3 65
55 4 65
3 22 65
57 55 65
22 21 65
21 57 65
13 12 66
12 32 66
32 31 66
54 13 66
63 56 67
42 58 67
58 63 67
23 11 68
38 23 68
11 10 68
10 41 68
41 38 68
19 18 69
18 34 69
34 48 69
48 36 69
46 62 70
42 67 70
56 46 70
67 56 70
15 14 71
14 51 71
51 43 71
16 15 71
53 16 71
43 53 71
39 27 72
27 50 72
50 64 72
64 42 72
62 39 72
42 70 72
70 62 72
20 19 73
19 69 73
61 20 73
36 61 73
69 36 73
58 37 74
37 59 74
59 45 74
45 63 74
63 58 74
9 8 75
40 9 75
8 37 75
37 52 75
52 40 75
26 25 76
25 49 76
49 33 76
33 50 76
50 26 76
31 30 77
30 60 77
60 54 77
54 66 77
66 31 77
34 17 78
17 53 78
53 46 78
46 56 78
56 34 78
