60
1 0 0
0 1 0
0 0 1
0.1 0.9 0
0.2 0.8 0
0.3 0.7 0
0.4 0.6 0
0.5 0.5 0
0.6 0.4 0
0.7 0.3 0
0.8 0.2 0
0.9 0.1 0
0 0.0555556 0.944444
0 0.111111 0.888889
0 0.166667 0.833333
0 0.222222 0.777778
0 0.277778 0.722222
0 0.333333 0.666667
0 0.388889 0.611111
0 0.444444 0.555556
0 0.5 0.5
0 0.555556 0.444444
0 0.611111 0.388889
0 0.666667 0.333333
0 0.722222 0.277778
0 0.777778 0.222222
0 0.833333 0.166667
0 0.888889 0.111111
0 0.944444 0.0555556
0.888889 0 0.111111
0.777778 0 0.222222
0.666667 0 0.333333
0.555556 0 0.444444
0.444444 0 0.555556
0.333333 0 0.666667
0.222222 0 0.777778
0.111111 0 0.888889
0.56329 0.142305 0.294405
0.258095 0.135695 0.60621
0.202923 0.57868 0.218397
0.44076 0.441354 0.117886
0.711928 0.13032 0.157752
0.37973 0.271849 0.348421
0.239406 0.641907 0.118686
0.396152 0.124785 0.479063
0.601714 0.267337 0.130949
0.273513 0.236149 0.490338
0.197531 0.109218 0.693252
0.218697 0.397902 0.383401
0.519316 0.263027 0.217656
0.526012 0.348241 0.125747
0.285008 0.427364 0.287628
0.528922 0.107579 0.363499
0.244507 0.506084 0.249409
0.186665 0.713826 0.0995084
0.333884 0.54698 0.119136
0.130817 0.800706 0.068477
0.138678 0.0724798 0.788843
0.226592 0.304492 0.468916
0.17324 0.228614 0.598147


3 1 28
4 3 28
27 4 28
12 2 36
13 12 36
35 13 36
30 29 37
16 15 38
33 32 38
24 23 39
9 8 40
0 11 41
29 0 41
37 29 41
37 41 42
7 6 43
25 24 43
32 31 44
38 32 44
11 10 45
18 17 46
15 14 47
14 34 47
34 33 47
33 38 47
38 15 47
20 19 48
19 42 48
21 20 48
41 11 49
11 45 49
42 41 49
48 42 49
10 9 50
45 10 50
9 40 50
21 48 51
48 49 51
49 45 51
22 21 51
45 50 51
31 30 52
44 31 52
46 44 52
30 37 52
37 46 52
23 22 53
39 23 53
40 39 53
50 40 53
22 51 53
51 50 53
6 5 54
5 26 54
26 25 54
25 43 54
43 6 54
8 7 55
39 40 55
40 8 55
24 39 55
43 24 55
7 43 55
5 4 56
4 27 56
26 5 56
27 26 56
14 13 57
13 35 57
34 14 57
35 34 57
19 18 58
42 19 58
37 42 58
46 37 58
18 46 58
17 16 59
16 38 59
38 44 59
44 46 59
46 17 59
