103
1 0 0
0 1 0
0 0 1
0.1 0.9 0
0.2 0.8 0
0.3 0.7 0
0.4 0.6 0
0.5 0.5 0
0.6 0.4 0
0.7 0.3 0
0.8 0.2 0
0.9 0.1 0
0 0.0625 0.9375
0 0.125 0.875
0 0.1875 0.8125
0 0.25 0.75
0 0.3125 0.6875
0 0.375 0.625
0 0.4375 0.5625
0 0.5 0.5
0 0.5625 0.4375
0 0.625 0.375
0 0.6875 0.3125
0 0.75 0.25
0 0.8125 0.1875
0 0.875 0.125
0 0.9375 0.0625
0.923077 0 0.0769231
0.846154 0 0.153846
0.769231 0 0.230769
0.692308 0 0.307692
0.615385 0 0.384615
0.538462 0 0.461538
0.461538 0 0.538462
0.384615 0 0.615385
0.307692 0 0.692308
0.230769 0 0.769231
0.153846 0 0.846154
0.0769231 0 0.923077
0.0939494 0.857003 0.0490475
0.62394 0.117215 0.258845
0.10336 0.483747 0.412893
0.281387 0.136072 0.582541
0.17712 0.595475 0.227405
0.462358 0.428119 0.109523
0.791453 0.072992 0.135555
0.408148 0.0768676 0.514984
0.911688 0.051446 0.0368663
0.662786 0.260962 0.0762521
0.770205 0.172374 0.0574211
0.391314 0.258443 0.350243
0.193474 0.236374 0.570152
0.292708 0.613105 0.0941871
0.32169 0.521094 0.157216
0.173265 0.343523 0.483212
0.490105 0.240151 0.269744
0.183168 0.526123 0.290709
0.690969 0.123943 0.185088
0.537048 0.0741967 0.388755
0.16435 0.188444 0.647205
0.243876 0.262096 0.494028
0.571373 0.256478 0.172149
0.532861 0.334667 0.132472
0.280118 0.494982 0.224901
0.104942 0.341932 0.553126
0.120845 0.148707 0.730448
0.217726 0.398791 0.383484
0.103472 0.769544 0.126983
0.447139 0.330029 0.222832
0.393835 0.514492 0.091673
0.258444 0.0841802 0.657375
0.133816 0.696656 0.169528
0.210882 0.0582106 0.730907
0.3673 0.209757 0.422943
0.494967 0.15997 0.345063
0.622291 0.0644695 0.313239
0.497755 0.455998 0.046247
0.114125 0.0822743 0.8036
0.313377 0.422908 0.263715
0.404614 0.414663 0.180723
0.231439 0.702101 0.0664598
0.326012 0.168209 0.505779
0.0853707 0.288631 0.625998
0.0717902 0.237397 0.690813
0.335559 0.347017 0.317424
0.0749258 0.417507 0.507567
0.581528 0.361073 0.057399
0.446563 0.115423 0.438013
0.202995 0.459068 0.337937
0.0808088 0.614053 0.305138
0.602582 0.188531 0.208887
0.228201 0.609134 0.162665
0.0679599 0.0563625 0.875678
0.0870141 0.550945 0.362041
0.69583 0.174056 0.130115
0.0748177 0.674302 0.25088
0.359397 0.0576958 0.582907
0.411288 0.545863 0.0428491
0.139921 0.412838 0.447241
0.273606 0.313982 0.412412
0.823545 0.0991656 0.0772894
0.135244 0.793068 0.0716887
0.74086 0.0577921 0.201348


3 1 26
12 2 38
4 3 39
3 26 39
26 25 39
20 19 41
28 27 45
33 32 46
0 11 47
27 0 47
10 9 48
11 10 49
10 48 49
32 31 58
42 51 59
61 48 62
53 43 63
43 56 63
18 17 64
51 60 64
60 54 64
15 14 65
25 24 67
55 61 68
61 62 68
52 53 69
53 44 69
35 34 70
42 59 70
59 65 70
24 23 71
67 24 71
36 35 72
35 70 72
70 65 72
40 55 74
55 50 74
50 73 74
30 29 75
29 40 75
31 30 75
58 31 75
40 74 75
74 58 75
8 7 76
69 44 76
14 13 77
37 36 77
36 72 77
65 14 77
72 65 77
63 56 78
44 53 79
53 63 79
62 44 79
68 62 79
63 78 79
78 68 79
6 5 80
52 6 80
5 4 80
67 71 80
71 52 80
42 46 81
51 42 81
60 51 81
73 60 81
17 16 82
59 51 82
51 64 82
64 17 82
16 15 83
15 65 83
65 59 83
59 82 83
82 16 83
50 55 84
55 68 84
68 78 84
19 18 85
18 64 85
64 54 85
9 8 86
48 9 86
44 62 86
62 48 86
8 76 86
76 44 86
46 32 87
32 58 87
58 74 87
74 73 87
81 46 87
73 81 87
41 66 88
78 56 88
66 84 88
84 78 88
22 21 89
56 43 89
55 40 90
40 57 90
61 55 90
43 53 91
53 52 91
52 71 91
71 43 91
13 12 92
12 38 92
38 37 92
37 77 92
77 13 92
21 20 93
20 41 93
41 88 93
88 56 93
56 89 93
89 21 93
57 45 94
49 48 94
48 61 94
61 90 94
90 57 94
23 22 95
43 71 95
71 23 95
22 89 95
89 43 95
34 33 96
33 46 96
46 42 96
42 70 96
70 34 96
7 6 97
6 52 97
52 69 97
69 76 97
76 7 97
41 19 98
19 85 98
85 54 98
66 41 98
54 60 99
60 73 99
73 50 99
50 84 99
84 66 99
66 98 99
98 54 99
45 27 100
27 47 100
47 11 100
11 49 100
49 94 100
94 45 100
39 25 101
25 67 101
4 39 101
80 4 101
67 80 101
29 28 102
28 45 102
45 57 102
40 29 102
57 40 102
