72
1 0 0
0 1 0
0 0 1
0.1 0.9 0
0.2 0.8 0
0.3 0.7 0
0.4 0.6 0
0.5 0.5 0
0.6 0.4 0
0.7 0.3 0
0.8 0.2 0
0.9 0.1 0
0 0.0625 0.9375
0 0.125 0.875
0 0.1875 0.8125
0 0.25 0.75
0 0.3125 0.6875
0 0.375 0.625
0 0.4375 0.5625
0 0.5 0.5
0 0.5625 0.4375
0 0.625 0.375
0 0.6875 0.3125
0 0.75 0.25
0 0.8125 0.1875
0 0.875 0.125
0 0.9375 0.0625
0.888889 0 0.111111
0.777778 0 0.222222
0.666667 0 0.333333
0.555556 0 0.444444
0.444444 0 0.555556
0.333333 0 0.666667
0.222222 0 0.777778
0.111111 0 0.888889
0.661289 0.0946281 0.244083
0.128978 0.476322 0.3947
0.257359 0.14793 0.59471
0.159893 0.604312 0.235795
0.49451 0.398035 0.107454
0.620926 0.284979 0.0940945
0.737544 0.185143 0.0773132
0.739707 0.12277 0.137523
0.362441 0.268023 0.369537
0.169919 0.246963 0.583118
0.294422 0.600196 0.105382
0.312502 0.520616 0.166882
0.420837 0.0730726 0.50609
0.177066 0.344516 0.478418
0.166171 0.531254 0.302575
0.552421 0.0752093 0.37237
0.591331 0.237825 0.170844
0.158456 0.131896 0.709649
0.131171 0.790003 0.0788253
0.256243 0.258778 0.484979
0.269478 0.369528 0.360994
0.436607 0.349646 0.213747
0.123528 0.213929 0.662542
0.437116 0.488628 0.0742556
0.314461 0.0704528 0.615086
0.166573 0.713205 0.120222
0.461764 0.171658 0.366578
0.122657 0.0714656 0.805878
0.342327 0.447409 0.210264
0.268479 0.4331 0.29842
0.355482 0.159781 0.484737
0.551283 0.194128 0.254588
0.115152 0.422978 0.46187
0.123341 0.675096 0.201563
0.0876985 0.861285 0.0510162
0.43408 0.289381 0.276538
0.876987 0.0542935 0.06872


3 1 26
12 2 34
28 27 35
20 19 36
22 21 38
9 8 39
10 9 40
9 39 40
11 10 41
10 40 41
11 41 42
35 27 42
17 16 44
7 6 45
45 38 46
31 30 47
18 17 48
21 20 49
20 36 49
38 21 49
46 38 49
29 28 50
28 35 50
30 29 50
47 30 50
41 40 51
42 41 51
15 14 52
5 4 53
25 24 53
17 44 54
48 17 54
43 48 54
48 43 55
40 39 56
51 40 56
16 15 57
44 16 57
37 44 57
15 52 57
52 37 57
8 7 58
39 8 58
46 39 58
7 45 58
45 46 58
31 47 59
47 37 59
32 31 59
52 32 59
37 52 59
6 5 60
45 6 60
24 23 60
5 53 60
53 24 60
50 35 61
43 54 61
13 12 62
12 34 62
34 33 62
14 13 62
52 14 62
33 32 62
32 52 62
39 46 63
46 49 63
56 39 63
36 55 64
55 56 64
49 36 64
63 49 64
56 63 64
44 37 65
37 47 65
47 50 65
54 44 65
50 61 65
61 54 65
35 42 66
42 51 66
43 61 66
61 35 66
19 18 67
18 48 67
36 19 67
55 36 67
48 55 67
23 22 68
22 38 68
38 45 68
45 60 68
60 23 68
4 3 69
3 26 69
26 25 69
25 53 69
53 4 69
51 56 70
56 55 70
66 51 70
55 43 70
43 66 70
0 11 71
11 42 71
27 0 71
42 27 71
