83
1 0 0
0 1 0
0 0 1
0.1 0.9 0
0.2 0.8 0
0.3 0.7 0
0.4 0.6 0
0.5 0.5 0
0.6 0.4 0
0.7 0.3 0
0.8 0.2 0
0.9 0.1 0
0 0.090909 0.909091
0 0.181818 0.818182
0 0.272727 0.727273
0 0.363636 0.636364
0 0.454545 0.545455
0 0.545454 0.454545
0 0.636363 0.363636
0 0.727273 0.272727
0 0.818182 0.181818
0 0.909091 0.0909091
0.944444 0 0.0555556
0.888889 0 0.111111
0.833333 0 0.166667
0.777778 0 0.222222
0.722222 0 0.277778
0.666667 0 0.333333
0.611111 0 0.388889
0.555556 0 0.444444
0.5 0 0.5
0.444444 0 0.555556
0.388889 0 0.611111
0.333333 0 0.666667
0.277778 0 0.722222
0.222222 0 0.777778
0.166667 0 0.833333
0.111111 0 0.888889
0.0555557 0 0.944444
0.623574 0.129326 0.2471
0.0998141 0.515109 0.385077
0.273889 0.148732 0.577379
0.171657 0.602548 0.225795
0.478799 0.425444 0.0957567
0.66967 0.25337 0.0769601
0.66992 0.154587 0.175493
0.778422 0.14756 0.0740177
0.74012 0.121021 0.138859
0.37851 0.298092 0.323398
0.176148 0.25293 0.570921
0.289666 0.606182 0.104152
0.386169 0.116534 0.497297
0.193776 0.325401 0.480823
0.473618 0.231252 0.295131
0.284315 0.499742 0.215943
0.535713 0.0997428 0.364544
0.165581 0.171158 0.663261
0.370529 0.561984 0.067487
0.199804 0.662598 0.137598
0.574678 0.260413 0.164909
0.0834846 0.359041 0.557475
0.106089 0.168668 0.725243
0.0993439 0.80529 0.0953658
0.206504 0.424331 0.369165
0.860857 0.0904657 0.0486773
0.411741 0.444909 0.143351
0.0740754 0.750488 0.175437
0.294581 0.214271 0.491148
0.320037 0.28009 0.399873
0.391524 0.391535 0.216942
0.572875 0.122623 0.304503
0.0994758 0.621083 0.279442
0.508465 0.281077 0.210458
0.0792513 0.124913 0.795836
0.0972626 0.425006 0.477732
0.577367 0.33892 0.0837131
0.412401 0.160608 0.426992
0.267805 0.42867 0.303524
0.245314 0.110109 0.644577
0.0697529 0.29987 0.630377
0.473158 0.134377 0.392465
0.173916 0.767117 0.0589674
0.0448206 0.0707839 0.884396


0 11 22
12 2 38
27 26 39
19 18 40
33 32 41
7 6 43
9 8 44
26 25 45
39 26 45
10 9 46
24 23 46
9 44 46
25 24 47
44 45 47
45 25 47
24 46 47
46 44 47
5 4 50
32 31 51
31 30 51
49 41 52
29 28 55
35 34 56
6 5 57
43 6 57
5 50 57
42 54 58
54 50 58
39 45 59
17 16 60
56 49 60
15 14 61
36 35 61
35 56 61
3 1 62
1 21 62
42 58 62
40 52 63
11 10 64
22 11 64
23 22 64
10 46 64
46 23 64
57 50 65
43 57 65
21 20 66
42 62 66
62 21 66
41 32 67
32 51 67
52 41 67
63 52 67
63 67 68
67 51 68
48 53 69
54 48 69
50 54 69
65 50 69
28 27 70
27 39 70
53 55 70
55 28 70
19 40 71
40 63 71
20 19 71
66 20 71
63 42 71
42 66 71
59 43 72
43 65 72
65 69 72
69 53 72
53 70 72
39 59 72
70 39 72
14 13 73
13 37 73
37 36 73
36 61 73
61 14 73
18 17 74
40 18 74
52 40 74
49 52 74
17 60 74
60 49 74
8 7 75
44 8 75
7 43 75
43 59 75
45 44 75
59 45 75
48 68 76
51 30 76
68 51 76
48 54 77
54 42 77
68 48 77
42 63 77
63 68 77
34 33 78
33 41 78
41 49 78
49 56 78
56 34 78
16 15 79
60 16 79
56 60 79
15 61 79
61 56 79
29 55 80
53 48 80
55 53 80
30 29 80
76 30 80
48 76 80
4 3 81
50 4 81
58 50 81
3 62 81
62 58 81
13 12 82
12 38 82
37 13 82
38 37 82
