65
1 0 0
0 1 0
0 0 1
0.1 0.9 0
0.2 0.8 0
0.3 0.7 0
0.4 0.6 0
0.5 0.5 0
0.6 0.4 0
0.7 0.3 0
0.8 0.2 0
0.9 0.1 0
0 0.0833333 0.916667
0 0.166667 0.833333
0 0.25 0.75
0 0.333333 0.666667
0 0.416667 0.583333
0 0.5 0.5
0 0.583333 0.416667
0 0.666667 0.333333
0 0.75 0.25
0 0.833333 0.166667
0 0.916667 0.0833333
0.875 0 0.125
0.75 0 0.25
0.625 0 0.375
0.5 0 0.5
0.375 0 0.625
0.25 0 0.75
0.125 0 0.875
0.647984 0.113837 0.238179
0.130699 0.482496 0.386805
0.275946 0.146464 0.57759
0.166853 0.611221 0.221926
0.460057 0.4242 0.115743
0.779105 0.0663532 0.154542
0.402762 0.0709013 0.526336
0.616997 0.28617 0.0968332
0.380683 0.260914 0.358403
0.176186 0.237461 0.586353
0.267251 0.629598 0.103152
0.298872 0.528056 0.173072
0.212389 0.313715 0.473896
0.149848 0.55078 0.299371
0.55183 0.0724023 0.375768
0.564256 0.222684 0.213059
0.13597 0.156752 0.707278
0.0916089 0.828909 0.0794818
0.257605 0.379812 0.362583
0.435402 0.336951 0.227647
0.746437 0.150391 0.103172
0.263393 0.0725125 0.664094
0.120634 0.690281 0.189085
0.294203 0.219377 0.48642
0.294254 0.448664 0.257083
0.50444 0.168903 0.326657
0.119648 0.0761361 0.804216
0.389027 0.533888 0.0770857
0.179902 0.736088 0.0840097
0.0915242 0.333947 0.574529
0.108409 0.410905 0.480686
0.0836661 0.257095 0.659239
0.878658 0.0583805 0.0629611
0.0738478 0.769819 0.156333
0.40555 0.15133 0.44312


3 1 22
12 2 29
18 17 31
8 7 34
24 23 35
30 24 35
27 26 36
10 9 37
9 8 37
8 34 37
6 5 40
40 33 41
19 18 43
33 19 43
18 31 43
41 33 43
25 24 44
24 30 44
26 25 44
36 26 44
14 13 46
32 39 46
4 3 47
3 22 47
22 21 47
42 38 48
37 34 49
45 37 49
38 45 49
48 38 49
11 10 50
30 35 50
45 30 50
10 37 50
37 45 50
27 36 51
36 32 51
28 27 51
32 46 51
20 19 52
19 33 52
33 40 52
39 32 53
38 42 53
42 39 53
41 43 54
43 31 54
31 48 54
34 41 54
49 34 54
48 49 54
44 30 55
30 45 55
45 38 55
13 12 56
12 29 56
29 28 56
46 13 56
28 51 56
51 46 56
7 6 57
6 40 57
40 41 57
34 7 57
41 34 57
5 4 58
4 47 58
40 5 58
52 40 58
16 15 59
39 42 59
17 16 60
31 17 60
48 31 60
42 48 60
16 59 60
59 42 60
15 14 61
14 46 61
46 39 61
39 59 61
59 15 61
0 11 62
23 0 62
35 23 62
11 50 62
50 35 62
21 20 63
20 52 63
52 58 63
47 21 63
58 47 63
32 36 64
53 32 64
36 44 64
38 53 64
55 38 64
44 55 64
