77
1 0 0
0 1 0
0 0 1
0.1 0.9 0
0.2 0.8 0
0.3 0.7 0
0.4 0.6 0
0.5 0.5 0
0.6 0.4 0
0.7 0.3 0
0.8 0.2 0
0.9 0.1 0
0 0.0909091 0.909091
0 0.181818 0.818182
0 0.272727 0.727273
0 0.363636 0.636364
0 0.454545 0.545454
0 0.545455 0.454545
0 0.636364 0.363636
0 0.727273 0.272727
0 0.818182 0.181818
0 0.909091 0.0909091
0.909091 0 0.0909091
0.818182 0 0.181818
0.727273 0 0.272727
0.636364 0 0.363636
0.545455 0 0.454545
0.454545 0 0.545455
0.363636 0 0.636364
0.272727 0 0.727273
0.181818 0 0.818182
0.0909091 0 0.909091
0.610952 0.120537 0.268511
0.0988535 0.477968 0.423179
0.286198 0.1293 0.584501
0.18836 0.598297 0.213343
0.487607 0.398947 0.113445
0.408417 0.0838818 0.507701
0.656902 0.258623 0.0844745
0.761433 0.177211 0.0613551
0.398613 0.269949 0.331438
0.181536 0.247541 0.570923
0.288712 0.612921 0.0983675
0.305631 0.521354 0.173015
0.19147 0.33401 0.47452
0.504443 0.227802 0.267756
0.521777 0.0844586 0.393764
0.811181 0.0826273 0.106191
0.568203 0.262949 0.168848
0.0901299 0.36134 0.548531
0.113932 0.151752 0.734316
0.164438 0.779578 0.0559843
0.224483 0.397065 0.378452
0.0799925 0.789994 0.130014
0.446626 0.332047 0.221326
0.398292 0.515423 0.0862856
0.242932 0.081509 0.675559
0.0857342 0.702233 0.212033
0.293542 0.207093 0.499365
0.488264 0.166468 0.345268
0.685937 0.163079 0.150984
0.0809616 0.85276 0.0662779
0.0870997 0.259986 0.652914
0.320848 0.402093 0.277059
0.191107 0.494243 0.31465
0.0928783 0.0796048 0.827517
0.30525 0.294784 0.399966
0.72774 0.0735266 0.198733
0.0914772 0.60077 0.307753
0.250546 0.506897 0.242558
0.181847 0.169993 0.64816
0.184069 0.69483 0.121101
0.400487 0.172384 0.42713
0.915553 0.0434958 0.0409511
0.393052 0.434766 0.172182
0.184036 0.0607521 0.755212
0.577125 0.358702 0.0641729


3 1 21
12 2 31
25 24 32
18 17 33
17 16 33
27 26 37
28 27 37
34 28 37
11 10 39
10 9 39
9 38 39
6 5 42
42 35 43
26 25 46
25 32 46
37 26 46
11 39 47
23 22 47
45 32 48
16 15 49
41 44 49
33 16 49
44 33 49
14 13 50
4 3 51
5 4 51
33 44 52
21 20 53
40 45 54
45 48 54
48 36 54
7 6 55
36 7 55
6 42 55
42 43 55
29 28 56
28 34 56
20 19 57
53 20 57
34 37 58
41 34 58
44 41 58
32 45 59
46 32 59
45 40 59
39 38 60
47 39 60
38 48 60
48 32 60
3 21 61
21 53 61
51 3 61
53 51 61
15 14 62
41 49 62
49 15 62
14 50 62
40 54 63
33 52 64
52 63 64
13 12 65
12 31 65
31 30 65
50 13 65
52 44 66
44 58 66
40 63 66
63 52 66
24 23 67
23 47 67
47 60 67
32 24 67
60 32 67
19 18 68
57 19 68
35 57 68
18 33 68
33 64 68
64 35 68
43 35 69
35 64 69
63 43 69
64 63 69
34 41 70
56 34 70
50 56 70
41 62 70
62 50 70
42 5 71
5 51 71
35 42 71
57 35 71
51 53 71
53 57 71
37 46 72
46 59 72
59 40 72
58 37 72
40 66 72
66 58 72
0 11 73
22 0 73
11 47 73
47 22 73
54 36 74
36 55 74
55 43 74
43 63 74
63 54 74
30 29 75
29 56 75
56 50 75
50 65 75
65 30 75
8 7 76
7 36 76
9 8 76
38 9 76
36 48 76
48 38 76
