102
1 0 0
0 1 0
0 0 1
0.1 0.9 0
0.2 0.8 0
0.3 0.7 0
0.4 0.6 0
0.5 0.5 0
0.6 0.4 0
0.7 0.3 0
0.8 0.2 0
0.9 0.1 0
0 0.0588235 0.941176
0 0.117647 0.882353
0 0.176471 0.823529
0 0.235294 0.764706
0 0.294118 0.705882
0 0.352941 0.647059
0 0.411765 0.588235
0 0.470588 0.529412
0 0.529412 0.470588
0 0.588235 0.411765
0 0.647059 0.352941
0 0.705882 0.294118
0 0.764706 0.235294
0 0.823529 0.176471
0 0.882353 0.117647
0 0.941177 0.0588235
0.923077 0 0.0769231
0.846154 0 0.153846
0.769231 0 0.230769
0.692308 0 0.307692
0.615385 0 0.384615
0.538462 0 0.461538
0.461538 0 0.538462
0.384615 0 0.615385
0.307692 0 0.692308
0.230769 0 0.769231
0.153846 0 0.846154
0.0769231 0 0.923077
0.625799 0.113655 0.260547
0.102551 0.494059 0.40339
0.275609 0.137849 0.586541
0.172194 0.602006 0.2258
0.463136 0.428189 0.108674
0.799136 0.0683911 0.132473
0.409294 0.0709897 0.519716
0.864461 0.0762207 0.0593185
0.663582 0.266813 0.069605
0.662227 0.144714 0.193059
0.757862 0.174154 0.0679841
0.39471 0.25725 0.34804
0.172069 0.247243 0.580688
0.286148 0.625124 0.0887286
0.324616 0.511264 0.16412
0.157759 0.355997 0.486244
0.505982 0.229509 0.264509
0.183122 0.529508 0.287371
0.554292 0.0731367 0.372571
0.165968 0.181328 0.652704
0.259936 0.25159 0.488474
0.607886 0.234979 0.157135
0.536986 0.333101 0.129913
0.277453 0.496455 0.226092
0.101824 0.346419 0.551758
0.119932 0.143809 0.736259
0.154197 0.782706 0.0630964
0.216536 0.401713 0.381751
0.103908 0.773822 0.12227
0.452332 0.326488 0.22118
0.388741 0.523053 0.0882066
0.254051 0.0849518 0.660997
0.135839 0.699653 0.164507
0.126827 0.423626 0.449548
0.366135 0.22279 0.411074
0.202444 0.462178 0.335378
0.626518 0.0700287 0.303453
0.497758 0.159419 0.342823
0.087278 0.860255 0.0524667
0.506292 0.447497 0.0462114
0.418461 0.150372 0.431167
0.11118 0.0799404 0.80888
0.404616 0.413308 0.182076
0.336681 0.154512 0.508808
0.336963 0.345945 0.317093
0.350948 0.0607595 0.588293
0.739453 0.140503 0.120044
0.205142 0.0610874 0.733771
0.0785948 0.685363 0.236043
0.391486 0.56436 0.0441537
0.084425 0.618526 0.297049
0.310878 0.424853 0.264269
0.582946 0.361693 0.0553608
0.0660553 0.0533305 0.880614
0.0720783 0.222357 0.705565
0.249345 0.598363 0.152292
0.0877178 0.558987 0.353295
0.741153 0.0597372 0.19911
0.234579 0.693504 0.0719172
0.0802191 0.266406 0.653375
0.270636 0.31752 0.411844
0.483731 0.0701988 0.44607


3 1 27
12 2 39
21 20 41
29 28 45
34 33 46
0 11 47
28 0 47
45 28 47
10 9 48
11 10 50
47 11 50
10 48 50
40 49 56
32 31 58
42 52 59
50 48 61
56 49 61
61 48 62
54 43 63
43 57 63
18 17 64
17 52 64
19 18 64
55 19 64
52 60 64
60 55 64
15 14 65
5 4 66
26 25 68
66 26 68
56 61 69
61 62 69
54 44 70
36 35 71
42 59 71
59 65 71
25 24 72
68 25 72
20 19 73
19 55 73
41 20 73
67 41 73
41 67 75
31 30 76
30 40 76
58 31 76
40 56 77
56 51 77
51 74 77
76 40 77
58 76 77
4 3 78
66 4 78
3 27 78
27 26 78
26 66 78
8 7 79
7 70 79
70 44 79
74 60 80
58 77 80
77 74 80
14 13 81
38 37 81
65 14 81
44 54 82
54 63 82
62 44 82
69 62 82
42 46 83
52 42 83
60 52 83
80 60 83
51 56 84
56 69 84
75 67 84
35 34 85
34 46 85
46 42 85
42 71 85
71 35 85
45 47 86
47 50 86
49 45 86
50 61 86
61 49 86
37 36 87
36 71 87
71 65 87
65 81 87
81 37 87
24 23 88
43 72 88
72 24 88
7 6 89
70 7 89
6 53 89
53 70 89
23 22 90
57 43 90
43 88 90
88 23 90
63 57 91
57 75 91
69 82 91
82 63 91
84 69 91
75 84 91
9 8 92
48 9 92
44 62 92
62 48 92
8 79 92
79 44 92
13 12 93
12 39 93
39 38 93
38 81 93
81 13 93
16 15 94
15 65 94
65 59 94
43 54 95
54 70 95
70 53 95
53 72 95
72 43 95
22 21 96
21 41 96
41 75 96
75 57 96
57 90 96
90 22 96
30 29 97
29 45 97
45 49 97
40 30 97
49 40 97
6 5 98
53 6 98
5 66 98
66 68 98
68 72 98
72 53 98
17 16 99
52 17 99
59 52 99
16 94 99
94 59 99
67 73 100
73 55 100
55 60 100
60 74 100
74 51 100
51 84 100
84 67 100
33 32 101
32 58 101
46 33 101
58 80 101
80 83 101
83 46 101
