35
1 0 0
0 1 0
0 0 1
0.1 0.9 0
0.2 0.8 0
0.3 0.7 0
0.4 0.6 0
0.5 0.5 0
0.6 0.4 0
0.7 0.3 0
0.8 0.2 0
0.9 0.1 0
0 0.0833333 0.916667
0 0.166667 0.833333
0 0.25 0.75
0 0.333333 0.666667
0 0.416667 0.583333
0 0.5 0.5
0 0.583333 0.416667
0 0.666667 0.333333
0 0.75 0.25
0 0.833333 0.166667
0 0.916667 0.0833333
0.666667 0 0.333333
0.333333 0 0.666667
0.623093 0.110276 0.266631
0.32458 0.13164 0.543779
0.485085 0.222071 0.292844
0.273672 0.497467 0.228861
0.275159 0.0737439 0.651097
0.314351 0.410274 0.275375
0.379781 0.318864 0.301355
0.221792 0.577157 0.201051
0.164859 0.679359 0.155782
0.285901 0.212673 0.501426


5 4 21
20 5 21
3 1 22
4 3 22
21 4 22
12 2 24
0 11 25
23 0 25
14 13 26
23 25 26
11 10 27
25 11 27
8 7 28
18 17 28
13 12 29
12 24 29
24 23 29
23 26 29
26 13 29
9 8 30
17 16 30
8 28 30
28 17 30
10 9 31
27 10 31
16 15 31
15 27 31
9 30 31
30 16 31
7 6 32
6 19 32
19 18 32
18 28 32
28 7 32
6 5 33
5 20 33
19 6 33
20 19 33
14 26 34
26 25 34
15 14 34
27 15 34
25 27 34
