25
1 0 0
0 1 0
0 0 1
0.1 0.9 0
0.2 0.8 0
0.3 0.7 0
0.4 0.6 0
0.5 0.5 0
0.6 0.4 0
0.7 0.3 0
0.8 0.2 0
0.9 0.1 0
0 0.1 0.9
0 0.2 0.8
0 0.3 0.7
0 0.4 0.6
0 0.5 0.5
0 0.6 0.4
0 0.7 0.3
0 0.8 0.2
0 0.9 0.1
0.476658 0.0608798 0.462462
0.433304 0.13533 0.431367
0.393071 0.249155 0.357774
0.321017 0.349409 0.329574


8 7 16
15 8 16
7 6 17
16 7 17
6 5 18
17 6 18
5 4 19
18 5 19
3 1 20
4 3 20
19 4 20
2 0 21
12 2 21
0 11 21
11 10 22
10 13 22
13 12 22
12 21 22
21 11 22
10 9 23
9 14 23
13 10 23
14 13 23
9 8 24
8 15 24
14 9 24
15 14 24
