70
1 0 0
0 1 0
0 0 1
0.1 0.9 0
0.2 0.8 0
0.3 0.7 0
0.4 0.6 0
0.5 0.5 0
0.6 0.4 0
0.7 0.3 0
0.8 0.2 0
0.9 0.1 0
0 0.090909 0.909091
0 0.181818 0.818182
0 0.272727 0.727273
0 0.363637 0.636364
0 0.454545 0.545455
0 0.545455 0.454545
0 0.636364 0.363636
0 0.727273 0.272727
0 0.818182 0.181818
0 0.909091 0.0909091
0.95 0 0.05
0.9 0 0.1
0.85 0 0.15
0.8 0 0.2
0.75 0 0.25
0.7 0 0.3
0.65 0 0.35
0.6 0 0.4
0.55 0 0.45
0.5 0 0.5
0.45 0 0.55
0.4 0 0.6
0.35 0 0.65
0.3 0 0.7
0.25 0 0.75
0.2 0 0.8
0.15 0 0.85
0.1 0 0.9
0.05 0 0.95
0.115192 0.471904 0.412904
0.177994 0.569048 0.252957
0.488432 0.396626 0.114942
0.378118 0.281342 0.340539
0.154994 0.27377 0.571236
0.730536 0.185387 0.084077
0.324985 0.557004 0.118011
0.479037 0.258675 0.262288
0.261596 0.520014 0.21839
0.659553 0.233326 0.107122
0.136504 0.234737 0.62876
0.250141 0.261771 0.488088
0.340699 0.251033 0.408268
0.461585 0.364607 0.173808
0.228125 0.392489 0.379386
0.574539 0.316451 0.10901
0.126142 0.758136 0.115721
0.473549 0.188737 0.337714
0.587373 0.177201 0.235426
0.105034 0.186265 0.708702
0.119816 0.55777 0.322414
0.337827 0.171808 0.490364
0.799214 0.132928 0.0678582
0.22095 0.224397 0.554653
0.0655319 0.111115 0.823353
0.21462 0.68233 0.10305
0.356762 0.41706 0.226179
0.631157 0.1641 0.204743
0.0898828 0.442535 0.467582


0 11 22
11 10 23
22 11 23
12 2 40
13 12 40
39 13 40
19 18 41
21 20 42
6 5 43
31 30 44
9 8 46
25 24 46
5 4 47
29 28 48
42 44 49
8 7 50
26 25 50
25 46 50
46 8 50
17 16 51
45 17 51
36 35 51
35 45 51
34 33 52
32 31 53
31 44 53
44 42 53
43 5 54
5 47 54
48 28 54
47 48 54
53 42 55
7 6 56
6 43 56
26 50 56
50 7 56
3 1 57
1 21 57
21 42 57
42 49 57
30 29 58
29 48 58
44 30 58
28 27 59
54 28 59
43 54 59
15 14 60
14 38 60
38 37 60
16 15 60
51 16 60
37 36 60
36 51 60
20 19 61
42 20 61
55 42 61
19 41 61
41 52 61
52 55 61
33 32 62
52 33 62
55 52 62
32 53 62
53 55 62
10 9 63
23 10 63
24 23 63
9 46 63
46 24 63
35 34 64
45 35 64
34 52 64
52 41 64
14 13 65
13 39 65
38 14 65
39 38 65
4 3 66
47 4 66
3 57 66
57 49 66
49 44 67
44 58 67
48 47 67
58 48 67
66 49 67
47 66 67
27 26 68
26 56 68
59 27 68
56 43 68
43 59 68
18 17 69
17 45 69
41 18 69
64 41 69
45 64 69
