67
1 0 0
0 1 0
0 0 1
0.1 0.9 0
0.2 0.8 0
0.3 0.7 0
0.4 0.6 0
0.5 0.5 0
0.6 0.4 0
0.7 0.3 0
0.8 0.2 0
0.9 0.1 0
0 0.0666667 0.933333
0 0.133333 0.866667
0 0.2 0.8
0 0.266667 0.733333
0 0.333333 0.666667
0 0.4 0.6
0 0.466667 0.533333
0 0.533333 0.466667
0 0.6 0.4
0 0.666667 0.333333
0 0.733333 0.266667
0 0.8 0.2
0 0.866667 0.133333
0 0.933333 0.0666667
0.875 0 0.125
0.75 0 0.25
0.625 0 0.375
0.5 0 0.5
0.375 0 0.625
0.25 0 0.75
0.125 0 0.875
0.657324 0.0947316 0.247944
0.25934 0.141273 0.599388
0.156026 0.617159 0.226816
0.454829 0.408763 0.136408
0.616649 0.284802 0.0985495
0.732188 0.18665 0.081162
0.734463 0.123197 0.14234
0.387518 0.27431 0.338172
0.165668 0.238451 0.59588
0.260865 0.621692 0.117443
0.327799 0.528142 0.144059
0.17732 0.346219 0.476461
0.191518 0.531161 0.277321
0.55023 0.0804771 0.369293
0.572611 0.239813 0.187576
0.145364 0.128121 0.726514
0.129729 0.787686 0.0825856
0.238789 0.383901 0.37731
0.434541 0.335526 0.229933
0.115425 0.196678 0.687897
0.309543 0.0652013 0.625255
0.170166 0.711911 0.117923
0.465587 0.172144 0.362269
0.0825564 0.859911 0.0575321
0.162151 0.0602451 0.777604
0.294657 0.428381 0.276961
0.361703 0.15614 0.482157
0.558688 0.188197 0.253115
0.11837 0.316573 0.565057
0.124717 0.48512 0.390163
0.286296 0.246536 0.467168
0.437048 0.0703859 0.492566
0.46592 0.465373 0.0687067
0.871471 0.0528505 0.0756785


3 1 25
12 2 32
27 26 33
22 21 35
9 8 36
10 9 37
9 36 37
11 10 38
10 37 38
33 26 39
11 38 39
16 15 41
7 6 42
22 35 42
7 42 43
42 35 43
18 17 44
21 20 45
35 21 45
43 35 45
36 43 45
28 27 46
27 33 46
38 37 47
39 38 47
14 13 48
5 4 49
24 23 49
18 44 50
44 40 50
37 36 51
47 37 51
40 47 51
50 40 51
34 41 52
41 15 52
15 14 52
14 48 52
48 34 52
30 29 53
34 48 53
6 5 54
42 6 54
23 22 54
22 42 54
5 49 54
49 23 54
46 33 55
4 3 56
3 25 56
25 24 56
24 49 56
49 4 56
13 12 57
12 32 57
32 31 57
48 13 57
31 30 57
30 53 57
53 48 57
36 45 58
51 36 58
50 51 58
41 34 59
46 55 59
33 39 60
39 47 60
47 40 60
40 55 60
55 33 60
17 16 61
44 17 61
16 41 61
20 19 62
45 20 62
19 18 62
18 50 62
58 45 62
50 58 62
40 44 63
55 40 63
41 59 63
61 41 63
44 61 63
59 55 63
34 53 64
53 29 64
29 28 64
28 46 64
46 59 64
59 34 64
8 7 65
7 43 65
36 8 65
43 36 65
0 11 66
11 39 66
26 0 66
39 26 66
