89
1 0 0
0 1 0
0 0 1
0.1 0.9 0
0.2 0.8 0
0.3 0.7 0
0.4 0.6 0
0.5 0.5 0
0.6 0.4 0
0.7 0.3 0
0.8 0.2 0
0.9 0.1 0
0 0.0833334 0.916667
0 0.166667 0.833333
0 0.25 0.75
0 0.333333 0.666667
0 0.416667 0.583333
0 0.5 0.5
0 0.583333 0.416667
0 0.666667 0.333333
0 0.75 0.25
0 0.833333 0.166667
0 0.916667 0.0833333
0.928571 0 0.0714286
0.857143 0 0.142857
0.785714 0 0.214286
0.714286 0 0.285714
0.642857 0 0.357143
0.571429 0 0.428571
0.5 0 0.5
0.428571 0 0.571429
0.357143 0 0.642857
0.285714 0 0.714286
0.214286 0 0.785714
0.142857 0 0.857143
0.0714287 0 0.928571
0.620265 0.119806 0.25993
0.10562 0.478595 0.415785
0.26683 0.136626 0.596544
0.146399 0.613353 0.240248
0.48687 0.396111 0.11702
0.404943 0.0895755 0.505482
0.64876 0.273788 0.0774517
0.0752319 0.31337 0.611399
0.745101 0.193043 0.061856
0.734853 0.126283 0.138864
0.400754 0.252849 0.346396
0.174724 0.261675 0.563601
0.265487 0.627532 0.10698
0.320108 0.52363 0.156262
0.19128 0.336596 0.472124
0.504936 0.227691 0.267373
0.192628 0.504122 0.303249
0.546 0.0765312 0.377469
0.163609 0.184699 0.651693
0.586515 0.239593 0.173892
0.132871 0.124419 0.74271
0.16113 0.768886 0.0699835
0.21583 0.403413 0.380757
0.83031 0.0951002 0.07459
0.079686 0.793755 0.126559
0.434249 0.335854 0.229897
0.393457 0.523262 0.0832804
0.257125 0.082291 0.660584
0.0768265 0.709062 0.214112
0.0861025 0.390421 0.523476
0.1655 0.679415 0.155084
0.292657 0.198417 0.508926
0.31159 0.450461 0.237949
0.46356 0.110594 0.425847
0.694253 0.0980231 0.207724
0.0676942 0.878416 0.05389
0.070296 0.238008 0.691696
0.0897588 0.0786927 0.831549
0.311775 0.373338 0.314887
0.296934 0.291071 0.411995
0.0753493 0.608326 0.316325
0.556743 0.3929 0.0503569
0.396617 0.436646 0.166738
0.207713 0.0760587 0.716229
0.372527 0.186007 0.441466
0.0582566 0.173399 0.768344
0.483004 0.169147 0.347848
0.569867 0.32409 0.106043
0.564438 0.121541 0.314021
0.352634 0.0791159 0.56825
0.32832 0.624556 0.0471238
0.248434 0.707752 0.0438141
0.234478 0.564717 0.200806


0 11 23
12 2 35
27 26 36
18 17 37
30 29 41
9 8 42
16 15 43
10 9 44
9 42 44
25 24 45
44 42 45
28 27 53
38 47 54
47 43 54
45 42 55
51 36 55
4 3 57
37 50 58
52 37 58
11 10 59
10 44 59
23 11 59
24 23 59
44 45 59
45 24 59
22 21 60
46 51 61
51 55 61
55 40 61
7 6 62
40 7 62
48 49 62
32 31 63
31 38 63
38 54 63
21 20 64
60 21 64
17 16 65
16 43 65
43 47 65
37 17 65
50 37 65
47 50 65
48 57 66
57 60 66
60 64 66
64 39 66
47 38 67
50 47 67
29 28 69
28 53 69
41 29 69
26 25 70
36 26 70
25 45 70
45 55 70
55 36 70
3 1 71
1 22 71
22 60 71
57 3 71
60 57 71
43 15 72
54 43 72
15 14 72
56 54 72
13 12 73
12 35 73
35 34 73
34 33 73
33 56 73
52 58 74
68 52 74
46 61 74
61 68 74
58 50 75
50 67 75
46 74 75
74 58 75
19 18 76
18 37 76
37 52 76
52 39 76
20 19 76
64 20 76
39 64 76
8 7 77
7 40 77
42 8 77
61 40 78
40 62 78
62 49 78
49 68 78
68 61 78
33 32 79
56 33 79
54 56 79
63 54 79
32 63 79
69 46 80
46 75 80
67 41 80
75 67 80
41 69 80
56 72 81
72 14 81
14 13 81
13 73 81
73 56 81
51 46 82
46 69 82
69 53 82
40 55 83
77 40 83
55 42 83
42 77 83
27 36 84
53 27 84
36 51 84
51 82 84
82 53 84
31 30 85
38 31 85
30 41 85
41 67 85
67 38 85
6 5 86
62 6 86
48 62 86
5 4 87
4 57 87
57 48 87
48 86 87
86 5 87
66 39 88
49 48 88
48 66 88
68 49 88
39 52 88
52 68 88
