139
1 0 0
0 1 0
0 0 1
0.1 0.9 0
0.2 0.8 0
0.3 0.7 0
0.4 0.6 0
0.5 0.5 0
0.6 0.4 0
0.7 0.3 0
0.8 0.2 0
0.9 0.1 0
0 0.0526315 0.947368
0 0.105263 0.894737
0 0.157895 0.842105
0 0.210526 0.789474
0 0.263158 0.736842
0 0.315789 0.68421
0 0.368421 0.631579
0 0.421053 0.578947
0 0.473684 0.526316
0 0.526316 0.473684
0 0.578947 0.421053
0 0.631579 0.368421
0 0.684211 0.315789
0 0.736842 0.263158
0 0.789474 0.210526
0 0.842105 0.157895
0 0.894737 0.105263
0 0.947368 0.0526316
0.947368 0 0.0526316
0.894737 0 0.105263
0.842105 0 0.157895
0.789474 0 0.210526
0.736842 0 0.263158
0.684211 0 0.315789
0.631579 0 0.368421
0.578947 0 0.421053
0.526316 0 0.473684
0.473684 0 0.526316
0.421053 0 0.578947
0.368421 0 0.631579
0.31579 0 0.68421
0.263158 0 0.736842
0.210526 0 0.789474
0.157895 0 0.842105
0.105263 0 0.894737
0.0526316 0 0.947368
0.141061 0.823078 0.0358613
0.618576 0.130387 0.251037
0.111086 0.493474 0.395441
0.272401 0.143915 0.583684
0.169282 0.599204 0.231514
0.498578 0.408902 0.0925201
0.793882 0.0756847 0.130433
0.429679 0.0777652 0.492556
0.908729 0.0599782 0.031293
0.669349 0.258356 0.0722953
0.660362 0.142677 0.196961
0.762155 0.174684 0.0631608
0.373049 0.274095 0.352856
0.174171 0.242023 0.583806
0.279196 0.626087 0.094717
0.0558152 0.136532 0.807653
0.318333 0.532041 0.149626
0.186054 0.336569 0.477376
0.510163 0.218679 0.271158
0.276754 0.509459 0.213787
0.158366 0.551052 0.290582
0.500572 0.455757 0.043671
0.538257 0.0811803 0.380563
0.144823 0.215079 0.640098
0.254159 0.246008 0.499833
0.33788 0.601117 0.0610034
0.204335 0.665724 0.129941
0.247981 0.709619 0.0424003
0.328723 0.0661022 0.605175
0.568585 0.260824 0.170591
0.745087 0.153017 0.101896
0.0838157 0.362373 0.553811
0.123393 0.146108 0.730498
0.330288 0.26349 0.406222
0.455195 0.394228 0.150577
0.077035 0.848604 0.0743609
0.247392 0.377155 0.375453
0.0925988 0.779787 0.127614
0.458351 0.320403 0.221247
0.0796175 0.310574 0.609808
0.230169 0.0623629 0.707468
0.137467 0.687088 0.175445
0.843684 0.0814308 0.0748854
0.0769482 0.701604 0.221448
0.411852 0.295189 0.292959
0.57798 0.309701 0.112319
0.708029 0.0601162 0.231855
0.565684 0.213671 0.220645
0.193671 0.470621 0.335707
0.487382 0.0779047 0.434713
0.490717 0.175992 0.333291
0.573776 0.128442 0.297782
0.680835 0.179475 0.13969
0.12721 0.0804415 0.792348
0.0758381 0.247724 0.676438
0.100481 0.447319 0.452199
0.345169 0.401782 0.253049
0.244303 0.483279 0.272419
0.278599 0.0657686 0.655632
0.590715 0.358819 0.0504655
0.296131 0.247854 0.456015
0.0781862 0.0737033 0.84811
0.221805 0.599844 0.178351
0.399858 0.505406 0.0947357
0.363379 0.0870098 0.549612
0.750046 0.0707567 0.179198
0.442056 0.168269 0.389675
0.302858 0.380751 0.316391
0.0891846 0.575368 0.335447
0.0823344 0.641942 0.275724
0.341418 0.159039 0.499542
0.371913 0.432645 0.195442
0.210422 0.362335 0.427244
0.173429 0.745917 0.0806533
0.741535 0.228002 0.030463
0.0641757 0.170465 0.76536
0.398771 0.156533 0.444696
0.828039 0.140584 0.0313775
0.181078 0.138707 0.680215
0.170557 0.301102 0.528341
0.230553 0.142331 0.627116
0.0592138 0.762993 0.177793
0.0858317 0.411199 0.50297
0.596502 0.0697669 0.333731
0.263074 0.19417 0.542756
0.419112 0.543962 0.036926
0.0430601 0.0404033 0.916537
0.658098 0.0580074 0.283895
0.18891 0.0582049 0.752885
0.0576504 0.911099 0.0312511
0.340326 0.633805 0.0258694


12 2 47
4 3 48
23 22 50
32 31 54
39 38 55
0 11 56
30 0 56
15 14 63
8 7 69
37 36 70
64 62 74
5 4 75
4 48 75
62 73 75
41 40 76
59 57 78
20 19 79
29 28 83
81 60 84
28 27 85
83 28 85
77 82 86
71 61 87
19 18 87
79 19 87
61 79 87
43 42 88
74 85 89
31 30 90
30 56 90
54 31 90
78 54 90
59 78 90
26 25 91
52 89 91
66 86 92
53 82 93
82 77 93
34 33 94
58 49 94
49 58 95
58 77 95
66 49 95
77 86 95
86 66 95
50 84 96
38 37 97
37 70 97
55 38 97
66 92 98
92 60 98
49 66 99
66 98 99
54 78 100
77 58 100
93 77 100
78 57 100
57 93 100
45 44 101
17 16 102
16 80 102
18 17 102
87 18 102
71 87 102
22 21 103
50 22 103
92 86 104
67 52 105
52 68 105
104 67 105
68 96 105
42 41 106
41 76 106
88 42 106
9 8 107
57 9 107
69 53 107
8 69 107
53 93 107
93 57 107
65 72 108
14 13 109
13 46 109
46 45 109
63 14 109
45 101 109
101 63 109
52 67 110
89 52 110
67 64 110
64 74 110
74 89 110
62 64 111
73 62 111
53 69 111
64 82 111
82 53 111
40 39 112
39 55 112
51 76 112
76 40 112
33 32 113
32 54 113
58 94 113
94 33 113
54 100 113
100 58 113
60 81 114
97 70 114
70 98 114
98 60 114
84 60 115
96 84 115
60 92 115
105 96 115
92 104 115
104 105 115
24 23 116
23 50 116
50 96 116
96 68 116
25 24 117
68 52 117
52 91 117
91 25 117
24 116 117
116 68 117
108 72 118
112 55 118
64 67 119
82 64 119
86 82 119
67 104 119
104 86 119
103 65 120
84 50 120
50 103 120
81 84 120
108 81 120
65 108 120
74 62 121
62 75 121
75 48 121
48 83 121
85 74 121
83 85 121
10 9 122
9 57 122
57 59 122
16 15 123
80 16 123
15 63 123
63 101 123
101 80 123
81 108 124
114 81 124
97 114 124
55 97 124
118 55 124
108 118 124
11 10 125
56 11 125
59 90 125
90 56 125
10 122 125
122 59 125
80 88 126
71 102 126
102 80 126
88 106 126
79 61 127
72 65 127
51 61 128
61 71 128
76 51 128
106 76 128
71 126 128
126 106 128
27 26 129
85 27 129
89 85 129
26 91 129
91 89 129
20 79 130
21 20 130
103 21 130
65 103 130
79 127 130
127 65 130
36 35 131
70 36 131
98 70 131
99 98 131
61 51 132
118 72 132
51 112 132
112 118 132
72 127 132
127 61 132
7 6 133
69 7 133
73 111 133
111 69 133
13 12 134
12 47 134
46 13 134
47 46 134
35 34 135
34 94 135
94 49 135
49 99 135
99 131 135
131 35 135
43 88 136
88 80 136
44 43 136
101 44 136
80 101 136
3 1 137
1 29 137
48 3 137
29 83 137
83 48 137
6 5 138
5 75 138
75 73 138
73 133 138
133 6 138
