80
1 0 0
0 1 0
0 0 1
0.0999999 0.9 0
0.2 0.8 0
0.3 0.7 0
0.4 0.6 0
0.5 0.5 0
0.6 0.4 0
0.7 0.3 0
0.8 0.2 0
0.9 0.1 0
0 0.05 0.95
0 0.1 0.9
0 0.15 0.85
0 0.2 0.8
0 0.25 0.75
0 0.3 0.7
0 0.35 0.65
0 0.4 0.6
0 0.45 0.55
0 0.5 0.5
0 0.55 0.45
0 0.6 0.4
0 0.65 0.35
0 0.7 0.3
0 0.75 0.25
0 0.8 0.2
0 0.85 0.15
0 0.9 0.1
0 0.95 0.05
0.916667 0 0.0833333
0.833333 0 0.166667
0.75 0 0.25
0.666667 0 0.333333
0.583333 0 0.416667
0.5 0 0.5
0.416667 0 0.583333
0.333333 0 0.666667
0.25 0 0.75
0.166667 0 0.833333
0.0833333 0 0.916667
0.586788 0.134135 0.279077
0.265352 0.146754 0.587894
0.168303 0.603712 0.227985
0.49257 0.410317 0.0971124
0.601225 0.299319 0.0994562
0.685178 0.130439 0.184383
0.730754 0.194749 0.0744964
0.349845 0.280958 0.369197
0.200485 0.2338 0.565715
0.264695 0.634922 0.100383
0.402012 0.0957311 0.502257
0.192098 0.32924 0.478662
0.469461 0.254406 0.276133
0.269466 0.522006 0.208528
0.203315 0.511649 0.285036
0.277088 0.237221 0.485691
0.576757 0.248086 0.175157
0.790817 0.116032 0.0931507
0.1481 0.129276 0.722624
0.141233 0.791539 0.0672282
0.215434 0.401568 0.382998
0.360849 0.527877 0.111274
0.446512 0.109856 0.443632
0.520314 0.114772 0.364914
0.406272 0.375113 0.218616
0.192703 0.469338 0.33796
0.167022 0.164192 0.668785
0.186422 0.723748 0.0898306
0.110096 0.0689918 0.820912
0.144202 0.665706 0.190092
0.151496 0.0854975 0.763007
0.367596 0.352084 0.28032
0.148437 0.394766 0.456797
0.394923 0.213262 0.391815
0.0746666 0.885565 0.0397682
0.281551 0.0695179 0.648931
0.406851 0.415233 0.177917
0.343314 0.0683131 0.588373


3 1 30
12 2 41
13 12 41
40 13 41
33 32 42
25 24 44
9 8 45
10 9 46
9 45 46
32 31 47
42 32 47
11 10 48
10 46 48
19 18 50
18 17 50
17 43 50
7 6 51
36 35 52
43 36 52
50 43 52
20 19 53
42 47 54
49 42 54
44 24 55
24 23 56
55 24 56
19 50 57
53 19 57
54 47 58
48 46 58
31 0 59
47 31 59
0 11 59
11 48 59
48 58 59
58 47 59
16 15 60
5 4 61
4 29 61
29 28 61
22 21 62
49 54 62
45 8 63
8 7 63
7 51 63
44 55 63
55 45 63
35 34 64
52 35 64
50 52 64
57 50 64
34 33 65
33 42 65
64 34 65
57 64 65
58 46 66
23 22 67
56 23 67
22 62 67
66 56 67
17 16 68
43 17 68
16 60 68
6 5 69
5 61 69
51 6 69
28 27 69
61 28 69
27 51 69
14 13 70
13 40 70
40 39 70
26 25 71
25 44 71
27 26 71
51 27 71
44 63 71
63 51 71
15 14 72
60 15 72
39 38 72
38 60 72
14 70 72
70 39 72
54 58 73
58 66 73
62 54 73
67 62 73
66 67 73
21 20 74
20 53 74
53 49 74
49 62 74
62 21 74
42 49 75
65 42 75
49 53 75
53 57 75
57 65 75
4 3 76
3 30 76
29 4 76
30 29 76
38 37 77
60 38 77
68 60 77
46 45 78
66 46 78
45 55 78
55 56 78
56 66 78
37 36 79
36 43 79
43 68 79
68 77 79
77 37 79
