134
1 0 0
0 1 0
0 0 1
0.1 0.9 0
0.2 0.8 0
0.3 0.7 0
0.4 0.6 0
0.5 0.5 0
0.6 0.4 0
0.7 0.3 0
0.8 0.2 0
0.9 0.1 0
0 0.05 0.95
0 0.1 0.9
0 0.15 0.85
0 0.2 0.8
0 0.25 0.75
0 0.3 0.7
0 0.35 0.65
0 0.4 0.6
0 0.45 0.55
0 0.5 0.5
0 0.55 0.45
0 0.6 0.4
0 0.65 0.35
0 0.7 0.3
0 0.75 0.25
0 0.8 0.2
0 0.85 0.15
0 0.9 0.1
0 0.95 0.05
0.944444 0 0.0555556
0.888889 0 0.111111
0.833333 0 0.166667
0.777778 0 0.222222
0.722222 0 0.277778
0.666667 0 0.333333
0.611111 0 0.388889
0.555556 0 0.444444
0.5 0 0.5
0.444444 0 0.555556
0.388889 0 0.611111
0.333333 0 0.666667
0.277778 0 0.722222
0.222222 0 0.777778
0.166667 0 0.833333
0.111111 0 0.888889
0.0555556 0 0.944444
0.111226 0.850244 0.0385297
0.632891 0.120617 0.246493
0.104898 0.497487 0.397616
0.261042 0.149376 0.589582
0.185677 0.595516 0.218807
0.471037 0.42702 0.101943
0.781151 0.0757399 0.143109
0.41027 0.0722258 0.517504
0.907611 0.0586935 0.0336952
0.652182 0.275253 0.0725651
0.683286 0.124122 0.192592
0.755528 0.182626 0.0618457
0.385465 0.271497 0.343038
0.166295 0.247096 0.58661
0.287845 0.62664 0.0855147
0.0698578 0.129656 0.800486
0.333882 0.508611 0.157507
0.179156 0.335054 0.48579
0.498971 0.224276 0.276753
0.283607 0.503162 0.213231
0.166132 0.541925 0.291943
0.491426 0.463267 0.0453074
0.529898 0.0839965 0.386106
0.181009 0.17703 0.641961
0.248576 0.609082 0.142342
0.270446 0.234248 0.495306
0.245982 0.710469 0.0435488
0.563243 0.271247 0.165511
0.560919 0.326752 0.112329
0.752948 0.138712 0.10834
0.0930229 0.355254 0.551723
0.0722682 0.321098 0.606633
0.133702 0.122881 0.743416
0.324505 0.276548 0.398947
0.457676 0.384946 0.157379
0.106947 0.816792 0.0762611
0.233731 0.381778 0.384492
0.0763258 0.790628 0.133046
0.459224 0.321824 0.218952
0.112836 0.437674 0.44949
0.377962 0.526538 0.0955009
0.222406 0.0915044 0.686089
0.135186 0.695989 0.168825
0.0813173 0.696354 0.222328
0.376148 0.14402 0.479832
0.0991179 0.197855 0.703027
0.293231 0.0805156 0.626253
0.579178 0.207386 0.213436
0.190836 0.466898 0.342266
0.500001 0.162821 0.337177
0.59655 0.109757 0.293693
0.456512 0.1143 0.429189
0.339755 0.415667 0.244577
0.240042 0.50359 0.256368
0.592806 0.357214 0.0499801
0.843935 0.0764641 0.0796011
0.0817962 0.0716223 0.846581
0.182384 0.712647 0.104969
0.659508 0.227136 0.113356
0.427579 0.183245 0.389176
0.324923 0.22966 0.445417
0.301142 0.369159 0.329699
0.0884136 0.567055 0.344531
0.075157 0.418905 0.505938
0.375007 0.429349 0.195644
0.38263 0.57387 0.0434999
0.295585 0.167335 0.53708
0.0776814 0.640138 0.282181
0.357725 0.0718561 0.570419
0.835041 0.12937 0.0355885
0.737486 0.0616009 0.200913
0.227105 0.338639 0.434256
0.189838 0.275976 0.534186
0.386585 0.330878 0.282537
0.141522 0.0665693 0.791909
0.705652 0.261713 0.0326348
0.270585 0.435957 0.293458
0.0444815 0.0388502 0.916668
0.672455 0.171317 0.156228
0.200877 0.0579294 0.741193
0.469918 0.0620625 0.468019
0.0587015 0.181771 0.759527
0.601606 0.0631124 0.335282
0.085268 0.264334 0.650398
0.702682 0.0496289 0.247689
0.0457624 0.931903 0.0223346


12 2 47
4 3 48
30 29 48
23 22 50
33 32 54
40 39 55
0 11 56
31 0 56
15 14 63
64 52 67
8 7 69
38 37 70
51 61 71
52 64 72
5 4 74
4 48 74
6 5 74
20 19 78
19 18 79
61 78 79
78 19 79
53 64 82
75 76 82
76 53 82
48 29 83
74 48 83
81 60 84
28 27 85
29 28 85
83 29 85
75 82 86
22 21 87
50 22 87
84 50 87
64 53 88
53 69 88
62 72 88
72 64 88
43 42 89
52 72 90
85 27 90
27 26 91
90 27 91
52 90 91
17 16 93
80 89 93
89 71 93
51 71 94
42 41 94
89 42 94
71 89 94
49 58 95
75 86 95
66 49 95
86 66 95
50 84 96
66 60 97
49 66 98
66 97 98
38 70 99
67 52 101
52 68 101
100 67 101
9 8 102
69 53 102
8 69 102
53 76 102
76 57 102
32 31 103
31 56 103
54 32 103
77 54 103
59 77 103
14 13 104
13 46 104
46 45 104
63 14 104
62 74 105
74 83 105
83 85 105
72 62 105
90 72 105
85 90 105
57 76 106
76 75 106
59 57 106
77 59 106
60 81 107
97 60 107
70 97 107
99 70 107
65 73 108
73 92 108
107 81 108
92 99 108
99 107 108
84 60 109
96 84 109
24 23 110
23 50 110
50 96 110
96 68 110
21 20 111
20 78 111
78 65 111
65 87 111
87 21 111
64 67 112
82 64 112
67 100 112
86 82 112
100 86 112
7 6 113
69 7 113
6 74 113
74 62 113
62 88 113
88 69 113
61 51 114
55 92 114
92 73 114
68 52 115
26 25 115
91 26 115
52 91 115
25 24 115
24 110 115
110 68 115
40 55 116
41 40 116
94 41 116
51 94 116
55 114 116
114 51 116
11 10 117
10 59 117
56 11 117
59 103 117
103 56 117
34 33 118
33 54 118
54 58 118
58 49 118
81 84 119
84 87 119
87 65 119
65 108 119
108 81 119
78 61 120
73 65 120
65 78 120
61 114 120
114 73 120
66 86 121
86 100 121
60 66 121
109 60 121
45 44 122
80 63 122
63 104 122
104 45 122
10 9 123
57 59 123
59 10 123
9 102 123
102 57 123
68 96 124
101 68 124
100 101 124
96 109 124
109 121 124
121 100 124
13 12 125
12 47 125
46 13 125
47 46 125
58 54 126
54 77 126
75 95 126
95 58 126
106 75 126
77 106 126
44 43 127
43 89 127
89 80 127
80 122 127
122 44 127
39 38 128
55 39 128
92 55 128
38 99 128
99 92 128
16 15 129
15 63 129
63 80 129
80 93 129
93 16 129
37 36 130
70 37 130
97 70 130
36 35 130
35 98 130
98 97 130
18 17 131
79 18 131
71 61 131
61 79 131
17 93 131
93 71 131
35 34 132
49 98 132
98 35 132
34 118 132
118 49 132
3 1 133
1 30 133
30 48 133
48 3 133
