68
1 0 0
0 1 0
0 0 1
0.1 0.9 0
0.2 0.8 0
0.3 0.7 0
0.4 0.6 0
0.5 0.5 0
0.6 0.4 0
0.7 0.3 0
0.8 0.2 0
0.9 0.1 0
0 0.05 0.95
0 0.1 0.9
0 0.15 0.85
0 0.2 0.8
0 0.25 0.75
0 0.3 0.7
0 0.35 0.65
0 0.4 0.6
0 0.45 0.55
0 0.5 0.5
0 0.55 0.45
0 0.6 0.4
0 0.65 0.35
0 0.7 0.3
0 0.75 0.25
0 0.8 0.2
0 0.85 0.15
0 0.9 0.1
0 0.95 0.05
0.909091 0 0.0909091
0.818182 0 0.181818
0.727273 0 0.272727
0.636364 0 0.363636
0.545455 0 0.454545
0.454545 0 0.545455
0.363636 0 0.636364
0.272727 0 0.727273
0.181818 0 0.818182
0.0909091 0 0.909091
0.629027 0.131526 0.239447
0.261929 0.142649 0.595422
0.471282 0.414398 0.11432
0.716803 0.144739 0.138458
0.31256 0.29889 0.38855
0.216793 0.218616 0.564591
0.24149 0.645802 0.112707
0.218177 0.309316 0.472507
0.477023 0.249925 0.273052
0.656273 0.231271 0.112456
0.222367 0.511732 0.265901
0.172563 0.636071 0.191366
0.232507 0.258284 0.509209
0.169414 0.0944427 0.736144
0.374489 0.52378 0.101731
0.221495 0.399354 0.379151
0.212988 0.116071 0.670942
0.22102 0.457293 0.321687
0.458839 0.365526 0.175635
0.45447 0.121222 0.424308
0.215722 0.567207 0.217071
0.444037 0.316653 0.239311
0.185407 0.728808 0.0857855
0.492488 0.152865 0.354647
0.110034 0.0658785 0.824088
0.138903 0.796318 0.0647799
0.421896 0.0962543 0.48185


3 1 30
4 3 30
29 4 30
12 2 40
13 12 40
39 13 40
32 31 41
17 16 42
36 35 42
10 9 43
9 8 43
0 11 44
31 0 44
41 31 44
21 20 45
18 17 46
17 42 46
7 6 47
27 26 47
20 19 48
45 20 48
41 44 49
45 41 49
11 10 50
44 11 50
24 23 51
26 25 52
47 26 52
19 18 53
18 46 53
48 19 53
15 14 54
14 38 54
38 37 54
43 8 55
8 7 55
7 47 55
47 52 55
22 21 56
21 45 56
45 49 56
16 15 57
37 36 57
36 42 57
42 16 57
15 54 57
54 37 57
23 22 58
51 23 58
22 56 58
10 43 59
50 10 59
43 51 59
51 58 59
34 33 60
53 46 60
25 24 61
24 51 61
51 43 61
43 55 61
52 25 61
55 52 61
49 44 62
44 50 62
56 49 62
58 56 62
50 59 62
59 58 62
6 5 63
28 27 63
27 47 63
47 6 63
33 32 64
32 41 64
41 45 64
45 48 64
60 33 64
48 53 64
53 60 64
14 13 65
13 39 65
38 14 65
39 38 65
5 4 66
4 29 66
29 28 66
28 63 66
63 5 66
35 34 67
42 35 67
46 42 67
34 60 67
60 46 67
