144
1 0 0
0 1 0
0 0 1
0.1 0.9 0
0.2 0.8 0
0.3 0.7 0
0.4 0.6 0
0.5 0.5 0
0.6 0.4 0
0.7 0.3 0
0.8 0.2 0
0.9 0.1 0
0 0.05 0.95
0 0.1 0.9
0 0.15 0.85
0 0.2 0.8
0 0.25 0.75
0 0.3 0.7
0 0.35 0.65
0 0.4 0.6
0 0.45 0.55
0 0.5 0.5
0 0.55 0.45
0 0.6 0.4
0 0.65 0.35
0 0.7 0.3
0 0.75 0.25
0 0.8 0.2
0 0.85 0.15
0 0.9 0.1
0 0.95 0.05
0.947368 0 0.0526316
0.894737 0 0.105263
0.842105 0 0.157895
0.789474 0 0.210526
0.736842 0 0.263158
0.684211 0 0.315789
0.631579 0 0.368421
0.578947 0 0.421053
0.526316 0 0.473684
0.473684 0 0.526316
0.421053 0 0.578947
0.368421 0 0.631579
0.315789 0 0.684211
0.263158 0 0.736842
0.210526 0 0.789474
0.157895 0 0.842105
0.105263 0 0.894737
0.0526316 0 0.947368
0.10167 0.86035 0.0379798
0.619533 0.130211 0.250255
0.112187 0.485756 0.402057
0.271184 0.144145 0.584672
0.170011 0.594563 0.235427
0.48474 0.418861 0.0963984
0.789314 0.0746201 0.136066
0.425475 0.0666475 0.507877
0.907073 0.0604722 0.0324549
0.656318 0.280749 0.0629326
0.668512 0.136632 0.194855
0.749043 0.182008 0.068949
0.390851 0.258523 0.350627
0.171289 0.241495 0.587216
0.287872 0.627053 0.0850744
0.0573379 0.13239 0.810272
0.308658 0.523948 0.167394
0.187032 0.334839 0.478129
0.507219 0.22066 0.272121
0.276451 0.509001 0.214549
0.160208 0.546116 0.293676
0.49147 0.465128 0.0434027
0.529907 0.0863302 0.383763
0.143265 0.210667 0.646069
0.267226 0.599938 0.132837
0.254558 0.244102 0.50134
0.253433 0.700961 0.0456061
0.329586 0.0650286 0.605385
0.576058 0.255426 0.168516
0.563915 0.324731 0.111354
0.751104 0.141228 0.107668
0.0835943 0.354939 0.561467
0.0799703 0.306342 0.613688
0.142612 0.120659 0.736728
0.327378 0.272616 0.400006
0.165539 0.778724 0.0557368
0.469916 0.373756 0.156328
0.227214 0.389126 0.38366
0.0799522 0.778323 0.141725
0.457667 0.320255 0.222078
0.0987339 0.443376 0.45789
0.387319 0.524115 0.0885663
0.23342 0.058351 0.708229
0.137309 0.696096 0.166596
0.0912625 0.692281 0.216457
0.397253 0.3074 0.295347
0.0885035 0.205568 0.705928
0.70863 0.0595211 0.231849
0.567428 0.212278 0.220294
0.189273 0.466293 0.344433
0.500214 0.0651181 0.434668
0.492042 0.175706 0.332252
0.574065 0.128254 0.297681
0.691357 0.158584 0.150058
0.423439 0.15294 0.423621
0.12794 0.078238 0.793822
0.342546 0.408741 0.248713
0.241224 0.500152 0.258624
0.280451 0.0633927 0.656157
0.5844 0.364561 0.0510389
0.312499 0.231133 0.456369
0.0788428 0.0713713 0.849786
0.0743989 0.835977 0.0896239
0.340636 0.153308 0.506055
0.362215 0.0852784 0.552507
0.438309 0.180509 0.381181
0.178316 0.717158 0.104526
0.843202 0.0792522 0.0775459
0.0907032 0.558869 0.350428
0.0831637 0.651274 0.265563
0.375471 0.433994 0.190536
0.210207 0.360502 0.429291
0.374678 0.585458 0.0398642
0.300131 0.355192 0.344677
0.8256 0.140677 0.0337233
0.188596 0.129049 0.682355
0.168187 0.300635 0.531178
0.271383 0.429483 0.299134
0.754694 0.0621315 0.183175
0.0861991 0.403976 0.509825
0.231214 0.140756 0.628031
0.740105 0.229125 0.0307697
0.657596 0.230127 0.112277
0.260743 0.194532 0.544725
0.596587 0.069623 0.33379
0.0666025 0.271022 0.662376
0.0427754 0.0387475 0.918477
0.65881 0.0581092 0.283081
0.0681181 0.168429 0.763453
0.385619 0.480118 0.134263
0.210165 0.602399 0.187436
0.191921 0.0536373 0.754442
0.068576 0.621161 0.310263
0.0459094 0.932064 0.0220268
0.421204 0.109742 0.469054


12 2 48
4 3 49
23 22 51
33 32 55
40 39 56
0 11 57
31 0 57
15 14 64
8 7 70
38 37 71
5 4 75
42 41 76
20 19 80
19 18 81
72 62 81
62 80 81
80 19 81
4 49 84
75 4 84
78 54 85
77 78 85
28 27 87
77 85 88
22 21 89
51 22 89
54 70 90
63 73 90
44 43 91
87 27 92
27 26 93
92 27 93
67 88 94
17 16 95
35 34 96
59 50 96
50 59 97
59 77 97
67 50 97
77 88 97
88 67 97
51 86 98
39 38 99
38 71 99
67 94 100
94 61 100
50 67 101
67 100 101
55 79 102
77 59 102
99 71 103
46 45 104
94 88 105
68 53 106
53 69 106
105 68 106
43 42 107
42 76 107
91 43 107
9 8 108
58 9 108
70 54 108
8 70 108
54 78 108
78 58 108
66 74 109
103 83 109
14 13 110
13 47 110
47 46 110
64 14 110
46 104 110
104 64 110
30 29 111
49 30 111
84 49 111
29 28 111
28 87 111
109 74 112
41 40 113
40 56 113
52 76 113
76 41 113
56 112 113
61 83 114
83 103 114
71 100 114
103 71 114
100 61 114
63 75 115
75 84 115
73 63 115
92 73 115
87 92 115
84 111 115
111 87 115
32 31 116
31 57 116
55 32 116
79 55 116
60 79 116
24 23 117
23 51 117
51 98 117
98 69 117
69 53 118
26 25 118
93 26 118
53 93 118
65 68 119
68 105 119
88 85 119
105 88 119
83 86 120
89 66 120
86 51 120
51 89 120
66 109 120
109 83 120
7 6 121
70 7 121
6 5 121
5 75 121
75 63 121
63 90 121
90 70 121
83 61 122
86 83 122
61 94 122
98 86 122
11 10 123
57 11 123
60 116 123
116 57 123
82 91 124
95 82 124
72 95 124
91 107 124
80 62 125
74 66 125
69 98 126
106 69 126
94 105 126
122 94 126
105 106 126
98 122 126
34 33 127
33 55 127
59 96 127
96 34 127
55 102 127
102 59 127
21 20 128
20 80 128
66 89 128
89 21 128
80 125 128
125 66 128
52 62 129
62 72 129
76 52 129
107 76 129
72 124 129
124 107 129
10 9 130
9 58 130
58 60 130
60 123 130
123 10 130
60 58 131
79 60 131
58 78 131
78 77 131
77 102 131
102 79 131
62 52 132
112 74 132
52 113 132
113 112 132
74 125 132
125 62 132
37 36 133
71 37 133
100 71 133
101 100 133
18 17 134
72 81 134
81 18 134
17 95 134
95 72 134
13 12 135
12 48 135
47 13 135
48 47 135
35 96 136
96 50 136
36 35 136
50 101 136
101 133 136
133 36 136
16 15 137
15 64 137
82 95 137
95 16 137
64 104 137
104 82 137
85 54 138
54 90 138
73 65 138
90 73 138
65 119 138
119 85 138
53 68 139
68 65 139
65 73 139
73 92 139
92 93 139
93 53 139
45 44 140
44 91 140
91 82 140
82 104 140
104 45 140
25 24 141
24 117 141
117 69 141
69 118 141
118 25 141
3 1 142
1 30 142
30 49 142
49 3 142
56 39 143
39 99 143
99 103 143
112 56 143
103 109 143
109 112 143
