26
1 0 0
0 1 0
0 0 1
0.1 0.9 0
0.2 0.8 0
0.3 0.7 0
0.4 0.6 0
0.5 0.5 0
0.6 0.4 0
0.7 0.3 0
0.8 0.2 0
0.9 0.1 0
0 0.333333 0.666667
0 0.666667 0.333333
0.923077 0 0.0769231
0.846154 0 0.153846
0.769231 0 0.230769
0.692308 0 0.307692
0.615385 0 0.384615
0.538462 0 0.461538
0.461538 0 0.538462
0.384615 0 0.615385
0.307692 0 0.692308
0.230769 0 0.769231
0.153846 0 0.846154
0.0769231 0 0.923077


0 11 14
11 10 15
14 11 15
10 9 16
15 10 16
9 8 17
16 9 17
8 7 18
17 8 18
7 6 19
18 7 19
6 5 20
19 6 20
5 4 21
20 5 21
4 3 22
21 4 22
3 1 23
22 3 23
1 13 23
13 12 24
23 13 24
12 2 25
24 12 25
