47
1 0 0
0 1 0
0 0 1
0.1 0.9 0
0.2 0.8 0
0.3 0.7 0
0.4 0.6 0
0.5 0.5 0
0.6 0.4 0
0.7 0.3 0
0.8 0.2 0
0.9 0.1 0
0 0.2 0.8
0 0.4 0.6
0 0.6 0.4
0 0.8 0.2
0.916667 0 0.0833333
0.833333 0 0.166667
0.75 0 0.25
0.666667 0 0.333333
0.583333 0 0.416667
0.5 0 0.5
0.416667 0 0.583333
0.333333 0 0.666667
0.25 0 0.75
0.166667 0 0.833333
0.0833334 0 0.916667
0.101214 0.526826 0.371961
0.268152 0.185789 0.546059
0.155556 0.652323 0.192122
0.659962 0.24486 0.0951782
0.403522 0.238887 0.357591
0.17666 0.241048 0.582292
0.338156 0.494181 0.167663
0.498321 0.235605 0.266074
0.588545 0.224264 0.187191
0.742348 0.140906 0.116746
0.210157 0.410929 0.378915
0.0728235 0.767313 0.159863
0.0887257 0.320991 0.590283
0.346975 0.150247 0.502778
0.244226 0.579256 0.176519
0.427959 0.416372 0.155669
0.068547 0.186644 0.744809
0.860766 0.0738745 0.0653594
0.300595 0.346095 0.35331
0.681321 0.114695 0.203984


0 11 16
12 2 26
15 14 27
24 23 28
4 3 29
9 8 30
22 21 31
25 24 32
24 28 32
6 5 33
21 20 34
31 21 34
8 7 35
7 34 35
20 19 35
34 20 35
30 8 35
10 9 36
17 10 36
18 17 36
9 30 36
29 27 37
27 32 37
32 28 37
3 1 38
1 15 38
29 3 38
15 27 38
27 29 38
14 13 39
27 14 39
25 32 39
32 27 39
23 22 40
28 23 40
22 31 40
5 4 41
33 5 41
4 29 41
29 37 41
7 6 42
34 7 42
6 33 42
33 31 42
31 34 42
13 12 43
39 13 43
12 26 43
26 25 43
25 39 43
11 10 44
10 17 44
16 11 44
17 16 44
37 28 45
28 40 45
31 33 45
40 31 45
41 37 45
33 41 45
19 18 46
30 35 46
35 19 46
18 36 46
36 30 46
