43
1 0 0
0 1 0
0 0 1
0.0999999 0.9 0
0.2 0.8 0
0.3 0.7 0
0.4 0.6 0
0.5 0.5 0
0.6 0.4 0
0.7 0.3 0
0.8 0.2 0
0.9 0.1 0
0 0.166667 0.833333
0 0.333333 0.666667
0 0.5 0.5
0 0.666667 0.333333
0 0.833333 0.166667
0.875 0 0.125
0.75 0 0.25
0.625 0 0.375
0.5 0 0.5
0.375 0 0.625
0.25 0 0.75
0.125 0 0.875
0.633294 0.12538 0.241326
0.101086 0.512314 0.386599
0.293426 0.140481 0.566092
0.169258 0.618341 0.2124
0.764258 0.118027 0.117715
0.397238 0.246807 0.355955
0.157501 0.236627 0.605873
0.29202 0.538524 0.169456
0.418788 0.108905 0.472307
0.493179 0.347582 0.159238
0.594222 0.273377 0.132401
0.177827 0.10558 0.716593
0.215593 0.415872 0.368535
0.0919375 0.756438 0.151624
0.0860792 0.348703 0.565218
0.512191 0.184026 0.303783
0.371864 0.416352 0.211785
0.0782969 0.113318 0.808385
0.285724 0.286437 0.42784


3 1 16
0 11 17
19 18 24
20 19 24
15 14 25
22 21 26
5 4 27
15 25 27
11 10 28
17 11 28
18 17 28
10 9 28
9 24 28
24 18 28
6 5 31
5 27 31
21 20 32
26 21 32
29 26 32
8 7 33
9 8 34
24 9 34
8 33 34
23 22 35
22 26 35
26 30 35
27 25 36
31 27 36
4 3 37
3 16 37
16 15 37
15 27 37
27 4 37
14 13 38
25 14 38
13 12 38
12 30 38
30 36 38
36 25 38
20 24 39
32 20 39
29 32 39
33 29 39
34 33 39
24 34 39
7 6 40
6 31 40
33 7 40
29 33 40
31 36 40
12 2 41
2 23 41
23 35 41
30 12 41
35 30 41
26 29 42
30 26 42
36 30 42
29 40 42
40 36 42
