51
1 0 0
0 1 0
0 0 1
0.1 0.9 0
0.2 0.8 0
0.3 0.7 0
0.4 0.6 0
0.5 0.5 0
0.6 0.4 0
0.7 0.3 0
0.8 0.2 0
0.9 0.1 0
0 0.166667 0.833333
0 0.333333 0.666667
0 0.5 0.5
0 0.666667 0.333333
0 0.833333 0.166667
0.928571 0 0.0714286
0.857143 0 0.142857
0.785714 0 0.214286
0.714286 0 0.285714
0.642857 0 0.357143
0.571429 0 0.428571
0.5 0 0.5
0.428571 0 0.571429
0.357143 0 0.642857
0.285714 0 0.714286
0.214286 0 0.785714
0.142857 0 0.857143
0.0714285 0 0.928571
0.112336 0.464129 0.423534
0.267642 0.176536 0.555822
0.17566 0.583022 0.241319
0.48542 0.386289 0.128291
0.394488 0.264933 0.340578
0.179928 0.236067 0.584005
0.298561 0.559663 0.141776
0.506471 0.201908 0.291622
0.687879 0.175602 0.136519
0.19264 0.680817 0.126544
0.591253 0.23083 0.177917
0.0740163 0.386376 0.539608
0.108736 0.196724 0.69454
0.0886233 0.790697 0.120679
0.211189 0.387457 0.401353
0.329586 0.204588 0.465826
0.27906 0.436881 0.284059
0.767741 0.141411 0.0908483
0.397916 0.449759 0.152325
0.06152 0.149174 0.789306
0.0934744 0.631062 0.275464


0 11 17
11 10 18
17 11 18
12 2 29
26 25 31
7 6 33
24 23 34
27 26 35
26 31 35
5 4 36
22 21 37
23 22 37
34 23 37
9 8 38
20 19 38
4 3 39
36 4 39
7 33 40
33 37 40
37 21 40
8 7 40
38 8 40
21 20 40
20 38 40
15 14 41
30 15 41
35 30 41
14 13 42
41 14 42
28 27 42
27 35 42
35 41 42
3 1 43
1 16 43
32 39 43
39 3 43
30 35 44
35 31 44
25 24 45
31 25 45
44 31 45
24 34 45
39 32 46
34 36 46
45 34 46
36 39 46
32 44 46
44 45 46
10 9 47
18 10 47
19 18 47
9 38 47
38 19 47
6 5 48
5 36 48
33 6 48
37 33 48
36 34 48
34 37 48
13 12 49
12 29 49
29 28 49
28 42 49
42 13 49
16 15 50
15 30 50
43 16 50
32 43 50
30 44 50
44 32 50
