36
1 0 0
0 1 0
0 0 1
0.1 0.9 0
0.2 0.8 0
0.3 0.7 0
0.4 0.6 0
0.5 0.5 0
0.6 0.4 0
0.7 0.3 0
0.8 0.2 0
0.9 0.1 0
0 0.142857 0.857143
0 0.285714 0.714286
0 0.428571 0.571429
0 0.571429 0.428571
0 0.714286 0.285714
0 0.857143 0.142857
0.8 0 0.2
0.6 0 0.4
0.4 0 0.6
0.2 0 0.8
0.612798 0.129255 0.257948
0.272081 0.146518 0.581401
0.164367 0.614721 0.220912
0.456682 0.388473 0.154845
0.399519 0.267381 0.3331
0.177713 0.248559 0.573728
0.253976 0.498178 0.247846
0.140732 0.379631 0.479636
0.552962 0.239534 0.207505
0.124684 0.106095 0.769221
0.416231 0.121139 0.462629
0.0832978 0.814122 0.10258
0.748569 0.0830146 0.168417
0.310825 0.382388 0.306787


3 1 17
0 11 18
10 9 22
20 19 22
6 5 24
15 14 24
5 4 24
4 16 24
16 15 24
8 7 25
8 25 26
13 12 27
23 26 27
6 24 28
24 14 28
7 6 28
14 13 29
28 14 29
13 27 29
9 8 30
8 26 30
22 9 30
12 2 31
2 21 31
21 23 31
23 27 31
27 12 31
21 20 32
23 21 32
20 22 32
22 30 32
26 23 32
30 26 32
4 3 33
3 17 33
16 4 33
17 16 33
11 10 34
18 11 34
19 18 34
10 22 34
22 19 34
26 25 35
27 26 35
25 7 35
7 28 35
29 27 35
28 29 35
