59
1 0 0
0 1 0
0 0 1
0.1 0.9 0
0.2 0.8 0
0.3 0.7 0
0.4 0.6 0
0.5 0.5 0
0.6 0.4 0
0.7 0.3 0
0.8 0.2 0
0.9 0.1 0
0 0.142857 0.857143
0 0.285714 0.714286
0 0.428571 0.571429
0 0.571429 0.428571
0 0.714286 0.285714
0 0.857143 0.142857
0.916667 0 0.0833333
0.833333 0 0.166667
0.75 0 0.25
0.666667 0 0.333333
0.583333 0 0.416667
0.5 0 0.5
0.416667 0 0.583333
0.333333 0 0.666667
0.25 0 0.75
0.166667 0 0.833333
0.0833334 0 0.916667
0.594999 0.126337 0.278663
0.105741 0.506762 0.387497
0.261791 0.179056 0.559153
0.162502 0.594632 0.242865
0.486861 0.401125 0.112014
0.66191 0.25278 0.0853098
0.755253 0.141791 0.102956
0.408427 0.233018 0.358555
0.160926 0.279059 0.560015
0.274853 0.632683 0.0924636
0.432979 0.103207 0.463814
0.496569 0.248446 0.254985
0.275522 0.509288 0.215191
0.679026 0.128739 0.192235
0.184194 0.702254 0.113552
0.074366 0.39997 0.525664
0.134147 0.155387 0.710466
0.0886513 0.800977 0.110372
0.227965 0.374752 0.397283
0.372186 0.524401 0.103413
0.583823 0.264132 0.152045
0.842425 0.0867382 0.0708368
0.339284 0.171892 0.488823
0.0738967 0.692208 0.233895
0.506865 0.118895 0.374241
0.393896 0.38375 0.222354
0.0696527 0.143321 0.787026
0.319361 0.344671 0.335968
0.217601 0.101479 0.68092
0.0698389 0.27794 0.652221


0 11 18
12 2 28
22 21 29
16 15 30
8 7 33
7 6 33
9 8 34
10 9 35
9 34 35
20 19 35
5 4 38
24 23 39
21 20 42
29 21 42
20 35 42
35 34 42
4 3 43
38 4 43
32 41 43
41 38 43
15 14 44
30 15 44
37 30 44
3 1 46
1 17 46
43 3 46
32 43 46
32 30 47
30 37 47
37 31 47
41 32 47
6 5 48
5 38 48
33 6 48
38 41 48
8 33 49
34 8 49
33 40 49
40 29 49
29 42 49
42 34 49
11 10 50
18 11 50
19 18 50
10 35 50
35 19 50
25 24 51
31 25 51
24 39 51
39 36 51
47 31 51
16 30 52
30 32 52
17 16 52
46 17 52
32 46 52
23 22 53
22 29 53
29 40 53
36 39 53
40 36 53
39 23 53
36 40 54
40 33 54
33 48 54
48 41 54
13 12 55
12 28 55
28 27 55
27 45 55
41 47 56
47 51 56
51 36 56
36 54 56
54 41 56
26 25 57
25 31 57
31 37 57
27 26 57
45 27 57
37 45 57
14 13 58
44 14 58
37 44 58
45 37 58
13 55 58
55 45 58
