58
1 0 0
0 1 0
0 0 1
0.1 0.9 0
0.2 0.8 0
0.3 0.7 0
0.4 0.6 0
0.5 0.5 0
0.6 0.4 0
0.7 0.3 0
0.8 0.2 0
0.9 0.1 0
0 0.142857 0.857143
0 0.285714 0.714286
0 0.428572 0.571429
0 0.571429 0.428571
0 0.714286 0.285714
0 0.857143 0.142857
0.933333 0 0.0666667
0.866667 0 0.133333
0.8 0 0.2
0.733333 0 0.266667
0.666667 0 0.333333
0.6 0 0.4
0.533333 0 0.466667
0.466667 0 0.533333
0.4 0 0.6
0.333333 0 0.666667
0.266667 0 0.733333
0.2 0 0.8
0.133333 0 0.866667
0.0666667 0 0.933333
0.117204 0.446515 0.436281
0.175814 0.592819 0.231367
0.49083 0.377144 0.132026
0.400039 0.2364 0.363561
0.17339 0.210322 0.616288
0.290426 0.600301 0.109273
0.0585756 0.131605 0.80982
0.358997 0.172273 0.46873
0.483791 0.233039 0.28317
0.281768 0.488243 0.229988
0.688007 0.192444 0.119549
0.262348 0.233771 0.50388
0.601495 0.240208 0.158297
0.0821701 0.365425 0.552405
0.102013 0.190633 0.707354
0.0889832 0.794104 0.116913
0.773242 0.139025 0.0877326
0.377321 0.399267 0.223412
0.188731 0.699724 0.111545
0.39395 0.488105 0.117945
0.0861756 0.656087 0.257738
0.569134 0.16745 0.263416
0.276088 0.366799 0.357113
0.179765 0.456227 0.364008
0.873253 0.0772294 0.0495172
0.244941 0.149522 0.605537


0 11 18
12 2 31
16 15 32
7 6 34
25 24 35
29 28 36
5 4 37
13 12 38
12 31 38
31 30 38
26 25 39
25 35 39
24 23 40
35 24 40
9 8 42
21 20 42
27 26 43
26 39 43
7 34 44
8 7 44
42 8 44
22 21 44
21 42 44
15 14 45
32 15 45
36 32 45
14 13 46
13 38 46
30 29 46
38 30 46
45 14 46
29 36 46
36 45 46
3 1 47
1 17 47
10 9 48
19 10 48
20 19 48
9 42 48
42 20 48
35 40 49
37 41 49
41 35 49
4 3 50
33 41 50
37 4 50
41 37 50
3 47 50
47 33 50
6 5 51
34 6 51
40 34 51
49 40 51
5 37 51
37 49 51
17 16 52
16 32 52
33 47 52
47 17 52
23 22 53
34 40 53
40 23 53
22 44 53
44 34 53
41 33 54
39 35 54
35 41 54
43 39 54
32 43 55
52 32 55
33 52 55
43 54 55
54 33 55
11 10 56
10 19 56
18 11 56
19 18 56
28 27 57
36 28 57
32 36 57
43 32 57
27 43 57
