46
1 0 0
0 1 0
0 0 1
0.1 0.9 0
0.2 0.8 0
0.3 0.7 0
0.4 0.6 0
0.5 0.5 0
0.6 0.4 0
0.7 0.3 0
0.8 0.2 0
0.9 0.1 0
0 0.142857 0.857143
0 0.285714 0.714286
0 0.428571 0.571429
0 0.571429 0.428571
0 0.714286 0.285714
0 0.857143 0.142857
0.857143 0 0.142857
0.714286 0 0.285714
0.571429 0 0.428571
0.428571 0 0.571429
0.285714 0 0.714286
0.142857 0 0.857143
0.629171 0.120989 0.249841
0.124474 0.500631 0.374895
0.256622 0.132427 0.610951
0.193205 0.605522 0.201274
0.486818 0.35323 0.159952
0.770471 0.0926726 0.136856
0.356808 0.268333 0.37486
0.195956 0.253794 0.55025
0.284734 0.527888 0.187378
0.597158 0.267619 0.135223
0.101318 0.356006 0.542676
0.118799 0.122123 0.759078
0.236836 0.386304 0.37686
0.0910805 0.773048 0.135872
0.50913 0.0873943 0.403475
0.502049 0.209197 0.288754
0.69875 0.193184 0.108066
0.37599 0.426365 0.197645
0.391033 0.119918 0.489049
0.177721 0.70663 0.115649
0.0785168 0.23274 0.688743
0.0848919 0.645088 0.27002


3 1 17
0 11 18
20 19 24
15 14 25
23 22 26
8 7 28
11 10 29
18 11 29
19 18 29
24 19 29
26 30 31
6 5 32
5 27 32
27 25 32
9 8 33
8 28 33
14 13 34
25 14 34
12 2 35
2 23 35
23 26 35
26 31 35
31 30 36
34 31 36
32 25 36
25 34 36
4 3 37
3 17 37
17 16 37
21 20 38
20 24 38
28 30 39
33 28 39
24 33 39
38 24 39
10 9 40
24 29 40
29 10 40
9 33 40
33 24 40
7 6 41
6 32 41
28 7 41
30 28 41
36 30 41
32 36 41
22 21 42
26 22 42
21 38 42
30 26 42
39 30 42
38 39 42
5 4 43
27 5 43
4 37 43
31 34 44
34 13 44
13 12 44
12 35 44
35 31 44
15 25 45
25 27 45
16 15 45
27 43 45
37 16 45
43 37 45
