63
1 0 0
0 1 0
0 0 1
0.1 0.9 0
0.2 0.8 0
0.3 0.7 0
0.4 0.6 0
0.5 0.5 0
0.6 0.4 0
0.7 0.3 0
0.8 0.2 0
0.9 0.1 0
0 0.142857 0.857143
0 0.285714 0.714286
0 0.428571 0.571429
0 0.571429 0.428571
0 0.714286 0.285714
0 0.857143 0.142857
0.928571 0 0.0714286
0.857143 0 0.142857
0.785714 0 0.214286
0.714286 0 0.285714
0.642857 0 0.357143
0.571429 0 0.428571
0.5 0 0.5
0.428571 0 0.571429
0.357143 0 0.642857
0.285714 0 0.714286
0.214286 0 0.785714
0.142857 0 0.857143
0.0714286 0 0.928571
0.62252 0.163713 0.213767
0.106758 0.47785 0.415392
0.263797 0.143364 0.592839
0.171725 0.599989 0.228286
0.502546 0.35766 0.139794
0.66193 0.240514 0.0975567
0.755446 0.14902 0.0955346
0.392723 0.276588 0.330689
0.164699 0.26219 0.573111
0.290182 0.599315 0.110503
0.0657584 0.138605 0.795637
0.413913 0.126992 0.459095
0.476213 0.252803 0.270984
0.279401 0.474131 0.246468
0.188988 0.694691 0.116321
0.0804198 0.362711 0.55687
0.130763 0.161827 0.70741
0.088593 0.793721 0.117686
0.215352 0.419702 0.364946
0.395865 0.488651 0.115485
0.323333 0.174697 0.50197
0.577101 0.322444 0.100455
0.32318 0.292193 0.384627
0.374359 0.412434 0.213206
0.865372 0.0800775 0.0545506
0.477283 0.127095 0.395622
0.2097 0.11488 0.675421
0.0941683 0.640873 0.264959
0.563425 0.151548 0.285028
0.707186 0.115465 0.177349
0.214896 0.303787 0.481317
0.05756 0.271766 0.670674


0 11 18
12 2 30
22 21 31
16 15 32
27 26 33
7 6 35
9 8 36
10 9 37
19 10 37
20 19 37
9 36 37
5 4 40
13 12 41
12 30 41
30 29 41
25 24 42
4 3 45
40 4 45
34 44 45
44 40 45
15 14 46
32 15 46
39 32 46
29 28 47
41 29 47
39 46 47
3 1 48
1 17 48
34 45 48
45 3 48
44 34 49
6 5 50
5 40 50
35 6 50
43 35 50
26 25 51
25 42 51
33 26 51
8 7 52
7 35 52
35 31 52
31 36 52
36 8 52
42 38 53
51 42 53
38 44 53
44 49 53
49 51 53
40 44 54
44 38 54
50 40 54
38 43 54
43 50 54
11 10 55
10 19 55
18 11 55
19 18 55
38 42 56
42 24 56
24 23 56
23 43 56
43 38 56
28 27 57
27 33 57
33 39 57
39 47 57
47 28 57
17 16 58
16 32 58
34 48 58
48 17 58
32 49 58
49 34 58
23 22 59
43 23 59
22 31 59
31 35 59
35 43 59
21 20 60
31 21 60
36 31 60
20 37 60
37 36 60
32 39 61
49 32 61
39 33 61
33 51 61
51 49 61
14 13 62
13 41 62
41 47 62
46 14 62
47 46 62
