36
1 0 0
0 1 0
0 0 1
0.0999999 0.9 0
0.2 0.8 0
0.3 0.7 0
0.4 0.6 0
0.5 0.5 0
0.6 0.4 0
0.7 0.3 0
0.8 0.2 0
0.9 0.1 0
0 0.125 0.875
0 0.25 0.75
0 0.375 0.625
0 0.5 0.5
0 0.625 0.375
0 0.75 0.25
0 0.875 0.125
0.944444 0 0.0555556
0.888889 0 0.111111
0.833333 0 0.166667
0.777778 0 0.222222
0.722222 0 0.277778
0.666667 0 0.333333
0.611111 0 0.388889
0.555555 0 0.444445
0.5 0 0.5
0.444444 0 0.555556
0.388889 0 0.611111
0.333333 0 0.666667
0.277778 0 0.722222
0.222222 0 0.777778
0.166667 0 0.833333
0.111111 0 0.888889
0.0555555 0 0.944444


0 11 19
11 10 20
19 11 20
10 9 21
20 10 21
9 8 22
21 9 22
8 7 23
22 8 23
7 6 24
23 7 24
6 5 25
24 6 25
5 4 26
25 5 26
4 3 27
26 4 27
3 1 28
27 3 28
1 18 28
18 17 29
28 18 29
17 16 30
29 17 30
16 15 31
30 16 31
15 14 32
31 15 32
14 13 33
32 14 33
13 12 34
33 13 34
12 2 35
34 12 35
