45
1 0 0
0 1 0
0 0 1
0.1 0.9 0
0.2 0.8 0
0.3 0.7 0
0.4 0.6 0
0.5 0.5 0
0.6 0.4 0
0.7 0.3 0
0.8 0.2 0
0.9 0.1 0
0 0.111111 0.888889
0 0.222222 0.777778
0 0.333333 0.666667
0 0.444444 0.555556
0 0.555556 0.444444
0 0.666667 0.333333
0 0.777778 0.222222
0 0.888889 0.111111
0.8 0 0.2
0.6 0 0.4
0.4 0 0.6
0.2 0 0.8
0.628945 0.110474 0.260581
0.141277 0.49664 0.362083
0.273841 0.133616 0.592543
0.180549 0.608904 0.210547
0.41798 0.0703026 0.511718
0.381899 0.260279 0.357822
0.178519 0.242846 0.578636
0.319889 0.510211 0.1699
0.1281 0.400048 0.471851
0.540336 0.319162 0.140502
0.585777 0.224139 0.190084
0.420498 0.393498 0.186004
0.0859842 0.821919 0.0920972
0.1197 0.152962 0.727338
0.130278 0.726314 0.143408
0.267498 0.427804 0.304698
0.448981 0.161816 0.389204
0.24195 0.333819 0.42423
0.774876 0.099344 0.12578
0.126059 0.0668022 0.807139
0.873152 0.043358 0.0834905


3 1 19
16 15 25
6 5 27
17 16 27
16 25 27
22 21 28
21 24 28
23 22 28
26 23 28
14 13 30
26 29 30
7 6 31
6 27 31
27 25 31
15 14 32
25 15 32
9 8 33
10 9 34
24 10 34
9 33 34
33 29 34
8 7 35
7 31 35
33 8 35
29 33 35
4 3 36
3 19 36
19 18 36
13 12 37
26 30 37
30 13 37
5 4 38
18 17 38
17 27 38
27 5 38
4 36 38
36 18 38
31 25 39
25 32 39
35 31 39
26 28 40
29 26 40
28 24 40
24 34 40
34 29 40
14 30 41
32 14 41
30 29 41
39 32 41
29 35 41
35 39 41
11 10 42
10 24 42
21 20 42
24 21 42
12 2 43
2 23 43
37 12 43
23 26 43
26 37 43
0 11 44
20 0 44
11 42 44
42 20 44
