28
1 0 0
0 1 0
0 0 1
0.1 0.9 0
0.2 0.8 0
0.3 0.7 0
0.4 0.6 0
0.5 0.5 0
0.6 0.4 0
0.7 0.3 0
0.8 0.2 0
0.9 0.1 0
0 0.111111 0.888889
0 0.222222 0.777778
0 0.333333 0.666667
0 0.444445 0.555556
0 0.555556 0.444444
0 0.666667 0.333333
0 0.777778 0.222222
0 0.888889 0.111111
0.5 0 0.5
0.57173 0.113721 0.314549
0.403432 0.193461 0.403107
0.336921 0.291909 0.371171
0.257017 0.41393 0.329053
0.24121 0.523294 0.235497
0.181971 0.630142 0.187887
0.280733 0.0822902 0.636977


5 4 18
17 5 18
3 1 19
4 3 19
18 4 19
0 11 20
11 10 21
20 11 21
10 9 22
13 12 22
21 10 22
9 8 23
8 14 23
14 13 23
13 22 23
22 9 23
8 7 24
7 15 24
14 8 24
15 14 24
7 6 25
6 16 25
15 7 25
16 15 25
6 5 26
5 17 26
16 6 26
17 16 26
12 2 27
2 20 27
20 21 27
21 22 27
22 12 27
