96
1 0 0
0 1 0
0 0 1
0.0909091 0.909091 0
0.181818 0.818182 0
0.272727 0.727273 0
0.363636 0.636364 0
0.454545 0.545455 0
0.545455 0.454545 0
0.636364 0.363636 0
0.727273 0.272727 0
0.818182 0.181818 0
0.909091 0.0909091 0
0 0.0769231 0.923077
0 0.153846 0.846154
0 0.230769 0.769231
0 0.307692 0.692308
0 0.384615 0.615385
0 0.461538 0.538462
0 0.538462 0.461538
0 0.615385 0.384615
0 0.692308 0.307692
0 0.769231 0.230769
0 0.846154 0.153846
0 0.923077 0.0769231
0.923077 0 0.0769231
0.846154 0 0.153846
0.769231 0 0.230769
0.692308 0 0.307692
0.615385 0 0.384615
0.538462 0 0.461538
0.461538 0 0.538462
0.384615 0 0.615385
0.307692 0 0.692308
0.230769 0 0.769231
0.153846 0 0.846154
0.0769231 0 0.923077
0.602109 0.143659 0.254232
0.11141 0.502333 0.386256
0.261422 0.157382 0.581196
0.159978 0.601723 0.238299
0.476131 0.410469 0.113401
0.782598 0.075611 0.141791
0.430504 0.0691223 0.500374
0.645846 0.278497 0.0756574
0.748897 0.172448 0.0786551
0.394396 0.247676 0.357928
0.165884 0.25786 0.576256
0.272277 0.638665 0.0890582
0.316096 0.531953 0.151952
0.17985 0.333624 0.486526
0.48832 0.241819 0.269861
0.172784 0.526447 0.300769
0.698704 0.122112 0.179184
0.54196 0.0717815 0.386259
0.172864 0.180496 0.64664
0.258667 0.237036 0.504297
0.58572 0.234784 0.179496
0.549836 0.324812 0.125352
0.0853671 0.353619 0.561014
0.142358 0.141645 0.715997
0.173163 0.751805 0.0750318
0.2029 0.396313 0.400786
0.078533 0.772257 0.14921
0.469604 0.332497 0.197899
0.392276 0.524768 0.0829559
0.260502 0.0853329 0.654165
0.156634 0.685875 0.157491
0.849896 0.0809861 0.0691176
0.274575 0.489571 0.235854
0.44456 0.128426 0.427014
0.509895 0.154128 0.335978
0.083558 0.845364 0.0710781
0.138507 0.0728376 0.788656
0.075569 0.255508 0.668923
0.564986 0.379509 0.0555054
0.305309 0.344793 0.349899
0.671389 0.20131 0.127301
0.34769 0.146197 0.506113
0.0684944 0.0792143 0.852291
0.346702 0.213435 0.439863
0.0801273 0.60374 0.316133
0.387709 0.435783 0.176508
0.611702 0.070264 0.318034
0.0650603 0.161083 0.773857
0.0733207 0.691423 0.235256
0.687346 0.0594615 0.253192
0.0969968 0.431254 0.471749
0.230707 0.593029 0.176265
0.241792 0.437621 0.320587
0.368595 0.358735 0.27267
0.487299 0.464049 0.0486515
0.21214 0.0616449 0.726216
0.929679 0.0381722 0.0321485
0.279901 0.298882 0.421217
0.356474 0.0693045 0.574221


3 1 24
13 2 36
20 19 38
27 26 42
31 30 43
10 9 44
11 10 45
10 44 45
6 5 48
27 42 53
42 45 53
30 29 54
39 47 55
47 39 56
50 47 56
51 37 57
37 53 57
57 44 58
18 17 59
47 50 59
5 4 61
48 5 61
23 22 63
58 41 64
51 57 64
57 58 64
7 6 65
6 48 65
48 49 65
33 32 66
39 55 66
55 60 66
48 61 67
61 63 67
26 25 68
42 26 68
12 11 68
11 45 68
45 42 68
40 52 69
43 30 70
30 54 70
37 51 71
51 46 71
46 70 71
70 54 71
4 3 72
61 4 72
3 24 72
63 61 72
24 23 72
23 63 72
35 34 73
55 47 74
17 16 74
59 17 74
47 59 74
16 15 74
60 55 74
9 8 75
41 58 75
44 9 75
58 44 75
45 44 77
53 45 77
44 57 77
57 53 77
56 39 78
43 70 78
14 13 79
13 36 79
36 35 79
35 73 79
56 78 80
70 46 80
78 70 80
21 20 81
52 40 81
20 38 81
38 52 81
64 41 82
41 65 82
65 49 82
49 69 82
29 28 83
54 29 83
37 71 83
71 54 83
15 14 84
73 60 84
60 74 84
74 15 84
14 79 84
79 73 84
22 21 85
40 67 85
63 22 85
67 63 85
21 81 85
81 40 85
28 27 86
27 53 86
53 37 86
37 83 86
83 28 86
19 18 87
38 19 87
18 59 87
59 50 87
50 62 87
62 38 87
67 40 88
49 48 88
48 67 88
40 69 88
69 49 88
52 38 89
38 62 89
62 76 89
69 52 89
46 51 90
76 46 90
51 64 90
82 69 90
64 82 90
69 89 90
89 76 90
8 7 91
7 65 91
65 41 91
41 75 91
75 8 91
34 33 92
33 66 92
66 60 92
60 73 92
73 34 92
0 12 93
25 0 93
12 68 93
68 25 93
50 56 94
62 50 94
46 76 94
80 46 94
56 80 94
76 62 94
32 31 95
31 43 95
39 66 95
66 32 95
78 39 95
43 78 95
