70
1 0 0
0 1 0
0 0 1
0.0909091 0.909091 0
0.181818 0.818182 0
0.272727 0.727273 0
0.363636 0.636364 0
0.454545 0.545455 0
0.545455 0.454545 0
0.636364 0.363636 0
0.727273 0.272727 0
0.818182 0.181818 0
0.909091 0.0909091 0
0 0.0714286 0.928571
0 0.142857 0.857143
0 0.214286 0.785714
0 0.285714 0.714286
0 0.357143 0.642857
0 0.428571 0.571429
0 0.5 0.5
0 0.571429 0.428571
0 0.642857 0.357143
0 0.714286 0.285714
0 0.785714 0.214286
0 0.857143 0.142857
0 0.928571 0.0714286
0.875 0 0.125
0.75 0 0.25
0.625 0 0.375
0.5 0 0.5
0.375 0 0.625
0.25 0 0.75
0.125 0 0.875
0.648326 0.104174 0.247499
0.133662 0.479989 0.386349
0.265114 0.151235 0.58365
0.151226 0.619632 0.229142
0.459871 0.42174 0.118389
0.776185 0.063921 0.159894
0.402002 0.0678159 0.530182
0.401915 0.268491 0.329594
0.154115 0.264524 0.581361
0.688582 0.233047 0.0783719
0.288383 0.608023 0.103594
0.301894 0.524643 0.173462
0.217713 0.318635 0.463651
0.151514 0.546311 0.302175
0.580448 0.320363 0.0991895
0.549607 0.0698103 0.380583
0.125697 0.204789 0.669514
0.573155 0.249556 0.177289
0.741214 0.144687 0.114099
0.136092 0.137171 0.726736
0.128222 0.778465 0.0933129
0.26032 0.380957 0.358722
0.427439 0.346567 0.225994
0.263084 0.0701901 0.666726
0.130822 0.700809 0.168368
0.294785 0.449056 0.256159
0.484137 0.168298 0.347565
0.0791876 0.858806 0.0620061
0.130182 0.0691667 0.800651
0.313013 0.219552 0.467435
0.411086 0.51146 0.0774547
0.405792 0.135546 0.458663
0.112186 0.415399 0.472415
0.581376 0.18779 0.230833
0.876579 0.0571941 0.0662265
0.0915582 0.356618 0.551824
0.231058 0.694779 0.0741628


3 1 25
13 2 32
20 19 34
22 21 36
9 8 37
27 26 38
33 27 38
30 29 39
17 16 41
11 10 42
7 6 43
43 36 44
21 20 46
36 21 46
20 34 46
44 36 46
10 9 47
42 10 47
9 37 47
28 27 48
27 33 48
29 28 48
39 29 48
16 15 49
35 41 49
41 16 49
42 47 50
12 11 51
33 38 51
11 42 51
42 50 51
15 14 52
49 15 52
35 49 52
5 4 53
24 23 53
45 40 54
47 37 55
40 50 55
54 40 55
50 47 55
31 30 56
30 39 56
39 35 56
35 52 56
22 36 57
36 43 57
23 22 57
53 23 57
37 44 58
44 46 58
46 34 58
55 37 58
34 54 58
54 55 58
48 33 59
4 3 60
3 25 60
25 24 60
24 53 60
53 4 60
14 13 61
13 32 61
32 31 61
52 14 61
31 56 61
56 52 61
41 35 62
40 45 62
59 40 62
45 41 62
8 7 63
37 8 63
44 37 63
7 43 63
43 44 63
35 39 64
62 35 64
39 48 64
48 59 64
59 62 64
19 18 65
34 19 65
54 34 65
45 54 65
33 51 66
51 50 66
59 33 66
50 40 66
40 59 66
0 12 67
26 0 67
38 26 67
12 51 67
51 38 67
18 17 68
17 41 68
41 45 68
45 65 68
65 18 68
6 5 69
43 6 69
57 43 69
5 53 69
53 57 69
