83
1 0 0
0 1 0
0 0 1
0.0909091 0.909091 0
0.181818 0.818182 0
0.272727 0.727273 0
0.363636 0.636364 0
0.454545 0.545455 0
0.545455 0.454545 0
0.636364 0.363636 0
0.727273 0.272727 0
0.818182 0.181818 0
0.909091 0.0909091 0
0 0.1 0.9
0 0.2 0.8
0 0.3 0.7
0 0.4 0.6
0 0.5 0.5
0 0.6 0.4
0 0.7 0.3
0 0.8 0.2
0 0.9 0.1
0.944444 0 0.0555556
0.888889 0 0.111111
0.833333 0 0.166667
0.777778 0 0.222222
0.722222 0 0.277778
0.666667 0 0.333333
0.611111 0 0.388889
0.555556 0 0.444444
0.5 0 0.5
0.444444 0 0.555556
0.388889 0 0.611111
0.333333 0 0.666667
0.277778 0 0.722222
0.222222 0 0.777778
0.166667 0 0.833333
0.111111 0 0.888889
0.0555555 0 0.944444
0.627904 0.125882 0.246214
0.0828846 0.528434 0.388681
0.276792 0.155868 0.56734
0.176222 0.590708 0.233071
0.485149 0.418399 0.0964525
0.656625 0.273717 0.0696578
0.672533 0.153942 0.173525
0.74244 0.138668 0.118892
0.382718 0.286833 0.330448
0.169508 0.265978 0.564515
0.276837 0.61932 0.103843
0.415511 0.127115 0.457373
0.179007 0.357086 0.463907
0.471744 0.250092 0.278164
0.279815 0.50568 0.214505
0.570006 0.347254 0.0827395
0.533543 0.104502 0.361954
0.158531 0.177769 0.6637
0.350121 0.562661 0.0872183
0.184969 0.701969 0.113061
0.0790913 0.347468 0.57344
0.134681 0.124218 0.741101
0.326296 0.263908 0.409796
0.0906435 0.802406 0.106951
0.223608 0.40577 0.370622
0.811105 0.112805 0.0760891
0.529198 0.263759 0.207043
0.434095 0.421649 0.144257
0.353054 0.131109 0.515838
0.0819652 0.706999 0.211036
0.574108 0.124807 0.301085
0.374194 0.423265 0.202541
0.270107 0.260265 0.469629
0.0763921 0.138706 0.784902
0.141772 0.522968 0.335261
0.0672297 0.257676 0.675094
0.875501 0.0768959 0.047603
0.2752 0.418178 0.306621
0.242869 0.11444 0.642691
0.471281 0.132843 0.395875
0.0616868 0.64767 0.290643
0.0447479 0.0907232 0.864529
0.0825089 0.437815 0.479676
0.58062 0.258009 0.161371


0 12 22
13 2 38
27 26 39
19 18 40
33 32 41
7 6 43
10 9 44
9 8 44
26 25 45
39 26 45
10 44 46
25 24 46
44 45 46
45 25 46
5 4 49
31 30 50
48 41 51
8 7 54
7 43 54
44 8 54
45 44 54
29 28 55
35 34 56
6 5 57
5 49 57
4 3 58
49 4 58
42 53 58
53 49 58
17 16 59
56 48 59
36 35 60
35 56 60
50 47 61
3 1 62
1 21 62
58 3 62
42 58 62
11 10 64
24 23 64
10 46 64
46 24 64
43 6 66
6 57 66
65 43 66
52 65 66
32 31 67
31 50 67
50 61 67
41 32 67
21 20 68
62 21 68
42 62 68
28 27 69
27 39 69
39 65 69
52 55 69
65 52 69
55 28 69
47 52 70
53 47 70
49 53 70
57 49 70
52 66 70
66 57 70
51 41 71
41 67 71
63 51 71
61 63 71
67 61 71
15 14 72
37 36 72
36 60 72
40 51 73
51 63 73
63 42 73
42 68 73
16 15 74
56 59 74
60 56 74
59 16 74
15 72 74
72 60 74
12 11 75
22 12 75
23 22 75
11 64 75
64 23 75
47 53 76
61 47 76
53 42 76
42 63 76
63 61 76
34 33 77
33 41 77
41 48 77
48 56 77
56 34 77
30 29 78
47 50 78
50 30 78
29 55 78
52 47 78
55 52 78
20 19 79
68 20 79
73 68 79
19 40 79
40 73 79
14 13 80
13 38 80
38 37 80
37 72 80
72 14 80
40 18 81
48 51 81
51 40 81
18 17 81
17 59 81
59 48 81
39 45 82
45 54 82
65 39 82
54 43 82
43 65 82
