115
1 0 0
0 1 0
0 0 1
0.0909091 0.909091 0
0.181818 0.818182 0
0.272727 0.727273 0
0.363636 0.636364 0
0.454545 0.545455 0
0.545455 0.454545 0
0.636364 0.363636 0
0.727273 0.272727 0
0.818182 0.181818 0
0.909091 0.0909091 0
0 0.0714284 0.928571
0 0.142857 0.857143
0 0.214286 0.785714
0 0.285714 0.714286
0 0.357143 0.642857
0 0.428571 0.571429
0 0.5 0.5
0 0.571429 0.428571
0 0.642857 0.357143
0 0.714286 0.285714
0 0.785714 0.214286
0 0.857143 0.142857
0 0.928572 0.0714286
0.947368 0 0.0526316
0.894737 0 0.105263
0.842105 0 0.157895
0.789474 0 0.210526
0.736842 0 0.263158
0.684211 0 0.315789
0.631579 0 0.368421
0.578947 0 0.421053
0.526316 0 0.473684
0.473684 0 0.526316
0.421053 0 0.578947
0.368421 0 0.631579
0.315789 0 0.684211
0.263158 0 0.736842
0.210526 0 0.789474
0.157895 0 0.842105
0.105263 0 0.894737
0.0526316 0 0.947368
0.63168 0.122683 0.245637
0.0794567 0.512354 0.40819
0.284904 0.124638 0.590458
0.171103 0.587968 0.240929
0.500684 0.390215 0.109101
0.669943 0.261789 0.0682681
0.0601996 0.323107 0.616694
0.686919 0.118357 0.194724
0.767801 0.171471 0.0607279
0.743715 0.121428 0.134857
0.381234 0.269531 0.349234
0.178105 0.251122 0.570773
0.286135 0.6252 0.0886649
0.068086 0.104878 0.827036
0.330471 0.502769 0.16676
0.0553884 0.608771 0.335841
0.429324 0.0759621 0.494714
0.187562 0.318169 0.494269
0.48949 0.236958 0.273552
0.248947 0.545989 0.205063
0.190587 0.500253 0.30916
0.510049 0.441435 0.0485159
0.861251 0.0849321 0.0538166
0.543233 0.0840955 0.372671
0.141428 0.214608 0.643963
0.341495 0.60377 0.0547345
0.209164 0.668142 0.122694
0.575019 0.257057 0.167924
0.0813587 0.365507 0.553134
0.13474 0.137217 0.728043
0.333024 0.259564 0.407411
0.151133 0.794667 0.0542
0.26794 0.267857 0.464203
0.450301 0.395632 0.154067
0.100851 0.809193 0.0899554
0.230295 0.384037 0.385667
0.530989 0.247628 0.221383
0.427236 0.354024 0.21874
0.818447 0.0776006 0.103952
0.247322 0.10103 0.651648
0.145196 0.688677 0.166127
0.341011 0.132458 0.526531
0.0742557 0.722449 0.203296
0.578745 0.324193 0.0970617
0.479768 0.182282 0.33795
0.57422 0.12192 0.30386
0.456013 0.127873 0.416115
0.125265 0.0852552 0.78948
0.0672937 0.250454 0.682252
0.34304 0.419081 0.237878
0.587311 0.369135 0.0435539
0.402551 0.308752 0.288698
0.287766 0.426774 0.28546
0.425871 0.507084 0.0670452
0.120623 0.392495 0.486882
0.0618325 0.186276 0.751892
0.24674 0.220691 0.532569
0.651895 0.214607 0.133498
0.133111 0.5124 0.354489
0.199856 0.0910419 0.709102
0.226245 0.721092 0.0526629
0.0474039 0.0632755 0.889321
0.0615177 0.802859 0.135624
0.354718 0.064774 0.580508
0.0535325 0.472551 0.473917
0.284693 0.369647 0.34566
0.369495 0.515974 0.114531
0.0853258 0.637515 0.277159
0.0574292 0.905517 0.0370534
0.171316 0.400584 0.4281
0.365238 0.174824 0.459937


0 12 26
13 2 43
31 30 44
21 20 45
38 37 46
10 9 49
18 17 50
30 29 51
44 30 51
11 10 52
10 49 52
29 28 53
51 29 53
52 49 53
15 14 57
42 41 57
22 21 59
21 45 59
36 35 60
35 34 60
8 7 65
12 11 66
26 12 66
27 26 66
11 52 66
33 32 67
6 5 69
5 56 69
58 56 70
63 58 70
44 51 71
19 18 72
18 50 72
50 68 72
68 55 72
4 3 75
71 48 77
70 75 78
76 74 79
44 71 80
71 77 80
77 58 81
62 80 81
80 77 81
28 27 82
52 53 82
53 28 82
27 66 82
66 52 82
39 38 83
38 46 83
46 55 83
55 68 83
47 63 84
63 70 84
70 78 84
36 60 85
24 23 86
47 84 86
65 48 87
48 71 87
32 31 89
31 44 89
67 32 89
44 80 89
80 62 89
62 88 89
88 67 89
60 34 90
34 33 90
33 67 90
54 74 90
88 54 90
67 88 90
41 40 91
40 73 91
57 41 91
17 16 92
50 17 92
68 50 92
73 68 92
58 63 93
81 58 93
9 8 94
49 9 94
87 49 94
8 65 94
65 87 94
54 88 95
88 62 95
62 81 95
81 93 95
63 47 96
47 64 96
93 63 96
54 95 96
95 93 96
7 6 97
6 69 97
48 65 97
65 7 97
77 48 97
55 61 98
72 55 98
16 15 99
91 73 99
15 57 99
57 91 99
73 92 99
92 16 99
55 46 100
61 55 100
46 85 100
76 61 100
85 76 100
51 53 101
53 49 101
49 87 101
71 51 101
87 71 101
59 45 102
79 64 102
40 39 103
73 40 103
68 73 103
39 83 103
83 68 103
5 4 104
56 5 104
4 75 104
70 56 104
75 70 104
14 13 105
13 43 105
43 42 105
42 57 105
57 14 105
25 24 106
78 25 106
84 78 106
24 86 106
86 84 106
37 36 107
36 85 107
46 37 107
85 46 107
20 19 108
45 20 108
98 45 108
19 72 108
72 98 108
64 79 109
96 64 109
74 54 109
54 96 109
79 74 109
56 58 110
69 56 110
58 77 110
77 97 110
97 69 110
64 47 111
23 22 111
86 23 111
22 59 111
47 86 111
59 102 111
102 64 111
3 1 112
1 25 112
25 78 112
75 3 112
78 75 112
61 76 113
76 79 113
45 98 113
98 61 113
79 102 113
102 45 113
85 60 114
74 76 114
76 85 114
60 90 114
90 74 114
