77
1 0 0
0 1 0
0 0 1
0.0909091 0.909091 0
0.181818 0.818182 0
0.272727 0.727273 0
0.363636 0.636364 0
0.454545 0.545455 0
0.545455 0.454545 0
0.636364 0.363636 0
0.727273 0.272727 0
0.818182 0.181818 0
0.909091 0.0909091 0
0 0.0526316 0.947369
0 0.105263 0.894737
0 0.157895 0.842105
0 0.210526 0.789474
0 0.263158 0.736842
0 0.315789 0.684211
0 0.368421 0.631579
0 0.421053 0.578947
0 0.473684 0.526316
0 0.526316 0.473684
0 0.578947 0.421053
0 0.631579 0.368421
0 0.684211 0.315789
0 0.736842 0.263158
0 0.789474 0.210526
0 0.842105 0.157895
0 0.894737 0.105263
0 0.947368 0.0526316
0.9 0 0.1
0.8 0 0.2
0.7 0 0.3
0.6 0 0.4
0.5 0 0.5
0.4 0 0.6
0.3 0 0.7
0.2 0 0.8
0.1 0 0.9
0.63907 0.122641 0.238289
0.288443 0.133395 0.578162
0.169454 0.59712 0.233426
0.50017 0.398277 0.101552
0.622518 0.288519 0.0889631
0.709394 0.19487 0.0957361
0.766593 0.112816 0.120591
0.374531 0.262135 0.363334
0.186244 0.237641 0.576115
0.288841 0.620817 0.090342
0.387418 0.130369 0.482213
0.179562 0.32624 0.494198
0.26923 0.511721 0.219049
0.507994 0.0989387 0.393067
0.521811 0.242819 0.23537
0.135511 0.127195 0.737294
0.53194 0.293056 0.175004
0.29443 0.232331 0.47324
0.230995 0.389874 0.379131
0.377479 0.518955 0.103567
0.29053 0.082478 0.626992
0.191497 0.469441 0.339061
0.392109 0.402739 0.205152
0.149336 0.721247 0.129418
0.474314 0.16471 0.360976
0.111056 0.816202 0.0727417
0.140903 0.0748157 0.784281
0.156737 0.530026 0.313237
0.635054 0.0708446 0.294101
0.120849 0.228503 0.650648
0.134554 0.177106 0.68834
0.362713 0.363009 0.274277
0.448276 0.0614031 0.49032
0.154607 0.654805 0.190589
0.158788 0.379719 0.461493
0.254159 0.0553591 0.690482
0.0797904 0.0391421 0.881067


3 1 30
4 3 30
29 4 30
13 2 39
32 31 40
25 24 42
10 9 43
11 10 44
10 43 44
12 11 45
11 44 45
31 0 46
40 31 46
0 12 46
12 45 46
19 18 48
7 6 49
48 41 50
20 19 51
42 24 52
34 33 53
50 34 53
40 46 54
47 40 54
46 45 54
16 15 55
45 44 56
54 45 56
19 48 57
51 19 57
48 50 57
50 53 57
47 51 57
22 21 58
47 54 58
9 8 59
43 9 59
8 7 59
7 49 59
42 52 59
52 43 59
36 35 60
35 41 60
23 22 61
22 58 61
44 43 62
56 44 62
43 52 62
6 5 63
5 28 63
28 27 63
49 6 63
27 26 63
40 47 64
47 57 64
57 53 64
5 4 65
4 29 65
28 5 65
29 28 65
15 14 66
14 38 66
38 37 66
55 15 66
24 23 67
52 24 67
23 61 67
61 62 67
62 52 67
33 32 68
53 33 68
32 40 68
40 64 68
64 53 68
18 17 69
48 18 69
41 48 69
17 16 70
60 41 70
16 55 70
55 60 70
41 69 70
69 17 70
54 56 71
58 54 71
61 58 71
56 62 71
62 61 71
35 34 72
41 35 72
34 50 72
50 41 72
26 25 73
25 42 73
42 59 73
59 49 73
49 63 73
63 26 73
21 20 74
20 51 74
58 21 74
51 47 74
47 58 74
37 36 75
36 60 75
60 55 75
55 66 75
66 37 75
14 13 76
13 39 76
38 14 76
39 38 76
