101
1 0 0
0 1 0
0 0 1
0.0909091 0.909091 0
0.181818 0.818182 0
0.272727 0.727273 0
0.363636 0.636364 0
0.454545 0.545455 0
0.545455 0.454545 0
0.636364 0.363636 0
0.727273 0.272727 0
0.818182 0.181818 0
0.909091 0.0909091 0
0 0.0833335 0.916667
0 0.166667 0.833333
0 0.25 0.75
0 0.333333 0.666667
0 0.416667 0.583333
0 0.5 0.5
0 0.583333 0.416667
0 0.666667 0.333333
0 0.75 0.25
0 0.833333 0.166667
0 0.916667 0.0833333
0.941176 0 0.0588235
0.882353 0 0.117647
0.823529 0 0.176471
0.764706 0 0.235294
0.705882 0 0.294118
0.647059 0 0.352941
0.588235 0 0.411765
0.529412 0 0.470588
0.470588 0 0.529412
0.411765 0 0.588235
0.352941 0 0.647059
0.294118 0 0.705882
0.235294 0 0.764706
0.176471 0 0.823529
0.117647 0 0.882353
0.0588235 0 0.941176
0.621888 0.123885 0.254227
0.111489 0.47176 0.416751
0.269596 0.155547 0.574856
0.150043 0.622557 0.2274
0.490916 0.380711 0.128373
0.662058 0.250646 0.0872963
0.679071 0.128612 0.192317
0.764202 0.173658 0.0621399
0.743513 0.114567 0.14192
0.395252 0.25134 0.353408
0.172267 0.256964 0.570769
0.274276 0.63805 0.0876743
0.0563258 0.144914 0.798761
0.317935 0.517046 0.165019
0.377107 0.139162 0.483731
0.195005 0.319884 0.485111
0.48168 0.245438 0.272882
0.508041 0.44184 0.050119
0.140417 0.208298 0.651285
0.34368 0.584326 0.0719945
0.193353 0.687713 0.118935
0.590535 0.245817 0.163648
0.29021 0.46654 0.24325
0.0770668 0.359861 0.563072
0.122304 0.131504 0.746192
0.333624 0.256596 0.409779
0.284212 0.231745 0.484043
0.0846823 0.841845 0.0734731
0.226594 0.378875 0.394531
0.813455 0.0775013 0.109044
0.855933 0.090035 0.0540315
0.510862 0.0768523 0.412286
0.0711745 0.712131 0.216694
0.226227 0.126304 0.647469
0.431789 0.369354 0.198857
0.564441 0.126121 0.309439
0.485077 0.166217 0.348706
0.438679 0.129911 0.43141
0.0639085 0.271131 0.664961
0.58519 0.369494 0.0453166
0.10542 0.611001 0.28358
0.427312 0.512522 0.0601656
0.117987 0.38545 0.496563
0.358243 0.0905764 0.551181
0.101582 0.747131 0.151287
0.389191 0.341303 0.269506
0.528807 0.254871 0.216321
0.307218 0.368574 0.324207
0.21062 0.496949 0.29243
0.0601846 0.598824 0.340991
0.402055 0.469914 0.12803
0.14805 0.800941 0.0510095
0.0567977 0.073429 0.869773
0.145551 0.504332 0.350117
0.216939 0.731952 0.0511088
0.567197 0.33414 0.0986632
0.0524027 0.475752 0.471846
0.109599 0.0681276 0.822273
0.202457 0.0865476 0.710996
0.2135 0.591914 0.194586
0.292103 0.0620673 0.64583


0 12 24
13 2 39
29 28 40
10 9 45
28 27 46
40 28 46
11 10 47
10 45 47
27 26 48
46 27 48
45 46 48
47 45 48
15 14 52
50 42 55
8 7 57
6 5 59
5 51 59
51 53 59
53 51 60
40 46 61
46 45 61
18 17 63
58 50 63
15 52 64
37 36 64
55 42 66
54 65 66
3 1 67
1 23 67
41 55 68
55 66 68
66 65 68
26 25 69
47 48 69
48 26 69
12 11 70
24 12 70
25 24 70
69 25 70
11 47 70
47 69 70
31 30 71
22 21 72
42 50 73
50 58 73
30 29 75
29 40 75
75 56 76
71 30 76
30 75 76
32 31 77
54 32 77
49 65 77
65 54 77
31 71 77
71 76 77
76 49 77
17 16 78
63 17 78
58 63 78
16 15 78
15 64 78
64 58 78
9 8 79
45 9 79
8 57 79
72 21 80
43 72 80
44 57 81
57 7 81
7 6 81
6 59 81
50 55 82
63 50 82
55 41 82
34 33 83
42 34 83
33 32 83
32 54 83
54 66 83
66 42 83
23 22 84
67 23 84
60 67 84
72 43 84
22 72 84
56 74 85
53 62 85
74 53 85
49 76 85
76 56 85
61 44 86
40 61 86
44 74 86
74 56 86
56 75 86
75 40 86
65 49 87
68 65 87
49 85 87
85 62 87
43 80 88
87 62 88
68 87 88
20 19 89
19 41 89
21 20 89
80 21 89
59 53 90
53 74 90
81 59 90
74 44 90
44 81 90
4 3 91
3 67 91
67 60 91
14 13 92
13 39 92
39 38 92
52 14 92
41 68 93
68 88 93
88 80 93
80 89 93
89 41 93
5 4 94
51 5 94
4 91 94
60 51 94
91 60 94
57 44 95
44 61 95
79 57 95
61 45 95
45 79 95
19 18 96
41 19 96
82 41 96
18 63 96
63 82 96
38 37 97
37 64 97
64 52 97
52 92 97
92 38 97
58 64 98
64 36 98
36 35 98
35 73 98
73 58 98
53 60 99
62 53 99
60 84 99
84 43 99
43 88 99
88 62 99
35 34 100
73 35 100
34 42 100
42 73 100
