64
1 0 0
0 1 0
0 0 1
0.0909091 0.909091 0
0.181818 0.818182 0
0.272727 0.727273 0
0.363636 0.636364 0
0.454545 0.545455 0
0.545455 0.454545 0
0.636364 0.363636 0
0.727273 0.272727 0
0.818182 0.181818 0
0.909091 0.0909091 0
0 0.0714286 0.928571
0 0.142857 0.857143
0 0.214286 0.785714
0 0.285714 0.714286
0 0.357143 0.642857
0 0.428571 0.571429
0 0.5 0.5
0 0.571429 0.428571
0 0.642857 0.357143
0 0.714286 0.285714
0 0.785714 0.214286
0 0.857143 0.142857
0 0.928571 0.0714286
0.857143 0 0.142857
0.714286 0 0.285714
0.571429 0 0.428571
0.428571 0 0.571429
0.285714 0 0.714286
0.142857 0 0.857143
0.640784 0.111554 0.247662
0.134968 0.481195 0.383837
0.258949 0.142552 0.598499
0.154202 0.623048 0.222749
0.463882 0.414005 0.122113
0.798544 0.0614964 0.13996
0.414669 0.0696754 0.515655
0.378724 0.275662 0.345614
0.178555 0.244267 0.577178
0.649047 0.244825 0.106128
0.278648 0.618254 0.103098
0.334395 0.522091 0.143514
0.177174 0.333029 0.489798
0.156658 0.546432 0.29691
0.578855 0.327296 0.0938494
0.542874 0.0793753 0.377751
0.731775 0.149715 0.118509
0.55924 0.21687 0.223889
0.134807 0.135549 0.729644
0.122351 0.787174 0.0904748
0.259114 0.382335 0.358551
0.448715 0.332491 0.218794
0.117667 0.20334 0.678993
0.30072 0.447576 0.251704
0.478916 0.172618 0.348467
0.0776798 0.860744 0.0615762
0.139329 0.0679659 0.792705
0.279658 0.0666453 0.653696
0.312961 0.232386 0.454653
0.15488 0.704461 0.140659
0.370103 0.151018 0.478879
0.107322 0.425635 0.467043


3 1 25
13 2 31
20 19 33
22 21 35
9 8 36
0 12 37
26 0 37
27 26 37
32 27 37
29 28 38
17 16 40
11 10 41
7 6 42
8 7 43
36 8 43
7 42 43
42 35 43
18 17 44
17 40 44
21 20 45
35 21 45
20 33 45
43 35 45
10 9 46
9 36 46
41 10 46
28 27 47
38 28 47
27 32 47
12 11 48
37 12 48
32 37 48
11 41 48
32 48 49
48 41 49
15 14 50
5 4 51
24 23 51
44 39 52
41 46 53
39 49 53
49 41 53
52 39 53
46 36 53
16 15 54
40 16 54
34 40 54
15 50 54
50 34 54
45 33 55
36 43 55
43 45 55
33 52 55
52 53 55
53 36 55
47 32 56
32 49 56
49 39 56
4 3 57
3 25 57
25 24 57
24 51 57
51 4 57
14 13 58
13 31 58
31 30 58
50 14 58
30 29 59
29 38 59
38 34 59
34 50 59
50 58 59
58 30 59
39 44 60
44 40 60
56 39 60
6 5 61
42 6 61
23 22 61
22 35 61
35 42 61
51 23 61
5 51 61
34 38 62
38 47 62
47 56 62
40 34 62
60 40 62
56 60 62
19 18 63
33 19 63
52 33 63
18 44 63
44 52 63
