143
1 0 0
0 1 0
0 0 1
0.0909091 0.909091 0
0.181818 0.818182 0
0.272727 0.727273 0
0.363636 0.636364 0
0.454545 0.545455 0
0.545455 0.454545 0
0.636364 0.363636 0
0.727273 0.272727 0
0.818182 0.181818 0
0.909091 0.0909091 0
0 0.0526316 0.947368
0 0.105263 0.894737
0 0.157895 0.842105
0 0.210526 0.789474
0 0.263158 0.736842
0 0.315789 0.684211
0 0.368421 0.631579
0 0.421053 0.578947
0 0.473684 0.526316
0 0.526316 0.473684
0 0.578947 0.421053
0 0.631579 0.368421
0 0.684211 0.315789
0 0.736842 0.263158
0 0.789474 0.210526
0 0.842105 0.157895
0 0.894737 0.105263
0 0.947369 0.0526316
0.944444 0 0.0555556
0.888889 0 0.111111
0.833333 0 0.166667
0.777778 0 0.222222
0.722222 0 0.277778
0.666667 0 0.333333
0.611111 0 0.388889
0.555556 0 0.444444
0.5 0 0.5
0.444444 0 0.555556
0.388889 0 0.611111
0.333333 0 0.666667
0.277778 0 0.722222
0.222222 0 0.777778
0.166667 0 0.833333
0.111111 0 0.888889
0.0555556 0 0.944444
0.0985406 0.862945 0.0385149
0.619381 0.131275 0.249344
0.101801 0.49426 0.40394
0.270649 0.144268 0.585083
0.16642 0.602123 0.231458
0.481581 0.420123 0.0982957
0.780002 0.0731078 0.14689
0.426593 0.0734538 0.499953
0.910298 0.055864 0.0338378
0.658136 0.272957 0.0689065
0.6696 0.138063 0.192337
0.756632 0.174384 0.0689835
0.394642 0.254622 0.350736
0.175446 0.228803 0.595751
0.290482 0.622788 0.0867301
0.0655957 0.135568 0.798836
0.315779 0.525948 0.158272
0.181248 0.334969 0.483783
0.507863 0.220566 0.271571
0.274758 0.510835 0.214408
0.160496 0.54514 0.294363
0.519958 0.0951891 0.384853
0.165105 0.175963 0.658932
0.25884 0.605225 0.135935
0.256967 0.243224 0.499809
0.195082 0.696031 0.108888
0.257013 0.698281 0.0447059
0.603344 0.23398 0.162676
0.562137 0.320705 0.117158
0.757489 0.134813 0.107698
0.0844633 0.376109 0.539428
0.135633 0.114698 0.749669
0.331883 0.266914 0.401203
0.158947 0.775535 0.0655182
0.456764 0.385023 0.158213
0.218913 0.390897 0.39019
0.0907608 0.783294 0.125945
0.445086 0.329443 0.225471
0.0861465 0.323106 0.590748
0.375409 0.526893 0.0976979
0.253606 0.0776727 0.668721
0.149241 0.680681 0.170079
0.0776934 0.702259 0.220047
0.396867 0.30688 0.296253
0.0943806 0.204031 0.701588
0.129564 0.425584 0.444851
0.473552 0.478079 0.0483695
0.560351 0.222075 0.217575
0.192876 0.462234 0.344891
0.50216 0.0570995 0.440741
0.491182 0.1766 0.332218
0.572223 0.12939 0.298387
0.692774 0.160073 0.147153
0.417617 0.145004 0.43738
0.134916 0.0667893 0.798294
0.337905 0.412444 0.24965
0.57455 0.373891 0.0515588
0.846085 0.0734556 0.0804594
0.301987 0.351186 0.346827
0.0841576 0.270221 0.645621
0.076746 0.0721853 0.851069
0.0706346 0.849199 0.0801667
0.345671 0.154243 0.500086
0.722116 0.0589513 0.218933
0.356636 0.0856348 0.557729
0.43622 0.179565 0.384215
0.305722 0.238606 0.455672
0.314861 0.0683489 0.61679
0.0983972 0.552459 0.349144
0.0806159 0.649375 0.270009
0.370985 0.437473 0.191542
0.193633 0.0936357 0.712732
0.37096 0.583118 0.0459215
0.238443 0.502258 0.2593
0.272586 0.427363 0.300051
0.667279 0.222589 0.110131
0.398732 0.464654 0.136614
0.655669 0.0583444 0.285986
0.171857 0.288364 0.539779
0.0595918 0.187785 0.752623
0.0782447 0.426384 0.495371
0.263947 0.191376 0.544676
0.0494242 0.0460723 0.904504
0.233921 0.333322 0.432757
0.231207 0.142692 0.626101
0.832569 0.131526 0.0359051
0.667811 0.302207 0.0299813
0.224281 0.590634 0.185085
0.0671075 0.616449 0.316444
0.515368 0.305519 0.179114
0.0476842 0.566038 0.386278
0.589781 0.0707781 0.339441
0.0430607 0.932808 0.0241312
0.746464 0.221385 0.0321514
0.0623929 0.760659 0.176948


13 2 47
4 3 48
23 22 50
33 32 54
40 39 55
0 12 56
31 0 56
16 15 63
71 62 73
6 5 74
5 4 74
73 62 74
21 20 78
4 48 81
74 4 81
73 74 81
76 53 82
29 28 84
73 81 84
20 19 86
78 20 86
62 71 87
71 64 87
43 42 88
71 73 89
73 84 89
27 26 90
52 89 90
66 85 91
18 17 92
50 22 93
83 50 93
8 7 94
87 53 94
49 58 95
58 75 95
66 49 95
85 66 95
50 83 96
39 38 97
55 39 97
38 37 97
37 69 97
66 91 98
91 60 98
49 66 99
66 98 99
58 54 100
54 77 100
75 58 100
97 69 101
55 97 101
45 44 102
44 79 102
79 63 102
91 85 103
53 76 104
76 57 104
9 8 104
8 94 104
94 53 104
32 31 105
31 56 105
54 32 105
77 54 105
59 77 105
80 60 106
83 80 106
60 91 106
96 83 106
19 18 107
86 19 107
70 61 107
61 86 107
18 92 107
92 70 107
15 14 108
46 45 108
45 102 108
63 15 108
102 63 108
30 29 109
48 30 109
81 48 109
29 84 109
84 81 109
55 101 110
35 34 111
34 33 111
33 54 111
58 49 111
54 58 111
41 40 112
40 55 112
55 110 112
69 98 113
98 60 113
101 69 113
60 80 113
80 101 113
65 72 114
101 80 114
72 110 114
110 101 114
42 41 115
88 42 115
41 112 115
112 51 115
50 96 116
96 68 116
26 25 117
68 52 117
52 90 117
90 26 117
64 67 118
67 103 118
85 82 118
103 85 118
44 43 119
79 44 119
88 70 119
43 88 119
70 92 119
92 79 119
6 74 120
74 62 120
7 6 120
62 87 120
87 94 120
94 7 120
67 52 121
52 68 121
103 67 121
91 103 122
106 91 122
96 106 122
68 96 122
121 68 122
103 121 122
57 76 123
76 75 123
59 57 123
77 59 123
75 100 123
100 77 123
87 64 124
82 53 124
53 87 124
64 118 124
118 82 124
36 35 125
49 99 125
35 111 125
111 49 125
72 65 126
65 78 126
78 86 126
86 61 126
17 16 127
16 63 127
63 79 127
79 92 127
92 17 127
22 21 128
93 22 128
21 78 128
78 65 128
65 93 128
110 72 129
51 112 129
112 110 129
61 51 129
126 61 129
72 126 129
14 13 130
13 47 130
47 46 130
46 108 130
108 14 130
80 83 131
83 93 131
93 65 131
65 114 131
114 80 131
51 61 132
61 70 132
115 51 132
70 88 132
88 115 132
12 11 133
56 12 133
59 105 133
105 56 133
10 9 134
9 104 134
104 57 134
52 67 135
67 64 135
64 71 135
71 89 135
89 52 135
25 24 136
24 116 136
117 25 136
116 68 136
68 117 136
75 76 137
76 82 137
82 85 137
85 95 137
95 75 137
24 23 138
116 24 138
23 50 138
50 116 138
37 36 139
69 37 139
98 69 139
99 98 139
36 125 139
125 99 139
3 1 140
1 30 140
30 48 140
48 3 140
11 10 141
59 133 141
133 11 141
57 59 141
134 57 141
10 134 141
28 27 142
84 28 142
89 84 142
27 90 142
90 89 142
