34
1 0 0
0 1 0
0 0 1
0.0909091 0.909091 0
0.181818 0.818182 0
0.272727 0.727273 0
0.363636 0.636364 0
0.454545 0.545455 0
0.545455 0.454545 0
0.636364 0.363636 0
0.727273 0.272727 0
0.818182 0.181818 0
0.909091 0.0909091 0
0 0.0588235 0.941176
0 0.117647 0.882353
0 0.176471 0.823529
0 0.235294 0.764706
0 0.294118 0.705882
0 0.352941 0.647059
0 0.411765 0.588235
0 0.470588 0.529412
0 0.529412 0.470588
0 0.588235 0.411765
0 0.647059 0.352941
0 0.705882 0.294118
0 0.764706 0.235294
0 0.823529 0.176471
0 0.882353 0.117647
0 0.941177 0.0588235
0.833333 0 0.166667
0.666667 0 0.333333
0.5 0 0.5
0.333333 0 0.666667
0.166667 0 0.833333


0 12 18
12 11 19
18 12 19
11 10 20
19 11 20
10 9 21
20 10 21
9 8 22
21 9 22
8 7 23
22 8 23
7 6 24
23 7 24
6 5 25
24 6 25
5 4 26
25 5 26
4 3 27
26 4 27
3 1 28
27 3 28
0 18 29
18 17 29
17 16 30
29 17 30
16 15 31
30 16 31
15 14 32
31 15 32
13 2 33
14 13 33
32 14 33
