114
1 0 0
0 1 0
0 0 1
0.0909091 0.909091 0
0.181818 0.818182 0
0.272727 0.727273 0
0.363636 0.636364 0
0.454545 0.545455 0
0.545455 0.454545 0
0.636364 0.363636 0
0.727273 0.272727 0
0.818182 0.181818 0
0.909091 0.0909091 0
0 0.0588235 0.941176
0 0.117647 0.882353
0 0.176471 0.823529
0 0.235294 0.764706
0 0.294118 0.705882
0 0.352941 0.647059
0 0.411765 0.588235
0 0.470588 0.529412
0 0.529412 0.470588
0 0.588235 0.411765
0 0.647059 0.352941
0 0.705882 0.294118
0 0.764706 0.235294
0 0.823529 0.176471
0 0.882353 0.117647
0 0.941177 0.0588235
0.928571 0 0.0714286
0.857143 0 0.142857
0.785714 0 0.214286
0.714286 0 0.285714
0.642857 0 0.357143
0.571429 0 0.428571
0.5 0 0.5
0.428571 0 0.571429
0.357143 0 0.642857
0.285714 0 0.714286
0.214286 0 0.785714
0.142857 0 0.857143
0.0714286 0 0.928571
0.619231 0.119323 0.261446
0.104254 0.497575 0.398171
0.275919 0.138492 0.585589
0.179886 0.600724 0.21939
0.46885 0.422153 0.108998
0.796548 0.0671108 0.136341
0.401283 0.0788065 0.51991
0.661801 0.269317 0.0688819
0.677925 0.134855 0.18722
0.763432 0.179784 0.0567844
0.390038 0.264109 0.345853
0.182399 0.251678 0.565923
0.299618 0.611994 0.0883886
0.323401 0.521829 0.15477
0.181463 0.339505 0.479033
0.494742 0.227841 0.277417
0.164146 0.550786 0.285068
0.542218 0.0729838 0.384798
0.166862 0.182374 0.650764
0.26495 0.25152 0.48353
0.342786 0.0602539 0.59696
0.601369 0.230403 0.168227
0.549343 0.320623 0.130034
0.272934 0.491466 0.235601
0.0902715 0.366077 0.543652
0.143602 0.131436 0.724962
0.169697 0.771018 0.0592852
0.209481 0.396821 0.393698
0.913535 0.0484662 0.0379991
0.0876611 0.786298 0.126041
0.474156 0.310825 0.215018
0.407406 0.513097 0.0794971
0.251811 0.0831911 0.664997
0.133794 0.694573 0.171633
0.122602 0.432244 0.445154
0.372264 0.208623 0.419113
0.57059 0.207004 0.222406
0.226407 0.62191 0.151683
0.203636 0.471451 0.324913
0.49528 0.160992 0.343728
0.438895 0.126864 0.434241
0.607869 0.0733652 0.318766
0.0843471 0.854215 0.0614377
0.126901 0.073307 0.799792
0.514673 0.441507 0.04382
0.336918 0.403929 0.259153
0.831002 0.0935237 0.0754739
0.0824536 0.268836 0.64871
0.398125 0.316631 0.285244
0.408749 0.411453 0.179798
0.258432 0.690397 0.0511713
0.326941 0.168266 0.504793
0.490632 0.0563073 0.453061
0.289761 0.303426 0.406813
0.188329 0.701949 0.109722
0.0855177 0.569504 0.344979
0.659276 0.226834 0.113891
0.0801758 0.633895 0.285929
0.204419 0.0584772 0.737104
0.0558558 0.113242 0.830903
0.379597 0.576022 0.0443809
0.0679458 0.0562289 0.875825
0.596498 0.347157 0.0563452
0.0726898 0.215294 0.712016
0.737887 0.0546147 0.207498
0.300395 0.366867 0.332737
0.0555919 0.756897 0.187512
0.0664291 0.159248 0.774322
0.0781308 0.42751 0.494359
0.0743492 0.694451 0.2312
0.720918 0.150145 0.128937
0.0730986 0.327087 0.599815


3 1 28
13 2 41
22 21 43
30 29 47
36 35 48
12 11 51
11 10 51
10 49 51
34 33 59
44 53 60
56 53 61
37 36 62
36 48 62
48 44 62
55 45 65
45 58 65
20 19 66
53 56 66
5 4 68
0 12 70
29 0 70
27 26 71
63 64 72
54 55 73
55 46 73
44 60 74
62 44 74
38 37 74
37 62 74
60 67 74
43 21 76
69 43 76
56 69 76
42 50 78
57 42 78
50 63 78
63 72 78
72 57 78
45 55 79
55 54 79
75 45 79
43 69 80
65 58 80
42 57 81
57 52 81
52 77 81
59 81 82
81 77 82
33 32 83
32 42 83
59 33 83
42 81 83
81 59 83
4 3 84
3 28 84
28 27 84
68 4 84
27 71 84
71 68 84
40 39 85
9 8 86
8 7 86
7 73 86
73 46 86
65 80 87
47 29 88
29 70 88
12 51 88
70 12 88
18 17 89
60 53 89
52 57 90
57 72 90
72 87 90
46 55 91
55 65 91
64 46 91
72 64 91
65 87 91
87 72 91
6 5 92
54 6 92
5 68 92
44 48 93
53 44 93
61 53 93
48 82 93
77 61 93
82 77 93
35 34 94
48 35 94
82 48 94
34 59 94
59 82 94
56 61 95
61 77 95
77 52 95
69 56 95
68 71 96
92 68 96
71 75 96
75 79 96
79 54 96
54 92 96
23 22 97
22 43 97
43 80 97
80 58 97
51 49 98
49 64 98
64 63 98
24 23 99
58 45 99
23 97 99
97 58 99
38 74 100
74 67 100
39 38 100
85 39 100
67 85 100
15 14 101
7 6 102
6 54 102
54 73 102
73 7 102
14 13 103
13 41 103
41 40 103
101 14 103
40 85 103
85 101 103
10 9 104
49 10 104
64 49 104
46 64 104
86 46 104
9 86 104
17 16 105
67 60 105
60 89 105
89 17 105
32 31 106
42 32 106
31 30 106
30 47 106
50 42 106
47 50 106
80 69 107
87 80 107
52 90 107
90 87 107
69 95 107
95 52 107
26 25 108
71 26 108
75 71 108
16 15 109
15 101 109
85 67 109
101 85 109
67 105 109
105 16 109
21 20 110
76 21 110
20 66 110
66 56 110
56 76 110
25 24 111
24 99 111
45 75 111
99 45 111
75 108 111
108 25 111
50 47 112
63 50 112
98 63 112
47 88 112
88 51 112
51 98 112
19 18 113
66 19 113
53 66 113
18 89 113
89 53 113
