109
1 0 0
0 1 0
0 0 1
0.0909091 0.909091 0
0.181818 0.818182 0
0.272727 0.727273 0
0.363636 0.636364 0
0.454545 0.545455 0
0.545455 0.454545 0
0.636364 0.363636 0
0.727273 0.272727 0
0.818182 0.181818 0
0.909091 0.0909091 0
0 0.0555555 0.944444
0 0.111111 0.888889
0 0.166667 0.833333
0 0.222222 0.777778
0 0.277778 0.722222
0 0.333333 0.666667
0 0.388889 0.611111
0 0.444444 0.555556
0 0.5 0.5
0 0.555556 0.444444
0 0.611111 0.388889
0 0.666667 0.333333
0 0.722222 0.277778
0 0.777778 0.222222
0 0.833333 0.166667
0 0.888889 0.111111
0 0.944444 0.0555556
0.923077 0 0.0769231
0.846154 0 0.153846
0.769231 0 0.230769
0.692308 0 0.307692
0.615385 0 0.384615
0.538462 0 0.461538
0.461538 0 0.538462
0.384615 0 0.615385
0.307692 0 0.692308
0.230769 0 0.769231
0.153846 0 0.846154
0.0769231 0 0.923077
0.60669 0.13442 0.258891
0.105564 0.484218 0.410218
0.278968 0.138686 0.582346
0.186133 0.587709 0.226158
0.471305 0.420777 0.107918
0.803718 0.0657911 0.130491
0.413832 0.0678331 0.518335
0.868777 0.0737568 0.0574659
0.675166 0.256834 0.0679993
0.681968 0.137348 0.180684
0.767148 0.167712 0.0651401
0.385786 0.263677 0.350536
0.17455 0.245405 0.580044
0.28291 0.627141 0.0899495
0.683305 0.051919 0.264776
0.328162 0.5093 0.162538
0.367608 0.137768 0.494624
0.196081 0.3311 0.472819
0.477917 0.240404 0.281679
0.168605 0.541279 0.290116
0.548592 0.0787805 0.372628
0.168829 0.179141 0.65203
0.265279 0.23943 0.495292
0.623786 0.22947 0.146744
0.542079 0.329168 0.128754
0.27347 0.489149 0.237381
0.109847 0.345044 0.54511
0.074397 0.318788 0.606815
0.121435 0.139627 0.738938
0.143216 0.791343 0.0654409
0.216872 0.404785 0.378343
0.0924295 0.776957 0.130613
0.465042 0.315266 0.219692
0.40084 0.518431 0.0807285
0.254622 0.0844327 0.660945
0.147883 0.69575 0.156367
0.137848 0.4164 0.445752
0.34334 0.238442 0.418219
0.240844 0.604284 0.154872
0.214192 0.46181 0.323998
0.486841 0.1696 0.343559
0.0816754 0.866637 0.0516871
0.111537 0.0774691 0.810994
0.528029 0.423192 0.0487797
0.335091 0.407796 0.257114
0.596786 0.088604 0.31461
0.0828832 0.26314 0.653977
0.408858 0.410646 0.180496
0.223628 0.704191 0.0721804
0.337553 0.347129 0.315318
0.350791 0.0608062 0.588403
0.0794995 0.41625 0.50425
0.748616 0.136783 0.114601
0.0774298 0.621907 0.300663
0.372389 0.580193 0.0474184
0.269158 0.328816 0.402025
0.20571 0.0599839 0.734307
0.735203 0.0613125 0.203484
0.603498 0.341851 0.0546513
0.0666887 0.0511829 0.882128
0.491189 0.0659305 0.442881
0.07547 0.214869 0.709661
0.0941772 0.677184 0.228639
0.0883881 0.549308 0.362303
0.273622 0.189172 0.537206
0.422282 0.150717 0.427001
0.568694 0.21191 0.219395


3 1 29
13 2 41
22 21 43
31 30 47
36 35 48
0 12 49
30 0 49
47 30 49
11 10 50
12 11 52
49 12 52
11 50 52
33 32 56
44 48 58
34 33 62
44 54 63
52 50 65
65 50 66
57 45 67
45 61 67
20 19 68
54 64 68
64 59 68
19 18 69
54 68 69
68 19 69
16 15 70
5 4 71
27 26 73
28 27 73
71 28 73
65 66 74
8 7 75
57 46 75
38 37 76
44 63 76
63 70 76
73 26 77
43 21 78
72 43 78
59 64 79
45 57 80
57 75 80
75 55 80
55 77 80
43 72 81
67 61 81
42 60 82
60 53 82
53 79 82
4 3 83
3 29 83
29 28 83
28 71 83
71 4 83
15 14 84
40 39 84
70 15 84
9 8 85
8 75 85
75 46 85
67 81 86
33 56 87
62 33 87
56 42 87
42 82 87
82 62 87
18 17 88
63 54 88
54 69 88
69 18 88
46 57 89
57 67 89
66 46 89
67 86 89
74 66 89
86 74 89
6 5 90
55 6 90
5 71 90
71 73 90
73 77 90
77 55 90
53 60 91
60 74 91
74 86 91
81 72 91
86 81 91
37 36 92
36 48 92
48 44 92
44 76 92
76 37 92
20 68 93
68 59 93
21 20 93
78 21 93
59 78 93
47 49 94
49 52 94
51 47 94
52 65 94
65 51 94
25 24 95
24 23 95
61 45 95
7 6 96
6 55 96
55 75 96
75 7 96
72 78 97
78 59 97
59 79 97
79 53 97
53 91 97
91 72 97
39 38 98
38 76 98
76 70 98
70 84 98
84 39 98
32 31 99
31 47 99
47 51 99
56 32 99
51 42 99
42 56 99
10 9 100
50 10 100
66 50 100
46 66 100
85 46 100
9 85 100
14 13 101
13 41 101
41 40 101
40 84 101
84 14 101
48 35 102
58 48 102
35 34 102
34 62 102
17 16 103
16 70 103
70 63 103
63 88 103
88 17 103
26 25 104
77 26 104
45 80 104
80 77 104
25 95 104
95 45 104
23 22 105
22 43 105
43 81 105
81 61 105
61 95 105
95 23 105
54 44 106
44 58 106
58 64 106
64 54 106
64 58 107
79 64 107
62 82 107
82 79 107
58 102 107
102 62 107
42 51 108
60 42 108
51 65 108
65 74 108
74 60 108
