58
1 0 0
0 1 0
0 0 1
0.0909091 0.909091 0
0.181818 0.818182 0
0.272727 0.727273 0
0.363636 0.636364 0
0.454545 0.545455 0
0.545455 0.454545 0
0.636364 0.363636 0
0.727273 0.272727 0
0.818182 0.181818 0
0.909091 0.0909091 0
0 0.0833333 0.916667
0 0.166667 0.833333
0 0.25 0.75
0 0.333333 0.666667
0 0.416667 0.583333
0 0.5 0.5
0 0.583333 0.416667
0 0.666667 0.333333
0 0.75 0.25
0 0.833333 0.166667
0 0.916667 0.0833333
0.833333 0 0.166667
0.666667 0 0.333333
0.5 0 0.5
0.333333 0 0.666667
0.166667 0 0.833333
0.64134 0.100516 0.258143
0.285853 0.146765 0.567382
0.160855 0.601315 0.23783
0.447136 0.418306 0.134557
0.794401 0.0578802 0.147719
0.402823 0.0724606 0.524717
0.414284 0.273211 0.312505
0.15385 0.238957 0.607194
0.331126 0.513772 0.155103
0.179904 0.326412 0.493684
0.634442 0.2358 0.129758
0.147641 0.532849 0.31951
0.304978 0.595161 0.0998612
0.176645 0.679486 0.143869
0.541547 0.321511 0.136942
0.738024 0.143845 0.118131
0.128812 0.150432 0.720756
0.576354 0.188834 0.234812
0.257242 0.37235 0.370407
0.246369 0.0678513 0.68578
0.458837 0.154342 0.386821
0.380243 0.370933 0.248824
0.120862 0.771895 0.107243
0.308543 0.224644 0.466813
0.234312 0.457147 0.308541
0.101812 0.069173 0.829015
0.0786711 0.850013 0.0713156
0.546385 0.0645763 0.389039
0.114154 0.423803 0.462043


3 1 23
13 2 28
20 19 31
9 8 32
0 12 33
24 0 33
25 24 33
29 25 33
27 26 34
16 15 36
8 7 37
32 8 37
17 16 38
16 36 38
11 10 39
19 18 40
31 19 40
37 31 40
7 6 41
37 7 41
31 37 41
21 20 42
20 31 42
6 5 42
41 6 42
31 41 42
9 32 43
10 9 43
39 10 43
35 39 43
12 11 44
33 12 44
29 33 44
11 39 44
15 14 45
36 15 45
30 36 45
39 35 46
29 44 46
44 39 46
38 35 47
28 27 48
27 34 48
34 30 48
30 45 48
30 34 49
29 46 49
46 35 49
35 43 50
47 35 50
43 32 50
5 4 51
22 21 51
21 42 51
42 5 51
35 38 52
38 36 52
49 35 52
36 30 52
30 49 52
40 18 53
32 37 53
50 32 53
37 40 53
47 50 53
14 13 54
45 14 54
13 28 54
28 48 54
48 45 54
4 3 55
3 23 55
23 22 55
22 51 55
51 4 55
26 25 56
34 26 56
25 29 56
29 49 56
49 34 56
17 38 57
38 47 57
18 17 57
53 18 57
47 53 57
