137
1 0 0
0 1 0
0 0 1
0.0909091 0.909091 0
0.181818 0.818182 0
0.272727 0.727273 0
0.363636 0.636364 0
0.454545 0.545455 0
0.545455 0.454545 0
0.636364 0.363636 0
0.727273 0.272727 0
0.818182 0.181818 0
0.909091 0.0909091 0
0 0.0588236 0.941177
0 0.117647 0.882353
0 0.176471 0.823529
0 0.235294 0.764706
0 0.294118 0.705882
0 0.352941 0.647059
0 0.411765 0.588235
0 0.470588 0.529412
0 0.529412 0.470588
0 0.588235 0.411765
0 0.647059 0.352941
0 0.705882 0.294118
0 0.764706 0.235294
0 0.823529 0.176471
0 0.882353 0.117647
0 0.941177 0.0588235
0.944444 0 0.0555556
0.888889 0 0.111111
0.833333 0 0.166667
0.777778 0 0.222222
0.722222 0 0.277778
0.666667 0 0.333333
0.611111 0 0.388889
0.555556 0 0.444444
0.5 0 0.5
0.444444 0 0.555556
0.388889 0 0.611111
0.333333 0 0.666667
0.277778 0 0.722222
0.222222 0 0.777778
0.166667 0 0.833333
0.111111 0 0.888889
0.0555556 0 0.944444
0.121468 0.843271 0.0352613
0.628969 0.121488 0.249543
0.0907754 0.505312 0.403913
0.273741 0.153991 0.572268
0.165025 0.602618 0.232357
0.481043 0.42627 0.0926863
0.802079 0.0604071 0.137514
0.4168 0.0691946 0.514005
0.644274 0.279168 0.0765582
0.0771385 0.307105 0.615756
0.664839 0.145994 0.189167
0.740139 0.1983 0.0615609
0.399943 0.241595 0.358462
0.17248 0.245528 0.581992
0.279514 0.611712 0.108774
0.306715 0.535616 0.157669
0.1873 0.334625 0.478075
0.494586 0.231621 0.273792
0.273278 0.513693 0.213029
0.155992 0.542556 0.301452
0.499584 0.460558 0.0398577
0.538587 0.0864758 0.374938
0.154741 0.186322 0.658937
0.247293 0.240928 0.511779
0.341004 0.597856 0.0611404
0.193033 0.689599 0.117368
0.832212 0.127676 0.0401122
0.593251 0.239309 0.167441
0.557057 0.324316 0.118626
0.0824808 0.362333 0.555186
0.134302 0.13256 0.733137
0.340918 0.251932 0.40715
0.451736 0.394943 0.153321
0.0740462 0.846575 0.0793784
0.240599 0.37456 0.384841
0.0893823 0.774583 0.136035
0.447127 0.329051 0.223822
0.251236 0.0790627 0.669701
0.14302 0.683064 0.173916
0.0749698 0.716321 0.208709
0.561538 0.211244 0.227218
0.702036 0.060823 0.237141
0.477852 0.184978 0.33717
0.565362 0.134482 0.300156
0.454622 0.13543 0.409948
0.883697 0.0589442 0.0573591
0.657274 0.219173 0.123552
0.136057 0.0704358 0.793507
0.0741494 0.247232 0.678618
0.341914 0.410837 0.247249
0.0460961 0.0532653 0.900639
0.333321 0.147855 0.518825
0.578136 0.371202 0.0506622
0.315779 0.337874 0.346347
0.157259 0.412188 0.430553
0.314421 0.220417 0.465162
0.400508 0.304472 0.29502
0.0762351 0.078742 0.845023
0.255323 0.694458 0.0502193
0.419723 0.526577 0.0537
0.225275 0.60469 0.170034
0.104184 0.401895 0.493921
0.0580547 0.208735 0.73321
0.0807809 0.568849 0.35037
0.362241 0.0704101 0.567349
0.370326 0.443717 0.185957
0.203381 0.082666 0.713953
0.162564 0.766746 0.0706909
0.37718 0.506908 0.115912
0.0713357 0.64708 0.281585
0.73188 0.137154 0.130966
0.241053 0.492022 0.266924
0.652274 0.0568958 0.290831
0.310342 0.0692689 0.620389
0.230536 0.442395 0.327069
0.671505 0.295093 0.0334019
0.750306 0.0657757 0.183918
0.0671209 0.147211 0.785669
0.468306 0.0664882 0.465206
0.161869 0.310642 0.527489
0.390312 0.146634 0.463054
0.248799 0.310703 0.440497
0.810947 0.0983051 0.090748
0.936189 0.0385538 0.0252576
0.0536178 0.911603 0.0347788
0.159944 0.474052 0.366004
0.515586 0.303883 0.180531
0.604172 0.0565991 0.339229
0.228021 0.148324 0.623654
0.304896 0.397929 0.297174
0.061646 0.480575 0.457779


13 2 45
4 3 46
31 30 52
38 37 53
19 18 55
11 10 57
8 7 66
36 35 67
59 55 68
59 49 69
12 11 72
11 57 72
20 19 75
19 55 75
55 59 75
74 51 78
28 27 79
27 26 81
79 27 81
41 40 83
71 81 84
26 25 85
81 26 85
84 81 85
50 84 85
47 56 86
56 73 86
82 63 86
33 32 87
56 47 87
47 86 89
86 63 89
63 88 89
88 67 89
36 67 90
58 77 90
67 88 90
88 58 90
12 72 91
30 29 91
57 54 92
73 56 92
54 74 92
74 73 92
43 42 93
42 76 93
18 17 94
55 18 94
68 55 94
76 68 94
14 13 96
13 45 96
45 44 96
69 49 97
9 8 98
8 66 98
74 54 98
66 51 98
51 74 98
77 58 99
80 77 99
69 97 101
58 88 102
88 63 102
63 82 102
82 95 102
99 58 102
15 14 103
44 43 103
43 93 103
14 96 103
96 44 103
6 5 104
70 6 104
60 70 104
5 4 104
71 60 104
7 6 105
6 70 105
51 66 105
66 7 105
61 60 106
60 71 106
50 64 106
84 50 106
64 61 106
71 84 106
20 75 107
62 100 107
17 16 108
94 17 108
76 94 108
23 22 109
22 48 109
39 38 110
97 49 110
38 53 110
53 97 110
61 64 111
64 95 111
82 78 111
95 82 111
42 41 112
76 42 112
68 76 112
83 68 112
41 83 112
46 79 113
79 81 113
81 71 113
4 46 113
104 4 113
71 104 113
60 61 114
70 60 114
78 51 114
51 105 114
105 70 114
61 111 114
111 78 114
65 50 115
25 24 115
85 25 115
50 85 115
24 23 115
23 109 115
109 65 115
92 56 116
57 92 116
64 50 117
50 65 117
95 64 117
34 33 118
33 87 118
87 47 118
47 89 118
40 39 119
83 40 119
39 110 119
110 49 119
117 65 120
80 99 120
10 9 121
54 57 121
57 10 121
9 98 121
98 54 121
32 31 122
31 52 122
56 87 122
87 32 122
52 116 122
116 56 122
16 15 123
15 103 123
103 93 123
108 16 123
93 76 123
76 108 123
37 36 124
36 90 124
53 37 124
59 69 125
69 62 125
75 59 125
62 107 125
107 75 125
97 53 126
101 97 126
90 77 126
77 101 126
124 90 126
53 124 126
80 100 127
100 62 127
62 69 127
69 101 127
77 80 127
101 77 127
72 57 128
52 30 128
30 91 128
91 72 128
57 116 128
116 52 128
0 12 129
29 0 129
12 91 129
91 29 129
3 1 130
1 28 130
46 3 130
28 79 130
79 46 130
48 100 131
100 80 131
80 120 131
109 48 131
65 109 131
120 65 131
73 74 132
74 78 132
78 82 132
82 86 132
86 73 132
35 34 133
67 35 133
89 67 133
34 118 133
118 89 133
49 59 134
59 68 134
68 83 134
83 119 134
119 49 134
99 102 135
102 95 135
120 99 135
95 117 135
117 120 135
22 21 136
48 22 136
21 20 136
20 107 136
100 48 136
107 100 136
