106
1 0 0
0 1 0
0 0 1
0.0909091 0.909091 0
0.181818 0.818182 0
0.272727 0.727273 0
0.363636 0.636364 0
0.454545 0.545455 0
0.545455 0.454545 0
0.636364 0.363636 0
0.727273 0.272727 0
0.818182 0.181818 0
0.909091 0.0909091 0
0 0.0526316 0.947369
0 0.105263 0.894737
0 0.157895 0.842105
0 0.210526 0.789474
0 0.263158 0.736842
0 0.315789 0.684211
0 0.368421 0.631579
0 0.421053 0.578947
0 0.473684 0.526316
0 0.526316 0.473684
0 0.578947 0.421053
0 0.631579 0.368421
0 0.684211 0.315789
0 0.736842 0.263158
0 0.789474 0.210526
0 0.842105 0.157895
0 0.894737 0.105263
0 0.947369 0.0526316
0.923077 0 0.0769231
0.846154 0 0.153846
0.769231 0 0.230769
0.692308 0 0.307692
0.615385 0 0.384615
0.538462 0 0.461538
0.461538 0 0.538462
0.384615 0 0.615385
0.307692 0 0.692308
0.230769 0 0.769231
0.153846 0 0.846154
0.0769231 0 0.923077
0.627353 0.113693 0.258953
0.107987 0.491058 0.400955
0.275159 0.137306 0.587535
0.186303 0.590882 0.222815
0.469273 0.421228 0.109499
0.801273 0.0671861 0.131541
0.411708 0.0685686 0.519724
0.866987 0.0745539 0.0584587
0.672261 0.257671 0.0700671
0.664507 0.143629 0.191865
0.763068 0.169868 0.0670641
0.377387 0.273061 0.349552
0.19834 0.229247 0.572413
0.275666 0.625605 0.0987284
0.331489 0.50583 0.162682
0.346801 0.147777 0.505421
0.193714 0.328477 0.477808
0.51401 0.225453 0.260537
0.17164 0.540844 0.287516
0.551175 0.076721 0.372104
0.134862 0.207831 0.657308
0.264576 0.239669 0.495755
0.61004 0.233264 0.156696
0.273441 0.486522 0.240037
0.742132 0.139445 0.118423
0.116429 0.13206 0.751511
0.130329 0.797329 0.0723421
0.247017 0.388925 0.364058
0.10589 0.761711 0.1324
0.462313 0.320817 0.21687
0.123145 0.424039 0.452816
0.402062 0.52002 0.0779182
0.241533 0.0928974 0.66557
0.139632 0.687796 0.172572
0.0845051 0.397368 0.518127
0.540084 0.329359 0.130557
0.34313 0.239091 0.417779
0.112723 0.328681 0.558596
0.20198 0.473176 0.324845
0.494098 0.165156 0.340746
0.623816 0.0722413 0.303943
0.0810686 0.869125 0.0498069
0.11132 0.0750485 0.813631
0.526359 0.423752 0.0498886
0.403326 0.410877 0.185797
0.234065 0.695143 0.0707913
0.351189 0.0597822 0.589029
0.0916008 0.188064 0.720335
0.601606 0.34221 0.0561844
0.0877381 0.611871 0.300391
0.741923 0.0597803 0.198297
0.25503 0.330498 0.414471
0.380138 0.322813 0.297048
0.205339 0.0592207 0.735441
0.260404 0.591578 0.148019
0.322555 0.403216 0.274229
0.0865931 0.557896 0.355511
0.0864294 0.290045 0.623526
0.487326 0.0682143 0.444459
0.070096 0.0474944 0.88241
0.42076 0.151309 0.427931
0.353507 0.601363 0.0451296
0.0802361 0.667009 0.252755


3 1 30
13 2 42
23 22 44
32 31 48
37 36 49
0 12 50
31 0 50
48 31 50
11 10 51
12 11 53
50 12 53
11 51 53
45 49 58
55 45 58
43 52 60
35 34 62
18 17 63
45 55 63
55 58 64
53 51 65
60 52 65
57 46 66
46 61 66
48 50 67
50 53 67
52 48 67
53 65 67
65 52 67
16 15 68
5 4 69
29 28 69
28 27 71
69 28 71
60 65 72
22 21 73
44 22 73
70 44 73
8 7 74
57 47 74
39 38 75
45 63 75
27 26 76
71 27 76
21 20 77
59 73 77
73 21 77
65 51 78
72 65 78
59 64 79
55 64 80
64 59 80
20 19 80
77 20 80
59 77 80
44 70 81
66 61 81
43 60 82
60 54 82
54 79 82
34 33 83
33 43 83
62 34 83
43 82 83
82 62 83
4 3 84
3 30 84
30 29 84
29 69 84
69 4 84
15 14 85
41 40 85
68 15 85
9 8 86
8 74 86
74 47 86
47 57 87
57 66 87
78 47 87
72 78 87
6 5 88
5 69 88
69 71 88
71 76 88
76 56 88
38 37 89
37 49 89
49 45 89
45 75 89
75 38 89
17 16 90
16 68 90
63 17 90
68 75 90
75 63 90
10 9 91
51 10 91
47 78 91
78 51 91
9 86 91
86 47 91
25 24 92
61 46 92
33 32 93
43 33 93
52 43 93
32 48 93
48 52 93
54 70 94
70 73 94
73 59 94
59 79 94
79 54 94
54 60 95
60 72 95
70 54 95
40 39 96
39 75 96
75 68 96
68 85 96
85 40 96
46 57 97
57 74 97
74 56 97
56 76 97
76 46 97
66 81 98
72 87 98
87 66 98
95 72 98
81 70 98
70 95 98
24 23 99
23 44 99
44 81 99
81 61 99
61 92 99
92 24 99
19 18 100
18 63 100
63 55 100
55 80 100
80 19 100
49 36 101
58 49 101
36 35 101
35 62 101
14 13 102
13 42 102
42 41 102
41 85 102
85 14 102
64 58 103
79 64 103
62 82 103
82 79 103
58 101 103
101 62 103
7 6 104
56 74 104
74 7 104
6 88 104
88 56 104
26 25 105
46 76 105
76 26 105
25 92 105
92 46 105
