84
1 0 0
0 1 0
0 0 1
0.0909091 0.909091 0
0.181818 0.818182 0
0.272727 0.727273 0
0.363636 0.636364 0
0.454545 0.545455 0
0.545455 0.454545 0
0.636364 0.363636 0
0.727273 0.272727 0
0.818182 0.181818 0
0.909091 0.0909091 0
0 0.0588235 0.941176
0 0.117647 0.882353
0 0.176471 0.823529
0 0.235294 0.764706
0 0.294118 0.705882
0 0.352941 0.647059
0 0.411765 0.588235
0 0.470588 0.529412
0 0.529412 0.470588
0 0.588235 0.411765
0 0.647059 0.352941
0 0.705882 0.294118
0 0.764706 0.235294
0 0.823529 0.176471
0 0.882353 0.117647
0 0.941177 0.0588235
0.9 0 0.1
0.8 0 0.2
0.7 0 0.3
0.6 0 0.4
0.5 0 0.5
0.4 0 0.6
0.3 0 0.7
0.2 0 0.8
0.1 0 0.9
0.649988 0.10227 0.247743
0.132189 0.482946 0.384865
0.255998 0.143191 0.600812
0.157566 0.614064 0.228371
0.472651 0.427473 0.0998757
0.759469 0.0798746 0.160657
0.415084 0.0658656 0.519051
0.661 0.264162 0.0748379
0.744235 0.183383 0.0723817
0.374411 0.26617 0.359419
0.168738 0.246335 0.584927
0.287777 0.609581 0.102642
0.646273 0.0638563 0.289871
0.301477 0.527351 0.171172
0.355276 0.1485 0.496224
0.205634 0.337961 0.456405
0.168989 0.5332 0.297811
0.534028 0.0804442 0.385527
0.584626 0.250106 0.165268
0.137555 0.145104 0.717341
0.128509 0.793488 0.0780026
0.577739 0.188333 0.233928
0.293117 0.241225 0.465658
0.246881 0.37531 0.377809
0.428837 0.34826 0.222903
0.272052 0.0717775 0.656171
0.136249 0.687779 0.175972
0.122758 0.210358 0.666883
0.11832 0.331406 0.550275
0.344488 0.440596 0.214916
0.492109 0.166881 0.34101
0.869757 0.061344 0.0688993
0.140559 0.0783558 0.781085
0.415964 0.302886 0.28115
0.223417 0.700209 0.0763737
0.408529 0.515492 0.0759793
0.0816532 0.867455 0.0508921
0.740573 0.141732 0.117695
0.0986801 0.754863 0.146456
0.112385 0.434024 0.453591
0.421889 0.159617 0.418494
0.278138 0.417186 0.304676
0.0818709 0.0526545 0.865475
0.510349 0.34638 0.143271
0.0840075 0.39942 0.516573
0.60129 0.337959 0.0607515


3 1 28
13 2 37
22 21 39
24 23 41
9 8 42
30 29 43
38 30 43
33 32 44
34 33 44
11 10 45
12 11 46
11 45 46
18 17 48
7 6 49
31 30 50
30 38 50
49 41 51
40 44 52
48 40 52
23 22 54
41 23 54
51 41 54
22 39 54
32 31 55
31 50 55
44 32 55
52 44 55
46 45 56
16 15 57
5 4 58
27 26 58
38 43 59
48 52 60
47 53 60
53 47 61
34 44 63
44 40 63
35 34 63
40 57 63
25 24 64
24 41 64
41 49 64
17 16 65
40 48 65
48 17 65
16 57 65
57 40 65
19 18 66
18 48 66
48 60 66
60 53 66
42 51 67
51 54 67
50 38 68
55 50 68
38 59 68
59 47 68
47 60 68
0 12 69
29 0 69
43 29 69
15 14 70
36 35 70
57 15 70
35 63 70
63 57 70
47 59 71
59 56 71
56 62 71
61 47 71
6 5 72
5 58 72
49 6 72
64 49 72
8 7 73
7 49 73
49 51 73
42 8 73
51 42 73
4 3 74
3 28 74
28 27 74
27 58 74
58 4 74
59 43 75
46 56 75
56 59 75
12 46 75
69 12 75
43 69 75
26 25 76
25 64 76
58 26 76
72 58 76
64 72 76
21 20 77
39 21 77
61 39 77
53 61 77
52 55 78
55 68 78
60 52 78
68 60 78
39 61 79
54 39 79
67 54 79
62 67 79
61 71 79
71 62 79
14 13 80
13 37 80
37 36 80
36 70 80
70 14 80
56 45 81
62 56 81
42 67 81
67 62 81
20 19 82
19 66 82
66 53 82
53 77 82
77 20 82
10 9 83
45 10 83
81 45 83
9 42 83
42 81 83
