128
1 0 0
0 1 0
0 0 1
0.0909091 0.909091 0
0.181818 0.818182 0
0.272727 0.727273 0
0.363636 0.636364 0
0.454545 0.545455 0
0.545455 0.454545 0
0.636364 0.363636 0
0.727273 0.272727 0
0.818182 0.181818 0
0.909091 0.0909091 0
0 0.0588236 0.941176
0 0.117647 0.882353
0 0.176471 0.823529
0 0.235294 0.764706
0 0.294118 0.705882
0 0.352941 0.647059
0 0.411765 0.588235
0 0.470588 0.529412
0 0.529412 0.470588
0 0.588235 0.411765
0 0.647059 0.352941
0 0.705882 0.294118
0 0.764706 0.235294
0 0.823529 0.176471
0 0.882353 0.117647
0 0.941176 0.0588235
0.941176 0 0.0588235
0.882353 0 0.117647
0.823529 0 0.176471
0.764706 0 0.235294
0.705882 0 0.294118
0.647059 0 0.352941
0.588235 0 0.411765
0.529412 0 0.470588
0.470588 0 0.529412
0.411765 0 0.588235
0.352941 0 0.647059
0.294118 0 0.705882
0.235294 0 0.764706
0.176471 0 0.823529
0.117647 0 0.882353
0.0588236 0 0.941176
0.117418 0.847508 0.0350733
0.611428 0.13176 0.256812
0.0969488 0.502186 0.400865
0.256885 0.147945 0.59517
0.158473 0.612158 0.229369
0.488142 0.406542 0.105316
0.798044 0.0598184 0.142137
0.420397 0.0700918 0.509512
0.654301 0.284943 0.0607561
0.663456 0.144736 0.191808
0.751087 0.185049 0.0638631
0.408792 0.242928 0.34828
0.161992 0.252359 0.585649
0.293093 0.604358 0.102549
0.323248 0.520953 0.155799
0.18682 0.336593 0.476586
0.495926 0.224595 0.279479
0.261874 0.509835 0.22829
0.172379 0.537894 0.289727
0.546147 0.0827202 0.371133
0.152534 0.192899 0.654567
0.256921 0.248685 0.494394
0.195326 0.687725 0.116949
0.341362 0.0693762 0.589262
0.590674 0.243454 0.165871
0.570707 0.316108 0.113185
0.0828312 0.362606 0.554562
0.0777431 0.308287 0.61397
0.153198 0.116834 0.729968
0.332966 0.267728 0.399306
0.0723498 0.85006 0.0775907
0.245842 0.376699 0.377459
0.0888943 0.775308 0.135798
0.443455 0.333784 0.222761
0.861937 0.0875342 0.0505283
0.394901 0.506022 0.0990769
0.250364 0.0872546 0.662381
0.142798 0.683628 0.173573
0.0737809 0.717713 0.208506
0.2246 0.0549802 0.720419
0.475993 0.47481 0.0491969
0.556023 0.225962 0.218014
0.495621 0.0659869 0.438392
0.483766 0.169438 0.346796
0.561986 0.12886 0.309154
0.658817 0.218509 0.122674
0.423615 0.151502 0.424883
0.136207 0.0731037 0.79069
0.065044 0.265966 0.66899
0.342128 0.406846 0.251026
0.419615 0.423863 0.156521
0.339051 0.143098 0.517852
0.567361 0.379768 0.0528708
0.321976 0.334219 0.343805
0.160001 0.412518 0.427481
0.386151 0.323172 0.290677
0.260626 0.689949 0.0494249
0.228977 0.601392 0.169632
0.105446 0.400306 0.494248
0.0746232 0.0824895 0.842887
0.330244 0.212805 0.456951
0.0868963 0.565884 0.34722
0.162264 0.768126 0.06961
0.744625 0.0643926 0.190983
0.175853 0.468596 0.355551
0.0723407 0.647276 0.280384
0.73187 0.134157 0.133974
0.0665568 0.152097 0.781346
0.269678 0.427672 0.30265
0.37494 0.5774 0.0476596
0.69093 0.0607965 0.248274
0.504406 0.326811 0.168783
0.809914 0.0953919 0.0946936
0.0500642 0.0502139 0.899722
0.631694 0.0599312 0.308375
0.251217 0.312002 0.436781
0.359635 0.439988 0.200377
0.0621515 0.480995 0.456853
0.072664 0.206916 0.72042
0.168109 0.303853 0.528038
0.243169 0.211074 0.545757
0.0495638 0.917258 0.0331779
0.93656 0.0388699 0.0245701


13 2 44
4 3 45
31 30 51
38 37 52
37 36 52
10 9 53
11 10 55
10 53 55
62 49 63
35 34 64
48 57 65
39 38 68
38 52 68
20 19 71
65 57 72
19 18 72
71 19 72
57 71 72
28 27 75
27 26 77
75 27 77
12 11 79
11 55 79
30 29 79
58 59 80
40 39 81
48 65 81
39 68 81
68 48 81
65 73 81
67 77 82
26 25 83
77 26 83
82 77 83
49 82 83
41 40 84
73 41 84
40 81 84
81 73 84
8 7 85
80 50 85
46 54 86
54 69 86
61 46 86
78 61 86
36 35 87
35 64 87
52 36 87
61 56 88
46 61 89
61 88 89
88 64 89
69 54 90
55 53 90
53 70 90
70 69 90
52 87 91
87 64 91
64 88 91
56 74 91
88 56 91
42 41 92
41 73 92
18 17 93
72 18 93
65 72 93
50 80 95
80 59 95
48 68 96
68 52 96
52 91 96
53 9 97
50 70 97
70 53 97
9 8 97
8 85 97
85 50 97
74 56 98
76 74 98
61 78 100
78 94 100
56 61 100
98 56 100
6 5 101
5 4 101
67 58 101
49 62 102
62 59 102
59 58 102
58 67 102
82 49 102
67 82 102
20 71 103
60 99 103
15 14 104
43 42 104
42 92 104
91 74 105
66 96 105
96 91 105
23 22 106
22 47 106
45 75 107
75 77 107
77 67 107
4 45 107
101 4 107
67 101 107
32 31 108
31 51 108
47 99 109
99 76 109
106 47 109
63 106 109
63 49 110
25 24 110
83 25 110
49 83 110
24 23 110
23 106 110
106 63 110
90 54 111
55 90 111
54 108 111
108 51 111
16 15 112
92 73 112
15 104 112
104 92 112
62 63 113
94 62 113
98 100 113
100 94 113
76 98 113
109 76 113
63 109 113
7 6 114
58 80 114
80 85 114
85 7 114
6 101 114
101 58 114
33 32 115
32 108 115
54 46 115
108 54 115
69 70 116
78 86 116
86 69 116
70 50 116
50 95 116
95 78 116
51 30 117
30 79 117
111 51 117
79 55 117
55 111 117
14 13 118
13 44 118
44 43 118
43 104 118
104 14 118
34 33 119
46 89 119
64 34 119
89 64 119
33 115 119
115 46 119
74 76 120
76 99 120
99 60 120
60 66 120
66 105 120
105 74 120
59 62 121
62 94 121
95 59 121
94 78 121
78 95 121
22 21 122
47 22 122
21 20 122
20 103 122
99 47 122
103 99 122
17 16 123
93 17 123
73 65 123
65 93 123
16 112 123
112 73 123
66 60 124
71 57 124
60 103 124
103 71 124
57 48 125
48 96 125
96 66 125
66 124 125
124 57 125
3 1 126
1 28 126
45 3 126
28 75 126
75 45 126
0 12 127
29 0 127
12 79 127
79 29 127
