142
1 0 0
0 1 0
0 0 1
0.0909091 0.909091 0
0.181818 0.818182 0
0.272727 0.727273 0
0.363636 0.636364 0
0.454545 0.545455 0
0.545455 0.454545 0
0.636364 0.363636 0
0.727273 0.272727 0
0.818182 0.181818 0
0.909091 0.0909091 0
0 0.0555555 0.944444
0 0.111111 0.888889
0 0.166667 0.833333
0 0.222222 0.777778
0 0.277778 0.722222
0 0.333333 0.666667
0 0.388889 0.611111
0 0.444444 0.555556
0 0.5 0.5
0 0.555556 0.444444
0 0.611111 0.388889
0 0.666667 0.333333
0 0.722222 0.277778
0 0.777778 0.222222
0 0.833333 0.166667
0 0.888889 0.111111
0 0.944444 0.0555556
0.947368 0 0.0526316
0.894737 0 0.105263
0.842105 0 0.157895
0.789474 0 0.210526
0.736842 0 0.263158
0.684211 0 0.315789
0.631579 0 0.368421
0.578947 0 0.421053
0.526316 0 0.473684
0.473684 0 0.526316
0.421053 0 0.578947
0.368421 0 0.631579
0.315789 0 0.684211
0.263158 0 0.736842
0.210526 0 0.789474
0.157895 0 0.842105
0.105263 0 0.894737
0.0526316 0 0.947368
0.123693 0.840869 0.0354373
0.618151 0.131633 0.250216
0.103058 0.494534 0.402407
0.271614 0.149159 0.579228
0.163765 0.60213 0.234104
0.480514 0.42706 0.0924262
0.806159 0.0607365 0.133105
0.431882 0.0621122 0.506006
0.643719 0.279605 0.0766757
0.666625 0.146558 0.186817
0.739773 0.199412 0.0608154
0.395649 0.251521 0.35283
0.171187 0.240872 0.587941
0.269255 0.627862 0.102883
0.83008 0.131573 0.0383472
0.322316 0.522158 0.155527
0.163197 0.349784 0.487019
0.508765 0.228551 0.262684
0.272866 0.513051 0.214082
0.150758 0.555057 0.294186
0.49966 0.460572 0.0397673
0.885561 0.0608438 0.0535954
0.54053 0.0880893 0.37138
0.158642 0.182378 0.658981
0.255738 0.247294 0.496967
0.339589 0.601634 0.058777
0.184562 0.689218 0.12622
0.261475 0.698243 0.0402825
0.593069 0.24031 0.16662
0.554335 0.325023 0.120641
0.0892144 0.356525 0.554261
0.0790172 0.299802 0.621181
0.126104 0.141072 0.732824
0.480229 0.191958 0.327814
0.338238 0.260062 0.4017
0.438516 0.407035 0.154449
0.0756781 0.847167 0.077155
0.233271 0.386995 0.379734
0.0896943 0.781583 0.128722
0.432869 0.341101 0.22603
0.266778 0.0787932 0.654429
0.13545 0.687983 0.176567
0.0753026 0.694932 0.229765
0.396567 0.307607 0.295826
0.578232 0.204906 0.216861
0.186753 0.475872 0.337375
0.484983 0.0766325 0.438384
0.571526 0.122713 0.305761
0.657625 0.219131 0.123245
0.407877 0.162047 0.430075
0.131975 0.0723759 0.795649
0.0737982 0.241441 0.684761
0.110026 0.43233 0.457644
0.337045 0.410409 0.252546
0.339588 0.131021 0.529392
0.578065 0.371227 0.0507071
0.321103 0.330144 0.348753
0.328666 0.209139 0.462195
0.0749055 0.0764599 0.848635
0.175936 0.395957 0.428107
0.419795 0.52755 0.0526549
0.22668 0.603192 0.170128
0.329696 0.0717451 0.598559
0.0576149 0.201521 0.740864
0.0754151 0.637607 0.286978
0.0871964 0.568352 0.344452
0.0686697 0.425279 0.506051
0.366195 0.437128 0.196677
0.215166 0.0802188 0.704615
0.174768 0.753511 0.0717205
0.374908 0.517248 0.107844
0.732643 0.138581 0.128777
0.235699 0.49312 0.271182
0.661733 0.0563197 0.281947
0.812889 0.0989462 0.0881646
0.706222 0.0644622 0.229315
0.449321 0.164605 0.386074
0.0477161 0.0505745 0.901709
0.177385 0.291103 0.531512
0.285009 0.403383 0.311608
0.237469 0.140984 0.621547
0.671692 0.295057 0.0332512
0.0582408 0.759474 0.182285
0.0660042 0.142341 0.791654
0.610883 0.0564043 0.332713
0.251513 0.307558 0.44093
0.246236 0.208888 0.544875
0.939905 0.0368753 0.0232192
0.398441 0.126204 0.475355
0.754986 0.0671487 0.177865
0.054071 0.911772 0.0341575
0.511764 0.296856 0.19138
0.186538 0.0585631 0.754899
0.0484102 0.490413 0.461177


13 2 47
4 3 48
23 22 50
32 31 54
39 38 55
40 39 55
11 10 58
12 11 62
11 58 62
8 7 68
12 62 69
31 30 69
37 36 70
5 4 75
6 5 75
73 6 75
61 73 75
20 19 78
19 18 79
71 60 79
60 78 79
78 19 79
77 53 83
29 28 84
28 27 86
84 28 86
42 41 88
74 86 89
26 25 90
52 89 90
59 81 91
81 65 91
65 87 91
49 57 92
57 76 92
65 49 92
50 85 93
38 37 94
37 70 94
55 38 94
49 65 95
65 81 95
81 70 95
58 56 96
76 57 96
56 77 96
77 76 96
45 44 98
18 17 99
71 79 99
79 18 99
80 71 99
91 87 101
40 55 102
9 8 103
8 68 103
68 53 103
53 77 103
77 56 103
82 59 104
85 82 104
59 91 104
97 82 105
72 102 105
15 14 106
46 45 106
45 98 106
100 64 107
85 50 107
50 100 107
7 6 108
6 73 108
68 7 108
53 68 108
63 61 109
61 74 109
52 66 109
89 52 109
66 63 109
74 89 109
41 40 110
88 41 110
40 102 110
102 51 110
17 16 111
80 99 111
99 17 111
25 24 112
90 25 112
67 52 112
52 90 112
24 23 113
23 50 113
50 93 113
93 67 113
67 112 113
112 24 113
21 20 114
20 78 114
78 64 114
64 100 114
83 63 115
87 83 115
63 66 115
66 101 115
101 87 115
43 42 116
42 88 116
71 80 116
88 71 116
4 48 117
75 4 117
74 61 117
61 75 117
48 84 117
84 86 117
86 74 117
61 63 118
73 61 118
63 83 118
83 53 118
53 108 118
108 73 118
96 57 119
58 96 119
66 52 120
52 67 120
101 66 120
67 93 120
35 34 121
49 95 121
62 58 122
54 31 122
31 69 122
69 62 122
58 119 122
119 54 122
34 33 123
57 49 123
49 121 123
121 34 123
70 81 124
81 59 124
94 70 124
97 94 124
59 82 124
82 97 124
14 13 125
13 47 125
47 46 125
46 106 125
106 14 125
72 64 126
64 78 126
78 60 126
93 85 127
85 104 127
91 101 127
104 91 127
120 93 127
101 120 127
51 60 128
60 71 128
71 88 128
88 110 128
110 51 128
10 9 129
56 58 129
58 10 129
9 103 129
103 56 129
27 26 130
86 27 130
89 86 130
26 90 130
90 89 130
16 15 131
15 106 131
106 98 131
111 16 131
98 80 131
80 111 131
36 35 132
70 36 132
95 70 132
35 121 132
121 95 132
64 72 133
107 64 133
82 85 133
85 107 133
72 105 133
105 82 133
51 102 134
102 72 134
60 51 134
126 60 134
72 126 134
0 12 135
30 0 135
12 69 135
69 30 135
55 94 136
94 97 136
97 105 136
102 55 136
105 102 136
33 32 137
32 54 137
54 119 137
119 57 137
57 123 137
123 33 137
3 1 138
1 29 138
48 3 138
29 84 138
84 48 138
76 77 139
77 83 139
83 87 139
92 76 139
87 65 139
65 92 139
80 98 140
98 44 140
44 43 140
43 116 140
116 80 140
22 21 141
50 22 141
100 50 141
21 114 141
114 100 141
