28
1 0 0
0 1 0
0 0 1
0.0909091 0.909091 0
0.181818 0.818182 0
0.272727 0.727273 0
0.363636 0.636364 0
0.454545 0.545455 0
0.545455 0.454545 0
0.636364 0.363636 0
0.727273 0.272727 0
0.818182 0.181818 0
0.909091 0.0909091 0
0 0.0714286 0.928571
0 0.142857 0.857143
0 0.214286 0.785714
0 0.285714 0.714286
0 0.357143 0.642857
0 0.428571 0.571428
0 0.5 0.5
0 0.571429 0.428571
0 0.642857 0.357143
0 0.714286 0.285714
0 0.785714 0.214286
0 0.857143 0.142857
0 0.928571 0.0714286
0.666667 0 0.333333
0.333333 0 0.666667


0 12 15
12 11 16
15 12 16
11 10 17
16 11 17
10 9 18
17 10 18
9 8 19
18 9 19
8 7 20
19 8 20
7 6 21
20 7 21
6 5 22
21 6 22
5 4 23
22 5 23
4 3 24
23 4 24
3 1 25
24 3 25
0 15 26
15 14 26
13 2 27
14 13 27
26 14 27
