45
1 0 0
0 1 0
0 0 1
0.0909091 0.909091 0
0.181818 0.818182 0
0.272727 0.727273 0
0.363636 0.636364 0
0.454545 0.545455 0
0.545455 0.454545 0
0.636364 0.363636 0
0.727273 0.272727 0
0.818182 0.181818 0
0.909091 0.0909091 0
0 0.0909091 0.909091
0 0.181818 0.818182
0 0.272727 0.727273
0 0.363636 0.636364
0 0.454545 0.545455
0 0.545455 0.454545
0 0.636364 0.363636
0 0.727273 0.272727
0 0.818182 0.181818
0 0.909091 0.0909091
0.75 0 0.25
0.5 0 0.5
0.25 0 0.75
0.64997 0.122892 0.227138
0.129597 0.488534 0.381868
0.218746 0.13884 0.642414
0.202802 0.594223 0.202975
0.414197 0.0759117 0.509891
0.39687 0.255696 0.347435
0.203713 0.229789 0.566498
0.287334 0.501322 0.211344
0.232963 0.325898 0.441139
0.797401 0.053997 0.148601
0.607653 0.218633 0.173714
0.40155 0.397828 0.200622
0.155486 0.68247 0.162044
0.195442 0.418299 0.38626
0.499654 0.310301 0.190045
0.122496 0.759185 0.118319
0.429535 0.171845 0.39862
0.182549 0.0609176 0.756533
0.616765 0.0490318 0.334203


3 1 22
4 3 22
21 4 22
12 11 26
18 17 27
14 13 28
7 6 29
19 18 29
25 24 30
15 14 32
14 28 32
8 7 33
18 27 33
29 18 33
7 29 33
16 15 34
15 32 34
32 31 34
0 12 35
23 0 35
12 26 35
11 10 36
26 11 36
9 8 37
8 33 37
6 5 38
20 19 38
19 29 38
29 6 38
17 16 39
16 34 39
27 17 39
34 37 39
33 27 39
37 33 39
10 9 40
31 36 40
36 10 40
9 37 40
34 31 40
37 34 40
5 4 41
4 21 41
21 20 41
20 38 41
38 5 41
28 30 42
30 26 42
31 32 42
32 28 42
26 36 42
36 31 42
13 2 43
2 25 43
28 13 43
25 30 43
30 28 43
24 23 44
30 24 44
26 30 44
35 26 44
23 35 44
