133
1 0 0
0 1 0
0 0 1
0.0909091 0.909091 0
0.181818 0.818182 0
0.272727 0.727273 0
0.363636 0.636364 0
0.454545 0.545455 0
0.545455 0.454545 0
0.636364 0.363636 0
0.727273 0.272727 0
0.818182 0.181818 0
0.909091 0.0909091 0
0 0.0625001 0.9375
0 0.125 0.875
0 0.1875 0.8125
0 0.25 0.75
0 0.3125 0.6875
0 0.375 0.625
0 0.4375 0.5625
0 0.5 0.5
0 0.5625 0.4375
0 0.625 0.375
0 0.6875 0.3125
0 0.75 0.25
0 0.8125 0.1875
0 0.875 0.125
0 0.9375 0.0625
0.944444 0 0.0555556
0.888889 0 0.111111
0.833333 0 0.166667
0.777778 0 0.222222
0.722222 0 0.277778
0.666667 0 0.333333
0.611111 0 0.388889
0.555556 0 0.444444
0.5 0 0.5
0.444444 0 0.555556
0.388889 0 0.611111
0.333333 0 0.666667
0.277778 0 0.722222
0.222222 0 0.777778
0.166667 0 0.833333
0.111111 0 0.888889
0.0555556 0 0.944444
0.12679 0.837428 0.0357821
0.622066 0.137302 0.240632
0.0834458 0.504875 0.411679
0.273892 0.155716 0.570391
0.16683 0.601436 0.231734
0.48561 0.41436 0.10003
0.802454 0.062283 0.135263
0.420088 0.0690399 0.510872
0.664572 0.269864 0.0655637
0.674079 0.141635 0.184287
0.75691 0.188479 0.0546109
0.399385 0.242102 0.358513
0.1709 0.249825 0.579275
0.273848 0.624424 0.101728
0.322176 0.521271 0.156553
0.186067 0.336411 0.477521
0.487879 0.234603 0.277518
0.274181 0.51228 0.21354
0.157095 0.542858 0.300048
0.499415 0.459428 0.0411574
0.883181 0.0576066 0.0592121
0.54086 0.0846138 0.374527
0.153383 0.189063 0.657555
0.246225 0.242136 0.511639
0.34692 0.592736 0.0603444
0.176291 0.706839 0.11687
0.835093 0.126306 0.0386012
0.593111 0.229129 0.17776
0.0803519 0.37346 0.546188
0.0758679 0.314923 0.609209
0.119845 0.147246 0.732909
0.340676 0.25307 0.406254
0.425238 0.418145 0.156616
0.0926768 0.823711 0.0836125
0.240389 0.375152 0.384459
0.0807501 0.774179 0.145071
0.442277 0.332697 0.225027
0.251386 0.0808932 0.667721
0.142407 0.683251 0.174342
0.0755077 0.71234 0.212152
0.575006 0.31345 0.111545
0.701539 0.0627047 0.235756
0.478241 0.184245 0.337514
0.564881 0.134142 0.300977
0.457753 0.133981 0.408266
0.64888 0.221561 0.129559
0.134795 0.0745273 0.790678
0.0632244 0.257411 0.679364
0.340249 0.409528 0.250223
0.336234 0.14709 0.516676
0.572847 0.376094 0.0510589
0.315388 0.338588 0.346024
0.16513 0.407862 0.427007
0.315615 0.220285 0.4641
0.398194 0.305706 0.2961
0.0761963 0.0828286 0.840975
0.422098 0.523646 0.054256
0.226716 0.604666 0.168618
0.102032 0.415455 0.482513
0.201727 0.743698 0.0545756
0.540817 0.226773 0.23241
0.0809852 0.577124 0.341891
0.362892 0.0709274 0.566181
0.201455 0.0834928 0.715052
0.157361 0.476816 0.365823
0.376771 0.514571 0.108658
0.0789568 0.644778 0.276265
0.241073 0.492338 0.266589
0.0630887 0.1539 0.783011
0.309483 0.0710156 0.619501
0.814656 0.0965474 0.0887969
0.728593 0.150669 0.120738
0.366552 0.434679 0.198769
0.229792 0.443134 0.327074
0.0491745 0.0544239 0.896402
0.0484932 0.490406 0.4611
0.395849 0.14416 0.459992
0.511528 0.320337 0.168134
0.249367 0.310557 0.440075
0.288805 0.669934 0.0412616
0.0555522 0.907708 0.03674
0.650854 0.0590832 0.290063
0.750872 0.068447 0.180681
0.303768 0.398303 0.297929
0.606152 0.0540676 0.33978
0.475736 0.0614204 0.462844
0.158358 0.316009 0.525633
0.226853 0.152389 0.620757


0 12 28
13 2 44
4 3 45
22 21 47
30 29 51
37 36 52
10 9 53
11 10 55
10 53 55
8 7 64
28 12 65
29 28 65
35 34 66
57 48 68
12 11 71
65 12 71
11 55 71
46 54 72
20 19 73
67 57 74
19 18 74
73 19 74
57 73 74
27 26 78
26 25 80
78 26 80
70 78 80
40 39 82
70 80 83
25 24 84
49 83 84
80 25 84
83 80 84
32 31 86
54 46 86
61 87 88
87 66 88
35 66 89
56 76 89
66 87 89
87 56 89
53 85 90
72 54 90
85 72 90
42 41 91
18 17 92
74 18 92
67 74 92
17 16 92
16 75 92
75 67 92
68 48 94
9 8 95
8 64 95
53 9 95
85 53 95
64 50 95
50 85 95
76 56 96
79 76 96
68 94 98
56 87 99
87 61 99
61 81 99
81 93 99
96 56 99
15 14 100
43 42 100
42 91 100
7 6 101
6 69 101
64 7 101
50 64 101
49 62 102
83 49 102
59 58 102
58 70 102
70 83 102
62 59 102
20 73 103
97 47 103
60 97 103
5 4 104
70 58 104
4 45 104
45 78 104
78 70 104
46 72 105
81 61 105
61 88 105
88 46 105
23 22 106
22 47 106
38 37 107
94 48 107
37 52 107
52 94 107
41 40 108
67 75 108
82 67 108
40 82 108
75 91 108
91 41 108
63 106 109
47 97 109
106 47 109
97 79 109
58 59 110
69 58 110
77 50 110
50 101 110
101 69 110
59 77 110
24 23 111
84 24 111
63 49 111
49 84 111
23 106 111
106 63 111
62 49 112
49 63 112
93 62 112
16 15 113
75 16 113
91 75 113
15 100 113
100 91 113
39 38 114
82 39 114
38 107 114
107 48 114
51 29 115
29 65 115
71 55 115
65 71 115
90 54 116
55 53 116
53 90 116
51 115 116
115 55 116
59 62 117
62 93 117
77 59 117
81 77 117
93 81 117
79 96 118
63 109 118
112 63 118
109 79 118
14 13 119
13 44 119
44 43 119
43 100 119
100 14 119
21 20 120
20 103 120
47 21 120
103 47 120
89 76 121
76 98 121
94 52 121
98 94 121
77 81 122
50 77 122
85 50 122
72 85 122
81 105 122
105 72 122
79 97 123
97 60 123
60 68 123
68 98 123
76 79 123
98 76 123
6 5 124
69 6 124
58 69 124
104 58 124
5 104 124
3 1 125
1 27 125
45 3 125
27 78 125
78 45 125
33 32 126
32 86 126
86 46 126
46 88 126
31 30 127
30 51 127
54 86 127
86 31 127
51 116 127
116 54 127
96 99 128
99 93 128
118 96 128
93 112 128
112 118 128
34 33 129
66 34 129
88 66 129
33 126 129
126 88 129
36 35 130
35 89 130
52 36 130
121 52 130
89 121 130
57 68 131
68 60 131
73 57 131
60 103 131
103 73 131
48 57 132
57 67 132
67 82 132
82 114 132
114 48 132
