94
1 0 0
0 1 0
0 0 1
0.0909091 0.909091 0
0.181818 0.818182 0
0.272727 0.727273 0
0.363636 0.636364 0
0.454545 0.545455 0
0.545455 0.454545 0
0.636364 0.363636 0
0.727273 0.272727 0
0.818182 0.181818 0
0.909091 0.0909091 0
0 0.090909 0.909091
0 0.181818 0.818182
0 0.272727 0.727273
0 0.363636 0.636364
0 0.454545 0.545455
0 0.545455 0.454545
0 0.636364 0.363636
0 0.727273 0.272727
0 0.818182 0.181818
0 0.909091 0.0909091
0.944444 0 0.0555556
0.888889 0 0.111111
0.833333 0 0.166667
0.777778 0 0.222222
0.722222 0 0.277778
0.666667 0 0.333333
0.611111 0 0.388889
0.555556 0 0.444444
0.5 0 0.5
0.444444 0 0.555556
0.388889 0 0.611111
0.333333 0 0.666667
0.277778 0 0.722222
0.222222 0 0.777778
0.166667 0 0.833333
0.111111 0 0.888889
0.0555555 0 0.944444
0.624064 0.129523 0.246413
0.105423 0.488976 0.405601
0.278549 0.148965 0.572486
0.164507 0.625557 0.209936
0.497392 0.399272 0.103336
0.663515 0.26837 0.068115
0.6736 0.150856 0.175544
0.754657 0.186282 0.0590608
0.749182 0.117087 0.13373
0.375576 0.273048 0.351376
0.176873 0.251697 0.57143
0.260746 0.651463 0.0877905
0.417205 0.102796 0.48
0.190698 0.326272 0.483031
0.492945 0.224619 0.282437
0.280964 0.519467 0.199569
0.585505 0.32233 0.0921654
0.538348 0.101245 0.360407
0.150432 0.202111 0.647457
0.348894 0.582034 0.0690721
0.193035 0.673611 0.133354
0.579924 0.253137 0.166939
0.0812389 0.360409 0.558352
0.134676 0.125466 0.739858
0.335937 0.248642 0.415422
0.273023 0.250113 0.476864
0.0946283 0.815176 0.090196
0.219365 0.38708 0.393555
0.871755 0.079612 0.0486334
0.427177 0.433654 0.139169
0.240998 0.110026 0.648976
0.352848 0.128112 0.51904
0.076878 0.68437 0.238752
0.576202 0.121779 0.302019
0.447323 0.131963 0.420714
0.406335 0.368489 0.225176
0.0699967 0.28396 0.646043
0.0809178 0.107589 0.811493
0.154201 0.529258 0.316541
0.513486 0.277837 0.208678
0.105799 0.403928 0.490273
0.420928 0.521132 0.0579393
0.266129 0.428548 0.305323
0.0673804 0.612364 0.320256
0.068901 0.775856 0.155243
0.164809 0.777146 0.0580448
0.0557802 0.213328 0.730892
0.0502551 0.0730853 0.87666
0.456018 0.204151 0.339832
0.817874 0.0923783 0.0897477
0.205612 0.0855463 0.708842
0.35691 0.366257 0.276832
0.515526 0.439991 0.0444827
0.345297 0.507892 0.146811


0 12 23
13 2 39
28 27 40
19 18 41
34 33 42
10 9 45
9 8 45
27 26 46
40 27 46
11 10 47
10 45 47
45 46 48
46 26 48
26 25 48
47 45 48
5 4 51
32 31 52
50 42 53
45 8 56
46 45 56
30 29 57
6 5 59
5 51 59
43 55 60
55 51 60
56 44 61
40 46 61
46 56 61
18 17 62
58 50 62
37 36 63
53 42 65
3 1 66
1 22 66
43 60 66
65 64 67
41 53 67
53 65 67
12 11 68
23 12 68
24 23 68
35 34 70
34 42 70
42 50 70
50 58 70
33 32 71
32 52 71
42 33 71
65 42 71
52 64 71
64 65 71
21 20 72
29 28 73
28 40 73
54 57 73
57 29 73
31 30 74
52 31 74
49 64 74
64 52 74
17 16 76
62 17 76
58 62 76
63 58 76
15 14 77
38 37 77
37 63 77
41 67 78
43 72 78
61 44 79
44 69 79
40 61 79
73 40 79
54 73 79
69 75 79
75 54 79
41 18 80
18 62 80
50 53 80
62 50 80
53 41 80
7 6 81
44 7 81
69 44 81
6 59 81
59 69 81
55 43 82
64 49 82
67 64 82
43 78 82
78 67 82
20 19 83
19 41 83
41 78 83
72 20 83
78 72 83
22 21 84
21 72 84
66 22 84
43 66 84
72 43 84
4 3 85
51 4 85
60 51 85
3 66 85
66 60 85
16 15 86
76 16 86
63 76 86
15 77 86
77 63 86
14 13 87
13 39 87
39 38 87
38 77 87
77 14 87
57 54 88
30 57 88
74 30 88
49 74 88
54 75 88
25 24 89
47 48 89
48 25 89
11 47 89
68 11 89
24 68 89
36 35 90
58 63 90
63 36 90
35 70 90
70 58 90
75 55 91
55 82 91
82 49 91
49 88 91
88 75 91
8 7 92
7 44 92
44 56 92
56 8 92
51 55 93
55 75 93
59 51 93
69 59 93
75 69 93
