118
1 0 0
0 1 0
0 0 1
0.0909091 0.909091 0
0.181818 0.818182 0
0.272727 0.727273 0
0.363636 0.636364 0
0.454545 0.545455 0
0.545455 0.454545 0
0.636364 0.363636 0
0.727273 0.272727 0
0.818182 0.181818 0
0.909091 0.0909091 0
0 0.0666667 0.933333
0 0.133333 0.866667
0 0.2 0.8
0 0.266667 0.733333
0 0.333333 0.666667
0 0.4 0.6
0 0.466667 0.533333
0 0.533333 0.466667
0 0.6 0.4
0 0.666667 0.333333
0 0.733333 0.266667
0 0.8 0.2
0 0.866667 0.133333
0 0.933333 0.0666667
0.9375 0 0.0625
0.875 0 0.125
0.8125 0 0.1875
0.75 0 0.25
0.6875 0 0.3125
0.625 0 0.375
0.5625 0 0.4375
0.5 0 0.5
0.4375 0 0.5625
0.375 0 0.625
0.3125 0 0.6875
0.25 0 0.75
0.1875 0 0.8125
0.125 0 0.875
0.0624999 0 0.9375
0.122108 0.838483 0.0394094
0.643713 0.110592 0.245694
0.0865363 0.499397 0.414067
0.270353 0.139952 0.589695
0.158223 0.608055 0.233722
0.492075 0.405901 0.102024
0.77866 0.0891374 0.132202
0.417551 0.0845198 0.497929
0.661433 0.279494 0.0590732
0.685639 0.135045 0.179316
0.758368 0.178607 0.0630253
0.397805 0.244655 0.35754
0.17227 0.257033 0.570698
0.289572 0.612928 0.0975003
0.061966 0.134299 0.803735
0.326019 0.510906 0.163076
0.176141 0.32937 0.494489
0.48414 0.241641 0.274219
0.171897 0.535125 0.292978
0.537952 0.088103 0.373945
0.166003 0.181576 0.652421
0.256772 0.232695 0.510533
0.185918 0.695373 0.118709
0.60233 0.224527 0.173143
0.260288 0.506629 0.233083
0.0873525 0.363758 0.548889
0.0797021 0.302649 0.617649
0.121247 0.145047 0.733707
0.346102 0.248651 0.405247
0.235611 0.390901 0.373488
0.0820745 0.774227 0.143699
0.450015 0.328188 0.221797
0.856297 0.0852216 0.0584817
0.395829 0.505247 0.0989237
0.262261 0.0827129 0.655027
0.142207 0.682387 0.175406
0.0738371 0.707946 0.218216
0.585328 0.305712 0.10896
0.0593791 0.856046 0.0845744
0.478405 0.472911 0.048684
0.490414 0.0659047 0.443682
0.473391 0.189274 0.337335
0.612735 0.0691649 0.3181
0.432878 0.152384 0.414737
0.129716 0.0680745 0.802209
0.071941 0.242863 0.685196
0.419265 0.41961 0.161126
0.331443 0.143615 0.524943
0.570111 0.378842 0.051047
0.315619 0.329644 0.354738
0.168416 0.404352 0.427233
0.682047 0.198088 0.119864
0.395615 0.310271 0.294114
0.27557 0.423002 0.301428
0.229107 0.598959 0.171934
0.0896299 0.428647 0.481723
0.0540093 0.198151 0.747839
0.0762186 0.638571 0.28521
0.211992 0.73512 0.0528886
0.0842612 0.568101 0.347638
0.364206 0.0690477 0.566747
0.542903 0.233452 0.223645
0.736071 0.0600254 0.203904
0.512011 0.326642 0.161347
0.343755 0.192668 0.463576
0.555074 0.151535 0.293391
0.0637907 0.0673643 0.868845
0.385399 0.567819 0.0467819
0.357944 0.411078 0.230979
0.30391 0.654891 0.0411981
0.260921 0.306518 0.432562
0.202616 0.0703099 0.727074
0.132084 0.782135 0.0857812
0.170763 0.471614 0.357623
0.934782 0.0391734 0.0260446
0.050319 0.913714 0.0359666


13 2 41
4 3 42
31 30 43
21 20 44
29 28 48
35 34 49
10 9 50
11 10 52
10 50 52
15 14 56
33 32 61
45 54 62
54 45 63
58 54 63
43 51 65
46 60 66
19 18 67
54 58 67
62 54 68
18 17 68
67 18 68
54 67 68
25 24 72
12 11 74
11 52 74
28 27 74
48 28 74
52 48 74
55 57 75
37 36 76
36 45 76
45 62 76
64 72 77
24 23 78
46 77 78
72 24 78
77 72 78
26 25 80
25 72 80
8 7 81
75 47 81
34 33 82
49 34 82
33 61 82
32 31 84
61 32 84
31 43 84
49 82 85
53 70 85
83 53 85
82 61 85
61 83 85
40 39 86
69 56 86
17 16 87
62 68 87
68 17 87
69 62 87
47 75 88
75 57 88
63 45 89
9 8 90
47 79 90
50 9 90
79 50 90
8 81 90
81 47 90
70 53 91
52 50 93
51 48 93
48 52 93
65 51 93
50 79 93
79 65 93
53 83 94
83 59 94
91 53 94
59 73 94
66 60 95
71 91 95
91 94 95
57 55 96
55 64 96
64 77 96
46 66 96
77 46 96
66 57 96
20 19 97
19 67 97
44 20 97
92 44 97
67 58 97
58 92 97
16 15 98
15 56 98
56 69 98
69 87 98
87 16 98
23 22 99
60 46 99
46 78 99
78 23 99
5 4 100
4 42 100
64 55 100
22 21 101
21 44 101
99 22 101
60 99 101
36 35 102
45 36 102
89 45 102
35 49 102
49 89 102
43 65 103
73 59 103
30 29 104
29 48 104
48 51 104
43 30 104
51 43 104
79 47 105
65 79 105
47 88 105
88 73 105
73 103 105
103 65 105
63 89 106
49 85 106
89 49 106
85 70 106
84 43 107
59 83 107
83 61 107
61 84 107
43 103 107
103 59 107
14 13 108
13 41 108
41 40 108
56 14 108
40 86 108
86 56 108
7 6 109
55 75 109
75 81 109
81 7 109
57 66 110
88 57 110
73 88 110
94 73 110
66 95 110
95 94 110
6 5 111
5 100 111
100 55 111
55 109 111
109 6 111
58 63 112
70 91 112
91 71 112
92 58 112
71 92 112
63 106 112
106 70 112
38 37 113
37 76 113
62 69 113
76 62 113
39 38 113
86 39 113
69 86 113
72 64 114
42 80 114
80 72 114
64 100 114
100 42 114
44 92 115
92 71 115
71 95 115
95 60 115
101 44 115
60 101 115
0 12 116
27 0 116
12 74 116
74 27 116
3 1 117
1 26 117
26 80 117
42 3 117
80 42 117
