94
1 0 0
0 1 0
0 0 1
0.0909091 0.909091 0
0.181818 0.818182 0
0.272727 0.727273 0
0.363636 0.636364 0
0.454545 0.545455 0
0.545455 0.454545 0
0.636364 0.363636 0
0.727273 0.272727 0
0.818182 0.181818 0
0.909091 0.0909091 0
0 0.0833333 0.916667
0 0.166667 0.833333
0 0.25 0.75
0 0.333333 0.666667
0 0.416667 0.583333
0 0.5 0.5
0 0.583333 0.416667
0 0.666667 0.333333
0 0.75 0.25
0 0.833333 0.166667
0 0.916667 0.0833333
0.95 0 0.05
0.9 0 0.1
0.85 0 0.15
0.8 0 0.2
0.75 0 0.25
0.7 0 0.3
0.65 0 0.35
0.6 0 0.4
0.55 0 0.45
0.5 0 0.5
0.45 0 0.55
0.4 0 0.6
0.35 0 0.65
0.3 0 0.7
0.25 0 0.75
0.2 0 0.8
0.15 0 0.85
0.1 0 0.9
0.05 0 0.95
0.627157 0.119399 0.253443
0.0854422 0.511652 0.402906
0.279373 0.141189 0.579438
0.170998 0.598821 0.230181
0.47589 0.427159 0.0969509
0.655073 0.266848 0.0780794
0.679519 0.136436 0.184045
0.742955 0.187174 0.0698706
0.74442 0.119467 0.136113
0.377854 0.283248 0.338898
0.172882 0.254735 0.572383
0.275099 0.623358 0.101543
0.062735 0.120968 0.816297
0.416182 0.105102 0.478716
0.182803 0.333867 0.48333
0.493645 0.227194 0.279162
0.284464 0.494967 0.220569
0.570858 0.342768 0.0863742
0.154174 0.188946 0.65688
0.36316 0.562922 0.0739179
0.199682 0.675628 0.12469
0.581727 0.253168 0.165106
0.0813071 0.348232 0.570461
0.142505 0.116807 0.740687
0.337258 0.250658 0.412083
0.443728 0.389908 0.166364
0.0923956 0.827988 0.0796159
0.236018 0.390025 0.373957
0.531692 0.260414 0.207894
0.349792 0.137154 0.513053
0.0775625 0.688608 0.233829
0.489344 0.141994 0.368662
0.576243 0.124024 0.299733
0.379082 0.415716 0.205202
0.0723982 0.270229 0.657373
0.266544 0.426872 0.306583
0.260394 0.276113 0.463494
0.0923613 0.419058 0.488581
0.158523 0.539145 0.302332
0.0711572 0.182547 0.746295
0.156384 0.459777 0.383838
0.815769 0.121369 0.0628615
0.231381 0.115331 0.653288
0.0753804 0.770359 0.154261
0.409936 0.301606 0.288458
0.447485 0.127827 0.424688
0.166457 0.776702 0.056841
0.0702576 0.617109 0.312633
0.362159 0.50185 0.135992
0.0363042 0.0691694 0.894526
0.162192 0.673261 0.164546


0 12 24
12 11 25
24 12 25
13 2 42
30 29 43
20 19 44
36 35 45
37 36 45
7 6 47
9 8 48
29 28 49
43 29 49
28 27 49
10 9 50
9 48 50
48 49 51
49 27 51
27 26 51
26 50 51
50 48 51
5 4 54
15 14 55
14 41 55
41 40 55
34 33 56
53 45 57
8 7 60
7 47 60
48 8 60
49 48 60
6 5 62
5 54 62
47 6 62
59 54 63
60 47 64
43 49 64
49 60 64
18 17 65
61 53 65
40 39 66
39 38 66
38 61 66
47 62 68
3 1 69
1 23 69
64 47 71
47 68 71
68 58 71
43 64 71
35 34 72
34 56 72
45 35 72
56 67 72
22 21 73
32 31 74
31 58 74
31 30 75
58 31 75
30 43 75
43 71 75
71 58 75
54 59 76
58 68 76
61 65 77
65 17 77
17 16 77
66 61 77
52 59 78
59 46 78
67 52 78
70 67 78
57 45 79
45 72 79
67 70 79
72 67 79
44 19 80
53 57 80
57 44 80
19 18 80
18 65 80
65 53 80
46 73 81
70 78 81
78 46 81
16 15 82
15 55 82
55 40 82
40 66 82
66 77 82
77 16 82
44 57 83
57 79 83
79 70 83
70 81 83
11 10 84
10 50 84
25 11 84
26 25 84
50 26 84
37 45 85
45 53 85
38 37 85
61 38 85
53 61 85
69 23 86
23 22 86
22 73 86
73 46 86
59 52 87
76 59 87
52 74 87
74 58 87
58 76 87
56 33 88
52 67 88
67 56 88
33 32 88
32 74 88
74 52 88
4 3 89
54 4 89
63 54 89
3 69 89
69 63 89
73 21 90
81 73 90
21 20 90
20 44 90
44 83 90
83 81 90
62 54 91
54 76 91
68 62 91
76 68 91
14 13 92
13 42 92
41 14 92
42 41 92
46 59 93
59 63 93
63 69 93
69 86 93
86 46 93
