86
1 0 0
0 1 0
0 0 1
0.0909091 0.909091 0
0.181818 0.818182 0
0.272727 0.727273 0
0.363636 0.636364 0
0.454545 0.545455 0
0.545455 0.454545 0
0.636364 0.363636 0
0.727273 0.272727 0
0.818182 0.181818 0
0.909091 0.0909091 0
0 0.1 0.9
0 0.2 0.8
0 0.3 0.7
0 0.4 0.6
0 0.5 0.5
0 0.6 0.4
0 0.7 0.3
0 0.8 0.2
0 0.9 0.1
0.933333 0 0.0666667
0.866667 0 0.133333
0.8 0 0.2
0.733333 0 0.266667
0.666667 0 0.333333
0.6 0 0.4
0.533333 0 0.466667
0.466667 0 0.533333
0.4 0 0.6
0.333333 0 0.666667
0.266667 0 0.733333
0.2 0 0.8
0.133333 0 0.866667
0.0666667 0 0.933333
0.627305 0.126862 0.245832
0.108622 0.475601 0.415777
0.274788 0.138719 0.586494
0.172245 0.604015 0.22374
0.497283 0.39621 0.106508
0.793305 0.0801273 0.126568
0.663333 0.255006 0.0816611
0.757937 0.169039 0.0730241
0.397845 0.259672 0.342483
0.185719 0.233195 0.581086
0.269096 0.63608 0.0948238
0.380962 0.123072 0.495966
0.174349 0.344871 0.480779
0.48143 0.221555 0.297014
0.271431 0.517586 0.210982
0.704063 0.128522 0.167415
0.530249 0.0940303 0.375721
0.35503 0.579952 0.065018
0.202412 0.674836 0.122752
0.59368 0.251069 0.155251
0.087768 0.378927 0.533305
0.129532 0.118665 0.751803
0.33811 0.249985 0.411905
0.27211 0.233375 0.494515
0.0699324 0.855364 0.0747036
0.225711 0.382977 0.391312
0.849232 0.0893142 0.061454
0.250864 0.0966048 0.652531
0.0779191 0.683878 0.238203
0.437402 0.364765 0.197833
0.449278 0.133767 0.416955
0.0925289 0.258823 0.648648
0.0493166 0.491206 0.459477
0.0755957 0.0948354 0.829569
0.347586 0.490299 0.162115
0.144736 0.534918 0.320346
0.307935 0.372758 0.319307
0.0589747 0.2004 0.740625
0.576729 0.350907 0.0723636
0.0641226 0.60215 0.333727
0.186606 0.122949 0.690445
0.415309 0.476899 0.107792
0.580668 0.106342 0.312991
0.0507934 0.798104 0.151103
0.121617 0.730162 0.14822
0.528786 0.256819 0.214395
0.227776 0.47821 0.294014
0.373474 0.36851 0.258016
0.337333 0.0989667 0.563701
0.143369 0.791957 0.0646737


0 12 22
13 2 35
26 25 36
8 7 40
24 23 41
10 9 42
11 10 43
10 42 43
5 4 46
30 29 47
25 24 51
24 41 51
36 25 51
41 43 51
43 42 51
28 27 52
7 6 53
6 5 53
5 46 53
46 4 54
39 50 54
50 46 54
36 51 55
51 42 55
17 16 56
48 37 56
45 48 56
34 33 57
45 38 59
48 45 59
47 58 59
3 1 60
1 21 60
37 48 61
48 59 61
59 58 61
12 11 62
22 12 62
23 22 62
41 23 62
11 43 62
43 41 62
32 31 63
31 38 63
38 45 63
20 19 64
29 28 66
47 29 66
28 52 66
49 44 66
52 49 66
44 58 66
58 47 66
16 15 67
56 16 67
45 56 67
18 17 68
37 18 68
17 56 68
56 37 68
14 13 69
13 35 69
35 34 69
34 57 69
46 50 70
53 46 70
37 61 71
39 64 71
58 44 72
61 58 72
15 14 73
57 67 73
67 15 73
14 69 73
69 57 73
9 8 74
42 9 74
8 40 74
40 55 74
55 42 74
19 18 75
18 37 75
37 71 75
64 19 75
71 64 75
33 32 76
57 33 76
32 63 76
67 57 76
63 45 76
45 67 76
40 7 77
7 53 77
65 40 77
53 70 77
70 65 77
27 26 78
26 36 78
52 27 78
49 52 78
21 20 79
60 21 79
20 64 79
39 54 80
60 79 80
64 39 80
79 64 80
65 49 81
55 40 81
40 65 81
36 55 81
78 36 81
49 78 81
50 39 82
72 50 82
39 71 82
71 61 82
61 72 82
44 49 83
49 65 83
65 70 83
72 44 83
70 50 83
50 72 83
31 30 84
38 31 84
30 47 84
47 59 84
59 38 84
4 3 85
3 60 85
54 4 85
60 80 85
80 54 85
