129
1 0 0
0 1 0
0 0 1
0.0909091 0.909091 0
0.181818 0.818182 0
0.272727 0.727273 0
0.363636 0.636364 0
0.454545 0.545455 0
0.545455 0.454545 0
0.636364 0.363636 0
0.727273 0.272727 0
0.818182 0.181818 0
0.909091 0.0909091 0
0 0.0625 0.9375
0 0.125 0.875
0 0.1875 0.8125
0 0.25 0.75
0 0.3125 0.6875
0 0.375 0.625
0 0.4375 0.5625
0 0.5 0.5
0 0.5625 0.4375
0 0.625 0.375
0 0.6875 0.3125
0 0.75 0.25
0 0.8125 0.1875
0 0.875 0.125
0 0.9375 0.0625
0.947368 0 0.0526316
0.894737 0 0.105263
0.842105 0 0.157895
0.789474 0 0.210526
0.736842 0 0.263158
0.684211 0 0.315789
0.631579 0 0.368421
0.578947 0 0.421053
0.526316 0 0.473684
0.473684 0 0.526316
0.421053 0 0.578947
0.368421 0 0.631579
0.31579 0 0.68421
0.263158 0 0.736842
0.210526 0 0.789474
0.157895 0 0.842105
0.105263 0 0.894737
0.0526316 0 0.947368
0.122683 0.84041 0.0369078
0.638585 0.118369 0.243046
0.0855311 0.503133 0.411336
0.276352 0.131419 0.592229
0.16604 0.601424 0.232536
0.483693 0.407784 0.108523
0.421504 0.0793178 0.499179
0.665198 0.255516 0.0792866
0.678302 0.140284 0.181414
0.752804 0.191779 0.0554171
0.742314 0.133013 0.124673
0.39881 0.242585 0.358605
0.164853 0.250932 0.584216
0.272581 0.632389 0.0950306
0.299492 0.547026 0.153482
0.193663 0.325516 0.480822
0.4929 0.232117 0.274983
0.273418 0.511952 0.21463
0.160983 0.539584 0.299433
0.509416 0.442108 0.0484756
0.883995 0.0579551 0.0580502
0.532955 0.0911863 0.375859
0.15194 0.189402 0.658658
0.332423 0.615613 0.0519634
0.199215 0.671379 0.129407
0.24734 0.709825 0.0428348
0.572681 0.260384 0.166935
0.0786758 0.375207 0.546117
0.0749754 0.314895 0.61013
0.119836 0.145544 0.734621
0.334885 0.264238 0.400877
0.272767 0.238521 0.488712
0.456993 0.379106 0.163901
0.0770337 0.840817 0.0821492
0.244708 0.375565 0.379727
0.821163 0.0845494 0.0942881
0.535973 0.241181 0.222845
0.0914377 0.770176 0.138386
0.435787 0.3351 0.229113
0.259144 0.0785758 0.66228
0.142327 0.682503 0.175171
0.0753916 0.713433 0.211176
0.572678 0.329675 0.0976479
0.507519 0.0643755 0.428105
0.478353 0.181736 0.339911
0.575533 0.120783 0.303684
0.649086 0.220474 0.13044
0.43865 0.139327 0.422023
0.128931 0.0749038 0.796165
0.063516 0.255991 0.680493
0.332346 0.404327 0.263327
0.0441517 0.0561346 0.899714
0.336216 0.132004 0.531781
0.595076 0.361747 0.0431775
0.321939 0.342365 0.335695
0.406621 0.298227 0.295151
0.0729393 0.083127 0.843934
0.171218 0.402928 0.425854
0.421495 0.523057 0.0554489
0.219463 0.600565 0.179972
0.103405 0.414888 0.481707
0.351789 0.0640634 0.584147
0.0828901 0.57541 0.3417
0.233805 0.230099 0.536096
0.200375 0.0837011 0.715923
0.172945 0.752098 0.074957
0.376261 0.50881 0.114929
0.0798464 0.643831 0.276323
0.23743 0.499007 0.263563
0.0623514 0.15428 0.783369
0.347477 0.190121 0.462402
0.367816 0.439728 0.192456
0.245572 0.437274 0.317153
0.72204 0.0597967 0.218164
0.0484989 0.490043 0.461459
0.834062 0.12626 0.039678
0.0543969 0.91035 0.0352534
0.259017 0.30423 0.436753
0.15179 0.320633 0.527577
0.212734 0.164655 0.622611
0.163582 0.473279 0.363139
0.762576 0.0630971 0.174327
0.676223 0.29065 0.0331275


0 12 28
13 2 45
4 3 46
33 32 47
22 21 48
37 36 52
38 37 52
11 10 55
55 53 56
8 7 65
28 12 66
29 28 66
35 34 67
6 5 69
60 59 70
5 4 71
59 69 71
69 5 71
47 54 72
20 19 73
68 58 74
19 18 74
73 19 74
58 73 74
72 51 78
27 26 79
30 29 81
56 30 81
55 56 81
29 66 81
47 72 82
72 78 82
26 25 83
79 26 83
62 82 84
82 78 84
40 39 85
39 49 85
41 40 85
70 83 86
25 24 87
50 86 87
83 25 87
86 83 87
65 51 88
51 72 88
36 35 89
35 67 89
34 33 91
33 47 91
67 34 91
47 82 91
82 62 91
62 90 91
90 67 91
54 56 92
56 53 92
72 54 92
53 88 92
88 72 92
52 36 93
36 89 93
57 76 93
90 57 93
89 67 93
67 90 93
43 42 94
42 75 94
18 17 95
74 18 95
68 74 95
17 16 95
16 75 95
75 68 95
14 13 97
13 45 97
45 44 97
38 52 98
9 8 99
8 65 99
88 53 99
65 88 99
76 57 100
80 76 100
57 90 101
90 62 101
62 84 101
84 96 101
96 100 101
100 57 101
15 14 102
44 43 102
43 94 102
14 97 102
97 44 102
7 6 104
6 69 104
51 65 104
65 7 104
63 60 105
60 70 105
50 63 105
86 50 105
70 86 105
20 73 106
61 103 106
103 48 106
39 38 107
49 39 107
38 98 107
98 49 107
23 22 108
22 48 108
58 49 109
77 61 109
49 98 109
98 77 109
42 41 110
75 42 110
68 75 110
41 85 110
85 68 110
4 46 111
71 4 111
70 59 111
59 71 111
46 79 111
79 83 111
83 70 111
59 60 112
69 59 112
78 51 112
51 104 112
104 69 112
24 23 113
87 24 113
64 50 113
50 87 113
23 108 113
108 64 113
63 50 114
50 64 114
96 63 114
16 15 115
75 16 115
94 75 115
15 102 115
102 94 115
52 93 116
93 76 116
77 98 116
98 52 116
60 63 117
84 78 117
63 96 117
96 84 117
78 112 117
112 60 117
114 64 118
80 100 118
100 96 118
96 114 118
32 31 119
47 32 119
54 47 119
21 20 120
20 106 120
48 21 120
106 48 120
12 11 121
66 12 121
11 55 121
55 81 121
81 66 121
3 1 122
1 27 122
46 3 122
27 79 122
79 46 122
76 80 123
61 77 123
103 61 123
80 103 123
77 116 123
116 76 123
61 106 124
106 73 124
109 61 124
73 58 124
58 109 124
49 58 125
85 49 125
58 68 125
68 85 125
48 103 126
108 48 126
64 108 126
103 80 126
80 118 126
118 64 126
31 30 127
30 56 127
119 31 127
56 54 127
54 119 127
10 9 128
53 55 128
55 10 128
9 99 128
99 53 128
