81
1 0 0
0 1 0
0 0 1
0.0909091 0.909091 0
0.181818 0.818182 0
0.272727 0.727273 0
0.363636 0.636364 0
0.454545 0.545455 0
0.545455 0.454545 0
0.636364 0.363636 0
0.727273 0.272727 0
0.818182 0.181818 0
0.909091 0.0909091 0
0 0.0833333 0.916667
0 0.166667 0.833333
0 0.25 0.75
0 0.333333 0.666667
0 0.416667 0.583333
0 0.5 0.5
0 0.583333 0.416667
0 0.666667 0.333333
0 0.75 0.25
0 0.833333 0.166667
0 0.916667 0.0833333
0.9 0 0.1
0.8 0 0.2
0.7 0 0.3
0.6 0 0.4
0.5 0 0.5
0.4 0 0.6
0.3 0 0.7
0.2 0 0.8
0.1 0 0.9
0.60626 0.12622 0.26752
0.10338 0.500897 0.395724
0.291271 0.13733 0.571399
0.173127 0.606697 0.220175
0.492961 0.408508 0.0985318
0.784465 0.0792448 0.136291
0.425388 0.0824084 0.492203
0.654051 0.262112 0.0838362
0.748857 0.176913 0.0742298
0.388353 0.253195 0.358451
0.175977 0.251151 0.572873
0.26159 0.638123 0.100288
0.289007 0.532584 0.178409
0.190005 0.330982 0.479013
0.501781 0.223704 0.274515
0.187552 0.519339 0.293109
0.550586 0.0675989 0.381816
0.278432 0.237264 0.484304
0.577222 0.238855 0.183923
0.556746 0.327676 0.115579
0.0875766 0.348411 0.564012
0.127158 0.125954 0.746888
0.161573 0.754725 0.0837016
0.218872 0.412117 0.369011
0.45722 0.325043 0.217738
0.253689 0.083584 0.662727
0.148708 0.689271 0.162021
0.715129 0.0663265 0.218544
0.91759 0.0400977 0.042312
0.284736 0.45464 0.260623
0.477409 0.151916 0.370675
0.68243 0.159482 0.158088
0.0818224 0.840728 0.07745
0.0802707 0.261592 0.658138
0.0968758 0.0722986 0.830826
0.369157 0.167865 0.462977
0.397455 0.522209 0.0803363
0.0829273 0.592589 0.324483
0.0708931 0.759559 0.169548
0.343562 0.362035 0.294404
0.839852 0.0958018 0.0643462
0.0726496 0.676956 0.250395
0.386465 0.432728 0.180807
0.166759 0.176228 0.657014
0.287023 0.313624 0.399352
0.192857 0.0566207 0.750522
0.109357 0.419648 0.470995
0.0677876 0.194398 0.737815


3 1 23
13 2 32
19 18 34
9 8 37
25 24 38
29 28 39
35 29 39
10 9 40
11 10 41
10 40 41
6 5 44
44 36 45
45 36 48
27 26 49
26 33 49
28 27 49
39 28 49
43 35 50
46 43 50
47 33 51
9 37 52
40 9 52
51 40 52
17 16 53
43 46 53
5 4 55
44 5 55
48 34 56
42 47 57
52 37 57
47 51 57
51 52 57
30 29 58
29 35 58
36 44 59
44 55 59
26 25 60
25 38 60
33 26 60
0 12 61
24 0 61
45 48 62
48 56 62
33 47 63
49 33 63
39 49 63
47 42 63
51 33 64
41 40 64
40 51 64
38 41 64
60 38 64
33 60 64
4 3 65
3 23 65
23 22 65
55 4 65
16 15 66
43 53 66
53 16 66
14 13 67
54 14 67
13 32 67
32 31 67
35 39 68
50 35 68
42 50 68
63 42 68
39 63 68
8 7 69
37 8 69
7 6 69
6 44 69
44 45 69
20 19 70
48 36 70
19 34 70
34 48 70
22 21 71
59 55 71
55 65 71
65 22 71
42 57 72
62 56 72
12 11 73
11 41 73
41 38 73
61 12 73
38 24 73
24 61 73
21 20 74
36 59 74
20 70 74
70 36 74
59 71 74
71 21 74
57 37 75
45 62 75
69 45 75
37 69 75
62 72 75
72 57 75
35 43 76
58 35 76
54 58 76
43 66 76
46 50 77
50 42 77
42 72 77
56 46 77
72 56 77
31 30 78
30 58 78
58 54 78
54 67 78
67 31 78
18 17 79
17 53 79
34 18 79
53 46 79
46 56 79
56 34 79
15 14 80
14 54 80
54 76 80
66 15 80
76 66 80
