131
1 0 0
0 1 0
0 0 1
0.0909091 0.909091 0
0.181818 0.818182 0
0.272727 0.727273 0
0.363636 0.636364 0
0.454545 0.545455 0
0.545455 0.454545 0
0.636364 0.363636 0
0.727273 0.272727 0
0.818182 0.181818 0
0.909091 0.0909091 0
0 0.0555556 0.944444
0 0.111111 0.888889
0 0.166667 0.833333
0 0.222222 0.777778
0 0.277778 0.722222
0 0.333333 0.666667
0 0.388889 0.611111
0 0.444444 0.555556
0 0.5 0.5
0 0.555556 0.444444
0 0.611111 0.388889
0 0.666667 0.333333
0 0.722222 0.277778
0 0.777778 0.222222
0 0.833333 0.166667
0 0.888889 0.111111
0 0.944444 0.0555556
0.941176 0 0.0588235
0.882353 0 0.117647
0.823529 0 0.176471
0.764706 0 0.235294
0.705882 0 0.294118
0.647059 0 0.352941
0.588235 0 0.411765
0.529412 0 0.470588
0.470588 0 0.529412
0.411765 0 0.588235
0.352941 0 0.647059
0.294118 0 0.705882
0.235294 0 0.764706
0.176471 0 0.823529
0.117647 0 0.882353
0.0588235 0 0.941177
0.0983952 0.862719 0.0388858
0.614821 0.127948 0.257231
0.0982484 0.500972 0.40078
0.276376 0.138134 0.585491
0.165001 0.609519 0.22548
0.486777 0.41675 0.0964733
0.776685 0.0790529 0.144262
0.407936 0.0742731 0.517791
0.907061 0.0560891 0.0368494
0.661987 0.270843 0.0671694
0.675948 0.132891 0.19116
0.755591 0.189276 0.0551331
0.39482 0.253844 0.351337
0.165209 0.248579 0.586212
0.289308 0.615109 0.095583
0.33743 0.504075 0.158496
0.16407 0.346736 0.489195
0.508272 0.219872 0.271856
0.264509 0.51106 0.224431
0.173866 0.539731 0.286403
0.53696 0.0896528 0.373387
0.154314 0.190995 0.654691
0.251587 0.594166 0.154247
0.254328 0.253437 0.492235
0.1941 0.693428 0.112472
0.338223 0.0638313 0.597946
0.604437 0.233435 0.162128
0.566626 0.316238 0.117136
0.0880065 0.35731 0.554684
0.079509 0.301366 0.619125
0.144824 0.128034 0.727143
0.349081 0.247029 0.403891
0.169149 0.770407 0.0604438
0.441249 0.406674 0.152076
0.214699 0.406141 0.37916
0.0897058 0.782381 0.127913
0.446848 0.32867 0.224482
0.379501 0.515736 0.104763
0.248648 0.0877406 0.663611
0.141661 0.686935 0.171404
0.0751536 0.6968 0.228046
0.212314 0.0580151 0.72967
0.395514 0.307268 0.297218
0.142724 0.414285 0.442991
0.471689 0.47924 0.0490704
0.561953 0.220161 0.217886
0.17547 0.481379 0.343151
0.493722 0.0648139 0.441464
0.479824 0.18985 0.330326
0.562125 0.129094 0.308782
0.421612 0.140117 0.438271
0.825664 0.0894347 0.0849017
0.14392 0.0701917 0.785888
0.0676077 0.256184 0.676208
0.344097 0.404083 0.251819
0.689435 0.0598473 0.250718
0.573854 0.374452 0.0516946
0.308921 0.333865 0.357214
0.694033 0.18771 0.118256
0.0721848 0.846628 0.0811868
0.268324 0.67976 0.0519161
0.338747 0.154158 0.507095
0.0573924 0.759914 0.182694
0.0755921 0.078153 0.846255
0.0736914 0.198215 0.728093
0.0789899 0.635679 0.285331
0.326712 0.218464 0.454824
0.0871983 0.570038 0.342764
0.0728424 0.424948 0.502209
0.368778 0.433327 0.197895
0.746851 0.053183 0.199966
0.369297 0.580702 0.0500014
0.270938 0.427223 0.301839
0.176237 0.290382 0.53338
0.0679908 0.143165 0.788844
0.248898 0.207545 0.543557
0.0503299 0.0480322 0.901638
0.629719 0.0598235 0.310457
0.840181 0.124459 0.0353598
0.250277 0.318902 0.43082
0.0575346 0.48351 0.458956
0.513875 0.308145 0.17798
0.439188 0.177876 0.382935
0.0427511 0.932355 0.024894
0.657296 0.313554 0.02915


13 2 45
4 3 46
23 22 48
32 31 52
39 38 53
38 37 53
0 12 54
30 0 54
11 10 57
10 55 57
64 50 65
36 35 66
49 59 67
50 64 68
64 61 68
68 60 70
40 39 71
39 53 71
53 49 71
20 19 74
19 18 75
67 59 75
59 74 75
74 19 75
5 4 78
4 46 78
73 51 79
28 27 81
70 78 81
60 68 83
68 61 83
61 79 83
79 51 83
41 40 84
49 67 84
71 49 84
40 71 84
67 76 84
50 68 85
68 70 85
70 81 85
26 25 86
50 85 86
42 41 87
41 84 87
84 76 87
63 82 88
80 48 89
8 7 90
83 51 90
47 56 91
56 72 91
63 47 91
82 63 91
48 80 92
37 36 93
36 66 93
53 37 93
63 88 94
88 58 94
47 63 95
63 94 95
94 66 95
93 66 96
53 93 96
31 30 97
30 54 97
52 31 97
43 42 98
42 87 98
87 76 98
18 17 99
67 75 99
75 18 99
88 82 100
34 33 101
56 47 101
9 8 102
51 73 102
73 55 102
8 90 102
90 51 102
77 58 103
58 88 103
57 55 104
56 52 104
72 56 104
55 73 104
73 72 104
52 97 104
97 57 104
29 28 105
46 29 105
28 81 105
78 46 105
81 78 105
6 5 106
5 78 106
70 60 106
78 70 106
49 53 107
53 96 107
27 26 108
81 27 108
85 81 108
26 86 108
86 85 108
15 14 109
44 43 109
43 98 109
17 16 110
99 17 110
76 67 110
67 99 110
25 24 111
86 25 111
65 50 111
50 86 111
96 77 112
69 107 112
107 96 112
24 23 113
23 48 113
48 92 113
111 24 113
92 65 113
65 111 113
21 20 114
20 74 114
74 62 114
62 89 114
61 64 115
64 100 115
79 61 115
82 79 115
100 82 115
33 32 116
32 52 116
52 56 116
56 101 116
101 33 116
7 6 117
60 83 117
83 90 117
90 7 117
6 106 117
106 60 117
64 65 118
100 64 118
65 92 118
88 100 118
103 88 118
92 80 118
80 103 118
69 62 119
62 74 119
74 59 119
16 15 120
15 109 120
109 98 120
110 16 120
98 76 120
76 110 120
49 107 121
107 69 121
59 49 121
119 59 121
69 119 121
14 13 122
13 45 122
45 44 122
44 109 122
109 14 122
35 34 123
66 35 123
95 66 123
47 95 123
101 47 123
34 101 123
12 11 124
54 12 124
97 54 124
11 57 124
57 97 124
62 69 125
89 62 125
80 89 125
77 103 125
103 80 125
69 112 125
112 77 125
22 21 126
48 22 126
89 48 126
21 114 126
114 89 126
72 73 127
73 79 127
79 82 127
82 91 127
91 72 127
58 77 128
94 58 128
66 94 128
96 66 128
77 96 128
3 1 129
1 29 129
29 46 129
46 3 129
10 9 130
55 10 130
9 102 130
102 55 130
