110
1 0 0
0 1 0
0 0 1
0.0909091 0.909091 0
0.181818 0.818182 0
0.272727 0.727273 0
0.363636 0.636364 0
0.454545 0.545455 0
0.545455 0.454545 0
0.636364 0.363636 0
0.727273 0.272727 0
0.818182 0.181818 0
0.909091 0.0909091 0
0 0.0625 0.9375
0 0.125 0.875
0 0.1875 0.8125
0 0.25 0.75
0 0.3125 0.6875
0 0.375 0.625
0 0.4375 0.5625
0 0.5 0.5
0 0.5625 0.4375
0 0.625 0.375
0 0.6875 0.3125
0 0.75 0.25
0 0.8125 0.1875
0 0.875 0.125
0 0.9375 0.0625
0.928571 0 0.0714286
0.857143 0 0.142857
0.785714 0 0.214286
0.714286 0 0.285714
0.642857 0 0.357143
0.571429 0 0.428571
0.5 0 0.5
0.428571 0 0.571429
0.357143 0 0.642857
0.285714 0 0.714286
0.214286 0 0.785714
0.142857 0 0.857143
0.0714286 0 0.928571
0.614873 0.119803 0.265324
0.0992107 0.504224 0.396566
0.275574 0.149244 0.575182
0.187458 0.591854 0.220688
0.478144 0.419085 0.10277
0.768408 0.0761434 0.155449
0.404708 0.0769822 0.518309
0.646038 0.278823 0.075139
0.670189 0.141731 0.18808
0.752938 0.188567 0.0584948
0.396396 0.258929 0.344675
0.178509 0.258088 0.563403
0.298374 0.612013 0.0896127
0.303763 0.534332 0.161906
0.189054 0.328452 0.482493
0.502042 0.231191 0.266767
0.156011 0.545728 0.298261
0.543089 0.0722931 0.384618
0.164731 0.192029 0.64324
0.268669 0.23593 0.495401
0.341979 0.0625751 0.595445
0.582088 0.24629 0.171622
0.533667 0.336241 0.130092
0.273475 0.49112 0.235405
0.0923859 0.356166 0.551449
0.134779 0.137611 0.727611
0.170149 0.770734 0.0591173
0.205325 0.39487 0.399805
0.904392 0.0554561 0.0401516
0.0874763 0.782188 0.130336
0.463311 0.324338 0.212351
0.0856351 0.29438 0.619985
0.389314 0.506375 0.10431
0.249971 0.0867465 0.663283
0.13163 0.68795 0.18042
0.373488 0.207179 0.419333
0.47611 0.475048 0.048842
0.223405 0.62297 0.153625
0.496115 0.161145 0.342741
0.444244 0.123364 0.432393
0.607099 0.0739729 0.318928
0.0844565 0.852694 0.0628499
0.134921 0.0673088 0.79777
0.0756936 0.233792 0.690515
0.343352 0.400314 0.256334
0.820746 0.0880694 0.0911846
0.565291 0.380439 0.0542704
0.40408 0.3129 0.283019
0.404135 0.423961 0.171905
0.700599 0.176105 0.123295
0.258134 0.690568 0.0512974
0.349085 0.156602 0.494312
0.225103 0.454525 0.320372
0.714239 0.0631698 0.222591
0.100701 0.420313 0.478986
0.310184 0.357171 0.332645
0.291087 0.29862 0.410293
0.187411 0.701537 0.111052
0.0711722 0.595544 0.333284
0.0852307 0.655225 0.259545
0.204484 0.0595872 0.735928
0.58666 0.189439 0.223901
0.390366 0.562148 0.0474863
0.0679787 0.0646339 0.867387
0.840813 0.123709 0.0354778
0.494091 0.0527895 0.453119
0.0568532 0.187503 0.755643
0.0619559 0.737175 0.200869
0.0651541 0.127401 0.807445


3 1 27
13 2 40
22 21 42
21 20 42
30 29 46
35 34 47
10 9 48
11 10 50
10 48 50
33 32 58
43 52 59
52 43 60
55 52 60
36 35 61
35 47 61
47 43 61
62 48 63
54 44 64
44 57 64
19 18 65
52 55 65
5 4 67
0 12 69
28 0 69
26 25 70
56 62 71
62 63 71
18 17 72
59 52 72
52 65 72
65 18 72
53 54 73
37 36 74
36 61 74
43 59 74
61 43 74
59 66 74
8 7 77
73 45 77
44 54 78
75 44 78
54 53 78
41 56 79
56 51 79
51 76 79
58 79 80
79 76 80
32 31 81
31 41 81
58 32 81
41 79 81
79 58 81
4 3 82
67 4 82
3 27 82
27 26 82
26 70 82
70 67 82
39 38 83
17 16 84
66 59 84
59 72 84
72 17 84
29 28 86
28 69 86
46 29 86
9 8 87
48 9 87
45 63 87
63 48 87
8 77 87
77 45 87
51 56 88
56 71 88
71 85 88
63 45 89
71 63 89
45 73 89
73 54 89
54 64 89
64 85 89
85 71 89
49 46 90
62 49 90
50 48 90
48 62 90
46 86 90
86 50 90
6 5 91
53 6 91
5 67 91
43 47 92
60 43 92
47 80 92
76 60 92
80 76 92
57 42 93
42 68 93
64 57 93
85 64 93
31 30 94
41 31 94
49 41 94
30 46 94
46 49 94
20 19 95
19 65 95
65 55 95
42 20 95
68 42 95
55 68 95
51 88 96
93 68 96
88 85 96
85 93 96
55 60 97
60 76 97
76 51 97
68 55 97
51 96 97
96 68 97
67 70 98
91 67 98
70 75 98
78 53 98
53 91 98
75 78 98
23 22 99
22 42 99
42 57 99
24 23 100
44 75 100
23 99 100
57 44 100
99 57 100
37 74 101
74 66 101
38 37 101
83 38 101
66 83 101
41 49 102
56 41 102
49 62 102
62 56 102
7 6 103
6 53 103
53 73 103
73 77 103
77 7 103
14 13 104
13 40 104
40 39 104
39 83 104
12 11 105
11 50 105
50 86 105
69 12 105
86 69 105
34 33 106
47 34 106
80 47 106
33 58 106
58 80 106
16 15 107
66 84 107
84 16 107
25 24 108
70 25 108
75 70 108
24 100 108
100 75 108
15 14 109
14 104 109
104 83 109
107 15 109
83 66 109
66 107 109
