66
1 0 0
0 1 0
0 0 1
0.0909091 0.909091 0
0.181818 0.818182 0
0.272727 0.727273 0
0.363636 0.636364 0
0.454545 0.545455 0
0.545455 0.454545 0
0.636364 0.363636 0
0.727273 0.272727 0
0.818182 0.181818 0
0.909091 0.0909091 0
0 0.0909091 0.909091
0 0.181818 0.818182
0 0.272727 0.727273
0 0.363636 0.636364
0 0.454545 0.545454
0 0.545455 0.454545
0 0.636364 0.363636
0 0.727273 0.272727
0 0.818182 0.181818
0 0.909091 0.0909091
0.857143 0 0.142857
0.714286 0 0.285714
0.571429 0 0.428571
0.428571 0 0.571429
0.285714 0 0.714286
0.142857 0 0.857143
0.651208 0.115815 0.232976
0.0961632 0.482903 0.420934
0.263798 0.151462 0.58474
0.164212 0.601735 0.234053
0.47949 0.406753 0.113756
0.779575 0.0656312 0.154794
0.418962 0.0717265 0.509311
0.402889 0.255534 0.341578
0.184813 0.24255 0.572636
0.280625 0.622464 0.0969111
0.309021 0.535057 0.155922
0.193701 0.323086 0.483214
0.648495 0.219086 0.132419
0.552636 0.0834671 0.363897
0.565214 0.320236 0.11455
0.755333 0.139012 0.105654
0.1285 0.127646 0.743854
0.0831568 0.831883 0.0849606
0.138538 0.686822 0.17464
0.197853 0.415799 0.386349
0.527868 0.182766 0.289366
0.414248 0.156014 0.429738
0.415845 0.348637 0.235518
0.296604 0.237176 0.46622
0.275591 0.065355 0.659054
0.128334 0.0531472 0.818519
0.0875708 0.304715 0.607714
0.0686677 0.763812 0.16752
0.321971 0.436827 0.241202
0.158295 0.760122 0.0815828
0.0839777 0.564542 0.35148
0.300283 0.337046 0.362671
0.0922982 0.393211 0.51449
0.106431 0.212711 0.680858
0.423173 0.479509 0.0973177
0.19672 0.509824 0.293456
0.50707 0.270116 0.222813


3 1 22
0 12 23
18 17 30
9 8 33
23 12 34
24 23 34
29 24 34
26 25 35
6 5 38
7 6 38
7 38 39
38 32 39
11 10 41
25 24 42
24 29 42
35 25 42
10 9 43
41 10 43
9 33 43
12 11 44
34 12 44
29 34 44
11 41 44
41 29 44
14 13 45
4 3 46
3 22 46
22 21 46
20 19 47
19 32 47
38 5 47
32 38 47
29 41 49
42 29 49
31 35 50
49 36 50
35 42 50
42 49 50
43 33 51
40 37 52
50 36 52
37 31 52
31 50 52
27 26 53
26 35 53
35 31 53
31 45 53
13 2 54
2 28 54
45 13 54
28 27 54
27 53 54
53 45 54
16 15 55
37 40 55
21 20 56
20 47 56
46 21 56
51 33 57
5 4 58
47 5 58
56 47 58
4 46 58
46 56 58
19 18 59
32 19 59
18 30 59
36 51 60
48 40 60
40 52 60
52 36 60
51 57 60
57 48 60
17 16 61
30 17 61
48 30 61
40 48 61
16 55 61
55 40 61
15 14 62
31 37 62
45 31 62
14 45 62
37 55 62
55 15 62
8 7 63
33 8 63
7 39 63
39 57 63
57 33 63
57 39 64
30 48 64
48 57 64
59 30 64
39 32 64
32 59 64
41 43 65
49 41 65
36 49 65
43 51 65
51 36 65
