73
1 0 0
0 1 0
0 0 1
0.0909091 0.909091 0
0.181818 0.818182 0
0.272727 0.727273 0
0.363636 0.636364 0
0.454545 0.545455 0
0.545455 0.454545 0
0.636364 0.363636 0
0.727273 0.272727 0
0.818182 0.181818 0
0.909091 0.0909091 0
0 0.0833333 0.916667
0 0.166667 0.833333
0 0.25 0.75
0 0.333333 0.666667
0 0.416667 0.583333
0 0.5 0.5
0 0.583333 0.416667
0 0.666667 0.333333
0 0.75 0.25
0 0.833333 0.166667
0 0.916667 0.0833333
0.888889 0 0.111111
0.777778 0 0.222222
0.666667 0 0.333333
0.555556 0 0.444444
0.444444 0 0.555556
0.333333 0 0.666667
0.222222 0 0.777778
0.111111 0 0.888889
0.641175 0.128421 0.230404
0.0988217 0.492333 0.408845
0.278328 0.14461 0.577062
0.178054 0.604358 0.217588
0.464763 0.415753 0.119484
0.788132 0.0732165 0.138652
0.428494 0.0752082 0.496298
0.671709 0.255414 0.0728767
0.397093 0.251136 0.351771
0.15658 0.257009 0.586411
0.266056 0.63048 0.103464
0.314615 0.521658 0.163727
0.205903 0.326421 0.467676
0.19349 0.514615 0.291895
0.551981 0.0847496 0.36327
0.58894 0.230884 0.180176
0.556115 0.325918 0.117967
0.738119 0.154505 0.107377
0.0955554 0.385587 0.518857
0.133433 0.154448 0.712119
0.157707 0.767906 0.0743871
0.289615 0.242993 0.467392
0.204087 0.41515 0.380763
0.447719 0.320527 0.231755
0.236039 0.0679198 0.696042
0.148904 0.699098 0.151999
0.507953 0.194868 0.297178
0.321183 0.430498 0.248319
0.0811248 0.843605 0.0752702
0.409544 0.158842 0.431614
0.0820716 0.2446 0.673328
0.684321 0.0557674 0.259911
0.109288 0.0762248 0.814487
0.083374 0.589151 0.327475
0.367396 0.566246 0.0663585
0.315872 0.334806 0.349321
0.0737135 0.776657 0.14963
0.435396 0.493411 0.0711924
0.899108 0.0453063 0.0555855
0.341059 0.057413 0.601528
0.0758744 0.667062 0.257063


3 1 23
13 2 31
19 18 33
9 8 36
25 24 37
28 27 38
11 10 39
10 9 39
6 5 42
42 35 43
43 35 45
27 26 46
38 27 46
9 36 48
39 9 48
47 39 48
12 11 49
37 12 49
32 37 49
11 39 49
39 47 49
47 32 49
18 17 50
33 18 50
17 16 50
16 41 50
41 44 50
15 14 51
34 41 51
5 4 52
41 34 53
44 41 53
45 33 54
33 50 54
50 44 54
48 36 55
47 48 55
30 29 56
34 51 56
42 5 57
5 52 57
35 42 57
46 32 58
32 47 58
47 55 58
55 40 58
43 45 59
45 54 59
36 43 59
55 36 59
4 3 60
3 23 60
23 22 60
52 4 60
34 38 61
53 34 61
40 53 61
58 40 61
38 46 61
46 58 61
16 15 62
41 16 62
15 51 62
51 41 62
26 25 63
25 37 63
37 32 63
32 46 63
46 26 63
14 13 64
51 14 64
13 31 64
31 30 64
30 56 64
56 51 64
20 19 65
19 33 65
33 45 65
45 35 65
7 6 66
6 42 66
42 43 66
44 53 67
53 40 67
54 44 67
40 55 67
55 59 67
59 54 67
22 21 68
21 57 68
57 52 68
52 60 68
60 22 68
8 7 69
36 8 69
7 66 69
43 36 69
66 43 69
0 12 70
24 0 70
12 37 70
37 24 70
29 28 71
28 38 71
38 34 71
34 56 71
56 29 71
21 20 72
57 21 72
35 57 72
20 65 72
65 35 72
