84
1 0 0
0 1 0
0 0 1
0.0909091 0.909091 0
0.181818 0.818182 0
0.272727 0.727273 0
0.363636 0.636364 0
0.454545 0.545455 0
0.545455 0.454545 0
0.636364 0.363636 0
0.727273 0.272727 0
0.818182 0.181818 0
0.909091 0.0909091 0
0 0.0714286 0.928571
0 0.142857 0.857143
0 0.214286 0.785714
0 0.285714 0.714286
0 0.357143 0.642857
0 0.428571 0.571429
0 0.5 0.5
0 0.571429 0.428571
0 0.642857 0.357143
0 0.714286 0.285714
0 0.785714 0.214286
0 0.857143 0.142857
0 0.928571 0.0714286
0.9 0 0.1
0.8 0 0.2
0.7 0 0.3
0.6 0 0.4
0.5 0 0.5
0.4 0 0.6
0.3 0 0.7
0.2 0 0.8
0.1 0 0.9
0.639677 0.101577 0.258747
0.107972 0.491597 0.400431
0.282636 0.127657 0.589707
0.188014 0.604285 0.207702
0.484192 0.421168 0.0946406
0.770004 0.079789 0.150207
0.414668 0.080784 0.504548
0.665022 0.257651 0.0773272
0.773006 0.155316 0.0716782
0.393149 0.247712 0.359139
0.189806 0.245607 0.564587
0.26592 0.62201 0.11207
0.323087 0.515749 0.161164
0.183884 0.333027 0.483089
0.177041 0.537278 0.285681
0.540878 0.0773776 0.381745
0.135988 0.193979 0.670033
0.568063 0.25039 0.181547
0.541258 0.337258 0.121484
0.0914111 0.348873 0.559715
0.112856 0.137643 0.749501
0.160071 0.767374 0.0725551
0.293284 0.243498 0.463217
0.206902 0.39511 0.397987
0.459584 0.328144 0.212272
0.241181 0.0833402 0.675478
0.125801 0.701645 0.172553
0.531017 0.179304 0.289678
0.439651 0.492501 0.0678472
0.294987 0.456228 0.248785
0.870083 0.066802 0.0631154
0.662106 0.173028 0.164867
0.0822406 0.850871 0.0668885
0.423546 0.159573 0.416881
0.136149 0.064661 0.79919
0.0836462 0.283314 0.63304
0.224603 0.449449 0.325947
0.0925927 0.422533 0.484874
0.367496 0.565382 0.0671217
0.720112 0.0468471 0.233041
0.342947 0.355722 0.301332
0.0739848 0.573591 0.352424
0.31818 0.169987 0.511833
0.464553 0.268068 0.267378
0.0753363 0.791457 0.133207
0.0852878 0.63544 0.279272
0.40267 0.407182 0.190148
0.287666 0.311461 0.400873
0.235969 0.693737 0.0702931


3 1 25
13 2 34
20 19 36
9 8 39
27 26 40
31 30 41
37 31 41
10 9 42
11 10 42
12 11 43
11 42 43
46 38 47
47 38 49
29 28 50
28 35 50
30 29 50
41 30 50
16 15 51
37 45 51
9 39 53
42 9 53
52 42 53
18 17 54
45 48 54
15 14 55
51 15 55
5 4 56
48 45 57
52 53 59
32 31 60
31 37 60
37 51 60
51 55 60
23 22 61
38 46 61
50 35 62
8 7 63
39 8 63
47 39 63
47 49 64
0 12 65
26 0 65
40 26 65
12 43 65
43 40 65
35 40 66
40 43 66
43 42 66
42 52 66
52 62 66
62 35 66
4 3 67
3 25 67
25 24 67
56 4 67
41 50 68
44 57 68
50 62 68
62 44 68
14 13 69
13 34 69
34 33 69
55 14 69
33 32 69
32 60 69
60 55 69
17 16 70
16 51 70
51 45 70
45 54 70
54 17 70
49 36 71
64 49 71
36 58 71
18 54 72
54 48 72
19 18 72
48 58 72
36 19 72
58 36 72
7 6 73
6 46 73
63 7 73
46 47 73
47 63 73
28 27 74
35 28 74
27 40 74
40 35 74
71 58 75
64 71 75
21 20 76
20 36 76
36 49 76
45 37 77
57 45 77
37 41 77
41 68 77
68 57 77
52 59 78
62 52 78
44 62 78
59 75 78
75 44 78
24 23 79
23 61 79
61 56 79
56 67 79
67 24 79
22 21 80
38 61 80
61 22 80
21 76 80
49 38 80
76 49 80
53 39 81
59 53 81
39 47 81
47 64 81
64 75 81
75 59 81
48 57 82
57 44 82
58 48 82
44 75 82
75 58 82
6 5 83
46 6 83
5 56 83
56 61 83
61 46 83
