44
1 0 0
0 1 0
0 0 1
0.0909091 0.909091 0
0.181818 0.818182 0
0.272727 0.727273 0
0.363636 0.636364 0
0.454545 0.545455 0
0.545455 0.454545 0
0.636364 0.363636 0
0.727273 0.272727 0
0.818182 0.181818 0
0.909091 0.0909091 0
0 0.0666667 0.933333
0 0.133333 0.866667
0 0.2 0.8
0 0.266667 0.733333
0 0.333333 0.666667
0 0.4 0.6
0 0.466667 0.533333
0 0.533333 0.466667
0 0.6 0.4
0 0.666667 0.333333
0 0.733333 0.266667
0 0.8 0.2
0 0.866667 0.133333
0 0.933333 0.0666667
0.8 0 0.2
0.6 0 0.4
0.4 0 0.6
0.2 0 0.8
0.643679 0.113519 0.242802
0.283794 0.139848 0.576358
0.386949 0.252554 0.360497
0.287897 0.208354 0.503749
0.261808 0.553812 0.18438
0.589205 0.241185 0.16961
0.321317 0.349233 0.32945
0.260881 0.088043 0.651076
0.219952 0.625527 0.154521
0.340368 0.407741 0.251891
0.166443 0.719591 0.113966
0.2908 0.48283 0.22637
0.518988 0.0925965 0.388415


5 4 25
24 5 25
3 1 26
4 3 26
25 4 26
13 2 30
14 13 30
29 14 30
0 12 31
27 0 31
16 15 32
31 12 33
18 17 33
17 16 34
16 32 34
31 33 34
33 17 34
8 7 35
22 21 35
11 10 36
12 11 36
33 12 36
36 10 37
19 18 37
18 33 37
33 36 37
15 14 38
32 15 38
14 29 38
29 28 38
28 32 38
7 6 39
6 23 39
23 22 39
22 35 39
35 7 39
10 9 40
37 10 40
20 19 40
19 37 40
6 5 41
5 24 41
23 6 41
24 23 41
9 8 42
21 20 42
8 35 42
35 21 42
20 40 42
40 9 42
28 27 43
32 28 43
27 31 43
31 34 43
34 32 43
