60
1 0 0
0 1 0
0 0 1
0.0909091 0.909091 0
0.181818 0.818182 0
0.272727 0.727273 0
0.363636 0.636364 0
0.454545 0.545455 0
0.545455 0.454545 0
0.636364 0.363636 0
0.727273 0.272727 0
0.818182 0.181818 0
0.909091 0.0909091 0
0 0.0714286 0.928571
0 0.142857 0.857143
0 0.214286 0.785714
0 0.285714 0.714286
0 0.357143 0.642857
0 0.428571 0.571429
0 0.5 0.5
0 0.571429 0.428571
0 0.642857 0.357143
0 0.714286 0.285714
0 0.785714 0.214286
0 0.857143 0.142857
0 0.928571 0.0714286
0.833333 0 0.166667
0.666667 0 0.333333
0.5 0 0.5
0.333333 0 0.666667
0.166667 0 0.833333
0.609409 0.123687 0.266903
0.29892 0.144766 0.556314
0.161189 0.618255 0.220556
0.439203 0.42437 0.136426
0.367569 0.256066 0.376365
0.206677 0.248609 0.544713
0.647267 0.241268 0.111465
0.677644 0.0525294 0.269826
0.32761 0.519162 0.153228
0.201013 0.331773 0.467214
0.802007 0.0657719 0.132222
0.174978 0.6909 0.134123
0.327108 0.0654879 0.607404
0.547574 0.330696 0.121729
0.728524 0.150371 0.121105
0.552094 0.210122 0.237783
0.151999 0.134506 0.713495
0.202895 0.401523 0.395582
0.494404 0.0799864 0.425609
0.210104 0.476839 0.313057
0.1586 0.0672116 0.774189
0.127142 0.772978 0.0998802
0.422766 0.308369 0.268864
0.429192 0.17447 0.396338
0.30073 0.599764 0.0995058
0.365287 0.389182 0.245531
0.133583 0.203911 0.662507
0.145356 0.557373 0.29727
0.0714926 0.876053 0.0524544


3 1 25
13 2 30
22 21 33
9 8 34
17 16 36
11 10 37
27 26 38
8 7 39
34 8 39
18 17 40
17 36 40
36 35 40
0 12 41
26 0 41
31 38 41
38 26 41
6 5 42
23 22 42
22 33 42
29 28 43
10 9 44
9 34 44
37 10 44
12 11 45
11 37 45
31 41 45
41 12 45
31 45 46
45 37 46
15 14 47
43 32 47
19 18 48
18 40 48
28 27 49
38 31 49
27 38 49
32 43 49
43 28 49
20 19 50
34 39 50
19 48 50
14 13 51
13 30 51
30 29 51
47 14 51
29 43 51
43 47 51
5 4 52
4 24 52
24 23 52
23 42 52
42 5 52
37 44 53
35 46 53
46 37 53
40 35 53
48 40 53
36 32 54
35 36 54
31 46 54
46 35 54
32 49 54
49 31 54
7 6 55
33 39 55
39 7 55
6 42 55
42 33 55
44 34 56
34 50 56
50 48 56
48 53 56
53 44 56
16 15 57
32 36 57
36 16 57
15 47 57
47 32 57
21 20 58
33 21 58
39 33 58
20 50 58
50 39 58
4 3 59
3 25 59
24 4 59
25 24 59
