107
1 0 0
0 1 0
0 0 1
0.0909091 0.909091 0
0.181818 0.818182 0
0.272727 0.727273 0
0.363636 0.636364 0
0.454545 0.545455 0
0.545455 0.454545 0
0.636364 0.363636 0
0.727273 0.272727 0
0.818182 0.181818 0
0.909091 0.0909091 0
0 0.0714286 0.928571
0 0.142857 0.857143
0 0.214286 0.785714
0 0.285714 0.714286
0 0.357143 0.642857
0 0.428571 0.571429
0 0.5 0.5
0 0.571429 0.428571
0 0.642857 0.357143
0 0.714286 0.285714
0 0.785714 0.214286
0 0.857143 0.142857
0 0.928571 0.0714286
0.928571 0 0.0714286
0.857143 0 0.142857
0.785714 0 0.214286
0.714286 0 0.285714
0.642857 0 0.357143
0.571429 0 0.428571
0.5 0 0.5
0.428571 0 0.571429
0.357143 0 0.642857
0.285714 0 0.714286
0.214286 0 0.785714
0.142857 0 0.857143
0.0714286 0 0.928571
0.634737 0.116769 0.248494
0.0975112 0.483632 0.418856
0.260367 0.157132 0.582501
0.158175 0.610529 0.231296
0.470856 0.409587 0.119557
0.787467 0.0777968 0.134736
0.423225 0.0685954 0.508179
0.646547 0.279527 0.0739259
0.750001 0.17254 0.077459
0.3906 0.257451 0.351949
0.174975 0.258793 0.566233
0.298332 0.604393 0.0972751
0.0643535 0.136485 0.799162
0.313992 0.530781 0.155227
0.187005 0.328363 0.484632
0.483803 0.232816 0.283381
0.17272 0.53614 0.291141
0.693979 0.129402 0.176619
0.539584 0.0770044 0.383411
0.154052 0.192563 0.653385
0.269039 0.231203 0.499757
0.591597 0.244748 0.163655
0.547618 0.327441 0.12494
0.260744 0.51368 0.225576
0.0817024 0.369259 0.549039
0.141974 0.129659 0.728366
0.151304 0.791881 0.0568146
0.210788 0.393973 0.395239
0.0870841 0.772175 0.140741
0.472538 0.322287 0.205175
0.847855 0.0866374 0.0655079
0.389615 0.505785 0.1046
0.251039 0.087829 0.661132
0.142966 0.686758 0.170276
0.0655842 0.854373 0.0800423
0.370529 0.204207 0.425264
0.227618 0.609026 0.163356
0.472344 0.170708 0.356947
0.443833 0.123158 0.433009
0.134468 0.067507 0.798025
0.0634752 0.263399 0.673126
0.561504 0.381999 0.0564962
0.312779 0.339645 0.347576
0.38959 0.330298 0.280112
0.674327 0.201462 0.124211
0.350247 0.144443 0.50531
0.283892 0.424373 0.291735
0.113722 0.415234 0.471043
0.345991 0.0714078 0.582602
0.0681748 0.201596 0.73023
0.0750496 0.632277 0.292673
0.374351 0.431227 0.194422
0.0837737 0.560731 0.355495
0.205277 0.0601501 0.734573
0.472238 0.476548 0.0512132
0.288544 0.291759 0.419697
0.705074 0.0561114 0.238815
0.0713295 0.704231 0.22444
0.0666314 0.067675 0.865694
0.650116 0.0532723 0.296611
0.298047 0.657668 0.0442856
0.0925844 0.293205 0.61421
0.203957 0.701801 0.0942419
0.569222 0.120489 0.310289
0.381704 0.571922 0.0463744
0.498821 0.050554 0.450625
0.175018 0.47533 0.349651
0.569982 0.20052 0.229498


3 1 25
0 12 26
13 2 38
20 19 40
28 27 44
33 32 45
10 9 46
11 10 47
10 46 47
15 14 51
28 44 56
44 47 56
31 30 57
41 49 58
49 41 59
53 49 59
60 46 61
42 55 62
18 17 63
19 18 63
49 53 63
4 3 65
5 4 65
24 23 67
61 43 68
60 61 68
26 12 69
27 26 69
44 27 69
12 11 69
11 47 69
47 44 69
50 52 70
35 34 71
41 58 71
58 64 71
3 25 73
65 3 73
25 24 73
24 67 73
67 65 73
42 62 75
62 52 75
72 42 75
52 50 75
54 48 76
48 74 76
57 76 77
76 74 77
37 36 78
64 51 78
17 16 79
9 8 80
43 61 80
46 9 80
61 46 80
48 54 82
81 48 82
54 68 82
47 46 83
46 60 83
56 47 83
60 56 83
59 41 84
74 59 84
45 77 84
77 74 84
62 55 85
66 81 85
81 82 85
40 19 86
19 63 86
63 53 86
53 66 86
66 40 86
34 33 87
41 71 87
71 34 87
84 41 87
33 45 87
45 84 87
15 51 88
51 64 88
16 15 88
79 16 88
64 58 88
58 79 88
22 21 89
55 42 89
68 43 90
52 62 90
43 70 90
70 52 90
82 68 90
62 85 90
85 82 90
21 20 91
20 40 91
89 21 91
55 89 91
36 35 92
35 71 92
71 64 92
64 78 92
78 36 92
8 7 93
70 43 93
43 80 93
80 8 93
53 59 94
66 53 94
59 74 94
81 66 94
74 48 94
48 81 94
29 28 95
28 56 95
56 39 95
23 22 96
67 23 96
72 67 96
42 72 96
89 42 96
22 89 96
14 13 97
13 38 97
38 37 97
37 78 97
51 14 97
78 51 97
30 29 98
29 95 98
95 39 98
6 5 99
58 49 100
79 58 100
49 63 100
63 17 100
17 79 100
65 67 101
67 72 101
72 75 101
75 50 101
5 65 101
99 5 101
50 99 101
54 76 102
57 30 102
30 98 102
98 39 102
76 57 102
7 6 103
50 70 103
70 93 103
93 7 103
6 99 103
99 50 103
32 31 104
31 57 104
57 77 104
45 32 104
77 45 104
66 85 105
85 55 105
40 66 105
91 40 105
55 91 105
39 56 106
56 60 106
60 68 106
68 54 106
54 102 106
102 39 106
