42
1 0 0
0 1 0
0 0 1
0.0909091 0.909091 0
0.181818 0.818182 0
0.272727 0.727273 0
0.363636 0.636364 0
0.454545 0.545455 0
0.545455 0.454545 0
0.636364 0.363636 0
0.727273 0.272727 0
0.818182 0.181818 0
0.909091 0.0909091 0
0 0.1 0.9
0 0.2 0.8
0 0.3 0.7
0 0.4 0.6
0 0.5 0.5
0 0.6 0.4
0 0.7 0.3
0 0.8 0.2
0 0.9 0.1
0.75 0 0.25
0.5 0 0.5
0.25 0 0.75
0.618485 0.12302 0.258495
0.342205 0.155998 0.501797
0.163118 0.612654 0.224228
0.41716 0.0691401 0.5137
0.373451 0.265045 0.361503
0.180275 0.237417 0.582308
0.283502 0.523235 0.193263
0.205507 0.336847 0.457646
0.419919 0.368699 0.211382
0.235792 0.434509 0.3297
0.565307 0.206733 0.22796
0.177697 0.0744796 0.747824
0.118276 0.750342 0.131381
0.542407 0.29699 0.160603
0.845627 0.0404078 0.113965
0.129336 0.153484 0.71718
0.664875 0.0566662 0.278459


3 1 21
4 3 21
20 4 21
12 11 25
18 17 27
6 5 27
5 19 27
19 18 27
24 23 28
25 26 28
15 14 30
26 29 30
8 7 31
7 6 31
6 27 31
27 17 31
16 15 32
15 30 32
30 29 32
9 8 33
32 29 33
17 16 34
31 17 34
16 32 34
8 31 34
33 8 34
32 33 34
11 10 35
25 11 35
26 25 35
29 26 35
13 2 36
2 24 36
24 28 36
28 26 36
5 4 37
4 20 37
19 5 37
20 19 37
10 9 38
9 33 38
33 29 38
29 35 38
35 10 38
0 12 39
22 0 39
14 13 40
26 30 40
30 14 40
13 36 40
36 26 40
23 22 41
25 28 41
28 23 41
12 25 41
39 12 41
22 39 41
