92
1 0 0
0 1 0
0 0 1
0.0909091 0.909091 0
0.181818 0.818182 0
0.272727 0.727273 0
0.363636 0.636364 0
0.454545 0.545455 0
0.545455 0.454545 0
0.636364 0.363636 0
0.727273 0.272727 0
0.818182 0.181818 0
0.909091 0.0909091 0
0 0.0526316 0.947368
0 0.105263 0.894737
0 0.157895 0.842105
0 0.210526 0.789474
0 0.263158 0.736842
0 0.315789 0.684211
0 0.368421 0.631579
0 0.421053 0.578947
0 0.473684 0.526316
0 0.526316 0.473684
0 0.578947 0.421053
0 0.631579 0.368421
0 0.684211 0.315789
0 0.736842 0.263158
0 0.789474 0.210526
0 0.842105 0.157895
0 0.894737 0.105263
0 0.947369 0.0526316
0.909091 0 0.0909091
0.818182 0 0.181818
0.727273 0 0.272727
0.636364 0 0.363636
0.545455 0 0.454545
0.454545 0 0.545455
0.363636 0 0.636364
0.272727 0 0.727273
0.181818 0 0.818182
0.0909091 0 0.909091
0.617297 0.123943 0.25876
0.133392 0.469514 0.397095
0.296013 0.129608 0.574379
0.147972 0.618989 0.233038
0.486494 0.403545 0.109961
0.762865 0.0813455 0.155789
0.611473 0.291184 0.0973421
0.739102 0.188541 0.072357
0.4138 0.245206 0.340994
0.169622 0.249492 0.580886
0.282779 0.631372 0.0858492
0.320391 0.51728 0.16233
0.454877 0.0666698 0.478454
0.205539 0.330429 0.464032
0.434359 0.289711 0.27593
0.163354 0.550024 0.286622
0.539368 0.0773845 0.383248
0.274429 0.24061 0.484961
0.292519 0.0730481 0.634433
0.594927 0.239851 0.165222
0.747194 0.140146 0.112661
0.137759 0.122669 0.739572
0.136529 0.788747 0.0747238
0.596944 0.184229 0.218827
0.258017 0.363141 0.378842
0.467601 0.323654 0.208745
0.130717 0.22139 0.647893
0.119352 0.327225 0.553424
0.409422 0.390809 0.199768
0.131385 0.738335 0.130279
0.462182 0.161798 0.37602
0.125796 0.07236 0.801844
0.213724 0.477499 0.308777
0.127373 0.687569 0.185058
0.397544 0.529658 0.0727975
0.360233 0.155961 0.483806
0.871902 0.0606204 0.0674772
0.634306 0.0721448 0.293549
0.257218 0.595596 0.147186
0.234677 0.0570566 0.708267
0.0826095 0.616929 0.300462
0.319417 0.468195 0.212388
0.108884 0.424129 0.466986
0.0781749 0.0464183 0.875407
0.0719429 0.886677 0.0413803
0.154359 0.163516 0.682125
0.338907 0.243613 0.417481
0.484757 0.45007 0.0651731
0.305754 0.393088 0.301158
0.615318 0.335243 0.0494383
0.242158 0.700787 0.057055


3 1 30
13 2 40
23 22 42
26 25 44
32 31 46
41 32 46
11 10 47
12 11 48
11 47 48
19 18 50
7 6 51
35 34 53
36 35 53
43 36 53
24 23 56
52 44 56
34 33 57
53 34 57
37 36 59
36 43 59
48 47 60
12 48 61
48 60 61
16 15 62
5 4 63
4 29 63
29 28 63
49 41 64
55 49 64
41 46 64
46 61 64
60 55 64
61 60 64
54 49 65
49 55 65
55 60 66
60 47 66
18 17 67
50 18 67
43 50 67
20 19 68
54 20 68
19 50 68
50 58 68
58 54 68
47 45 69
66 47 69
28 27 70
63 28 70
41 49 71
15 14 72
39 38 72
62 15 72
23 42 73
56 23 73
26 44 74
27 26 74
70 27 74
51 70 74
8 7 75
7 51 75
50 43 76
43 53 76
58 50 76
53 57 76
57 71 76
71 58 76
0 12 77
12 61 77
31 0 77
46 31 77
61 46 77
33 32 78
32 41 78
41 71 78
57 33 78
71 57 78
44 52 79
52 75 79
51 74 79
75 51 79
74 44 79
38 37 80
37 59 80
59 62 80
62 72 80
72 38 80
25 24 81
24 56 81
44 25 81
56 44 81
45 52 82
69 45 82
52 56 82
56 73 82
73 69 82
22 21 83
42 22 83
21 20 83
20 54 83
65 42 83
54 65 83
14 13 84
13 40 84
40 39 84
39 72 84
72 14 84
4 3 85
3 30 85
29 4 85
30 29 85
17 16 86
16 62 86
59 43 86
43 67 86
67 17 86
62 59 86
49 54 87
54 58 87
58 71 87
71 49 87
9 8 88
45 9 88
8 75 88
52 45 88
75 52 88
42 65 89
65 55 89
55 66 89
73 42 89
66 69 89
69 73 89
10 9 90
9 45 90
45 47 90
47 10 90
6 5 91
5 63 91
63 70 91
51 6 91
70 51 91
