71
1 0 0
0 1 0
0 0 1
0.0909091 0.909091 0
0.181818 0.818182 0
0.272727 0.727273 0
0.363636 0.636364 0
0.454545 0.545455 0
0.545455 0.454545 0
0.636364 0.363636 0
0.727273 0.272727 0
0.818182 0.181818 0
0.909091 0.0909091 0
0 0.0555556 0.944444
0 0.111111 0.888889
0 0.166667 0.833333
0 0.222222 0.777778
0 0.277778 0.722222
0 0.333333 0.666667
0 0.388889 0.611111
0 0.444444 0.555556
0 0.5 0.5
0 0.555556 0.444444
0 0.611111 0.388889
0 0.666667 0.333333
0 0.722222 0.277778
0 0.777778 0.222222
0 0.833333 0.166667
0 0.888889 0.111111
0 0.944444 0.0555556
0.888889 0 0.111111
0.777778 0 0.222222
0.666667 0 0.333333
0.555556 0 0.444444
0.444444 0 0.555556
0.333333 0 0.666667
0.222222 0 0.777778
0.111111 0 0.888889
0.645915 0.107256 0.246829
0.286838 0.140104 0.573058
0.177584 0.611248 0.211168
0.499937 0.405609 0.0944544
0.624766 0.288604 0.0866302
0.706775 0.196287 0.0969377
0.728259 0.125396 0.146344
0.432594 0.230173 0.337233
0.175855 0.234931 0.589214
0.274306 0.623282 0.102412
0.357919 0.154617 0.487463
0.191443 0.336682 0.471874
0.260576 0.509472 0.229952
0.506788 0.255971 0.237241
0.156945 0.118681 0.724374
0.531587 0.294252 0.174161
0.250018 0.254548 0.495434
0.23401 0.377409 0.388581
0.369978 0.523999 0.106023
0.512068 0.120209 0.367723
0.309716 0.0777739 0.61251
0.181928 0.475391 0.342681
0.41146 0.392814 0.195726
0.165938 0.725577 0.108485
0.139202 0.0719382 0.78886
0.127883 0.796277 0.0758405
0.137479 0.179196 0.683325
0.356045 0.365615 0.27834
0.495758 0.0676743 0.436568
0.111875 0.593412 0.294714
0.0696667 0.888794 0.0415388
0.12398 0.690472 0.185548
0.0926443 0.046069 0.861287


3 1 29
13 2 37
31 30 38
25 24 40
10 9 41
9 8 41
11 10 42
10 41 42
12 11 43
11 42 43
0 12 44
30 0 44
38 30 44
12 43 44
38 44 45
18 17 46
17 39 46
7 6 47
46 39 48
20 19 49
44 43 51
45 44 51
16 15 52
43 42 53
51 43 53
19 18 54
18 46 54
49 19 54
46 48 54
45 49 54
21 20 55
20 49 55
49 45 55
45 51 55
8 7 56
7 47 56
47 40 56
40 50 56
41 8 56
50 41 56
32 31 57
31 38 57
38 45 57
45 54 57
54 48 57
34 33 58
33 39 58
35 34 58
52 35 58
23 22 59
50 23 59
22 21 59
21 55 59
42 41 60
53 42 60
41 50 60
50 59 60
6 5 61
27 26 61
47 6 61
15 14 62
36 35 62
35 52 62
52 15 62
5 4 63
4 28 63
28 27 63
27 61 63
61 5 63
17 16 64
39 17 64
58 39 64
16 52 64
52 58 64
51 53 65
55 51 65
59 55 65
53 60 65
60 59 65
33 32 66
39 33 66
48 39 66
32 57 66
57 48 66
24 23 67
23 50 67
40 24 67
50 40 67
4 3 68
3 29 68
28 4 68
29 28 68
26 25 69
25 40 69
40 47 69
47 61 69
61 26 69
14 13 70
13 37 70
37 36 70
36 62 70
62 14 70
