82
1 0 0
0 1 0
0 0 1
0.0909091 0.909091 0
0.181818 0.818182 0
0.272727 0.727273 0
0.363636 0.636364 0
0.454545 0.545455 0
0.545455 0.454545 0
0.636364 0.363636 0
0.727273 0.272727 0
0.818182 0.181818 0
0.909091 0.0909091 0
0 0.0769231 0.923077
0 0.153846 0.846154
0 0.230769 0.769231
0 0.307692 0.692308
0 0.384615 0.615385
0 0.461538 0.538462
0 0.538462 0.461538
0 0.615385 0.384615
0 0.692308 0.307692
0 0.769231 0.230769
0 0.846154 0.153846
0 0.923077 0.0769231
0.9 0 0.1
0.8 0 0.2
0.7 0 0.3
0.6 0 0.4
0.5 0 0.5
0.4 0 0.6
0.3 0 0.7
0.2 0 0.8
0.1 0 0.9
0.618591 0.124637 0.256772
0.0989742 0.493366 0.40766
0.288227 0.138271 0.573502
0.172011 0.614868 0.213121
0.493745 0.407208 0.0990473
0.765685 0.0763535 0.157961
0.415914 0.0734009 0.510685
0.652532 0.264789 0.0826794
0.743986 0.193059 0.0629551
0.384089 0.240869 0.375042
0.17936 0.257379 0.56326
0.265525 0.636644 0.0978308
0.290432 0.530649 0.178919
0.190907 0.330821 0.478272
0.48765 0.238202 0.274148
0.160586 0.54155 0.297864
0.533679 0.0755056 0.390815
0.162476 0.190362 0.647162
0.578072 0.239909 0.182019
0.558757 0.32722 0.114024
0.0912089 0.360816 0.547975
0.107587 0.150699 0.741714
0.170369 0.752524 0.0771068
0.280955 0.236024 0.483021
0.226637 0.396487 0.376877
0.465844 0.332286 0.20187
0.235872 0.0784619 0.685666
0.150118 0.694543 0.15534
0.074218 0.77231 0.153472
0.913902 0.0416629 0.0444352
0.285795 0.448714 0.265491
0.486463 0.161827 0.35171
0.692871 0.165131 0.141999
0.0834639 0.842969 0.0735668
0.116596 0.0731196 0.810284
0.399928 0.51969 0.0803815
0.0819738 0.293211 0.624815
0.388863 0.154259 0.456877
0.360464 0.342589 0.296947
0.712048 0.0536345 0.234318
0.0765141 0.626354 0.297132
0.8219 0.103203 0.0748974
0.0683781 0.234335 0.697287
0.11764 0.41546 0.466899
0.0708572 0.697404 0.231739
0.20046 0.465439 0.334101
0.288807 0.308701 0.402493
0.387039 0.428466 0.184495


3 1 24
13 2 33
20 19 35
19 18 35
9 8 38
26 25 39
30 29 40
36 30 40
10 9 41
11 10 42
10 41 42
6 5 45
45 37 46
20 35 49
46 37 49
28 27 50
27 34 50
29 28 50
40 29 50
36 44 51
48 34 52
9 38 53
41 9 53
52 41 53
18 17 54
44 47 54
15 14 55
5 4 56
45 5 56
44 36 57
47 44 57
53 38 59
48 52 59
52 53 59
31 30 60
30 36 60
32 31 60
36 51 60
51 55 60
37 45 61
45 56 61
23 22 62
61 56 62
0 12 63
25 0 63
46 49 64
34 48 65
50 34 65
48 43 65
34 39 66
52 34 66
42 41 66
41 52 66
4 3 67
3 24 67
24 23 67
56 4 67
23 62 67
62 56 67
14 13 68
13 33 68
33 32 68
55 14 68
32 60 68
60 55 68
8 7 69
38 8 69
7 6 69
6 45 69
45 46 69
51 44 70
17 16 70
54 17 70
44 54 70
36 40 71
57 36 71
40 50 71
50 65 71
43 57 71
65 43 71
43 48 72
48 59 72
64 58 72
27 26 73
26 39 73
34 27 73
39 34 73
21 20 74
20 49 74
49 37 74
12 11 75
11 42 75
63 12 75
39 25 75
25 63 75
42 66 75
66 39 75
16 15 76
15 55 76
55 51 76
51 70 76
70 16 76
35 18 77
18 54 77
54 47 77
47 58 77
58 35 77
22 21 78
61 62 78
62 22 78
37 61 78
74 37 78
21 74 78
49 35 79
35 58 79
58 64 79
64 49 79
47 57 80
57 43 80
58 47 80
43 72 80
72 58 80
46 64 81
59 38 81
38 69 81
69 46 81
64 72 81
72 59 81
