125
1 0 0
0 1 0
0 0 1
0.0909091 0.909091 0
0.181818 0.818182 0
0.272727 0.727273 0
0.363636 0.636364 0
0.454545 0.545455 0
0.545455 0.454545 0
0.636364 0.363636 0
0.727273 0.272727 0
0.818182 0.181818 0
0.909091 0.0909091 0
0 0.0526316 0.947368
0 0.105263 0.894737
0 0.157895 0.842105
0 0.210526 0.789474
0 0.263158 0.736842
0 0.315789 0.68421
0 0.368421 0.631579
0 0.421053 0.578947
0 0.473684 0.526316
0 0.526316 0.473684
0 0.578947 0.421053
0 0.631579 0.368421
0 0.684211 0.315789
0 0.736842 0.263158
0 0.789474 0.210526
0 0.842105 0.157895
0 0.894737 0.105263
0 0.947368 0.0526316
0.9375 0 0.0625
0.875 0 0.125
0.8125 0 0.1875
0.75 0 0.25
0.6875 0 0.3125
0.625 0 0.375
0.5625 0 0.4375
0.5 0 0.5
0.4375 0 0.5625
0.375 0 0.625
0.3125 0 0.6875
0.25 0 0.75
0.1875 0 0.8125
0.125 0 0.875
0.0625001 0 0.9375
0.618548 0.121678 0.259775
0.10453 0.488118 0.407352
0.27119 0.138431 0.590379
0.181453 0.60287 0.215677
0.481833 0.419281 0.0988858
0.782684 0.0677782 0.149538
0.395069 0.0797145 0.525217
0.907802 0.0564767 0.0357215
0.660584 0.273959 0.0654569
0.674607 0.145686 0.179707
0.759627 0.176283 0.0640897
0.380105 0.27908 0.340816
0.184319 0.229376 0.586305
0.268336 0.631055 0.100609
0.306497 0.52703 0.166472
0.169768 0.34461 0.485621
0.495134 0.229523 0.275343
0.277935 0.500608 0.221457
0.168347 0.550581 0.281072
0.537872 0.0822623 0.379866
0.15617 0.188156 0.655675
0.254495 0.597945 0.14756
0.255811 0.263557 0.480632
0.585062 0.245267 0.169671
0.547704 0.326657 0.125639
0.745126 0.137271 0.117603
0.0758664 0.371477 0.552657
0.143086 0.128624 0.72829
0.337592 0.255236 0.407172
0.161152 0.779252 0.059596
0.240649 0.378993 0.380358
0.0892606 0.776293 0.134447
0.474902 0.314658 0.21044
0.375813 0.518995 0.105192
0.253106 0.0862965 0.660597
0.144587 0.690638 0.164775
0.393568 0.127683 0.478749
0.132931 0.423547 0.443522
0.474671 0.476852 0.0484773
0.569588 0.209176 0.221236
0.176984 0.482863 0.340153
0.49224 0.0620506 0.445709
0.488787 0.169675 0.341538
0.616676 0.0685316 0.314793
0.0811338 0.870049 0.0488169
0.433757 0.150088 0.416156
0.144986 0.069844 0.78517
0.0687162 0.250169 0.681115
0.353342 0.403354 0.243303
0.726094 0.0636722 0.210234
0.408455 0.425701 0.165844
0.584222 0.367307 0.0484712
0.284955 0.187325 0.52772
0.0680773 0.834628 0.0972948
0.267593 0.682099 0.0503077
0.660888 0.219065 0.120047
0.0877209 0.295301 0.616979
0.742888 0.227264 0.0298488
0.211269 0.06102 0.727711
0.180064 0.716558 0.103378
0.302385 0.382267 0.315347
0.078917 0.0756332 0.84545
0.345217 0.0624092 0.592373
0.0746235 0.194072 0.731305
0.838213 0.0775227 0.0842641
0.0814596 0.589621 0.32892
0.3705 0.579931 0.0495694
0.0559182 0.0443655 0.899716
0.080939 0.643263 0.275798
0.0787776 0.695422 0.225801
0.840947 0.122739 0.0363133
0.16769 0.290166 0.542144
0.338687 0.198648 0.462665
0.406036 0.316087 0.277877
0.0682163 0.140471 0.791313
0.0778311 0.427162 0.495007
0.233427 0.335082 0.43149
0.253833 0.466362 0.279805
0.0710475 0.553672 0.375281


3 1 30
13 2 45
23 22 47
33 32 51
39 38 52
0 12 53
31 0 53
60 49 63
63 49 64
37 36 65
48 58 66
49 60 67
55 51 71
20 19 72
21 20 72
5 4 75
74 57 76
28 27 77
69 70 78
59 67 79
67 60 79
41 40 80
48 66 80
66 73 80
77 27 81
49 67 81
67 59 81
47 22 83
76 47 83
8 7 84
79 50 84
46 55 85
62 46 85
55 69 85
69 78 85
78 62 85
47 76 86
38 37 87
52 38 87
82 52 87
37 65 87
46 62 88
62 57 88
57 74 88
35 34 89
34 46 89
36 35 89
65 36 89
46 88 89
88 65 89
4 3 90
75 4 90
3 30 90
30 29 90
82 87 91
87 65 91
65 88 91
88 74 91
43 42 92
18 17 93
34 33 95
46 34 95
55 46 95
33 51 95
51 55 95
50 79 96
79 60 96
60 63 96
63 94 96
70 50 96
78 70 96
94 78 96
10 9 97
54 10 97
50 70 97
70 54 97
9 8 97
8 84 97
84 50 97
48 52 98
52 82 98
58 48 98
29 28 99
28 77 99
77 75 99
75 90 99
90 29 99
6 5 100
5 75 100
54 70 101
70 69 101
69 55 101
55 71 101
56 54 101
71 56 101
72 19 102
19 18 102
18 93 102
66 58 102
93 66 102
11 10 103
56 11 103
10 54 103
54 56 103
42 41 104
41 80 104
80 73 104
73 92 104
92 42 104
77 81 105
81 59 105
75 77 105
100 75 105
59 100 105
76 57 106
86 76 106
15 14 107
44 43 107
43 92 107
40 39 108
39 52 108
52 48 108
48 80 108
80 40 108
17 16 109
93 17 109
73 66 109
66 93 109
32 31 110
31 53 110
51 32 110
71 51 110
56 71 110
25 24 111
86 64 111
7 6 112
59 79 112
79 84 112
84 7 112
6 100 112
100 59 112
14 13 113
13 45 113
45 44 113
44 107 113
107 14 113
26 25 114
64 49 114
25 111 114
111 64 114
27 26 115
81 27 115
49 81 115
26 114 115
114 49 115
12 11 116
11 56 116
53 12 116
56 110 116
110 53 116
68 61 117
61 72 117
58 98 117
98 68 117
72 102 117
102 58 117
74 68 118
91 74 118
82 91 118
68 98 118
98 82 118
57 62 119
106 57 119
62 78 119
78 94 119
94 106 119
16 15 120
92 73 120
15 107 120
107 92 120
73 109 120
109 16 120
21 72 121
72 61 121
22 21 121
83 22 121
61 83 121
61 68 122
68 74 122
74 76 122
76 83 122
83 61 122
63 64 123
94 63 123
64 86 123
86 106 123
106 94 123
24 23 124
111 24 124
23 47 124
47 86 124
86 111 124
