97
1 0 0
0 1 0
0 0 1
0.0909091 0.909091 0
0.181818 0.818182 0
0.272727 0.727273 0
0.363636 0.636364 0
0.454545 0.545455 0
0.545455 0.454545 0
0.636364 0.363636 0
0.727273 0.272727 0
0.818182 0.181818 0
0.909091 0.0909091 0
0 0.0625 0.9375
0 0.125 0.875
0 0.1875 0.8125
0 0.25 0.75
0 0.3125 0.6875
0 0.375 0.625
0 0.4375 0.5625
0 0.5 0.5
0 0.5625 0.4375
0 0.625 0.375
0 0.6875 0.3125
0 0.75 0.25
0 0.8125 0.1875
0 0.875 0.125
0 0.9375 0.0625
0.909091 0 0.0909091
0.818182 0 0.181818
0.727273 0 0.272727
0.636364 0 0.363636
0.545455 0 0.454545
0.454545 0 0.545455
0.363636 0 0.636364
0.272727 0 0.727273
0.181818 0 0.818182
0.0909091 0 0.909091
0.61929 0.123079 0.257631
0.103175 0.482547 0.414278
0.275355 0.141549 0.583096
0.181972 0.594116 0.223912
0.487705 0.422083 0.0902119
0.764953 0.0750774 0.15997
0.421396 0.0764754 0.502128
0.66994 0.259368 0.0706918
0.749269 0.179509 0.0712218
0.400007 0.25268 0.347313
0.179596 0.243046 0.577358
0.300324 0.618169 0.0815069
0.329442 0.507983 0.162575
0.181542 0.34401 0.474448
0.505669 0.231171 0.263159
0.164436 0.544827 0.290737
0.870723 0.0612689 0.0680077
0.532569 0.0753489 0.392082
0.144831 0.192174 0.662995
0.246496 0.261746 0.491758
0.335438 0.0608966 0.603665
0.604479 0.237962 0.157559
0.271808 0.49092 0.237272
0.104439 0.347204 0.548357
0.118733 0.146623 0.734644
0.166107 0.777648 0.0562452
0.221053 0.394765 0.384182
0.456947 0.324863 0.21819
0.396542 0.52158 0.0818786
0.1375 0.694559 0.167941
0.716108 0.0506982 0.233194
0.535144 0.332742 0.132114
0.363219 0.215264 0.421517
0.225253 0.116885 0.657862
0.497809 0.16075 0.341441
0.6409 0.163248 0.195852
0.0826026 0.853871 0.063526
0.43542 0.134837 0.429744
0.126613 0.0806627 0.792725
0.32309 0.404671 0.272238
0.22417 0.702501 0.0733285
0.323813 0.171302 0.504885
0.201531 0.472204 0.326264
0.0766014 0.305898 0.6175
0.0959133 0.42143 0.482656
0.0963075 0.783209 0.120483
0.753105 0.137705 0.10919
0.363579 0.325789 0.310632
0.0785397 0.616674 0.304786
0.604893 0.33768 0.0574271
0.0763986 0.0549634 0.868638
0.0860765 0.552524 0.3614
0.404956 0.414583 0.180461
0.0776912 0.673057 0.249252
0.289027 0.304712 0.406261
0.239341 0.0625607 0.698099
0.626482 0.0625058 0.311013
0.0783724 0.255186 0.666442
0.257372 0.593916 0.148712


3 1 27
13 2 37
21 20 39
9 8 42
29 28 43
33 32 44
11 10 45
12 11 46
11 45 46
7 6 49
0 12 54
28 0 54
43 28 54
32 31 55
44 32 55
40 48 56
34 33 58
33 44 58
44 40 58
46 45 59
50 41 60
41 53 60
19 18 61
48 57 61
57 51 61
16 15 62
56 16 62
5 4 63
52 59 65
8 7 66
42 8 66
50 42 66
7 49 66
25 24 67
30 29 68
29 43 68
43 38 68
59 45 69
65 59 69
40 56 71
58 40 71
56 62 71
38 52 72
52 47 72
47 70 72
38 43 73
52 38 73
59 52 73
4 3 74
3 27 74
27 26 74
63 4 74
44 55 75
55 72 75
72 70 75
15 14 76
62 15 76
36 35 76
6 5 78
49 6 78
5 63 78
67 49 78
48 40 79
57 48 79
40 44 79
44 75 79
70 57 79
75 70 79
39 64 80
64 77 80
60 53 80
77 60 80
18 17 81
48 61 81
61 18 81
20 19 82
39 20 82
19 61 82
61 51 82
51 64 82
64 39 82
26 25 83
25 67 83
63 74 83
74 26 83
67 78 83
78 63 83
12 46 84
54 12 84
43 54 84
73 43 84
46 59 84
59 73 84
47 52 85
52 65 85
77 64 85
65 77 85
23 22 86
53 41 86
10 9 87
45 10 87
9 42 87
42 69 87
69 45 87
14 13 88
13 37 88
37 36 88
36 76 88
76 14 88
22 21 89
21 39 89
39 80 89
80 53 89
53 86 89
86 22 89
42 50 90
50 60 90
60 77 90
69 42 90
65 69 90
77 65 90
24 23 91
67 24 91
41 67 91
23 86 91
86 41 91
64 51 92
70 47 92
51 57 92
57 70 92
47 85 92
85 64 92
35 34 93
34 58 93
58 71 93
71 62 93
62 76 93
76 35 93
31 30 94
55 31 94
30 68 94
68 38 94
38 72 94
72 55 94
17 16 95
16 56 95
81 17 95
56 48 95
48 81 95
41 50 96
50 66 96
66 49 96
49 67 96
67 41 96
