93
1 0 0
0 1 0
0 0 1
0.0909091 0.909091 0
0.181818 0.818182 0
0.272727 0.727273 0
0.363636 0.636364 0
0.454545 0.545455 0
0.545455 0.454545 0
0.636364 0.363636 0
0.727273 0.272727 0
0.818182 0.181818 0
0.909091 0.0909091 0
0 0.0909091 0.909091
0 0.181818 0.818182
0 0.272727 0.727273
0 0.363636 0.636364
0 0.454545 0.545455
0 0.545455 0.454545
0 0.636364 0.363636
0 0.727273 0.272727
0 0.818182 0.181818
0 0.909091 0.0909091
0.933333 0 0.0666667
0.866667 0 0.133333
0.8 0 0.2
0.733333 0 0.266667
0.666667 0 0.333333
0.6 0 0.4
0.533333 0 0.466667
0.466667 0 0.533333
0.4 0 0.6
0.333333 0 0.666667
0.266667 0 0.733333
0.2 0 0.8
0.133333 0 0.866667
0.0666667 0 0.933333
0.642753 0.109645 0.247602
0.0981148 0.496259 0.405626
0.274093 0.155053 0.570854
0.164704 0.610058 0.225238
0.501029 0.39086 0.108111
0.793197 0.0795113 0.127292
0.66174 0.25626 0.082
0.757069 0.17001 0.0729213
0.400719 0.256024 0.343257
0.191032 0.236648 0.572321
0.269572 0.630052 0.100376
0.336038 0.492762 0.1712
0.431925 0.0691136 0.498962
0.160885 0.356729 0.482386
0.485971 0.243951 0.270078
0.703902 0.128664 0.167434
0.540157 0.0753568 0.384486
0.152211 0.195741 0.652048
0.344326 0.581305 0.0743697
0.186301 0.684122 0.129576
0.581878 0.242155 0.175967
0.0896022 0.336787 0.573611
0.128732 0.128199 0.743069
0.327493 0.257678 0.414829
0.25766 0.253578 0.488762
0.108641 0.816396 0.0749623
0.221852 0.387305 0.390843
0.423096 0.367088 0.209817
0.849317 0.0887243 0.0619591
0.250328 0.0998142 0.649858
0.350693 0.13639 0.512917
0.0781224 0.687673 0.234205
0.300588 0.453652 0.24576
0.482734 0.149659 0.367607
0.0702925 0.25343 0.676278
0.574533 0.358182 0.0672846
0.085291 0.0824643 0.832245
0.42633 0.513735 0.0599355
0.144521 0.537139 0.31834
0.311265 0.361739 0.326996
0.0664229 0.610847 0.32273
0.415546 0.449452 0.135002
0.568902 0.126423 0.304675
0.0569633 0.181563 0.761474
0.381143 0.356202 0.262655
0.242547 0.564541 0.192912
0.229577 0.480617 0.289805
0.201252 0.0811381 0.71761
0.203489 0.739556 0.0569554
0.120289 0.721599 0.158112
0.420597 0.14939 0.430013
0.494068 0.324617 0.181315
0.0701383 0.441685 0.488177
0.500294 0.456383 0.0433237
0.328924 0.0677592 0.603317
0.0553962 0.798252 0.146352


3 1 22
0 12 23
13 2 36
27 26 37
19 18 38
25 24 42
10 9 43
11 10 44
10 43 44
31 30 49
30 29 49
26 25 52
25 42 52
37 26 52
42 44 52
44 43 52
29 28 53
6 5 55
5 47 55
47 48 55
37 52 57
52 43 57
46 50 58
17 16 58
54 46 58
46 39 61
50 46 61
4 3 62
3 22 62
38 50 63
50 61 63
61 60 63
12 11 65
23 12 65
24 23 65
42 24 65
11 44 65
44 42 65
33 32 66
39 46 66
46 54 66
31 49 67
61 39 67
60 61 67
21 20 68
29 53 70
51 45 70
16 15 71
54 58 71
58 16 71
59 54 71
9 8 72
43 9 72
41 57 72
57 43 72
14 13 73
13 36 73
36 35 73
35 34 73
34 59 73
7 6 74
6 55 74
38 63 75
40 68 75
60 45 76
63 60 76
20 19 77
68 20 77
19 38 77
38 75 77
75 68 77
41 74 78
55 48 78
74 55 78
48 64 78
28 27 79
53 28 79
27 37 79
37 57 79
57 51 79
51 70 79
70 53 79
59 71 80
71 15 80
15 14 80
14 73 80
73 59 80
45 51 81
51 64 81
64 48 81
48 69 81
69 76 81
76 45 81
56 40 82
48 47 82
69 48 82
47 56 82
40 75 83
76 69 83
75 63 83
63 76 83
69 82 83
82 40 83
34 33 84
59 34 84
54 59 84
33 66 84
66 54 84
5 4 85
47 5 85
56 47 85
4 62 85
62 56 85
40 56 86
68 40 86
56 62 86
45 60 87
60 67 87
67 49 87
70 45 87
49 29 87
29 70 87
51 57 88
64 51 88
57 41 88
41 78 88
78 64 88
38 18 89
50 38 89
18 17 89
17 58 89
58 50 89
8 7 90
41 72 90
72 8 90
7 74 90
74 41 90
32 31 91
39 66 91
66 32 91
31 67 91
67 39 91
22 21 92
62 22 92
86 62 92
21 68 92
68 86 92
