43
1 0 0
0 1 0
0 0 1
0.0909091 0.909091 0
0.181818 0.818182 0
0.272727 0.727273 0
0.363636 0.636364 0
0.454545 0.545455 0
0.545455 0.454545 0
0.636364 0.363636 0
0.727273 0.272727 0
0.818182 0.181818 0
0.909091 0.0909091 0
0 0.0714286 0.928571
0 0.142857 0.857143
0 0.214286 0.785714
0 0.285714 0.714286
0 0.357143 0.642857
0 0.428571 0.571429
0 0.5 0.5
0 0.571429 0.428571
0 0.642857 0.357143
0 0.714286 0.285714
0 0.785714 0.214286
0 0.857143 0.142857
0 0.928571 0.0714286
0.75 0 0.25
0.5 0 0.5
0.25 0 0.75
0.605829 0.118292 0.275878
0.331589 0.120148 0.548263
0.383227 0.246561 0.370212
0.263573 0.529958 0.206468
0.488545 0.29496 0.216495
0.237954 0.400303 0.361743
0.292895 0.0632219 0.643883
0.215576 0.62929 0.155134
0.272044 0.199572 0.528383
0.222295 0.344969 0.432736
0.483934 0.355541 0.160525
0.666266 0.16685 0.166884
0.166783 0.712613 0.120605
0.30602 0.45217 0.241809


5 4 24
23 5 24
3 1 25
4 3 25
24 4 25
13 2 28
0 12 29
26 0 29
15 14 30
26 29 30
17 16 31
8 7 32
7 21 32
21 20 32
11 10 33
31 11 33
19 18 34
14 13 35
13 28 35
28 27 35
30 14 35
27 26 35
26 30 35
7 6 36
6 22 36
21 7 36
22 21 36
16 15 37
15 30 37
30 29 37
29 31 37
31 16 37
18 17 38
17 31 38
31 33 38
33 34 38
34 18 38
10 9 39
33 10 39
34 33 39
12 11 40
11 31 40
29 12 40
31 29 40
6 5 41
5 23 41
22 6 41
23 22 41
9 8 42
8 32 42
20 19 42
32 20 42
39 9 42
19 34 42
34 39 42
