33
1 0 0
0 1 0
0 0 1
0.0909091 0.909091 0
0.181818 0.818182 0
0.272727 0.727273 0
0.363636 0.636364 0
0.454545 0.545455 0
0.545455 0.454545 0
0.636364 0.363636 0
0.727273 0.272727 0
0.818182 0.181818 0
0.909091 0.0909091 0
0 0.5 0.5
0.909091 0 0.0909091
0.818182 0 0.181818
0.727273 0 0.272727
0.636364 0 0.363636
0.545455 0 0.454545
0.454545 0 0.545455
0.363636 0 0.636364
0.272727 0 0.727273
0.181818 0 0.818182
0.090909 0 0.909091
0.112943 0.442516 0.444541
0.4018 0.296397 0.301803
0.312507 0.365713 0.32178
0.210789 0.386172 0.403039
0.482196 0.254975 0.26283
0.588367 0.202323 0.20931
0.0460125 0.279824 0.674163
0.681119 0.161173 0.157708
0.045058 0.673868 0.281074


0 12 14
12 11 15
14 12 15
11 10 16
15 11 16
4 3 24
23 22 24
7 6 25
20 19 25
6 5 26
21 20 26
20 25 26
25 6 26
5 4 27
22 21 27
4 24 27
24 22 27
21 26 27
26 5 27
8 7 28
18 8 28
19 18 28
7 25 28
25 19 28
9 8 29
8 18 29
17 9 29
18 17 29
13 2 30
2 23 30
23 24 30
10 9 31
9 17 31
16 10 31
17 16 31
3 1 32
1 13 32
24 3 32
13 30 32
30 24 32
