32
1 0 0
0 1 0
0 0 1
0.0909091 0.909091 0
0.181818 0.818182 0
0.272727 0.727273 0
0.363636 0.636364 0
0.454545 0.545455 0
0.545455 0.454545 0
0.636364 0.363636 0
0.727273 0.272727 0
0.818182 0.181818 0
0.909091 0.0909091 0
0 0.5 0.5
0.916667 0 0.0833333
0.833333 0 0.166667
0.75 0 0.25
0.666667 0 0.333333
0.583333 0 0.416667
0.5 0 0.5
0.416667 0 0.583333
0.333333 0 0.666667
0.25 0 0.75
0.166667 0 0.833333
0.0833333 0 0.916667
0.0863817 0.482528 0.431091
0.170729 0.452894 0.376377
0.256997 0.376723 0.366281
0.431875 0.291641 0.276484
0.33145 0.369264 0.299287
0.517843 0.258453 0.223704
0.60648 0.209724 0.183796


0 12 14
12 11 15
14 12 15
11 10 16
15 11 16
10 9 17
16 10 17
13 2 24
3 1 25
24 23 25
1 13 25
13 24 25
4 3 26
23 22 26
3 25 26
25 23 26
5 4 27
22 21 27
4 26 27
26 22 27
7 6 28
6 20 28
19 7 28
20 19 28
6 5 29
20 6 29
21 20 29
5 27 29
27 21 29
8 7 30
7 19 30
18 8 30
19 18 30
9 8 31
8 18 31
17 9 31
18 17 31
