38
1 0 0
0 1 0
0 0 1
0.0909091 0.909091 0
0.181818 0.818182 0
0.272727 0.727273 0
0.363636 0.636364 0
0.454545 0.545455 0
0.545455 0.454545 0
0.636364 0.363636 0
0.727273 0.272727 0
0.818182 0.181818 0
0.909091 0.0909091 0
0 0.333333 0.666667
0 0.666667 0.333333
0.909091 0 0.0909091
0.818182 0 0.181818
0.727273 0 0.272727
0.636364 0 0.363636
0.545455 0 0.454545
0.454545 0 0.545455
0.363636 0 0.636364
0.272727 0 0.727273
0.181818 0 0.818182
0.090909 0 0.909091
0.0764614 0.474982 0.448556
0.665914 0.161217 0.172868
0.386603 0.292424 0.320974
0.155508 0.295619 0.548873
0.065966 0.204329 0.729705
0.306952 0.471305 0.221743
0.491818 0.25124 0.256943
0.268679 0.23918 0.492141
0.585307 0.211313 0.20338
0.0588366 0.748537 0.192627
0.220327 0.536584 0.243088
0.13673 0.640163 0.223107
0.771047 0.118131 0.110823


0 12 15
12 11 16
15 12 16
14 13 25
10 9 26
17 10 26
18 17 26
7 6 27
21 20 27
24 23 28
13 2 29
2 24 29
25 13 29
24 28 29
28 25 29
6 5 30
27 6 30
8 7 31
20 19 31
7 27 31
27 20 31
23 22 32
28 23 32
22 21 32
21 27 32
27 30 32
9 8 33
19 18 33
18 26 33
26 9 33
8 31 33
31 19 33
3 1 34
1 14 34
14 25 34
5 4 35
28 32 35
30 5 35
32 30 35
4 3 36
3 34 36
34 25 36
35 4 36
25 28 36
28 35 36
11 10 37
10 17 37
16 11 37
17 16 37
