50
1 0 0
0 1 0
0 0 1
0.0909091 0.909091 0
0.181818 0.818182 0
0.272727 0.727273 0
0.363636 0.636364 0
0.454545 0.545455 0
0.545455 0.454545 0
0.636364 0.363636 0
0.727273 0.272727 0
0.818182 0.181818 0
0.909091 0.0909091 0
0 0.2 0.8
0 0.4 0.6
0 0.6 0.4
0 0.8 0.2
0.9 0 0.1
0.8 0 0.2
0.7 0 0.3
0.6 0 0.4
0.5 0 0.5
0.4 0 0.6
0.3 0 0.7
0.2 0 0.8
0.0999999 0 0.9
0.635055 0.122494 0.24245
0.100668 0.479624 0.419708
0.261901 0.179604 0.558495
0.159085 0.607932 0.232983
0.477648 0.380207 0.142145
0.728817 0.129092 0.142091
0.407167 0.277764 0.315069
0.172509 0.254072 0.573418
0.304271 0.526294 0.169436
0.489962 0.233372 0.276666
0.542639 0.11484 0.342521
0.0772726 0.285831 0.636896
0.220574 0.412167 0.367259
0.0853406 0.715341 0.199318
0.571091 0.2704 0.158509
0.228997 0.615017 0.155986
0.389953 0.456735 0.153313
0.320481 0.327842 0.351677
0.0599243 0.122091 0.817985
0.355381 0.140362 0.504257
0.130941 0.133994 0.735065
0.853009 0.0752667 0.0717246
0.448249 0.119087 0.432664
0.661778 0.232889 0.105334


3 1 16
0 12 17
20 19 26
15 14 27
24 23 28
8 7 30
11 10 31
18 11 31
19 18 31
26 19 31
24 28 33
6 5 34
30 32 35
21 20 36
20 26 36
14 13 37
27 14 37
33 27 37
29 27 38
27 33 38
33 28 38
4 3 39
29 4 39
3 16 39
16 15 39
15 27 39
27 29 39
9 8 40
8 30 40
30 35 40
36 26 40
35 36 40
5 4 41
4 29 41
34 5 41
29 38 41
38 34 41
30 7 42
32 30 42
7 6 42
6 34 42
34 38 43
38 28 43
32 42 43
42 34 43
13 2 44
2 25 44
37 13 44
23 22 45
28 23 45
32 43 45
43 28 45
25 24 46
24 33 46
44 25 46
33 37 46
37 44 46
12 11 47
11 18 47
17 12 47
18 17 47
22 21 48
35 32 48
21 36 48
36 35 48
32 45 48
45 22 48
10 9 49
26 31 49
31 10 49
9 40 49
40 26 49
