52
1 0 0
0 1 0
0 0 1
0.0909091 0.909091 0
0.181818 0.818182 0
0.272727 0.727273 0
0.363636 0.636364 0
0.454545 0.545455 0
0.545455 0.454545 0
0.636364 0.363636 0
0.727273 0.272727 0
0.818182 0.181818 0
0.909091 0.0909091 0
0 0.2 0.8
0 0.4 0.6
0 0.6 0.4
0 0.8 0.2
0.916667 0 0.0833333
0.833333 0 0.166667
0.75 0 0.25
0.666667 0 0.333333
0.583333 0 0.416667
0.5 0 0.5
0.416667 0 0.583333
0.333333 0 0.666667
0.25 0 0.75
0.166667 0 0.833333
0.0833332 0 0.916667
0.109111 0.466714 0.424175
0.269488 0.182133 0.548379
0.150399 0.618101 0.2315
0.502175 0.362454 0.13537
0.67044 0.16858 0.16098
0.387834 0.29629 0.315876
0.171329 0.227878 0.600793
0.326889 0.507881 0.16523
0.484743 0.209213 0.306044
0.585434 0.301412 0.113155
0.757879 0.1273 0.114821
0.0660644 0.340165 0.593771
0.0954435 0.159891 0.744665
0.578368 0.173669 0.247963
0.211405 0.401163 0.387432
0.0830644 0.790315 0.126621
0.41386 0.437478 0.148662
0.354837 0.152399 0.492763
0.239437 0.579436 0.181126
0.300016 0.350074 0.34991
0.0640935 0.648787 0.28712
0.0421123 0.0993872 0.858501
0.866863 0.0729307 0.0602058
0.432485 0.124331 0.443184


0 12 17
25 24 29
8 7 31
10 9 32
20 19 32
26 25 34
25 29 34
6 5 35
22 21 36
9 8 37
32 9 37
8 31 37
11 10 38
18 11 38
19 18 38
10 32 38
32 19 38
15 14 39
28 15 39
14 13 39
34 28 39
39 13 40
27 26 40
26 34 40
34 39 40
21 20 41
20 32 41
32 37 41
31 36 41
37 31 41
36 21 41
30 28 42
28 34 42
34 29 42
3 1 43
1 16 43
4 3 43
30 4 43
7 6 44
31 7 44
6 35 44
35 33 44
33 36 44
36 31 44
24 23 45
29 24 45
5 4 46
4 30 46
35 5 46
30 42 46
42 29 47
29 45 47
33 35 47
45 33 47
35 46 47
46 42 47
16 15 48
15 28 48
43 16 48
28 30 48
30 43 48
13 2 49
2 27 49
27 40 49
40 13 49
12 11 50
11 18 50
17 12 50
18 17 50
23 22 51
22 36 51
36 33 51
33 45 51
45 23 51
