55
1 0 0
0 1 0
0 0 1
0.0909091 0.909091 0
0.181818 0.818182 0
0.272727 0.727273 0
0.363636 0.636364 0
0.454545 0.545455 0
0.545455 0.454545 0
0.636364 0.363636 0
0.727273 0.272727 0
0.818182 0.181818 0
0.909091 0.0909091 0
0 0.2 0.8
0 0.4 0.6
0 0.6 0.4
0 0.8 0.2
0.923077 0 0.0769231
0.846154 0 0.153846
0.769231 0 0.230769
0.692308 0 0.307692
0.615385 0 0.384615
0.538462 0 0.461538
0.461538 0 0.538462
0.384615 0 0.615385
0.307692 0 0.692308
0.230769 0 0.769231
0.153846 0 0.846154
0.0769231 0 0.923077
0.631346 0.126486 0.242168
0.0912458 0.533914 0.37484
0.158735 0.59789 0.243375
0.402065 0.235881 0.362055
0.163134 0.287718 0.549148
0.323268 0.486746 0.189986
0.483677 0.22879 0.287533
0.51022 0.354797 0.134982
0.691256 0.164586 0.144158
0.253322 0.242446 0.504232
0.0761928 0.338596 0.585211
0.0782736 0.7638 0.157927
0.181267 0.417207 0.401526
0.22716 0.630861 0.141979
0.771417 0.12872 0.0998625
0.596636 0.278801 0.124563
0.326232 0.269353 0.404415
0.419496 0.424208 0.156295
0.0798711 0.16401 0.756119
0.323233 0.12583 0.550937
0.472704 0.11264 0.414656
0.246133 0.445894 0.307973
0.147949 0.752677 0.0993742
0.560796 0.16687 0.272334
0.157262 0.142003 0.700736
0.229076 0.124992 0.645932


0 12 17
12 11 18
17 12 18
13 2 28
21 20 29
16 15 30
24 23 32
6 5 34
8 7 36
10 9 37
20 19 37
29 20 37
15 14 39
30 15 39
33 30 39
3 1 40
1 16 40
16 30 40
30 31 40
31 30 41
30 33 41
33 38 41
5 4 42
34 5 42
11 10 43
18 11 43
19 18 43
10 37 43
37 19 43
9 8 44
8 36 44
29 37 44
37 9 44
24 32 45
32 34 45
7 6 46
6 34 46
34 32 46
32 35 46
35 36 46
36 7 46
14 13 47
39 14 47
13 28 47
28 27 47
25 24 48
38 25 48
24 45 48
45 38 48
23 22 49
22 35 49
32 23 49
35 32 49
31 41 50
42 31 50
34 42 50
45 34 50
41 38 50
38 45 50
4 3 51
3 40 51
40 31 51
31 42 51
42 4 51
22 21 52
35 22 52
21 29 52
36 35 52
29 44 52
44 36 52
27 26 53
33 39 53
39 47 53
47 27 53
26 25 54
25 38 54
38 33 54
33 53 54
53 26 54
