33
1 0 0
0 1 0
0 0 1
0.0909091 0.909091 0
0.181818 0.818182 0
0.272727 0.727273 0
0.363636 0.636364 0
0.454545 0.545455 0
0.545455 0.454545 0
0.636364 0.363636 0
0.727273 0.272727 0
0.818182 0.181818 0
0.909091 0.0909091 0
0 0.2 0.8
0 0.4 0.6
0 0.6 0.4
0 0.8 0.2
0.857143 0 0.142857
0.714286 0 0.285714
0.571429 0 0.428571
0.428571 0 0.571429
0.285714 0 0.714286
0.142857 0 0.857143
0.295795 0.198098 0.506107
0.130298 0.598711 0.270991
0.158878 0.221864 0.619258
0.458946 0.217464 0.323589
0.171136 0.449073 0.379791
0.686757 0.123817 0.189426
0.585313 0.1665 0.248187
0.410004 0.36016 0.229836
0.303606 0.407297 0.289097
0.0692166 0.772608 0.158176


3 1 16
0 12 17
12 11 18
17 12 18
22 21 23
5 4 24
4 15 24
15 14 24
13 2 25
2 22 25
22 23 25
9 8 26
21 20 26
23 21 26
6 5 27
5 24 27
14 13 27
24 14 27
13 25 27
11 10 28
18 11 28
19 18 28
10 9 29
20 19 29
9 26 29
26 20 29
19 28 29
28 10 29
8 7 30
23 26 30
26 8 30
7 6 31
6 27 31
27 25 31
30 7 31
25 23 31
23 30 31
4 3 32
3 16 32
15 4 32
16 15 32
