58
1 0 0
0 1 0
0 0 1
0.0909091 0.909091 0
0.181818 0.818182 0
0.272727 0.727273 0
0.363636 0.636364 0
0.454545 0.545455 0
0.545455 0.454545 0
0.636364 0.363636 0
0.727273 0.272727 0
0.818182 0.181818 0
0.909091 0.0909091 0
0 0.166667 0.833333
0 0.333333 0.666667
0 0.5 0.5
0 0.666667 0.333333
0 0.833333 0.166667
0.916667 0 0.0833333
0.833333 0 0.166667
0.75 0 0.25
0.666667 0 0.333333
0.583333 0 0.416667
0.5 0 0.5
0.416667 0 0.583333
0.333333 0 0.666667
0.25 0 0.75
0.166667 0 0.833333
0.0833333 0 0.916667
0.611797 0.130834 0.257369
0.10189 0.487292 0.410818
0.26505 0.172289 0.562661
0.15063 0.603539 0.245831
0.485441 0.391965 0.122594
0.734488 0.119641 0.14587
0.390194 0.268921 0.340885
0.169445 0.28036 0.550195
0.320986 0.487265 0.191749
0.442937 0.120662 0.436401
0.495845 0.225677 0.278478
0.662097 0.215524 0.122378
0.0781157 0.335265 0.58662
0.124221 0.152766 0.723013
0.224289 0.412157 0.363554
0.0768148 0.792478 0.130707
0.403451 0.4957 0.100849
0.573171 0.286217 0.140612
0.860405 0.0733734 0.0662217
0.357116 0.138075 0.504808
0.229686 0.618917 0.151397
0.308488 0.3027 0.388813
0.526348 0.105255 0.368397
0.416621 0.368344 0.215035
0.0594841 0.182611 0.757904
0.0670039 0.666228 0.266768
0.199509 0.113329 0.687162
0.151854 0.745472 0.102674
0.0364296 0.0772897 0.886281


0 12 18
22 21 29
16 15 30
26 25 31
8 7 33
11 10 34
19 11 34
20 19 34
21 20 34
6 5 37
24 23 38
35 38 39
10 9 40
34 10 40
29 21 40
21 34 40
15 14 41
30 15 41
36 30 41
28 27 42
36 41 42
36 31 43
32 30 43
30 36 43
3 1 44
1 17 44
7 6 45
33 7 45
6 37 45
8 33 46
33 39 46
39 29 46
9 8 46
40 9 46
29 40 46
12 11 47
11 19 47
18 12 47
19 18 47
25 24 48
31 25 48
24 38 48
38 35 48
5 4 49
37 5 49
32 43 49
43 37 49
35 37 50
37 43 50
48 35 50
43 31 50
31 48 50
23 22 51
38 23 51
39 38 51
22 29 51
29 39 51
35 39 52
39 33 52
33 45 52
37 35 52
45 37 52
14 13 53
41 14 53
42 41 53
28 42 53
16 30 54
30 32 54
17 16 54
44 17 54
32 44 54
26 31 55
31 36 55
27 26 55
42 27 55
36 42 55
4 3 56
3 44 56
44 32 56
32 49 56
49 4 56
13 2 57
2 28 57
28 53 57
53 13 57
