57
1 0 0
0 1 0
0 0 1
0.0909091 0.909091 0
0.181818 0.818182 0
0.272727 0.727273 0
0.363636 0.636364 0
0.454545 0.545455 0
0.545455 0.454545 0
0.636364 0.363636 0
0.727273 0.272727 0
0.818182 0.181818 0
0.909091 0.0909091 0
0 0.166667 0.833333
0 0.333333 0.666667
0 0.5 0.5
0 0.666667 0.333333
0 0.833333 0.166667
0.909091 0 0.0909091
0.818182 0 0.181818
0.727273 0 0.272727
0.636364 0 0.363636
0.545455 0 0.454545
0.454545 0 0.545455
0.363636 0 0.636364
0.272727 0 0.727273
0.181818 0 0.818182
0.0909091 0 0.909091
0.644532 0.118039 0.237428
0.101666 0.493017 0.405317
0.275216 0.173452 0.551331
0.155546 0.62049 0.223964
0.485783 0.385871 0.128346
0.744425 0.125669 0.129906
0.398938 0.242992 0.358071
0.162239 0.27606 0.561701
0.309804 0.517084 0.173112
0.477303 0.252095 0.270602
0.651327 0.236033 0.11264
0.564248 0.239758 0.195994
0.0724941 0.369522 0.557984
0.128281 0.126457 0.745261
0.222281 0.415727 0.361992
0.0976792 0.771996 0.130325
0.399687 0.496595 0.103719
0.839667 0.0810816 0.0792515
0.229597 0.614737 0.155666
0.372834 0.132051 0.495116
0.464578 0.119127 0.416295
0.553044 0.115654 0.331301
0.316508 0.314699 0.368792
0.0677329 0.235105 0.697162
0.208217 0.11183 0.679953
0.0557539 0.102705 0.841541
0.576105 0.339421 0.0844747
0.0673446 0.666709 0.265947
0.392522 0.378597 0.22888


3 1 17
0 12 18
21 20 28
16 15 29
25 24 30
8 7 32
11 10 33
20 19 33
28 20 33
6 5 36
10 9 38
28 33 38
33 10 38
32 37 39
28 38 39
15 14 40
29 15 40
35 29 40
27 26 41
31 29 42
29 35 42
35 30 42
4 3 43
31 4 43
3 17 43
7 6 44
6 36 44
32 7 44
12 11 45
18 12 45
19 18 45
11 33 45
33 19 45
5 4 46
4 31 46
36 5 46
31 42 46
42 36 46
24 23 47
30 24 47
23 22 48
37 34 48
34 47 48
47 23 48
22 21 49
21 28 49
28 39 49
48 22 49
39 37 49
37 48 49
42 30 50
36 42 50
30 47 50
47 34 50
14 13 51
40 14 51
35 40 51
41 35 51
26 25 52
25 30 52
41 26 52
30 35 52
35 41 52
13 2 53
2 27 53
51 13 53
27 41 53
41 51 53
9 8 54
38 9 54
39 38 54
8 32 54
32 39 54
16 29 55
29 31 55
17 16 55
43 17 55
31 43 55
34 37 56
37 32 56
32 44 56
50 34 56
44 36 56
36 50 56
