66
1 0 0
0 1 0
0 0 1
0.0909091 0.909091 0
0.181818 0.818182 0
0.272727 0.727273 0
0.363636 0.636364 0
0.454545 0.545455 0
0.545455 0.454545 0
0.636364 0.363636 0
0.727273 0.272727 0
0.818182 0.181818 0
0.909091 0.0909091 0
0 0.142857 0.857143
0 0.285714 0.714286
0 0.428571 0.571429
0 0.571429 0.428571
0 0.714286 0.285714
0 0.857143 0.142857
0.933333 0 0.0666667
0.866667 0 0.133333
0.8 0 0.2
0.733333 0 0.266667
0.666667 0 0.333333
0.6 0 0.4
0.533333 0 0.466667
0.466667 0 0.533333
0.4 0 0.6
0.333333 0 0.666667
0.266667 0 0.733333
0.2 0 0.8
0.133333 0 0.866667
0.0666667 0 0.933333
0.0956679 0.488553 0.415779
0.261021 0.14658 0.592399
0.169358 0.60042 0.230222
0.494208 0.389457 0.116335
0.665028 0.134642 0.20033
0.718682 0.161044 0.120274
0.386621 0.254008 0.359371
0.173588 0.237615 0.588797
0.0524663 0.274217 0.673317
0.285639 0.604336 0.110025
0.0624309 0.138751 0.798818
0.378382 0.148847 0.472771
0.495265 0.250079 0.254656
0.279254 0.481125 0.23962
0.185012 0.699092 0.115896
0.624158 0.276594 0.0992479
0.577826 0.219752 0.202421
0.0787048 0.360697 0.560598
0.123705 0.164685 0.71161
0.0866958 0.800741 0.112563
0.233566 0.410394 0.35604
0.393964 0.5014 0.104637
0.800124 0.11693 0.0829451
0.0788793 0.675667 0.245454
0.387272 0.380697 0.232031
0.304587 0.193829 0.501584
0.312543 0.318213 0.369244
0.464019 0.160621 0.37536
0.202994 0.325317 0.471689
0.867731 0.0787137 0.0535553
0.150695 0.504894 0.344411
0.192714 0.109126 0.698161
0.53236 0.0949423 0.372698


0 12 19
13 2 32
17 16 33
29 28 34
8 7 36
23 22 37
10 9 38
22 21 38
37 22 38
29 34 40
15 14 41
5 4 42
14 13 43
13 32 43
32 31 43
41 14 43
27 26 44
26 39 44
4 3 47
35 46 47
42 4 47
46 42 47
9 8 48
37 38 48
38 9 48
23 37 49
24 23 49
45 24 49
36 45 49
8 36 49
48 8 49
37 48 49
16 15 50
33 16 50
40 33 50
15 41 50
31 30 51
41 43 51
43 31 51
40 50 51
50 41 51
3 1 52
1 18 52
35 47 52
47 3 52
46 35 53
7 6 54
36 7 54
6 5 54
5 42 54
45 36 54
11 10 55
21 20 55
10 38 55
38 21 55
18 17 56
17 33 56
35 52 56
52 18 56
42 46 57
46 39 57
54 42 57
45 54 57
28 27 58
34 28 58
27 44 58
44 39 59
39 46 59
46 53 59
53 58 59
58 44 59
26 25 60
39 26 60
45 57 60
57 39 60
33 40 61
40 34 61
34 58 61
58 53 61
12 11 62
19 12 62
20 19 62
11 55 62
55 20 62
53 35 63
35 56 63
61 53 63
56 33 63
33 61 63
30 29 64
29 40 64
40 51 64
51 30 64
25 24 65
24 45 65
45 60 65
60 25 65
