64
1 0 0
0 1 0
0 0 1
0.0909091 0.909091 0
0.181818 0.818182 0
0.272727 0.727273 0
0.363636 0.636364 0
0.454545 0.545455 0
0.545455 0.454545 0
0.636364 0.363636 0
0.727273 0.272727 0
0.818182 0.181818 0
0.909091 0.0909091 0
0 0.142857 0.857143
0 0.285714 0.714286
0 0.428571 0.571429
0 0.571428 0.428571
0 0.714286 0.285714
0 0.857143 0.142857
0.916667 0 0.0833333
0.833333 0 0.166667
0.75 0 0.25
0.666667 0 0.333333
0.583333 0 0.416667
0.5 0 0.5
0.416667 0 0.583333
0.333333 0 0.666667
0.25 0 0.75
0.166667 0 0.833333
0.0833333 0 0.916667
0.623381 0.116406 0.260213
0.097152 0.509549 0.393298
0.263522 0.130225 0.606253
0.161349 0.570229 0.268422
0.493701 0.386613 0.119686
0.762972 0.134623 0.102405
0.393675 0.262736 0.343589
0.165023 0.244279 0.590697
0.301548 0.591884 0.106568
0.444567 0.119957 0.435476
0.483503 0.238499 0.277997
0.25928 0.510571 0.230149
0.660188 0.227856 0.111955
0.566984 0.240719 0.192296
0.0810421 0.393323 0.525635
0.129129 0.143436 0.727435
0.226028 0.417965 0.356008
0.0961738 0.75743 0.146397
0.396478 0.501416 0.102106
0.846358 0.0814657 0.072176
0.345429 0.154482 0.500089
0.426641 0.363251 0.210108
0.535338 0.118926 0.345736
0.0700859 0.264752 0.665162
0.203457 0.676432 0.12011
0.308227 0.334139 0.357634
0.0674618 0.123124 0.809414
0.0719258 0.636731 0.291343
0.580305 0.340757 0.0789383
0.199404 0.103123 0.697473
0.705449 0.0975982 0.196953
0.34813 0.433831 0.218039
0.162545 0.396939 0.440516
0.247621 0.27054 0.481839


3 1 18
0 12 19
13 2 29
23 22 30
27 26 32
8 7 34
11 10 35
21 20 35
6 5 38
25 24 39
36 39 40
10 9 42
35 10 42
34 40 43
30 42 43
16 15 44
31 16 44
41 33 46
4 3 47
3 18 47
18 17 47
7 6 48
6 38 48
34 7 48
12 11 49
19 12 49
20 19 49
11 35 49
35 20 49
26 25 50
32 26 50
25 39 50
39 36 50
36 40 51
40 34 51
34 48 51
24 23 52
39 24 52
23 30 52
40 39 52
30 43 52
43 40 52
15 14 53
44 15 53
37 44 53
45 37 53
5 4 54
38 5 54
33 41 54
41 38 54
4 47 54
47 33 54
41 46 55
50 36 55
13 29 56
29 28 56
28 45 56
14 13 56
53 14 56
45 53 56
17 16 57
16 31 57
31 33 57
33 47 57
47 17 57
9 8 58
42 9 58
43 42 58
8 34 58
34 43 58
27 32 59
32 37 59
28 27 59
45 28 59
37 45 59
22 21 60
30 22 60
42 30 60
21 35 60
35 42 60
38 41 61
48 38 61
51 48 61
36 51 61
55 36 61
41 55 61
31 44 62
44 37 62
33 31 62
46 33 62
55 46 63
32 50 63
50 55 63
37 32 63
62 37 63
46 62 63
