36
1 0 0
0 1 0
0 0 1
0.0909091 0.909091 0
0.181818 0.818182 0
0.272727 0.727273 0
0.363636 0.636364 0
0.454545 0.545455 0
0.545455 0.454545 0
0.636364 0.363636 0
0.727273 0.272727 0
0.818182 0.181818 0
0.909091 0.0909091 0
0 0.142857 0.857143
0 0.285714 0.714286
0 0.428571 0.571429
0 0.571429 0.428571
0 0.714286 0.285714
0 0.857143 0.142857
0.944444 0 0.0555556
0.888889 0 0.111111
0.833333 0 0.166667
0.777778 0 0.222222
0.722222 0 0.277778
0.666667 0 0.333333
0.611111 0 0.388889
0.555556 0 0.444444
0.5 0 0.5
0.444444 0 0.555556
0.388889 0 0.611111
0.333333 0 0.666667
0.277778 0 0.722222
0.222222 0 0.777778
0.166667 0 0.833333
0.111111 0 0.888889
0.0555556 0 0.944444


0 12 19
12 11 20
19 12 20
11 10 21
20 11 21
10 9 22
21 10 22
9 8 23
22 9 23
8 7 24
23 8 24
7 6 25
24 7 25
6 5 26
25 6 26
5 4 27
26 5 27
4 3 28
27 4 28
3 1 29
28 3 29
1 18 29
18 17 30
29 18 30
17 16 31
30 17 31
16 15 32
31 16 32
15 14 33
32 15 33
14 13 34
33 14 34
13 2 35
34 13 35
