63
1 0 0
0 1 0
0 0 1
0.0909091 0.909091 0
0.181818 0.818182 0
0.272727 0.727273 0
0.363636 0.636364 0
0.454545 0.545455 0
0.545455 0.454545 0
0.636364 0.363636 0
0.727273 0.272727 0
0.818182 0.181818 0
0.909091 0.0909091 0
0 0.142857 0.857143
0 0.285714 0.714286
0 0.428571 0.571429
0 0.571429 0.428571
0 0.714286 0.285714
0 0.857143 0.142857
0.923077 0 0.0769231
0.846154 0 0.153846
0.769231 0 0.230769
0.692308 0 0.307692
0.615385 0 0.384615
0.538462 0 0.461538
0.461538 0 0.538462
0.384615 0 0.615385
0.307692 0 0.692308
0.230769 0 0.769231
0.153846 0 0.846154
0.0769231 0 0.923077
0.611144 0.13843 0.250425
0.0968854 0.509875 0.39324
0.2731 0.186879 0.54002
0.160674 0.585428 0.253898
0.480747 0.395242 0.124011
0.752572 0.11993 0.127498
0.387601 0.279995 0.332404
0.162366 0.248263 0.589371
0.308901 0.578623 0.112476
0.0683346 0.135894 0.795771
0.378278 0.139614 0.482108
0.495627 0.241698 0.262675
0.282457 0.46969 0.247853
0.667509 0.202634 0.129857
0.214929 0.665863 0.119209
0.0829759 0.39192 0.525104
0.144045 0.130878 0.725077
0.23367 0.388118 0.378212
0.0761868 0.799252 0.124561
0.396378 0.509003 0.0946189
0.573201 0.291329 0.13547
0.844524 0.0837645 0.0717116
0.311662 0.291748 0.39659
0.464554 0.128537 0.406909
0.390388 0.40393 0.205681
0.0730268 0.26682 0.660153
0.547052 0.103973 0.348975
0.071068 0.67243 0.256502
0.222212 0.115286 0.662501
0.171156 0.380032 0.448812
0.0405163 0.606031 0.353453
0.139055 0.766632 0.0943139


0 12 19
13 2 30
23 22 31
27 26 33
8 7 35
11 10 36
21 20 36
6 5 39
14 13 40
13 30 40
30 29 40
26 25 41
33 26 41
10 9 44
36 10 44
22 21 44
21 36 44
31 22 44
5 4 45
39 5 45
34 43 45
43 39 45
16 15 46
32 16 46
29 28 47
40 29 47
43 34 48
3 1 49
1 18 49
7 6 50
35 7 50
6 39 50
8 35 51
35 42 51
42 31 51
9 8 51
44 9 51
31 44 51
12 11 52
19 12 52
20 19 52
11 36 52
36 20 52
33 41 53
48 33 53
41 37 53
37 43 53
43 48 53
25 24 54
37 41 54
41 25 54
42 37 54
39 43 55
43 37 55
50 39 55
37 42 55
42 35 55
35 50 55
15 14 56
46 15 56
14 40 56
40 47 56
38 46 56
47 38 56
24 23 57
23 31 57
31 42 57
42 54 57
54 24 57
32 34 58
18 17 58
49 18 58
34 49 58
28 27 59
27 33 59
33 38 59
38 47 59
47 28 59
32 46 60
46 38 60
34 32 60
48 34 60
38 33 60
33 48 60
17 16 61
16 32 61
32 58 61
58 17 61
4 3 62
3 49 62
45 4 62
34 45 62
49 34 62
