67
1 0 0
0 1 0
0 0 1
0.0909091 0.909091 0
0.181818 0.818182 0
0.272727 0.727273 0
0.363636 0.636364 0
0.454545 0.545455 0
0.545455 0.454545 0
0.636364 0.363636 0
0.727273 0.272727 0
0.818182 0.181818 0
0.909091 0.0909091 0
0 0.125 0.875
0 0.25 0.75
0 0.375 0.625
0 0.5 0.5
0 0.625 0.375
0 0.75 0.25
0 0.875 0.125
0.941176 0 0.0588235
0.882353 0 0.117647
0.823529 0 0.176471
0.764706 0 0.235294
0.705882 0 0.294118
0.647059 0 0.352941
0.588235 0 0.411765
0.529412 0 0.470588
0.470588 0 0.529412
0.411765 0 0.588235
0.352941 0 0.647059
0.294118 0 0.705882
0.235294 0 0.764706
0.176471 0 0.823529
0.117647 0 0.882353
0.0588235 0 0.941177
0.61035 0.166123 0.223527
0.095757 0.495077 0.409166
0.263265 0.159124 0.577611
0.186593 0.583466 0.229941
0.488877 0.377357 0.133766
0.663253 0.184694 0.152053
0.732358 0.156632 0.11101
0.399954 0.230735 0.369312
0.183816 0.227507 0.588677
0.280203 0.611678 0.108119
0.35918 0.183527 0.457293
0.480957 0.268715 0.250327
0.283423 0.494459 0.222118
0.378851 0.510254 0.110896
0.0856889 0.374234 0.540077
0.182359 0.710814 0.106827
0.153839 0.158685 0.687476
0.0902934 0.795456 0.114251
0.234864 0.388796 0.376341
0.796615 0.124849 0.0785366
0.105199 0.626641 0.26816
0.569118 0.329565 0.101317
0.191612 0.36092 0.447468
0.56348 0.159757 0.276762
0.3828 0.389221 0.227979
0.294007 0.372573 0.33342
0.0785187 0.261182 0.6603
0.0507145 0.104772 0.844513
0.477475 0.170071 0.352454
0.0697355 0.170482 0.759782
0.306197 0.179506 0.514297


0 12 20
12 11 21
20 12 21
13 2 35
25 24 36
18 17 37
31 30 38
7 6 40
9 8 41
24 23 41
36 24 41
10 9 42
23 22 42
9 41 42
41 23 42
28 27 43
32 31 44
31 38 44
5 4 45
29 28 46
28 43 46
6 5 49
5 45 49
40 6 49
47 40 49
17 16 50
37 17 50
44 37 50
4 3 51
39 48 51
45 4 51
48 45 51
33 32 52
32 44 52
44 50 52
3 1 53
1 19 53
39 51 53
51 3 53
11 10 55
21 11 55
22 21 55
10 42 55
42 22 55
39 53 56
53 19 56
19 18 56
54 39 56
18 37 56
8 7 57
7 40 57
40 36 57
36 41 57
41 8 57
37 44 58
44 38 58
54 56 58
56 37 58
26 25 59
47 26 59
25 36 59
36 40 59
40 47 59
45 48 60
48 43 60
49 45 60
47 49 60
46 43 61
43 48 61
54 46 61
48 39 61
39 54 61
16 15 62
50 16 62
33 52 62
52 50 62
14 13 63
13 35 63
35 34 63
27 26 64
26 47 64
43 27 64
60 43 64
47 60 64
15 14 65
62 15 65
34 33 65
33 62 65
14 63 65
63 34 65
30 29 66
29 46 66
38 30 66
46 54 66
54 58 66
58 38 66
