38
1 0 0
0 1 0
0 0 1
0.0909091 0.909091 0
0.181818 0.818182 0
0.272727 0.727273 0
0.363636 0.636364 0
0.454545 0.545455 0
0.545455 0.454545 0
0.636364 0.363636 0
0.727273 0.272727 0
0.818182 0.181818 0
0.909091 0.0909091 0
0 0.125 0.875
0 0.25 0.75
0 0.375 0.625
0 0.5 0.5
0 0.625 0.375
0 0.75 0.25
0 0.875 0.125
0.947368 0 0.0526316
0.894737 0 0.105263
0.842105 0 0.157895
0.789474 0 0.210526
0.736842 0 0.263158
0.684211 0 0.315789
0.631579 0 0.368421
0.578947 0 0.421053
0.526316 0 0.473684
0.473684 0 0.526316
0.421053 0 0.578947
0.368421 0 0.631579
0.315789 0 0.684211
0.263158 0 0.736842
0.210526 0 0.789474
0.157895 0 0.842105
0.105263 0 0.894737
0.0526316 0 0.947368


0 12 20
12 11 21
20 12 21
11 10 22
21 11 22
10 9 23
22 10 23
9 8 24
23 9 24
8 7 25
24 8 25
7 6 26
25 7 26
6 5 27
26 6 27
5 4 28
27 5 28
4 3 29
28 4 29
3 1 30
29 3 30
1 19 30
19 18 31
30 19 31
18 17 32
31 18 32
17 16 33
32 17 33
16 15 34
33 16 34
15 14 35
34 15 35
14 13 36
35 14 36
13 2 37
36 13 37
