72
1 0 0
0 1 0
0 0 1
0.0909091 0.909091 0
0.181818 0.818182 0
0.272727 0.727273 0
0.363636 0.636364 0
0.454545 0.545455 0
0.545455 0.454545 0
0.636364 0.363636 0
0.727273 0.272727 0
0.818182 0.181818 0
0.909091 0.0909091 0
0 0.125 0.875
0 0.25 0.75
0 0.375 0.625
0 0.5 0.5
0 0.625 0.375
0 0.75 0.25
0 0.875 0.125
0.928571 0 0.0714286
0.857143 0 0.142857
0.785714 0 0.214286
0.714286 0 0.285714
0.642857 0 0.357143
0.571429 0 0.428571
0.5 0 0.5
0.428571 0 0.571429
0.357143 0 0.642857
0.285714 0 0.714286
0.214286 0 0.785714
0.142857 0 0.857143
0.0714285 0 0.928571
0.63561 0.106279 0.258111
0.0807344 0.493448 0.425817
0.274412 0.133176 0.592412
0.16878 0.606296 0.224924
0.494807 0.386099 0.119095
0.801267 0.0902108 0.108523
0.65913 0.253266 0.0876038
0.405523 0.232662 0.361815
0.170251 0.24039 0.589359
0.285326 0.626486 0.0881888
0.0668754 0.128818 0.804307
0.431822 0.102788 0.465391
0.495163 0.238477 0.266361
0.259916 0.525389 0.214695
0.688001 0.131969 0.18003
0.19548 0.682389 0.12213
0.584372 0.23258 0.183048
0.0835215 0.369238 0.547241
0.139434 0.133707 0.726859
0.098641 0.802255 0.0991042
0.234537 0.418026 0.347437
0.394857 0.510302 0.0948407
0.858531 0.0769581 0.064511
0.352229 0.143354 0.504417
0.4956 0.113474 0.390926
0.0791042 0.700175 0.220721
0.215018 0.11191 0.673072
0.418386 0.362906 0.218708
0.317022 0.282541 0.400437
0.0751804 0.25069 0.674129
0.166327 0.37323 0.460442
0.342028 0.481833 0.176139
0.568182 0.115263 0.316556
0.580454 0.343347 0.0761999
0.330544 0.381736 0.28772
0.742996 0.160294 0.0967098
0.139949 0.525941 0.33411
0.0601961 0.618794 0.32101
0.253412 0.259969 0.486619


0 12 20
13 2 32
24 23 33
17 16 34
29 28 35
8 7 37
22 21 38
10 9 39
5 4 42
6 5 42
14 13 43
13 32 43
32 31 43
27 26 44
23 22 47
33 23 47
42 4 48
36 46 48
46 42 48
37 45 49
33 47 49
47 39 49
16 15 50
34 16 50
31 30 51
43 31 51
3 1 52
1 19 52
4 3 52
48 4 52
36 48 52
46 36 53
7 6 54
37 7 54
6 42 54
12 11 55
20 12 55
21 20 55
11 38 55
38 21 55
28 27 56
35 28 56
27 44 56
44 40 56
40 44 57
44 26 57
26 25 57
45 40 57
19 18 58
52 19 58
36 52 58
30 29 59
29 35 59
35 41 59
41 51 59
51 30 59
45 37 60
37 54 60
40 45 60
56 40 61
15 14 62
14 43 62
43 51 62
50 15 62
41 50 62
51 41 62
34 50 63
50 41 63
42 46 64
54 42 64
60 54 64
25 24 65
24 33 65
33 49 65
49 45 65
45 57 65
57 25 65
9 8 66
39 9 66
8 37 66
37 49 66
49 39 66
46 53 67
53 61 67
40 60 67
60 64 67
64 46 67
61 40 67
11 10 68
38 11 68
10 39 68
22 38 68
47 22 68
39 47 68
36 58 69
34 63 69
53 36 69
63 53 69
18 17 70
58 18 70
17 34 70
34 69 70
69 58 70
35 56 71
56 61 71
41 35 71
63 41 71
61 53 71
53 63 71
