79
1 0 0
0 1 0
0 0 1
0.0909091 0.909091 0
0.181818 0.818182 0
0.272727 0.727273 0
0.363636 0.636364 0
0.454545 0.545455 0
0.545455 0.454545 0
0.636364 0.363636 0
0.727273 0.272727 0
0.818182 0.181818 0
0.909091 0.0909091 0
0 0.111111 0.888889
0 0.222222 0.777778
0 0.333333 0.666667
0 0.444444 0.555556
0 0.555556 0.444444
0 0.666667 0.333333
0 0.777778 0.222222
0 0.888889 0.111111
0.933333 0 0.0666667
0.866667 0 0.133333
0.8 0 0.2
0.733333 0 0.266667
0.666667 0 0.333333
0.6 0 0.4
0.533333 0 0.466667
0.466667 0 0.533333
0.4 0 0.6
0.333333 0 0.666667
0.266667 0 0.733333
0.2 0 0.8
0.133333 0 0.866667
0.0666666 0 0.933333
0.648504 0.10659 0.244906
0.0830199 0.508373 0.408607
0.280321 0.150818 0.56886
0.179351 0.58546 0.23519
0.485761 0.415033 0.0992059
0.661386 0.256061 0.0825536
0.0509964 0.324035 0.624969
0.747053 0.1782 0.0747477
0.391454 0.262577 0.345969
0.174312 0.253687 0.572002
0.266754 0.638021 0.095225
0.374474 0.139376 0.486151
0.178789 0.349605 0.471606
0.481797 0.219514 0.298689
0.266851 0.528476 0.204674
0.708281 0.125843 0.165875
0.530555 0.0969726 0.372472
0.337712 0.59166 0.0706285
0.192374 0.683321 0.124305
0.604185 0.222302 0.173513
0.141258 0.117572 0.74117
0.31954 0.276364 0.404096
0.275758 0.247918 0.476324
0.100484 0.801282 0.0982342
0.228316 0.399435 0.372249
0.861837 0.0808616 0.0573018
0.0818466 0.706539 0.211615
0.083142 0.390693 0.526165
0.216269 0.113319 0.670413
0.429619 0.357463 0.212918
0.458564 0.125807 0.415628
0.345945 0.490495 0.16356
0.141074 0.525263 0.333663
0.0581573 0.101888 0.839955
0.0700981 0.192279 0.737623
0.0605689 0.636427 0.303004
0.117948 0.239972 0.64208
0.569502 0.343401 0.0870974
0.28413 0.405062 0.310808
0.348549 0.391698 0.259753
0.51999 0.289518 0.190492
0.798115 0.0917957 0.110089
0.574952 0.137585 0.287463
0.410301 0.492889 0.0968107


0 12 21
13 2 34
25 24 35
18 17 36
30 29 37
8 7 39
10 9 40
16 15 41
11 10 42
10 40 42
5 4 45
29 28 46
37 29 46
44 37 47
35 24 50
24 23 50
42 40 50
27 26 51
6 5 52
5 45 52
45 4 53
38 49 53
49 45 53
35 50 54
50 40 54
33 32 55
46 43 56
37 46 57
46 56 57
47 37 57
3 1 58
1 20 58
4 3 58
53 4 58
38 53 58
47 57 59
57 56 59
12 11 60
21 12 60
22 21 60
20 19 61
58 20 61
38 58 61
17 16 62
36 17 62
16 41 62
44 47 62
47 36 62
31 30 63
30 37 63
37 44 63
32 31 63
55 32 63
43 48 64
28 27 65
43 46 65
46 28 65
27 51 65
48 43 65
51 48 65
45 49 66
52 45 66
59 38 67
36 47 67
47 59 67
38 61 67
14 13 68
13 34 68
34 33 68
15 14 69
41 15 69
33 55 69
68 33 69
14 68 69
19 18 70
61 19 70
18 36 70
36 67 70
67 61 70
44 62 71
62 41 71
55 63 71
63 44 71
41 69 71
69 55 71
9 8 72
40 9 72
8 39 72
54 40 72
56 43 73
49 38 73
38 59 73
59 56 73
43 64 74
64 66 74
73 43 74
66 49 74
49 73 74
39 64 75
64 48 75
54 72 75
72 39 75
23 22 76
42 50 76
50 23 76
11 42 76
60 11 76
22 60 76
26 25 77
25 35 77
51 26 77
48 51 77
75 48 77
35 54 77
54 75 77
7 6 78
39 7 78
6 52 78
64 39 78
52 66 78
66 64 78
