71
1 0 0
0 1 0
0 0 1
0.0909091 0.909091 0
0.181818 0.818182 0
0.272727 0.727273 0
0.363636 0.636364 0
0.454545 0.545455 0
0.545455 0.454545 0
0.636364 0.363636 0
0.727273 0.272727 0
0.818182 0.181818 0
0.909091 0.0909091 0
0 0.111111 0.888889
0 0.222222 0.777778
0 0.333333 0.666667
0 0.444444 0.555556
0 0.555556 0.444444
0 0.666667 0.333333
0 0.777778 0.222222
0 0.888889 0.111111
0.9 0 0.1
0.8 0 0.2
0.7 0 0.3
0.6 0 0.4
0.5 0 0.5
0.4 0 0.6
0.3 0 0.7
0.2 0 0.8
0.1 0 0.9
0.623594 0.112435 0.26397
0.106056 0.466556 0.427388
0.284586 0.149072 0.566343
0.180441 0.610098 0.209461
0.481487 0.427089 0.0914244
0.409256 0.0882185 0.502526
0.655914 0.265136 0.0789502
0.747245 0.178648 0.0741064
0.399075 0.271481 0.329444
0.170957 0.231072 0.597971
0.264267 0.635278 0.100456
0.0608485 0.141395 0.797757
0.297228 0.538409 0.164363
0.507436 0.208326 0.284238
0.524625 0.0914348 0.38394
0.249995 0.265397 0.484608
0.575619 0.244023 0.180358
0.0839377 0.35458 0.561482
0.746167 0.0845446 0.169289
0.132515 0.152151 0.715334
0.0884485 0.807118 0.104434
0.226437 0.391838 0.381725
0.45803 0.340486 0.201484
0.0857787 0.699449 0.214772
0.0742688 0.24526 0.680471
0.331494 0.4081 0.260406
0.177481 0.717492 0.105027
0.394859 0.483807 0.121334
0.219184 0.0933767 0.687439
0.203213 0.503082 0.293705
0.0883402 0.586682 0.324978
0.348743 0.196408 0.454848
0.444122 0.161466 0.394411
0.561193 0.345114 0.0936931
0.0514757 0.0576771 0.890847
0.310803 0.308906 0.380291
0.324484 0.0638883 0.611628
0.83018 0.0932508 0.0765692
0.673556 0.171787 0.154657
0.165151 0.348598 0.48625
0.127912 0.0658659 0.806223


3 1 20
0 12 21
24 23 30
17 16 31
8 7 34
26 25 35
10 9 36
11 10 37
10 36 37
6 5 40
14 13 41
6 40 42
40 33 42
25 24 44
24 30 44
30 43 44
35 25 44
39 32 45
43 30 46
16 15 47
31 16 47
23 22 48
30 23 48
4 3 50
3 20 50
20 19 50
38 43 52
43 46 52
19 18 53
50 19 53
39 47 54
47 15 54
15 14 54
49 39 54
14 41 54
41 49 54
38 52 55
5 4 56
40 5 56
33 40 56
53 33 56
4 50 56
50 53 56
7 6 57
6 42 57
34 7 57
42 55 57
52 34 57
55 52 57
28 27 58
32 39 58
39 49 58
31 51 59
42 33 59
51 55 59
55 42 59
18 17 60
17 31 60
33 53 60
53 18 60
31 59 60
59 33 60
32 35 61
45 32 61
35 44 62
44 43 62
61 35 62
43 38 62
38 61 62
9 8 63
8 34 63
36 9 63
46 36 63
34 52 63
52 46 63
13 2 64
2 29 64
41 13 64
51 45 65
38 55 65
55 51 65
45 61 65
61 38 65
27 26 66
26 35 66
35 32 66
32 58 66
58 27 66
12 11 67
21 12 67
22 21 67
48 22 67
11 37 67
37 48 67
37 36 68
36 46 68
46 30 68
30 48 68
48 37 68
39 45 69
47 39 69
31 47 69
51 31 69
45 51 69
29 28 70
49 41 70
28 58 70
58 49 70
41 64 70
64 29 70
