77
1 0 0
0 1 0
0 0 1
0.0909091 0.909091 0
0.181818 0.818182 0
0.272727 0.727273 0
0.363636 0.636364 0
0.454545 0.545455 0
0.545455 0.454545 0
0.636364 0.363636 0
0.727273 0.272727 0
0.818182 0.181818 0
0.909091 0.0909091 0
0 0.111111 0.888889
0 0.222222 0.777778
0 0.333333 0.666667
0 0.444444 0.555556
0 0.555556 0.444444
0 0.666667 0.333333
0 0.777778 0.222222
0 0.888889 0.111111
0.928571 0 0.0714286
0.857143 0 0.142857
0.785714 0 0.214286
0.714286 0 0.285714
0.642857 0 0.357143
0.571429 0 0.428571
0.5 0 0.5
0.428571 0 0.571429
0.357143 0 0.642857
0.285714 0 0.714286
0.214286 0 0.785714
0.142857 0 0.857143
0.0714286 0 0.928571
0.610203 0.134563 0.255235
0.0832421 0.509717 0.40704
0.277474 0.127473 0.595053
0.163128 0.628662 0.20821
0.496602 0.39991 0.103487
0.788098 0.0773045 0.134597
0.664743 0.253645 0.0816127
0.0513328 0.333511 0.615156
0.755923 0.169384 0.074693
0.406014 0.234173 0.359813
0.18578 0.247366 0.566854
0.294223 0.614394 0.0913821
0.0657204 0.117131 0.817149
0.429247 0.104944 0.465808
0.171596 0.372875 0.45553
0.500824 0.208312 0.290865
0.25962 0.543149 0.197231
0.699231 0.128101 0.172669
0.200673 0.690806 0.108521
0.593738 0.253354 0.152909
0.134066 0.121208 0.744726
0.259545 0.252474 0.487981
0.10141 0.80137 0.0972196
0.238863 0.384762 0.376375
0.396475 0.5093 0.0942248
0.845034 0.0872697 0.0676966
0.353341 0.139041 0.507618
0.495758 0.106915 0.397327
0.0808195 0.708767 0.210413
0.206028 0.122027 0.671944
0.42574 0.359424 0.214835
0.321488 0.276133 0.402379
0.343762 0.481709 0.17453
0.146779 0.52576 0.327462
0.567814 0.0919463 0.34024
0.0900705 0.38582 0.52411
0.323371 0.389617 0.287012
0.58202 0.349687 0.0682936
0.0631098 0.632278 0.304612
0.120099 0.24076 0.639141
0.0587183 0.229949 0.711332
0.227724 0.487431 0.284845
0.521973 0.274727 0.2033


3 1 20
0 12 21
13 2 33
25 24 34
18 17 35
30 29 36
8 7 38
23 22 39
10 9 40
16 15 41
11 10 42
10 40 42
6 5 45
14 13 46
13 33 46
33 32 46
28 27 47
24 23 51
23 39 51
34 24 51
39 42 51
42 40 51
5 4 52
45 5 52
37 50 52
50 45 52
34 51 53
51 40 53
32 31 54
46 32 54
44 36 55
48 44 55
3 20 56
4 3 56
52 4 56
37 52 56
48 55 57
7 6 58
38 7 58
6 45 58
12 11 59
21 12 59
22 21 59
39 22 59
11 42 59
42 39 59
29 28 60
36 29 60
28 47 60
55 36 60
27 26 61
47 27 61
43 47 61
49 43 61
20 19 62
56 20 62
37 56 62
30 36 63
36 44 63
31 30 63
54 31 63
43 49 64
38 58 64
47 43 65
60 47 65
57 55 65
55 60 65
45 50 66
58 45 66
64 58 66
35 48 67
48 57 67
37 62 67
26 25 68
25 34 68
34 49 68
49 61 68
61 26 68
17 16 69
35 17 69
16 41 69
48 35 69
44 48 69
57 65 70
43 64 70
64 66 70
66 50 70
65 43 70
9 8 71
40 9 71
53 40 71
8 38 71
38 53 71
19 18 72
62 19 72
18 35 72
35 67 72
67 62 72
63 44 73
54 63 73
44 69 73
69 41 73
15 14 74
14 46 74
46 54 74
41 15 74
73 41 74
54 73 74
50 37 75
37 67 75
67 57 75
57 70 75
70 50 75
53 38 76
49 34 76
34 53 76
38 64 76
64 49 76
