108
1 0 0
0 1 0
0 0 1
0.0833333 0.916667 0
0.166667 0.833333 0
0.25 0.75 0
0.333333 0.666667 0
0.416667 0.583333 0
0.5 0.5 0
0.583333 0.416667 0
0.666667 0.333333 0
0.75 0.25 0
0.833333 0.166667 0
0.916667 0.0833333 0
0 0.0769231 0.923077
0 0.153846 0.846154
0 0.230769 0.769231
0 0.307692 0.692308
0 0.384615 0.615385
0 0.461539 0.538462
0 0.538462 0.461538
0 0.615385 0.384615
0 0.692308 0.307692
0 0.769231 0.230769
0 0.846154 0.153846
0 0.923077 0.0769231
0.928571 0 0.0714286
0.857143 0 0.142857
0.785714 0 0.214286
0.714286 0 0.285714
0.642857 0 0.357143
0.571429 0 0.428571
0.5 0 0.5
0.428571 0 0.571429
0.357143 0 0.642857
0.285714 0 0.714286
0.214286 0 0.785714
0.142857 0 0.857143
0.0714286 0 0.928571
0.642883 0.111679 0.245438
0.0791257 0.507486 0.413388
0.262453 0.154468 0.583079
0.138903 0.628222 0.232875
0.487164 0.405149 0.107687
0.782723 0.0749676 0.142309
0.425107 0.0674393 0.507454
0.65249 0.269214 0.0782959
0.753545 0.168923 0.0775314
0.395948 0.245275 0.358777
0.176749 0.257584 0.565667
0.278741 0.619855 0.101404
0.32129 0.518042 0.160668
0.19445 0.325656 0.479894
0.484178 0.242314 0.273508
0.17257 0.539415 0.288015
0.134298 0.41234 0.453361
0.694282 0.136285 0.169434
0.545372 0.0792976 0.37533
0.168647 0.178732 0.652621
0.265249 0.233839 0.500912
0.358122 0.567725 0.0741539
0.1961 0.670812 0.133088
0.584143 0.228384 0.187473
0.552023 0.318796 0.129181
0.0903817 0.367426 0.542192
0.124571 0.147253 0.728176
0.170623 0.76466 0.0647173
0.0808905 0.840065 0.0790442
0.225572 0.385933 0.388495
0.465414 0.338006 0.19658
0.849082 0.0839516 0.066966
0.26616 0.0799052 0.653935
0.348472 0.140226 0.511302
0.0703717 0.699434 0.230194
0.0560887 0.779415 0.164496
0.724116 0.0586062 0.217278
0.294099 0.463606 0.242296
0.293873 0.296144 0.409983
0.437818 0.134375 0.427807
0.483716 0.167526 0.348758
0.132078 0.074462 0.79346
0.0690844 0.235632 0.695284
0.36753 0.409212 0.223259
0.670691 0.202747 0.126562
0.438816 0.500126 0.0610584
0.199423 0.0769705 0.723606
0.316551 0.365843 0.317607
0.0656144 0.0794876 0.854898
0.349121 0.0675659 0.583313
0.350125 0.206596 0.443279
0.0979799 0.566199 0.335821
0.578857 0.362125 0.0590178
0.402641 0.458926 0.138433
0.0616614 0.159414 0.778925
0.557937 0.154124 0.287939
0.232747 0.562244 0.205009
0.236208 0.463658 0.300133
0.618213 0.0680284 0.313758
0.0604049 0.634847 0.304748
0.0559923 0.458086 0.485922
0.516146 0.439395 0.0444588
0.244882 0.699163 0.0559547
0.0382485 0.925234 0.0365177
0.161623 0.471469 0.366908
0.0875516 0.292621 0.619827
0.498904 0.0537755 0.44732
0.40248 0.31723 0.28029
0.123311 0.730747 0.145942


0 13 26
14 2 38
21 20 40
28 27 44
33 32 45
11 10 46
12 11 47
11 46 47
44 47 56
31 30 57
41 49 58
49 41 59
52 49 59
7 6 60
6 50 60
50 51 60
39 56 62
62 46 63
19 18 64
49 52 64
52 55 64
5 4 66
4 3 67
66 4 67
25 24 67
55 52 68
63 43 69
53 62 69
62 63 69
13 12 70
26 13 70
27 26 70
44 27 70
12 47 70
47 44 70
35 34 71
41 58 71
59 41 72
23 22 73
24 23 74
23 73 74
67 24 74
29 28 75
39 29 75
56 39 75
28 44 75
44 56 75
52 59 77
68 52 77
72 45 78
53 48 79
48 78 79
78 57 79
37 36 80
17 16 81
65 58 81
51 76 82
47 46 83
56 47 83
46 62 83
62 56 83
8 7 84
7 60 84
36 35 85
35 71 85
58 65 85
71 58 85
65 80 85
80 36 85
68 77 86
82 76 86
77 48 86
15 14 87
14 38 87
38 37 87
37 80 87
41 71 88
71 34 88
34 33 88
72 41 88
33 45 88
45 72 88
59 72 89
77 59 89
48 77 89
78 48 89
72 78 89
54 42 90
21 40 90
10 9 91
46 10 91
43 63 91
63 46 91
51 82 92
69 43 92
82 69 92
43 84 92
60 51 92
84 60 92
16 15 93
80 65 93
65 81 93
81 16 93
15 87 93
87 80 93
39 62 94
62 53 94
53 79 94
79 57 94
42 54 95
61 42 95
51 50 95
50 61 95
76 51 95
68 86 96
86 76 96
76 95 96
95 54 96
30 29 97
29 39 97
39 94 97
57 30 97
94 57 97
22 21 98
21 90 98
42 73 98
90 42 98
73 22 98
20 19 99
40 20 99
55 40 99
19 64 99
64 55 99
8 84 100
84 43 100
9 8 100
91 9 100
43 91 100
6 5 101
50 6 101
5 66 101
61 50 101
66 61 101
3 1 102
1 25 102
25 67 102
67 3 102
40 55 103
55 68 103
54 90 103
90 40 103
68 96 103
96 54 103
58 49 104
81 58 104
18 17 104
17 81 104
64 18 104
49 64 104
32 31 105
31 57 105
45 32 105
78 45 105
57 78 105
53 69 106
69 82 106
48 53 106
86 48 106
82 86 106
42 61 107
73 42 107
61 66 107
66 67 107
67 74 107
74 73 107
