108
1 0 0
0 1 0
0 0 1
0.0833334 0.916667 0
0.166667 0.833333 0
0.25 0.75 0
0.333333 0.666667 0
0.416667 0.583333 0
0.5 0.5 0
0.583333 0.416667 0
0.666667 0.333333 0
0.75 0.25 0
0.833333 0.166667 0
0.916667 0.0833333 0
0 0.0555556 0.944444
0 0.111111 0.888889
0 0.166667 0.833333
0 0.222222 0.777778
0 0.277778 0.722222
0 0.333333 0.666667
0 0.388889 0.611111
0 0.444444 0.555556
0 0.5 0.5
0 0.555556 0.444444
0 0.611111 0.388889
0 0.666667 0.333333
0 0.722222 0.277778
0 0.777778 0.222222
0 0.833333 0.166667
0 0.888889 0.111111
0 0.944444 0.0555556
0.916667 0 0.0833333
0.833333 0 0.166667
0.75 0 0.25
0.666667 0 0.333333
0.583333 0 0.416667
0.5 0 0.5
0.416667 0 0.583333
0.333333 0 0.666667
0.25 0 0.75
0.166667 0 0.833333
0.0833334 0 0.916667
0.610187 0.132774 0.257039
0.103091 0.479823 0.417086
0.274582 0.147984 0.577435
0.183671 0.588976 0.227353
0.461584 0.428967 0.10945
0.801629 0.0610701 0.137301
0.39421 0.0708599 0.53493
0.646176 0.282557 0.0712668
0.745618 0.188644 0.065738
0.402999 0.251088 0.345913
0.173722 0.246952 0.579326
0.276977 0.644162 0.0788616
0.328887 0.506879 0.164235
0.366092 0.148184 0.485724
0.217794 0.315249 0.466957
0.511511 0.22055 0.267938
0.16526 0.539028 0.295712
0.127319 0.404555 0.468126
0.502026 0.450557 0.0474177
0.701149 0.116379 0.182472
0.877076 0.059269 0.0636548
0.553456 0.0721633 0.374381
0.159701 0.186589 0.65371
0.250506 0.248166 0.501328
0.214952 0.727324 0.0577241
0.58333 0.248276 0.168394
0.532244 0.338562 0.129194
0.271927 0.490621 0.237451
0.114437 0.344371 0.541193
0.0766805 0.319715 0.603605
0.132344 0.135554 0.732102
0.62084 0.181229 0.197931
0.110125 0.815514 0.074361
0.208376 0.406424 0.3852
0.0988023 0.767417 0.133781
0.441583 0.3394 0.219017
0.402415 0.51011 0.0874751
0.228467 0.0578835 0.713649
0.13294 0.685519 0.181541
0.350419 0.226989 0.422592
0.281588 0.0841852 0.634226
0.20609 0.466537 0.327372
0.500186 0.160731 0.339084
0.628448 0.0706868 0.300865
0.0693072 0.882758 0.0479346
0.122106 0.0754603 0.802434
0.32858 0.416051 0.255369
0.722949 0.0589479 0.218103
0.571481 0.37269 0.0558283
0.0818493 0.267575 0.650576
0.419692 0.296916 0.283391
0.405789 0.415 0.179211
0.180724 0.707996 0.11128
0.0821874 0.601013 0.316799
0.750837 0.139457 0.109705
0.374179 0.566753 0.0590682
0.271854 0.589573 0.138573
0.450285 0.135764 0.413951
0.0711303 0.0507652 0.878105
0.287737 0.324425 0.387838
0.482537 0.0655123 0.451951
0.0803609 0.655746 0.263893
0.0769003 0.207209 0.715891
0.315105 0.373539 0.311357
0.272468 0.192657 0.534875
0.0848842 0.544322 0.370794


3 1 30
14 2 41
23 22 43
32 31 47
37 36 48
11 10 49
13 12 50
12 11 50
11 49 50
7 6 53
44 48 55
22 21 59
43 22 59
9 8 60
0 13 62
31 0 62
47 31 62
35 34 63
44 52 64
6 5 66
53 6 66
50 49 67
67 49 68
54 45 69
45 58 69
21 20 70
56 59 70
59 21 70
52 65 70
65 56 70
20 19 71
70 20 71
52 70 71
17 16 72
57 42 73
42 61 73
67 57 73
5 4 74
66 5 74
29 28 74
43 59 75
28 27 76
66 74 76
74 28 76
67 68 77
60 8 78
54 46 78
46 60 78
39 38 79
27 26 80
76 27 80
65 55 81
56 65 81
37 48 82
48 44 82
38 37 82
79 38 82
44 64 82
64 72 82
72 79 82
43 75 83
69 58 83
42 57 84
57 51 84
51 81 84
34 33 85
63 34 85
42 84 85
84 63 85
4 3 86
3 30 86
30 29 86
29 74 86
74 4 86
16 15 87
40 39 87
39 79 87
72 16 87
79 72 87
69 83 88
33 32 89
61 42 89
32 47 89
47 61 89
42 85 89
85 33 89
10 9 90
9 60 90
60 46 90
46 68 90
49 10 90
68 49 90
19 18 91
64 52 91
52 71 91
71 19 91
57 67 92
67 77 92
51 57 92
46 54 93
54 69 93
68 46 93
77 68 93
88 77 93
69 88 93
53 66 94
66 76 94
76 80 94
80 53 94
25 24 95
58 45 95
61 47 96
13 50 96
62 13 96
47 62 96
73 61 96
50 67 96
67 73 96
8 7 97
78 8 97
7 53 97
53 80 98
80 45 98
97 53 98
45 54 98
54 78 98
78 97 98
63 84 99
81 55 99
84 81 99
15 14 100
14 41 100
41 40 100
40 87 100
87 15 100
59 56 101
75 59 101
56 81 101
81 51 101
51 92 101
36 35 102
48 36 102
55 48 102
99 55 102
35 63 102
63 99 102
26 25 103
45 80 103
80 26 103
25 95 103
95 45 103
18 17 104
17 72 104
72 64 104
64 91 104
91 18 104
83 75 105
88 83 105
77 88 105
92 77 105
75 101 105
101 92 105
52 44 106
44 55 106
55 65 106
65 52 106
24 23 107
23 43 107
43 83 107
83 58 107
58 95 107
95 24 107
