106
1 0 0
0 1 0
0 0 1
0.0833333 0.916667 0
0.166667 0.833333 0
0.25 0.75 0
0.333333 0.666667 0
0.416667 0.583333 0
0.5 0.5 0
0.583333 0.416667 0
0.666667 0.333333 0
0.75 0.25 0
0.833333 0.166667 0
0.916667 0.0833333 0
0 0.0714286 0.928571
0 0.142857 0.857143
0 0.214286 0.785714
0 0.285714 0.714286
0 0.357143 0.642857
0 0.428571 0.571429
0 0.5 0.5
0 0.571429 0.428571
0 0.642857 0.357143
0 0.714286 0.285714
0 0.785714 0.214286
0 0.857143 0.142857
0 0.928571 0.0714286
0.923077 0 0.0769231
0.846154 0 0.153846
0.769231 0 0.230769
0.692308 0 0.307692
0.615385 0 0.384615
0.538462 0 0.461538
0.461538 0 0.538462
0.384615 0 0.615385
0.307692 0 0.692308
0.230769 0 0.769231
0.153846 0 0.846154
0.0769231 0 0.923077
0.62079 0.118371 0.260838
0.106736 0.485468 0.407796
0.257335 0.157326 0.585339
0.162292 0.611603 0.226105
0.484142 0.404462 0.111396
0.775728 0.0724695 0.151802
0.428499 0.0662804 0.505221
0.652235 0.270943 0.0768219
0.751302 0.167599 0.0810984
0.397601 0.240424 0.361975
0.174529 0.258858 0.566612
0.279677 0.627583 0.0927405
0.064298 0.138779 0.796923
0.322187 0.536833 0.14098
0.189292 0.32559 0.485118
0.486094 0.245786 0.26812
0.157456 0.540393 0.302151
0.128234 0.404103 0.467663
0.691728 0.130991 0.177281
0.54189 0.0716498 0.38646
0.153007 0.195238 0.651755
0.26151 0.232751 0.505739
0.176239 0.686394 0.137367
0.566645 0.259558 0.173798
0.549914 0.327019 0.123067
0.264573 0.505644 0.229783
0.0894778 0.35922 0.551302
0.142187 0.131506 0.726307
0.164353 0.765647 0.0700002
0.0819932 0.843913 0.0740938
0.209809 0.390027 0.400164
0.457774 0.340472 0.201753
0.420194 0.501808 0.0779975
0.241819 0.0971651 0.661016
0.850365 0.0781672 0.0714679
0.0829069 0.701497 0.215596
0.0815587 0.772151 0.14629
0.701791 0.0597928 0.238416
0.444782 0.125833 0.429385
0.581689 0.364059 0.0542513
0.517542 0.153616 0.328842
0.511885 0.440443 0.0476716
0.139547 0.0674775 0.792975
0.0632467 0.265208 0.671545
0.33864 0.403946 0.257415
0.345976 0.139694 0.51433
0.308782 0.350556 0.340663
0.658028 0.200321 0.141651
0.227879 0.450125 0.321996
0.24578 0.699011 0.0552091
0.0755032 0.634607 0.28989
0.348732 0.205914 0.445354
0.34646 0.062157 0.591383
0.386181 0.443585 0.170234
0.0744617 0.570097 0.355442
0.616495 0.0666866 0.316818
0.396077 0.316207 0.287716
0.0693097 0.0697898 0.860901
0.234956 0.594641 0.170403
0.929361 0.0367647 0.0338739
0.210883 0.0612713 0.727846
0.0943976 0.291478 0.614125
0.285828 0.294174 0.419999
0.352953 0.58445 0.0625965
0.587442 0.182951 0.229607
0.0677546 0.203173 0.729072
0.0565092 0.44284 0.500651


3 1 26
14 2 38
21 20 40
29 28 44
33 32 45
11 10 46
12 11 47
11 46 47
16 15 51
44 47 57
32 31 58
41 49 59
49 41 60
53 49 60
62 46 63
42 55 64
19 18 65
49 53 65
53 56 65
5 4 67
4 3 68
67 4 68
3 26 68
26 25 68
40 56 69
56 53 69
63 43 70
54 62 70
62 63 70
8 7 71
41 59 72
59 66 72
28 27 73
44 28 73
13 12 73
12 47 73
47 44 73
24 23 74
42 61 74
25 24 75
68 25 75
67 68 75
61 67 75
74 61 75
24 74 75
30 29 76
57 39 76
29 44 76
44 57 76
45 32 77
32 58 77
10 9 78
46 10 78
63 46 78
43 63 78
54 48 79
48 77 79
77 58 79
9 8 80
8 71 80
71 43 80
43 78 80
78 9 80
37 36 81
66 51 81
18 17 82
60 41 84
45 77 84
47 46 86
57 47 86
46 62 86
55 40 87
40 69 87
64 55 87
83 64 87
69 85 87
85 83 87
6 5 88
50 6 88
5 67 88
61 50 88
67 61 88
23 22 89
55 42 89
42 74 89
74 23 89
60 84 90
77 48 90
84 77 90
34 33 91
33 45 91
35 34 91
72 35 91
41 72 91
84 41 91
45 84 91
43 71 92
71 52 92
70 43 92
83 70 92
52 64 92
64 83 92
22 21 93
21 40 93
40 55 93
55 89 93
89 22 93
31 30 94
58 31 94
30 76 94
76 39 94
39 79 94
79 58 94
54 70 95
70 83 95
48 54 95
85 48 95
83 85 95
15 14 96
14 38 96
38 37 96
37 81 96
51 15 96
81 51 96
52 50 97
50 61 97
61 42 97
42 64 97
64 52 97
0 13 98
27 0 98
13 73 98
73 27 98
36 35 99
35 72 99
72 66 99
66 81 99
81 36 99
59 49 100
82 59 100
49 65 100
65 18 100
18 82 100
69 53 101
85 69 101
53 60 101
60 90 101
48 85 101
90 48 101
7 6 102
6 50 102
71 7 102
50 52 102
52 71 102
62 54 103
54 79 103
79 39 103
39 57 103
57 86 103
86 62 103
16 51 104
51 66 104
17 16 104
82 17 104
66 59 104
59 82 104
20 19 105
40 20 105
56 40 105
19 65 105
65 56 105
