113
1 0 0
0 1 0
0 0 1
0.0833333 0.916667 0
0.166667 0.833333 0
0.25 0.75 0
0.333333 0.666667 0
0.416667 0.583333 0
0.5 0.5 0
0.583333 0.416667 0
0.666667 0.333333 0
0.75 0.25 0
0.833333 0.166667 0
0.916667 0.0833333 0
0 0.0769231 0.923077
0 0.153846 0.846154
0 0.230769 0.769231
0 0.307692 0.692308
0 0.384615 0.615385
0 0.461539 0.538462
0 0.538462 0.461538
0 0.615385 0.384615
0 0.692308 0.307692
0 0.769231 0.230769
0 0.846154 0.153846
0 0.923077 0.0769231
0.95 0 0.05
0.9 0 0.1
0.85 0 0.15
0.8 0 0.2
0.75 0 0.25
0.7 0 0.3
0.65 0 0.35
0.6 0 0.4
0.55 0 0.45
0.5 0 0.5
0.45 0 0.55
0.4 0 0.6
0.35 0 0.65
0.3 0 0.7
0.25 0 0.75
0.2 0 0.8
0.15 0 0.85
0.1 0 0.9
0.05 0 0.95
0.624294 0.122146 0.25356
0.108102 0.474256 0.417643
0.262778 0.167898 0.569324
0.168592 0.591587 0.239821
0.505204 0.376604 0.118192
0.665097 0.256325 0.0785781
0.671183 0.146439 0.182378
0.76928 0.166345 0.0643748
0.744184 0.119791 0.136025
0.385366 0.260735 0.353899
0.161635 0.262993 0.575372
0.0629328 0.263989 0.673078
0.279666 0.630618 0.0897157
0.0655579 0.109711 0.824731
0.300296 0.542251 0.157453
0.41648 0.103401 0.480118
0.18419 0.325432 0.490378
0.494355 0.217909 0.287735
0.271558 0.523785 0.204657
0.158998 0.535888 0.305114
0.57761 0.338448 0.0839425
0.538648 0.0969049 0.364448
0.14055 0.202407 0.657044
0.333692 0.605979 0.0603292
0.199066 0.677728 0.123206
0.335459 0.0744419 0.590099
0.585473 0.247721 0.166807
0.0727787 0.389572 0.53765
0.128639 0.142252 0.729109
0.338911 0.246836 0.414253
0.263321 0.267359 0.469319
0.451083 0.39946 0.149456
0.085224 0.837301 0.0774752
0.243556 0.381354 0.37509
0.528 0.259666 0.212334
0.863105 0.0920566 0.044838
0.349463 0.13045 0.520086
0.0776275 0.70372 0.218653
0.226443 0.117312 0.656245
0.436061 0.347329 0.21661
0.575277 0.116898 0.307826
0.447734 0.126984 0.425282
0.473816 0.162721 0.363463
0.0536535 0.810425 0.135922
0.121319 0.0872847 0.791396
0.354835 0.419578 0.225587
0.282468 0.424634 0.292898
0.10088 0.410298 0.488823
0.204514 0.593605 0.201881
0.837808 0.0716775 0.0905146
0.0599254 0.195049 0.745026
0.209967 0.737313 0.0527197
0.105517 0.547378 0.347105
0.143006 0.806654 0.0503408
0.413904 0.515604 0.0704916
0.0450971 0.0667025 0.8882
0.0602455 0.651025 0.288729
0.0482696 0.52515 0.426581
0.741099 0.0645378 0.194363
0.48491 0.464549 0.0505409
0.124355 0.714866 0.160779
0.406003 0.304144 0.289853
0.371181 0.490402 0.138417
0.288123 0.0730755 0.638802
0.0750229 0.320794 0.604183
0.176098 0.42266 0.401242
0.192609 0.0886633 0.718728
0.0467423 0.594143 0.359115


0 13 26
14 2 44
32 31 45
10 9 50
31 30 51
45 31 51
12 11 52
11 10 52
10 50 52
50 51 53
29 28 53
28 52 53
52 50 53
18 17 56
16 15 58
43 42 58
36 35 60
55 47 61
9 8 65
50 9 65
51 50 65
34 33 66
6 5 68
5 57 68
59 57 69
63 59 69
38 37 70
45 51 71
51 65 71
65 49 71
20 19 72
67 56 73
61 47 75
3 1 77
1 25 77
75 74 78
45 71 79
71 49 79
49 76 79
13 12 80
26 13 80
27 26 80
12 52 80
37 36 81
36 60 81
70 37 81
47 70 81
75 47 81
60 74 81
74 75 81
24 23 82
64 48 82
47 55 83
40 39 83
55 67 83
62 79 84
79 76 84
32 45 85
33 32 85
66 33 85
62 66 85
45 79 85
79 62 85
35 34 86
60 35 86
54 74 86
74 60 86
66 62 87
34 66 87
86 34 87
54 86 87
25 24 88
77 25 88
24 82 88
42 41 89
41 73 89
58 42 89
59 63 90
48 64 91
64 78 91
74 54 91
78 74 91
90 63 91
20 72 92
55 61 92
72 55 92
61 46 92
63 69 93
48 91 93
91 63 93
28 27 94
27 80 94
52 28 94
80 52 94
56 17 95
73 56 95
17 16 95
89 73 95
16 58 95
58 89 95
5 4 96
57 5 96
69 57 96
4 3 98
3 77 98
96 4 98
77 69 98
69 96 98
7 6 99
6 68 99
76 49 99
15 14 100
14 44 100
44 43 100
43 58 100
58 15 100
23 22 101
82 23 101
64 82 101
97 64 101
21 20 102
20 92 102
92 46 102
30 29 103
29 53 103
51 30 103
53 51 103
49 65 104
65 8 104
8 7 104
7 99 104
99 49 104
69 77 105
77 88 105
82 48 105
88 82 105
93 69 105
48 93 105
54 87 106
87 62 106
62 84 106
84 90 106
90 91 106
91 54 106
57 59 107
68 57 107
84 76 107
59 90 107
90 84 107
76 99 107
99 68 107
38 70 108
70 47 108
39 38 108
83 39 108
47 83 108
19 18 109
72 19 109
18 56 109
56 67 109
67 55 109
55 72 109
46 61 110
61 75 110
75 78 110
97 46 110
78 64 110
64 97 110
41 40 111
73 41 111
67 73 111
40 83 111
83 67 111
22 21 112
46 97 112
97 101 112
101 22 112
21 102 112
102 46 112
