70
1 0 0
0 1 0
0 0 1
0.0833334 0.916667 0
0.166667 0.833333 0
0.25 0.75 0
0.333333 0.666667 0
0.416667 0.583333 0
0.5 0.5 0
0.583333 0.416667 0
0.666667 0.333333 0
0.75 0.25 0
0.833333 0.166667 0
0.916667 0.0833333 0
0 0.1 0.9
0 0.2 0.8
0 0.3 0.7
0 0.4 0.6
0 0.5 0.5
0 0.6 0.4
0 0.7 0.3
0 0.8 0.2
0 0.9 0.1
0.888889 0 0.111111
0.777778 0 0.222222
0.666667 0 0.333333
0.555556 0 0.444444
0.444444 0 0.555556
0.333333 0 0.666667
0.222222 0 0.777778
0.111111 0 0.888889
0.613929 0.124332 0.26174
0.115819 0.489771 0.394409
0.276111 0.145765 0.578124
0.163589 0.623762 0.212649
0.474657 0.412429 0.112914
0.808818 0.0787209 0.112461
0.401079 0.0794191 0.519502
0.660996 0.257078 0.0819256
0.724034 0.163335 0.112631
0.394617 0.248273 0.35711
0.177376 0.229628 0.592996
0.269483 0.621297 0.109219
0.0680664 0.138458 0.793476
0.311613 0.51747 0.170917
0.192528 0.330543 0.47693
0.514454 0.228623 0.256923
0.104492 0.410451 0.485056
0.537861 0.0671488 0.39499
0.558679 0.315437 0.125883
0.0872503 0.317337 0.595413
0.171533 0.117662 0.710805
0.278947 0.244996 0.476057
0.0877969 0.812756 0.0994466
0.434106 0.329336 0.236558
0.0843181 0.706221 0.209461
0.0887916 0.216255 0.694953
0.228634 0.42938 0.341986
0.616961 0.210692 0.172348
0.714155 0.0716691 0.214176
0.175007 0.719245 0.105748
0.356896 0.418423 0.224681
0.0958191 0.0589369 0.845244
0.280249 0.0660083 0.653743
0.41076 0.492268 0.0969721
0.479232 0.153668 0.3671
0.198341 0.534919 0.266741
0.310015 0.333363 0.356622
0.367552 0.171632 0.460816
0.0791031 0.589472 0.331425


3 1 22
0 13 23
9 8 35
13 12 36
23 13 36
24 23 36
28 27 37
11 10 38
12 11 39
36 12 39
11 38 39
7 6 42
6 5 42
15 14 43
7 42 44
18 17 47
32 18 47
26 25 48
25 31 48
27 26 48
37 27 48
10 9 49
38 10 49
9 35 49
41 45 50
17 16 50
47 17 50
45 47 50
33 41 51
41 33 52
45 41 52
4 3 53
3 22 53
22 21 53
49 35 54
40 46 54
46 49 54
21 20 55
53 21 55
15 43 56
16 15 56
50 16 56
41 50 56
43 51 56
51 41 56
32 47 57
47 45 57
31 39 58
39 38 58
46 31 58
38 49 58
49 46 58
25 24 59
31 25 59
39 31 59
24 36 59
36 39 59
34 42 60
42 5 60
5 4 60
4 53 60
55 34 60
53 55 60
54 35 61
44 57 61
14 2 62
2 30 62
43 14 62
30 29 62
29 51 62
51 43 62
29 28 63
28 37 63
37 33 63
33 51 63
51 29 63
8 7 64
7 44 64
35 8 64
44 61 64
61 35 64
46 40 65
31 46 65
48 31 65
37 48 65
42 34 66
44 42 66
32 57 66
57 44 66
45 52 67
57 45 67
52 40 67
61 57 67
40 54 67
54 61 67
33 37 68
40 52 68
52 33 68
37 65 68
65 40 68
19 18 69
18 32 69
20 19 69
55 20 69
34 55 69
32 66 69
66 34 69
