53
1 0 0
0 1 0
0 0 1
0.0833333 0.916667 0
0.166667 0.833333 0
0.25 0.75 0
0.333333 0.666667 0
0.416667 0.583333 0
0.5 0.5 0
0.583333 0.416667 0
0.666667 0.333333 0
0.75 0.25 0
0.833333 0.166667 0
0.916667 0.0833333 0
0 0.0588235 0.941177
0 0.117647 0.882353
0 0.176471 0.823529
0 0.235294 0.764706
0 0.294118 0.705882
0 0.352941 0.647059
0 0.411765 0.588235
0 0.470588 0.529412
0 0.529412 0.470588
0 0.588235 0.411765
0 0.647059 0.352941
0 0.705882 0.294118
0 0.764706 0.235294
0 0.823529 0.176471
0 0.882353 0.117647
0 0.941177 0.0588235
0.833333 0 0.166667
0.666667 0 0.333333
0.5 0 0.5
0.333333 0 0.666667
0.166667 0 0.833333
0.612544 0.128784 0.258672
0.30469 0.115741 0.579569
0.379902 0.443654 0.176444
0.357841 0.273637 0.368522
0.283253 0.532478 0.184269
0.558835 0.26682 0.174345
0.23377 0.608452 0.157778
0.27005 0.242389 0.487561
0.190434 0.679057 0.130509
0.482544 0.351074 0.166381
0.22182 0.085219 0.692961
0.27554 0.369565 0.354895
0.658787 0.180581 0.160632
0.530856 0.0904272 0.378716
0.213896 0.455533 0.330571
0.15777 0.738273 0.103957
0.282062 0.186154 0.531784
0.133866 0.0435636 0.822571


5 4 28
27 5 28
3 1 29
4 3 29
28 4 29
14 2 34
0 13 35
30 0 35
17 16 36
32 31 36
10 9 37
20 19 38
9 8 39
24 23 39
23 37 39
37 9 39
12 11 40
8 7 41
25 24 41
24 39 41
39 8 41
19 18 42
35 38 42
38 19 42
7 6 43
26 25 43
25 41 43
41 7 43
11 10 44
10 37 44
40 11 44
16 15 45
15 33 45
33 32 45
32 36 45
36 16 45
21 20 46
20 38 46
38 40 46
40 44 46
13 12 47
35 13 47
38 35 47
12 40 47
40 38 47
31 30 48
36 31 48
30 35 48
23 22 49
37 23 49
22 21 49
44 37 49
21 46 49
46 44 49
6 5 50
5 27 50
27 26 50
26 43 50
43 6 50
18 17 51
17 36 51
36 48 51
42 18 51
35 42 51
48 35 51
15 14 52
14 34 52
33 15 52
34 33 52
