88
1 0 0
0 1 0
0 0 1
0.0833333 0.916667 0
0.166667 0.833333 0
0.25 0.75 0
0.333333 0.666667 0
0.416667 0.583333 0
0.5 0.5 0
0.583333 0.416667 0
0.666667 0.333333 0
0.75 0.25 0
0.833333 0.166667 0
0.916667 0.0833333 0
0 0.0769231 0.923077
0 0.153846 0.846154
0 0.230769 0.769231
0 0.307692 0.692308
0 0.384615 0.615385
0 0.461539 0.538462
0 0.538462 0.461538
0 0.615385 0.384615
0 0.692308 0.307692
0 0.769231 0.230769
0 0.846154 0.153846
0 0.923077 0.0769231
0.9 0 0.1
0.8 0 0.2
0.7 0 0.3
0.6 0 0.4
0.5 0 0.5
0.4 0 0.6
0.3 0 0.7
0.2 0 0.8
0.1 0 0.9
0.618088 0.123414 0.258499
0.109234 0.480459 0.410307
0.271798 0.154045 0.574157
0.160774 0.61056 0.228666
0.489451 0.417317 0.093232
0.774544 0.0823504 0.143105
0.389413 0.0755582 0.535029
0.650622 0.266318 0.0830604
0.744247 0.174807 0.0809457
0.384246 0.240748 0.375007
0.173576 0.248403 0.578021
0.282512 0.614485 0.103003
0.290001 0.532653 0.177346
0.0609486 0.635825 0.303226
0.187088 0.324188 0.488724
0.501098 0.232361 0.266541
0.186652 0.526768 0.28658
0.103532 0.399544 0.496924
0.54131 0.0753979 0.383292
0.150101 0.181231 0.668668
0.275886 0.237828 0.486287
0.561983 0.260839 0.177178
0.545308 0.328888 0.125804
0.0843606 0.325754 0.589885
0.109442 0.138105 0.752453
0.151866 0.771873 0.0762602
0.22667 0.393248 0.380082
0.44395 0.34786 0.208191
0.252712 0.0767305 0.670557
0.15503 0.693664 0.151306
0.071997 0.773954 0.154049
0.0736758 0.848512 0.0778119
0.713703 0.0531331 0.233164
0.649098 0.17846 0.172442
0.894669 0.0462749 0.059056
0.30497 0.439109 0.255921
0.481727 0.161706 0.356568
0.147579 0.0615157 0.790905
0.0775957 0.256389 0.666016
0.401104 0.518167 0.0807285
0.205792 0.463256 0.330952
0.369372 0.164671 0.465957
0.834216 0.108537 0.057247
0.362534 0.332658 0.304808
0.0710791 0.697298 0.231623
0.0830046 0.567079 0.349916
0.23084 0.700285 0.0688744
0.289058 0.307043 0.403899
0.389707 0.448407 0.161887
0.589735 0.355284 0.0549807
0.633511 0.0512469 0.315242
0.065245 0.0898558 0.844899
0.456764 0.101806 0.44143


3 1 25
14 2 34
20 19 36
9 8 39
27 26 40
31 30 41
11 10 42
12 11 43
11 42 43
7 6 46
46 38 47
22 21 48
47 38 51
19 18 52
36 19 52
30 29 53
37 45 54
45 37 55
49 45 55
56 42 57
18 17 58
45 49 58
49 52 58
52 18 58
16 15 59
54 16 59
5 4 60
36 52 61
52 49 61
50 56 62
56 57 62
57 39 62
32 31 63
31 41 63
41 37 63
37 54 63
33 32 63
54 59 63
38 46 64
24 23 65
64 60 65
4 3 66
3 25 66
25 24 66
60 4 66
24 65 66
65 60 66
28 27 67
27 40 67
40 35 67
35 40 68
40 43 68
43 42 68
42 56 68
50 35 68
56 50 68
0 13 69
26 0 69
40 26 69
47 51 70
35 50 71
53 35 71
50 44 71
34 33 72
33 63 72
63 59 72
17 16 73
16 54 73
54 45 73
45 58 73
58 17 73
8 7 74
7 46 74
46 47 74
39 8 74
51 36 75
36 61 75
61 70 75
70 51 75
37 41 76
55 37 76
44 55 76
71 44 76
12 43 77
43 40 77
13 12 77
69 13 77
40 69 77
44 50 78
50 62 78
62 70 78
70 61 78
23 22 79
22 48 79
48 38 79
38 64 79
64 65 79
65 23 79
21 20 80
20 36 80
36 51 80
48 21 80
38 48 80
51 38 80
6 5 81
46 6 81
64 46 81
5 60 81
60 64 81
49 55 82
55 44 82
44 78 82
61 49 82
78 61 82
62 39 83
70 62 83
47 70 83
74 47 83
39 74 83
10 9 84
9 39 84
39 57 84
42 10 84
57 42 84
29 28 85
53 29 85
35 53 85
28 67 85
67 35 85
15 14 86
59 15 86
72 59 86
14 34 86
34 72 86
41 30 87
30 53 87
76 41 87
53 71 87
71 76 87
