124
1 0 0
0 1 0
0 0 1
0.0833333 0.916667 0
0.166667 0.833333 0
0.25 0.75 0
0.333333 0.666667 0
0.416667 0.583333 0
0.5 0.5 0
0.583333 0.416667 0
0.666667 0.333333 0
0.75 0.25 0
0.833333 0.166667 0
0.916667 0.0833333 0
0 0.0526316 0.947369
0 0.105263 0.894737
0 0.157895 0.842105
0 0.210526 0.789474
0 0.263158 0.736842
0 0.315789 0.684211
0 0.368421 0.631579
0 0.421053 0.578947
0 0.473684 0.526316
0 0.526316 0.473684
0 0.578947 0.421053
0 0.631579 0.368421
0 0.68421 0.315789
0 0.736842 0.263158
0 0.789474 0.210526
0 0.842105 0.157895
0 0.894737 0.105263
0 0.947369 0.0526316
0.933333 0 0.0666667
0.866667 0 0.133333
0.8 0 0.2
0.733333 0 0.266667
0.666667 0 0.333333
0.6 0 0.4
0.533333 0 0.466667
0.466667 0 0.533333
0.4 0 0.6
0.333333 0 0.666667
0.266667 0 0.733333
0.2 0 0.8
0.133333 0 0.866667
0.0666666 0 0.933333
0.605978 0.13338 0.260642
0.0987715 0.492795 0.408433
0.282578 0.13564 0.581782
0.182391 0.599326 0.218283
0.461437 0.42979 0.108773
0.800741 0.0605941 0.138665
0.412349 0.0698511 0.517799
0.65592 0.281838 0.0622412
0.680215 0.141659 0.178126
0.748431 0.194313 0.0572561
0.391921 0.26048 0.347598
0.175527 0.233219 0.591254
0.277844 0.628947 0.0932085
0.325531 0.511214 0.163255
0.366538 0.146216 0.487246
0.191427 0.334888 0.473685
0.498979 0.218545 0.282476
0.163593 0.545463 0.290944
0.116621 0.403326 0.480054
0.489481 0.462831 0.0476876
0.551092 0.0754308 0.373477
0.16598 0.17681 0.65721
0.273011 0.245579 0.48141
0.253642 0.699288 0.0470696
0.579414 0.248674 0.171912
0.545405 0.327016 0.127579
0.279363 0.492622 0.228015
0.765504 0.129958 0.104537
0.0797455 0.373356 0.546898
0.146504 0.133039 0.720457
0.163978 0.776092 0.05993
0.19884 0.396831 0.404329
0.881519 0.0602613 0.0582193
0.0908568 0.775933 0.13321
0.456492 0.332282 0.211227
0.0828153 0.30957 0.607615
0.375483 0.527066 0.0974515
0.247515 0.0821746 0.670311
0.144717 0.690876 0.164407
0.411286 0.305857 0.282857
0.711807 0.0625142 0.225679
0.371503 0.210987 0.41751
0.583791 0.19548 0.22073
0.252234 0.598571 0.149195
0.1903 0.465476 0.344224
0.488192 0.0677828 0.444025
0.496576 0.161623 0.341801
0.624272 0.0724182 0.30331
0.0685693 0.88393 0.0475011
0.447468 0.136838 0.415694
0.13229 0.0587296 0.808981
0.0814251 0.251839 0.666735
0.349757 0.399001 0.251242
0.571701 0.372828 0.0554716
0.409083 0.412932 0.177985
0.265578 0.199349 0.535073
0.0816807 0.834575 0.0837447
0.833024 0.123072 0.0439043
0.18534 0.714316 0.100345
0.660648 0.219757 0.119596
0.186221 0.064955 0.748824
0.404237 0.549942 0.0458217
0.306104 0.366099 0.327797
0.0683879 0.0835268 0.848085
0.0734295 0.197262 0.729309
0.290569 0.302119 0.407312
0.348412 0.0555064 0.596082
0.0682602 0.606149 0.325591
0.0579699 0.0448537 0.897176
0.0809983 0.643933 0.275069
0.0867092 0.456902 0.456389
0.079832 0.69536 0.224808
0.333907 0.625208 0.0408849
0.169671 0.292395 0.537933
0.0810632 0.132483 0.786454
0.503207 0.265954 0.23084
0.0893939 0.547924 0.362682
0.254854 0.456729 0.288416


3 1 31
14 2 45
24 23 47
33 32 51
34 33 51
39 38 52
11 10 53
12 11 55
11 53 55
48 52 60
9 8 65
37 36 66
48 57 67
6 5 69
59 49 72
49 63 72
54 51 73
21 20 74
22 21 74
64 22 74
61 64 74
5 4 76
69 5 76
64 61 77
0 13 78
32 0 78
51 32 78
73 51 78
29 28 79
70 71 80
20 19 81
74 20 81
59 50 82
50 65 82
48 67 83
42 41 83
67 75 83
79 28 84
56 62 85
35 34 86
54 46 86
34 51 86
51 54 86
68 60 87
46 54 88
62 46 88
54 70 88
49 59 89
59 82 89
82 58 89
58 84 89
84 49 89
47 77 90
52 38 91
60 52 91
38 37 91
37 66 91
46 62 92
62 56 92
56 87 92
36 35 93
66 36 93
35 86 93
86 46 93
46 92 93
92 66 93
4 3 94
3 31 94
31 30 94
91 66 95
87 60 95
60 91 95
66 92 95
92 87 95
44 43 96
19 18 97
67 57 97
57 81 97
81 19 97
85 80 98
10 9 99
53 10 99
9 65 99
65 50 99
50 71 99
71 53 99
71 50 100
80 71 100
50 59 100
59 72 100
72 98 100
98 80 100
57 48 101
48 60 101
60 68 101
30 29 102
29 79 102
79 76 102
94 30 102
76 4 102
4 94 102
13 12 103
78 13 103
12 55 103
55 73 103
73 78 103
69 76 104
76 79 104
58 69 104
84 58 104
79 84 104
55 53 105
53 71 105
71 70 105
73 55 105
70 54 105
54 73 105
42 83 106
83 75 106
43 42 106
96 43 106
8 7 107
65 8 107
82 65 107
58 82 107
56 85 108
90 77 108
85 98 108
16 15 109
44 96 109
18 17 110
75 67 110
67 97 110
97 18 110
77 61 111
87 56 111
61 68 111
68 87 111
56 108 111
108 77 111
40 39 112
39 52 112
52 48 112
41 40 112
83 41 112
48 83 112
26 25 113
15 14 114
14 45 114
45 44 114
44 109 114
109 15 114
27 26 115
26 113 115
63 49 115
113 63 115
23 22 116
22 64 116
47 23 116
64 77 116
77 47 116
28 27 117
84 28 117
49 84 117
115 49 117
27 115 117
7 6 118
6 69 118
69 58 118
58 107 118
107 7 118
68 61 119
61 74 119
74 81 119
81 57 119
57 101 119
101 68 119
17 16 120
96 106 120
106 75 120
16 109 120
109 96 120
75 110 120
110 17 120
70 80 121
88 70 121
80 85 121
85 62 121
62 88 121
25 24 122
113 25 122
24 47 122
47 90 122
90 63 122
63 113 122
72 63 123
63 90 123
98 72 123
90 108 123
108 98 123
