36
1 0 0
0 1 0
0 0 1
0.0833333 0.916667 0
0.166667 0.833333 0
0.25 0.75 0
0.333333 0.666667 0
0.416667 0.583333 0
0.5 0.5 0
0.583333 0.416667 0
0.666667 0.333333 0
0.75 0.25 0
0.833333 0.166667 0
0.916667 0.0833333 0
0 0.0833333 0.916667
0 0.166667 0.833333
0 0.25 0.75
0 0.333333 0.666667
0 0.416667 0.583333
0 0.5 0.5
0 0.583333 0.416667
0 0.666667 0.333333
0 0.75 0.25
0 0.833333 0.166667
0 0.916667 0.0833333
0.5 0 0.5
0.600147 0.119237 0.280616
0.363692 0.275478 0.36083
0.619384 0.0536811 0.326935
0.221619 0.528873 0.249509
0.277092 0.0451299 0.677778
0.27516 0.45766 0.26718
0.321723 0.378153 0.300124
0.389537 0.189192 0.421271
0.189903 0.623657 0.18644
0.299662 0.109108 0.59123


6 5 22
21 6 22
5 4 23
22 5 23
3 1 24
4 3 24
23 4 24
13 12 26
11 10 27
17 16 27
0 13 28
25 0 28
13 26 28
8 7 29
7 20 29
20 19 29
14 2 30
2 25 30
25 28 30
9 8 31
19 18 31
8 29 31
29 19 31
10 9 32
18 17 32
17 27 32
27 10 32
9 31 32
31 18 32
26 12 33
12 11 33
11 27 33
16 15 33
27 16 33
7 6 34
6 21 34
20 7 34
21 20 34
15 14 35
14 30 35
28 26 35
30 28 35
26 33 35
33 15 35
