54
1 0 0
0 1 0
0 0 1
0.0833334 0.916667 0
0.166667 0.833333 0
0.25 0.75 0
0.333333 0.666667 0
0.416667 0.583333 0
0.5 0.5 0
0.583333 0.416667 0
0.666667 0.333333 0
0.75 0.25 0
0.833333 0.166667 0
0.916667 0.0833333 0
0 0.1 0.9
0 0.2 0.8
0 0.3 0.7
0 0.4 0.6
0 0.5 0.5
0 0.6 0.4
0 0.7 0.3
0 0.8 0.2
0 0.9 0.1
0.833333 0 0.166667
0.666667 0 0.333333
0.5 0 0.5
0.333333 0 0.666667
0.166667 0 0.833333
0.640881 0.109887 0.249232
0.115973 0.500726 0.383301
0.310562 0.158106 0.531332
0.181802 0.598623 0.219575
0.473009 0.404221 0.12277
0.775684 0.0730897 0.151226
0.440088 0.0855753 0.474337
0.62385 0.259691 0.116459
0.361693 0.257104 0.381203
0.173842 0.236392 0.589766
0.299985 0.519228 0.180787
0.221847 0.335655 0.442497
0.111655 0.393195 0.49515
0.524082 0.314478 0.16144
0.139724 0.137031 0.723245
0.143809 0.680723 0.175467
0.505282 0.192907 0.301811
0.348397 0.424113 0.22749
0.674144 0.189097 0.136759
0.251609 0.0687924 0.679599
0.108531 0.761576 0.129893
0.303285 0.597603 0.0991127
0.106109 0.0557746 0.838117
0.570504 0.0500731 0.379423
0.385974 0.340286 0.27374
0.223461 0.439559 0.336979


3 1 22
4 3 22
21 4 22
0 13 23
18 17 29
19 18 29
19 29 31
9 8 32
13 12 33
12 28 33
23 13 33
24 23 33
28 24 33
26 25 34
11 10 35
16 15 37
30 36 37
8 7 38
31 29 38
16 37 39
37 36 39
17 16 40
16 39 40
29 17 40
10 9 41
9 32 41
35 10 41
15 14 42
37 15 42
30 37 42
6 5 43
31 6 43
20 19 43
19 31 43
34 28 44
30 34 44
36 30 44
35 41 44
41 36 44
32 8 45
8 38 45
12 11 46
28 12 46
11 35 46
35 44 46
44 28 46
27 26 47
26 34 47
34 30 47
30 42 47
5 4 48
43 5 48
4 21 48
21 20 48
20 43 48
7 6 49
6 31 49
31 38 49
38 7 49
14 2 50
2 27 50
42 14 50
27 47 50
47 42 50
25 24 51
24 28 51
28 34 51
34 25 51
36 41 52
41 32 52
32 45 52
39 36 52
45 39 52
38 29 53
29 40 53
45 38 53
40 39 53
39 45 53
