143
1 0 0
0 1 0
0 0 1
0.0833333 0.916667 0
0.166667 0.833333 0
0.25 0.75 0
0.333333 0.666667 0
0.416667 0.583333 0
0.5 0.5 0
0.583333 0.416667 0
0.666667 0.333333 0
0.75 0.25 0
0.833333 0.166667 0
0.916667 0.0833333 0
0 0.0588235 0.941177
0 0.117647 0.882353
0 0.176471 0.823529
0 0.235294 0.764706
0 0.294118 0.705882
0 0.352941 0.647059
0 0.411765 0.588235
0 0.470588 0.529412
0 0.529412 0.470588
0 0.588235 0.411765
0 0.647059 0.352941
0 0.705882 0.294118
0 0.764706 0.235294
0 0.823529 0.176471
0 0.882353 0.117647
0 0.941176 0.0588235
0.944444 0 0.0555556
0.888889 0 0.111111
0.833333 0 0.166667
0.777778 0 0.222222
0.722222 0 0.277778
0.666667 0 0.333333
0.611111 0 0.388889
0.555556 0 0.444444
0.5 0 0.5
0.444444 0 0.555556
0.388889 0 0.611111
0.333333 0 0.666667
0.277778 0 0.722222
0.222222 0 0.777778
0.166667 0 0.833333
0.111111 0 0.888889
0.0555555 0 0.944444
0.633279 0.116958 0.249763
0.093701 0.495625 0.410674
0.28385 0.128902 0.587248
0.16512 0.602616 0.232264
0.480284 0.415489 0.104227
0.804375 0.0593553 0.13627
0.41869 0.0731166 0.508194
0.65771 0.272048 0.0702424
0.0523459 0.332448 0.615206
0.667684 0.144962 0.187355
0.747761 0.191177 0.0610622
0.396789 0.253571 0.349639
0.161342 0.262465 0.576193
0.286437 0.607137 0.106426
0.318346 0.530285 0.15137
0.189184 0.333879 0.476937
0.496327 0.236424 0.267248
0.273536 0.51347 0.212993
0.153015 0.54622 0.300765
0.113485 0.4086 0.477915
0.574442 0.341127 0.0844306
0.887757 0.0568127 0.0554301
0.532979 0.0885622 0.378459
0.141198 0.193651 0.665151
0.255037 0.246268 0.498695
0.347786 0.601418 0.0507958
0.192524 0.69162 0.115857
0.836961 0.12399 0.0390482
0.59293 0.235374 0.171696
0.0827152 0.364355 0.55293
0.121581 0.149281 0.729138
0.338989 0.258532 0.402479
0.165899 0.7722 0.0619011
0.458098 0.377916 0.163986
0.0726696 0.84857 0.0787602
0.244853 0.37809 0.377057
0.0901507 0.77554 0.13431
0.432067 0.340353 0.22758
0.3921 0.516438 0.0914621
0.272063 0.0769396 0.650998
0.143551 0.682988 0.173462
0.336798 0.144235 0.518967
0.0752284 0.716195 0.208577
0.24007 0.20682 0.553111
0.54516 0.318026 0.136814
0.505875 0.442842 0.0512837
0.578919 0.191295 0.229786
0.70306 0.0605529 0.236387
0.48441 0.0730896 0.4425
0.479129 0.191676 0.329195
0.566665 0.13321 0.300125
0.608579 0.353563 0.0378577
0.649369 0.230352 0.120279
0.407799 0.147426 0.444775
0.137298 0.0723307 0.790372
0.070075 0.255551 0.674374
0.337099 0.412147 0.250754
0.0462411 0.0530002 0.900759
0.325076 0.327973 0.346951
0.171146 0.403165 0.425689
0.326318 0.213158 0.460524
0.397931 0.307978 0.294091
0.0758014 0.078227 0.845972
0.258868 0.686745 0.0543872
0.216135 0.459341 0.324525
0.603252 0.0571133 0.339634
0.22713 0.603684 0.169186
0.193033 0.0654682 0.741499
0.816477 0.0942025 0.0893202
0.514734 0.284514 0.200753
0.05532 0.210274 0.734406
0.350105 0.0624145 0.587481
0.080431 0.568426 0.351143
0.369008 0.438449 0.192542
0.157293 0.476734 0.365973
0.73532 0.136638 0.128043
0.0709387 0.64787 0.281191
0.239411 0.493481 0.267108
0.652606 0.0566307 0.290763
0.202082 0.110003 0.687915
0.293222 0.398739 0.30804
0.0519722 0.451759 0.496268
0.751328 0.0663986 0.182273
0.116289 0.268226 0.615485
0.0637926 0.147769 0.788438
0.253425 0.307414 0.439161
0.168282 0.305535 0.526184
0.429655 0.530805 0.03954
0.942395 0.0334851 0.0241201
0.0503079 0.91455 0.0351426
0.204622 0.175514 0.619864
0.399499 0.46263 0.137871
0.0534415 0.49988 0.446679
0.690186 0.277554 0.0322606
0.11307 0.853412 0.0335181
0.442304 0.169543 0.388152


14 2 46
32 31 52
39 38 53
20 19 55
12 11 57
31 30 68
37 36 69
7 6 72
13 12 74
68 13 74
12 57 74
20 55 76
21 20 76
5 4 79
29 28 81
28 27 83
81 28 83
73 79 83
79 81 83
60 61 85
72 60 85
42 41 86
73 83 87
27 26 89
83 27 89
87 83 89
50 87 89
49 88 90
88 71 90
67 51 91
51 80 91
9 8 92
51 67 92
85 51 92
47 56 93
56 75 93
34 33 94
56 47 94
38 37 95
53 38 95
37 69 95
47 93 97
93 63 97
63 96 97
96 69 97
10 9 98
67 54 98
9 92 98
92 67 98
57 54 99
75 56 99
54 67 99
67 91 99
91 75 99
88 53 100
53 95 100
44 43 101
19 18 102
55 19 102
77 70 102
15 14 104
14 46 104
46 45 104
78 58 105
82 78 105
48 66 106
66 62 106
100 78 107
71 88 107
88 100 107
63 84 108
58 96 108
96 63 108
84 103 108
105 58 108
16 15 109
45 44 109
44 101 109
104 45 109
15 104 109
6 5 110
72 6 110
60 72 110
5 79 110
73 60 110
79 73 110
36 35 112
69 36 112
97 69 112
50 64 113
87 50 113
61 60 113
60 73 113
73 87 113
64 61 113
43 42 114
77 101 114
101 43 114
52 31 115
31 68 115
74 57 115
68 74 115
80 84 116
75 91 116
91 80 116
93 75 116
84 63 116
63 93 116
18 17 117
77 102 117
102 18 117
41 40 118
86 41 118
49 86 118
40 39 118
88 49 118
39 53 118
53 88 118
24 23 119
23 48 119
61 64 120
64 103 120
84 80 120
103 84 120
48 106 121
106 82 121
82 111 121
119 48 121
111 65 121
65 119 121
99 56 122
57 99 122
52 115 122
115 57 122
65 50 123
26 25 123
89 26 123
50 89 123
25 24 123
24 119 123
119 65 123
64 50 124
50 65 124
65 111 124
103 64 124
35 34 125
34 94 125
94 47 125
112 35 125
47 97 125
97 112 125
70 77 126
77 114 126
42 86 126
114 42 126
105 108 127
108 103 127
82 105 127
111 82 127
103 124 127
124 111 127
22 21 128
21 76 128
76 66 128
33 32 129
32 52 129
56 94 129
94 33 129
52 122 129
122 56 129
59 76 130
76 55 130
55 102 130
102 70 130
16 109 131
109 101 131
17 16 131
117 17 131
101 77 131
77 117 131
78 82 132
82 106 132
106 62 132
62 71 132
71 107 132
107 78 132
71 62 133
76 59 133
62 66 133
66 76 133
59 90 133
90 71 133
7 72 134
72 85 134
8 7 134
92 8 134
85 92 134
0 13 135
30 0 135
13 68 135
68 30 135
3 1 136
1 29 136
29 81 136
86 49 137
49 90 137
90 59 137
70 126 137
126 86 137
59 130 137
130 70 137
80 51 138
51 85 138
120 80 138
85 61 138
61 120 138
23 22 139
48 23 139
22 128 139
66 48 139
128 66 139
11 10 140
54 57 140
57 11 140
10 98 140
98 54 140
79 4 141
81 79 141
4 3 141
3 136 141
136 81 141
95 69 142
100 95 142
58 78 142
78 100 142
69 96 142
96 58 142
