139
1 0 0
0 1 0
0 0 1
0.0833333 0.916667 0
0.166667 0.833333 0
0.25 0.75 0
0.333333 0.666667 0
0.416667 0.583333 0
0.5 0.5 0
0.583333 0.416667 0
0.666667 0.333333 0
0.75 0.25 0
0.833333 0.166667 0
0.916667 0.0833333 0
0 0.0555556 0.944444
0 0.111111 0.888889
0 0.166667 0.833333
0 0.222222 0.777778
0 0.277778 0.722222
0 0.333333 0.666667
0 0.388889 0.611111
0 0.444444 0.555556
0 0.5 0.5
0 0.555556 0.444444
0 0.611111 0.388889
0 0.666667 0.333333
0 0.722222 0.277778
0 0.777778 0.222222
0 0.833333 0.166667
0 0.888889 0.111111
0 0.944444 0.0555556
0.941176 0 0.0588235
0.882353 0 0.117647
0.823529 0 0.176471
0.764706 0 0.235294
0.705882 0 0.294118
0.647059 0 0.352941
0.588235 0 0.411765
0.529412 0 0.470588
0.470588 0 0.529412
0.411765 0 0.588235
0.352941 0 0.647059
0.294118 0 0.705882
0.235294 0 0.764706
0.176471 0 0.823529
0.117647 0 0.882353
0.0588235 0 0.941177
0.626528 0.112679 0.260793
0.116898 0.486066 0.397036
0.270531 0.149315 0.580154
0.165074 0.603955 0.230972
0.492756 0.404113 0.103131
0.802635 0.0589789 0.138386
0.422123 0.0654229 0.512454
0.65139 0.273941 0.0746696
0.669262 0.143006 0.187732
0.749796 0.188824 0.0613798
0.393337 0.255143 0.351521
0.163651 0.243947 0.592401
0.288718 0.609097 0.102185
0.326442 0.521158 0.1524
0.178814 0.336523 0.484663
0.511223 0.219392 0.269385
0.270475 0.515699 0.213826
0.149556 0.55699 0.293454
0.112168 0.402896 0.484936
0.533256 0.0915035 0.375241
0.149967 0.198096 0.651936
0.26182 0.246695 0.491484
0.348361 0.601025 0.0506139
0.191655 0.696333 0.112011
0.258105 0.690303 0.0515915
0.335141 0.0716475 0.593212
0.588832 0.243289 0.167878
0.572034 0.314838 0.113128
0.0919575 0.359401 0.548642
0.0682249 0.321416 0.610359
0.136011 0.124056 0.739933
0.336095 0.265006 0.398899
0.163744 0.777087 0.0591685
0.590026 0.188773 0.221201
0.0734257 0.848 0.0785743
0.218847 0.404894 0.376259
0.909149 0.051927 0.0389244
0.0895348 0.783704 0.126761
0.433852 0.339564 0.226583
0.39609 0.508802 0.0951082
0.269801 0.065599 0.6646
0.135859 0.691524 0.172617
0.0741838 0.69733 0.228486
0.213517 0.0590652 0.727418
0.409097 0.294536 0.296367
0.0854703 0.200657 0.713873
0.498214 0.452627 0.0491592
0.228378 0.607976 0.163646
0.180093 0.48431 0.335598
0.699591 0.0629316 0.237478
0.497666 0.0614571 0.440876
0.477332 0.189717 0.332951
0.559825 0.131561 0.308615
0.591307 0.358791 0.0499016
0.659203 0.217612 0.123185
0.427303 0.128855 0.443842
0.834449 0.0806764 0.0848746
0.143327 0.0708976 0.785775
0.332259 0.404523 0.263218
0.0476226 0.0516464 0.900731
0.41913 0.424563 0.156306
0.340505 0.142564 0.516931
0.315139 0.339186 0.345675
0.158499 0.406994 0.434508
0.0776578 0.265334 0.657008
0.84337 0.118944 0.0376861
0.0565683 0.76096 0.182472
0.0754962 0.0812187 0.843285
0.0752801 0.637893 0.286827
0.338066 0.211339 0.450595
0.08341 0.568743 0.347847
0.0525043 0.437649 0.509847
0.739089 0.132373 0.128537
0.232421 0.499286 0.268293
0.62191 0.0605409 0.317549
0.0664274 0.151531 0.782041
0.265433 0.422812 0.311754
0.520047 0.264526 0.215427
0.500125 0.334449 0.165425
0.181088 0.285333 0.533578
0.358423 0.439547 0.20203
0.748438 0.0659278 0.185635
0.248657 0.206992 0.544351
0.0996961 0.864208 0.0360962
0.430706 0.531468 0.0378257
0.255551 0.316493 0.427956
0.0650948 0.479491 0.455414
0.183541 0.12836 0.6881
0.232391 0.139273 0.628337
0.422668 0.184682 0.39265
0.0480798 0.546908 0.405013
0.686728 0.27955 0.0337215


3 1 30
14 2 46
33 32 52
40 39 53
39 38 53
12 11 56
37 36 66
7 6 69
6 5 71
59 69 71
70 59 71
69 6 71
41 40 72
40 53 72
21 20 75
61 65 75
20 19 76
58 75 76
75 20 76
5 4 79
71 5 79
70 71 79
47 55 80
62 47 80
55 73 80
30 29 81
0 13 83
31 0 83
29 28 84
81 29 84
70 79 84
79 81 84
59 60 86
69 59 86
42 41 87
41 72 87
70 84 88
27 26 89
50 88 89
43 42 90
42 87 90
62 85 91
18 17 92
9 8 93
86 51 93
50 63 94
63 60 94
88 50 94
60 59 94
59 70 94
70 88 94
48 82 95
35 34 96
47 35 96
55 47 96
38 37 97
37 66 97
53 38 97
62 91 98
91 57 98
47 62 99
62 98 99
98 66 99
10 9 100
74 54 100
51 74 100
93 51 100
9 93 100
73 55 101
56 54 101
54 74 101
74 73 101
97 66 102
53 97 102
32 31 103
31 83 103
52 32 103
44 43 104
43 90 104
90 77 104
91 85 105
15 14 106
14 46 106
46 45 106
51 86 107
86 60 107
49 72 108
72 53 108
53 102 108
78 57 109
57 91 109
91 105 109
82 48 110
65 61 110
76 19 111
67 58 111
58 76 111
19 18 111
18 92 111
92 67 111
13 12 112
83 13 112
12 56 112
56 103 112
103 83 112
28 27 113
84 28 113
88 84 113
27 89 113
89 88 113
16 15 114
45 44 114
44 104 114
106 45 114
15 106 114
26 25 115
89 26 115
64 50 115
50 89 115
68 108 116
108 102 116
25 24 117
48 95 117
95 64 117
64 115 117
115 25 117
22 21 118
21 75 118
75 65 118
101 55 119
56 101 119
52 103 119
103 56 119
63 50 120
50 64 120
105 63 120
64 95 120
36 35 121
35 47 121
47 99 121
66 36 121
99 66 121
77 92 122
92 17 122
17 16 122
104 77 122
16 114 122
114 104 122
95 82 123
82 109 123
109 105 123
105 120 123
120 95 123
62 80 124
85 62 124
80 73 124
74 51 125
51 107 125
107 85 125
73 74 125
124 73 125
85 124 125
68 61 126
61 75 126
75 58 126
60 63 127
107 60 127
63 105 127
105 85 127
85 107 127
34 33 128
96 34 128
33 52 128
55 96 128
52 119 128
119 55 128
49 108 129
108 68 129
58 49 129
126 58 129
68 126 129
4 3 130
79 4 130
81 79 130
3 30 130
30 81 130
7 69 131
69 86 131
8 7 131
93 8 131
86 93 131
61 68 132
78 109 132
109 82 132
110 61 132
82 110 132
68 116 132
116 78 132
23 22 133
65 110 133
110 48 133
22 118 133
118 65 133
77 90 134
90 87 134
67 92 134
92 77 134
49 58 135
58 67 135
72 49 135
87 72 135
67 134 135
134 87 135
57 78 136
98 57 136
66 98 136
102 66 136
78 116 136
116 102 136
24 23 137
48 117 137
117 24 137
23 133 137
133 48 137
11 10 138
54 56 138
56 11 138
10 100 138
100 54 138
