92
1 0 0
0 1 0
0 0 1
0.0833333 0.916667 0
0.166667 0.833333 0
0.25 0.75 0
0.333333 0.666667 0
0.416667 0.583333 0
0.5 0.5 0
0.583333 0.416667 0
0.666667 0.333333 0
0.75 0.25 0
0.833333 0.166667 0
0.916667 0.0833333 0
0 0.0833333 0.916667
0 0.166667 0.833333
0 0.25 0.75
0 0.333333 0.666667
0 0.416667 0.583333
0 0.5 0.5
0 0.583333 0.416667
0 0.666667 0.333333
0 0.75 0.25
0 0.833333 0.166667
0 0.916667 0.0833333
0.909091 0 0.0909091
0.818182 0 0.181818
0.727273 0 0.272727
0.636364 0 0.363636
0.545455 0 0.454545
0.454545 0 0.545455
0.363636 0 0.636364
0.272727 0 0.727273
0.181818 0 0.818182
0.0909091 0 0.909091
0.60495 0.127906 0.267144
0.106664 0.489268 0.404068
0.267867 0.154683 0.57745
0.173199 0.607761 0.21904
0.491342 0.414022 0.0946364
0.804338 0.0673773 0.128285
0.434016 0.0687446 0.49724
0.651636 0.263611 0.0847523
0.747678 0.161026 0.0912963
0.410173 0.254875 0.334953
0.174338 0.246626 0.579036
0.282533 0.6138 0.103667
0.289692 0.534233 0.176075
0.192305 0.324047 0.483648
0.52275 0.220198 0.257052
0.185826 0.531892 0.282282
0.127778 0.397866 0.474355
0.559474 0.0754853 0.365041
0.26676 0.240138 0.493102
0.566075 0.257675 0.176249
0.548796 0.325573 0.125631
0.0852153 0.33852 0.576265
0.10869 0.142964 0.748346
0.156217 0.766743 0.0770397
0.0792771 0.840596 0.0801269
0.217124 0.396961 0.385916
0.457367 0.329109 0.213524
0.397123 0.516653 0.0862243
0.269294 0.0732067 0.657499
0.150763 0.68996 0.159277
0.0722273 0.76462 0.163153
0.642851 0.17914 0.178009
0.288482 0.470739 0.240779
0.450765 0.129887 0.419348
0.717423 0.0819291 0.200648
0.851851 0.0863585 0.0617905
0.502715 0.162258 0.335027
0.0859339 0.241723 0.672343
0.297731 0.313564 0.388704
0.0888013 0.0726137 0.838585
0.352211 0.148396 0.499392
0.0823756 0.590777 0.326847
0.387269 0.438453 0.174278
0.183433 0.15738 0.659187
0.186834 0.0709921 0.742174
0.231618 0.696809 0.0715726
0.07325 0.675153 0.251597
0.353953 0.0698419 0.576205
0.0514756 0.194082 0.754442
0.651899 0.0526386 0.295463
0.59054 0.354372 0.0550884
0.335004 0.378811 0.286185
0.928727 0.0349237 0.0363492
0.223867 0.45327 0.322863
0.0575974 0.430988 0.511415
0.0389281 0.0354156 0.925656
0.354003 0.221664 0.424333


3 1 24
20 19 36
9 8 39
26 25 40
30 29 41
11 10 42
12 11 43
11 42 43
7 6 46
46 38 47
47 38 50
29 28 52
45 37 53
48 45 53
54 42 55
18 17 56
45 48 56
48 51 56
5 4 58
4 3 59
58 4 59
3 24 59
24 23 59
51 48 60
36 51 60
55 39 61
44 49 61
49 54 61
54 55 61
8 7 62
39 8 62
7 46 62
46 47 62
32 31 63
38 46 64
58 59 65
59 23 65
23 22 65
64 58 65
43 42 66
42 54 66
49 35 66
54 49 66
47 50 67
41 29 68
29 52 68
27 26 69
26 40 69
66 35 69
40 43 69
43 66 69
13 12 70
40 25 70
12 43 70
43 40 70
35 49 71
52 35 71
49 44 71
44 68 71
68 52 71
17 16 72
45 56 72
56 17 72
48 53 73
60 48 73
15 14 74
57 15 74
34 33 74
41 68 75
53 37 75
21 20 76
50 38 76
20 36 76
36 50 76
62 47 77
47 67 77
61 39 77
39 62 77
37 45 78
63 37 78
45 72 78
72 57 78
33 32 79
32 63 79
57 74 79
74 33 79
63 78 79
78 57 79
6 5 80
46 6 80
64 46 80
5 58 80
58 64 80
22 21 81
64 65 81
65 22 81
38 64 81
76 38 81
21 76 81
31 30 82
30 41 82
41 75 82
63 31 82
37 63 82
75 37 82
16 15 83
15 57 83
57 72 83
72 16 83
28 27 84
35 52 84
52 28 84
27 69 84
69 35 84
10 9 85
42 10 85
55 42 85
9 39 85
39 55 85
60 73 86
44 61 86
73 44 86
61 77 86
77 67 86
0 13 87
25 0 87
13 70 87
70 25 87
50 36 88
36 60 88
67 50 88
60 86 88
86 67 88
19 18 89
36 19 89
51 36 89
18 56 89
56 51 89
14 2 90
2 34 90
34 74 90
74 14 90
44 73 91
73 53 91
53 75 91
68 44 91
75 68 91
