134
1 0 0
0 1 0
0 0 1
0.0833333 0.916667 0
0.166667 0.833333 0
0.25 0.75 0
0.333333 0.666667 0
0.416667 0.583333 0
0.5 0.5 0
0.583333 0.416667 0
0.666667 0.333333 0
0.75 0.25 0
0.833333 0.166667 0
0.916667 0.0833333 0
0 0.0588235 0.941177
0 0.117647 0.882353
0 0.176471 0.823529
0 0.235294 0.764706
0 0.294118 0.705882
0 0.352941 0.647059
0 0.411765 0.588235
0 0.470588 0.529412
0 0.529412 0.470588
0 0.588235 0.411765
0 0.647059 0.352941
0 0.705882 0.294118
0 0.764706 0.235294
0 0.823529 0.176471
0 0.882353 0.117647
0 0.941177 0.0588235
0.941176 0 0.0588235
0.882353 0 0.117647
0.823529 0 0.176471
0.764706 0 0.235294
0.705882 0 0.294118
0.647059 0 0.352941
0.588235 0 0.411765
0.529412 0 0.470588
0.470588 0 0.529412
0.411765 0 0.588235
0.352941 0 0.647059
0.294118 0 0.705882
0.235294 0 0.764706
0.176471 0 0.823529
0.117647 0 0.882353
0.0588235 0 0.941177
0.641257 0.099439 0.259304
0.0886733 0.491489 0.419837
0.272567 0.138484 0.588949
0.15826 0.611587 0.230153
0.493248 0.40464 0.102113
0.801537 0.0594039 0.139059
0.42302 0.0679752 0.509005
0.651593 0.273569 0.0748375
0.66691 0.143976 0.189114
0.746945 0.191693 0.0613611
0.408564 0.242609 0.348828
0.174752 0.234368 0.590879
0.286977 0.607465 0.105558
0.323404 0.521097 0.155499
0.189892 0.335121 0.474987
0.486238 0.235717 0.278045
0.261666 0.509777 0.228557
0.171334 0.53996 0.288706
0.117756 0.400563 0.481681
0.885942 0.0567397 0.0573178
0.546519 0.0828973 0.370583
0.138497 0.207131 0.654373
0.255067 0.250073 0.49486
0.346641 0.601796 0.0515625
0.193163 0.6917 0.115138
0.258442 0.689191 0.0523674
0.346057 0.066557 0.587386
0.836943 0.123434 0.0396228
0.585655 0.245042 0.169304
0.572179 0.315331 0.112489
0.0746073 0.38134 0.544052
0.082545 0.309675 0.60778
0.12857 0.145596 0.725834
0.343981 0.254658 0.401361
0.16829 0.769084 0.0626261
0.0811854 0.847462 0.0713525
0.235374 0.393306 0.371321
0.0894537 0.775783 0.134763
0.432868 0.34392 0.223213
0.395259 0.508544 0.0961974
0.273043 0.070991 0.655966
0.141699 0.684375 0.173926
0.338836 0.144615 0.516549
0.0683152 0.714138 0.217547
0.2129 0.0605448 0.726555
0.49776 0.452113 0.0501268
0.579839 0.188226 0.231935
0.170438 0.474734 0.354828
0.703111 0.060637 0.236252
0.497264 0.0648365 0.437899
0.484813 0.169371 0.345816
0.564247 0.136012 0.29974
0.591902 0.358423 0.0496753
0.658521 0.218365 0.123114
0.424237 0.150863 0.4249
0.143868 0.0684989 0.787633
0.0719536 0.251108 0.676938
0.337645 0.39936 0.262995
0.418607 0.426215 0.155178
0.316808 0.338949 0.344243
0.16994 0.408036 0.422024
0.326388 0.216086 0.457526
0.397988 0.311948 0.290065
0.227439 0.602463 0.170098
0.515472 0.270223 0.214305
0.0741349 0.0822621 0.843603
0.0571237 0.210467 0.732409
0.0871138 0.563127 0.349759
0.735941 0.134515 0.129543
0.0525057 0.0487266 0.898768
0.0790771 0.634079 0.286844
0.255984 0.44178 0.302236
0.815203 0.0946365 0.0901601
0.49964 0.336828 0.163532
0.192928 0.122215 0.684857
0.748611 0.0659049 0.185484
0.0675477 0.147582 0.78487
0.427957 0.532358 0.0396852
0.627566 0.0567129 0.315721
0.0560592 0.456341 0.4876
0.258231 0.315131 0.426638
0.0650671 0.903226 0.0317073
0.357214 0.440674 0.202112
0.160487 0.305107 0.534405
0.941963 0.0340677 0.023969
0.243834 0.210327 0.545839
0.216087 0.152433 0.63148
0.686358 0.279976 0.0336664


14 2 45
23 22 47
32 31 51
38 37 52
39 38 52
12 11 55
62 49 63
31 30 65
36 35 66
7 6 69
6 5 71
69 6 71
58 69 71
70 58 71
40 39 72
39 52 72
13 12 73
65 13 73
12 55 73
21 20 76
67 57 77
20 19 77
76 20 77
5 4 80
71 5 80
70 71 80
80 4 81
29 28 81
28 27 83
81 28 83
70 80 83
80 81 83
58 59 85
69 58 85
41 40 86
40 72 86
72 48 86
70 83 87
48 72 88
72 52 88
26 25 89
27 26 89
83 27 89
87 83 89
49 87 89
42 41 90
41 86 90
9 8 91
85 50 91
46 54 92
54 74 92
34 33 94
46 34 94
54 46 94
37 36 95
36 66 95
52 37 95
61 56 96
46 92 97
92 61 97
61 96 97
96 66 97
10 9 98
75 53 98
50 75 98
91 50 98
9 91 98
55 53 99
74 54 99
53 75 99
75 74 99
88 52 100
52 95 100
95 66 100
66 96 100
56 79 100
96 56 100
43 42 101
42 90 101
90 78 101
19 18 102
77 19 102
67 77 102
78 67 102
50 85 104
85 59 104
79 56 105
47 64 106
64 60 106
82 93 106
93 47 106
68 88 107
88 100 107
100 79 107
56 61 108
61 84 108
84 103 108
103 105 108
105 56 108
49 62 109
62 59 109
87 49 109
59 58 109
58 70 109
70 87 109
92 74 110
84 61 110
61 92 110
16 15 111
44 43 111
43 101 111
18 17 112
102 18 112
78 102 112
24 23 113
23 47 113
47 93 113
93 63 113
99 54 114
55 99 114
15 14 115
14 45 115
45 44 115
44 111 115
111 15 115
63 49 116
49 89 116
89 25 116
25 24 116
24 113 116
113 63 116
62 63 117
103 62 117
63 93 117
93 82 117
82 105 117
105 103 117
51 31 118
31 65 118
65 73 118
114 51 118
73 55 118
55 114 118
75 50 119
50 104 119
74 75 119
110 74 119
104 84 119
84 110 119
67 78 120
78 90 120
90 86 120
33 32 121
94 33 121
32 51 121
54 94 121
51 114 121
114 54 121
16 111 122
111 101 122
17 16 122
112 17 122
101 78 122
78 112 122
7 69 123
69 85 123
8 7 123
91 8 123
85 91 123
35 34 124
34 46 124
46 97 124
66 35 124
97 66 124
22 21 125
47 22 125
64 47 125
21 76 125
76 64 125
79 105 126
105 82 126
82 106 126
106 60 126
60 68 126
68 107 126
107 79 126
3 1 127
1 29 127
4 3 127
81 4 127
29 81 127
59 62 128
104 59 128
62 103 128
103 84 128
84 104 128
68 60 129
60 64 129
64 76 129
76 77 129
77 57 129
0 13 130
30 0 130
13 65 130
65 30 130
57 48 131
48 88 131
88 68 131
68 129 131
129 57 131
48 57 132
57 67 132
67 120 132
86 48 132
120 86 132
11 10 133
53 55 133
55 11 133
10 98 133
98 53 133
