76
1 0 0
0 1 0
0 0 1
0.0833334 0.916667 0
0.166667 0.833333 0
0.25 0.75 0
0.333333 0.666667 0
0.416667 0.583333 0
0.5 0.5 0
0.583333 0.416667 0
0.666667 0.333333 0
0.75 0.25 0
0.833333 0.166667 0
0.916667 0.0833333 0
0 0.0588236 0.941176
0 0.117647 0.882353
0 0.176471 0.823529
0 0.235294 0.764706
0 0.294118 0.705882
0 0.352941 0.647059
0 0.411765 0.588235
0 0.470588 0.529412
0 0.529412 0.470588
0 0.588235 0.411765
0 0.647059 0.352941
0 0.705882 0.294118
0 0.764706 0.235294
0 0.823529 0.176471
0 0.882353 0.117647
0 0.941176 0.0588235
0.875 0 0.125
0.75 0 0.25
0.625 0 0.375
0.5 0 0.5
0.375 0 0.625
0.25 0 0.75
0.125 0 0.875
0.606197 0.126714 0.26709
0.271912 0.131247 0.596842
0.170162 0.612415 0.217423
0.469894 0.412789 0.117316
0.796331 0.0642253 0.139444
0.426425 0.245069 0.328506
0.17772 0.257289 0.564991
0.646515 0.257888 0.0955976
0.256166 0.639018 0.104816
0.315346 0.513083 0.171572
0.43851 0.0708751 0.490615
0.199972 0.318057 0.481971
0.157543 0.551086 0.291371
0.14599 0.398762 0.455248
0.583349 0.325917 0.090734
0.55907 0.0748583 0.366072
0.324868 0.0638447 0.611287
0.573718 0.242719 0.183564
0.731625 0.143686 0.124688
0.148013 0.14037 0.711618
0.446343 0.348004 0.205653
0.187235 0.0709519 0.741813
0.114288 0.689434 0.196278
0.247666 0.414855 0.337479
0.36816 0.214637 0.417203
0.581142 0.190831 0.228028
0.305185 0.453563 0.241252
0.155255 0.730819 0.113926
0.335581 0.328933 0.335486
0.110744 0.0530937 0.836163
0.34424 0.158374 0.497387
0.148274 0.205556 0.646171
0.11925 0.80097 0.0797801
0.350355 0.55636 0.0932847
0.100053 0.464156 0.43579
0.134769 0.501316 0.363915
0.450169 0.477924 0.0719069
0.48294 0.140602 0.376458
0.0620442 0.891928 0.0460279


3 1 29
14 2 36
25 24 39
10 9 40
0 13 41
30 0 41
31 30 41
37 31 41
19 18 43
12 11 44
7 6 45
33 32 47
20 19 48
19 43 48
24 23 49
39 24 49
46 39 49
21 20 50
20 48 50
11 10 51
44 11 51
10 40 51
32 31 52
47 32 52
31 37 52
34 33 53
33 47 53
47 38 53
12 44 54
13 12 55
12 54 55
41 13 55
37 41 55
17 16 56
53 38 56
51 40 57
44 51 57
54 44 57
16 15 58
56 16 58
35 34 58
34 53 58
53 56 58
26 25 59
25 39 59
39 45 59
37 42 61
42 48 61
48 43 61
42 37 62
37 55 62
54 42 62
55 54 62
40 46 63
46 49 63
57 40 63
60 57 63
6 5 64
27 26 64
26 59 64
45 6 64
59 45 64
48 42 65
50 48 65
42 54 65
54 57 65
60 50 65
57 60 65
15 14 66
14 36 66
36 35 66
35 58 66
58 15 66
61 43 67
38 47 67
47 52 67
18 17 68
43 18 68
17 56 68
56 38 68
38 67 68
67 43 68
5 4 69
4 28 69
28 27 69
27 64 69
64 5 69
8 7 70
7 45 70
45 39 70
39 46 70
22 21 71
21 50 71
50 60 71
23 22 72
49 23 72
63 49 72
60 63 72
71 60 72
22 71 72
9 8 73
40 9 73
46 40 73
8 70 73
70 46 73
52 37 74
37 61 74
61 67 74
67 52 74
4 3 75
3 29 75
28 4 75
29 28 75
