81
1 0 0
0 1 0
0 0 1
0.0833333 0.916667 0
0.166667 0.833333 0
0.25 0.75 0
0.333333 0.666667 0
0.416667 0.583333 0
0.5 0.5 0
0.583333 0.416667 0
0.666667 0.333333 0
0.75 0.25 0
0.833333 0.166667 0
0.916667 0.0833333 0
0 0.1 0.9
0 0.2 0.8
0 0.3 0.7
0 0.4 0.6
0 0.5 0.5
0 0.6 0.4
0 0.7 0.3
0 0.8 0.2
0 0.9 0.1
0.909091 0 0.0909091
0.818182 0 0.181818
0.727273 0 0.272727
0.636364 0 0.363636
0.545455 0 0.454545
0.454545 0 0.545455
0.363636 0 0.636364
0.272727 0 0.727273
0.181818 0 0.818182
0.090909 0 0.909091
0.640688 0.105223 0.254088
0.0862413 0.51764 0.396118
0.271882 0.122875 0.605242
0.159017 0.594301 0.246682
0.473817 0.414192 0.111992
0.426428 0.0638462 0.509725
0.663167 0.256123 0.0807101
0.753051 0.172143 0.0748063
0.388185 0.243754 0.368061
0.164117 0.257565 0.578319
0.262073 0.621321 0.116606
0.058384 0.146911 0.794705
0.319692 0.525177 0.155131
0.0665286 0.622302 0.311169
0.177956 0.328107 0.493936
0.485267 0.230194 0.284539
0.131916 0.408367 0.459717
0.561903 0.0755467 0.36255
0.266908 0.248545 0.484547
0.188081 0.684404 0.127515
0.576327 0.236473 0.1872
0.744881 0.0879598 0.167159
0.082575 0.33257 0.584855
0.129918 0.134749 0.735333
0.155145 0.761933 0.0829217
0.0811411 0.823044 0.0958147
0.239786 0.38977 0.370445
0.45048 0.324796 0.224725
0.404706 0.497773 0.0975206
0.833714 0.0838445 0.0824413
0.0895996 0.713071 0.197329
0.173588 0.482759 0.343652
0.674713 0.172979 0.152308
0.348627 0.422607 0.228766
0.330787 0.328264 0.340949
0.46798 0.132159 0.399861
0.358041 0.1563 0.485659
0.198026 0.0752567 0.726718
0.0546915 0.43133 0.513978
0.10095 0.0691069 0.829943
0.0891009 0.224396 0.686503
0.19357 0.172882 0.633548
0.566264 0.332368 0.101368
0.54946 0.158466 0.292074
0.248731 0.507586 0.243683
0.336098 0.0700385 0.593863
0.348919 0.58547 0.0656117
0.0412836 0.0422145 0.916502


3 1 22
0 13 23
26 25 33
19 18 34
9 8 37
29 28 38
28 27 38
11 10 39
12 11 40
11 39 40
6 5 43
15 14 44
20 19 46
19 34 46
34 36 46
27 26 50
26 33 50
47 42 51
36 43 52
43 5 52
25 24 54
33 25 54
17 16 55
42 47 55
47 49 55
5 4 57
52 5 57
4 3 58
57 4 58
3 22 58
22 21 58
49 47 59
47 51 59
41 48 60
48 53 60
8 7 61
37 8 61
13 12 62
23 13 62
24 23 62
54 24 62
12 40 62
40 54 62
46 36 63
36 52 63
21 20 63
20 46 63
52 57 63
57 58 63
58 21 63
36 34 64
34 49 64
49 59 64
40 39 65
39 53 65
53 33 65
33 54 65
54 40 65
61 45 66
60 37 66
37 61 66
51 41 67
59 51 67
66 59 67
41 60 67
60 66 67
48 41 68
38 27 68
27 50 68
51 35 69
41 51 69
38 68 69
68 41 69
31 30 70
30 35 70
18 17 71
34 18 71
49 34 71
17 55 71
55 49 71
44 14 72
32 31 72
56 44 72
31 70 72
70 56 72
16 15 73
15 44 73
42 55 73
55 16 73
44 56 73
35 51 74
51 42 74
56 70 74
70 35 74
42 73 74
73 56 74
10 9 75
39 10 75
9 37 75
53 39 75
37 60 75
60 53 75
53 48 76
50 33 76
33 53 76
48 68 76
68 50 76
43 36 77
45 43 77
36 64 77
66 45 77
64 59 77
59 66 77
30 29 78
35 30 78
69 35 78
29 38 78
38 69 78
7 6 79
6 43 79
43 45 79
45 61 79
61 7 79
14 2 80
2 32 80
32 72 80
72 14 80
