120
1 0 0
0 1 0
0 0 1
0.0833334 0.916667 0
0.166667 0.833333 0
0.25 0.75 0
0.333333 0.666667 0
0.416667 0.583333 0
0.5 0.5 0
0.583333 0.416667 0
0.666667 0.333333 0
0.75 0.25 0
0.833333 0.166667 0
0.916667 0.0833333 0
0 0.0588235 0.941176
0 0.117647 0.882353
0 0.176471 0.823529
0 0.235294 0.764706
0 0.294118 0.705882
0 0.352941 0.647059
0 0.411765 0.588235
0 0.470588 0.529412
0 0.529412 0.470588
0 0.588235 0.411765
0 0.647059 0.352941
0 0.705882 0.294118
0 0.764706 0.235294
0 0.823529 0.176471
0 0.882353 0.117647
0 0.941176 0.0588235
0.928571 0 0.0714286
0.857143 0 0.142857
0.785714 0 0.214286
0.714286 0 0.285714
0.642857 0 0.357143
0.571429 0 0.428571
0.5 0 0.5
0.428571 0 0.571429
0.357143 0 0.642857
0.285714 0 0.714286
0.214286 0 0.785714
0.142857 0 0.857143
0.0714286 0 0.928571
0.601263 0.136185 0.262553
0.100007 0.490028 0.409965
0.278155 0.138801 0.583044
0.175367 0.60113 0.223502
0.474912 0.420709 0.104379
0.78063 0.062415 0.156955
0.401796 0.0698158 0.528388
0.648377 0.27514 0.0764826
0.68439 0.126918 0.188693
0.755319 0.18029 0.0643909
0.398029 0.255972 0.345998
0.173014 0.254511 0.572475
0.294987 0.617503 0.0875107
0.295931 0.545544 0.158526
0.191249 0.326962 0.481789
0.499631 0.235147 0.265222
0.176711 0.535778 0.287511
0.119068 0.410979 0.469953
0.546385 0.0719047 0.38171
0.1683 0.179779 0.651922
0.271062 0.241928 0.487009
0.248334 0.702674 0.0489919
0.342966 0.0593031 0.59773
0.566827 0.26183 0.171342
0.533934 0.336348 0.129718
0.290195 0.485078 0.224727
0.0968143 0.364239 0.538947
0.147304 0.127602 0.725094
0.164866 0.773989 0.0611452
0.210721 0.394034 0.395245
0.906706 0.053223 0.0400706
0.0871767 0.782476 0.130347
0.462868 0.323434 0.213699
0.0759768 0.323866 0.600157
0.388368 0.515306 0.0963256
0.25342 0.0822051 0.664375
0.133528 0.692659 0.173813
0.367705 0.143283 0.489012
0.376938 0.206271 0.416791
0.485593 0.465903 0.0485035
0.598087 0.192599 0.209314
0.221187 0.62616 0.152653
0.171207 0.481722 0.347072
0.703682 0.0617406 0.234577
0.498368 0.161249 0.340383
0.45452 0.129033 0.416447
0.617241 0.0722814 0.310477
0.0659248 0.883691 0.0503846
0.127533 0.072527 0.79994
0.0809436 0.264901 0.654155
0.357534 0.396238 0.246229
0.830097 0.0818924 0.0880103
0.572435 0.371938 0.0556276
0.313257 0.339641 0.347102
0.387537 0.324227 0.288236
0.419448 0.402739 0.177812
0.664684 0.199273 0.136043
0.480545 0.0634905 0.455965
0.0777798 0.630989 0.291231
0.29026 0.296131 0.413609
0.187506 0.703468 0.109026
0.391764 0.564129 0.0441068
0.0823196 0.567507 0.350173
0.205872 0.0573777 0.73675
0.0545108 0.113721 0.831768
0.0667282 0.156828 0.776444
0.0711669 0.69221 0.236623
0.0669712 0.0569238 0.876105
0.0620577 0.469162 0.468781
0.269559 0.191321 0.539121
0.271546 0.424161 0.304294
0.743076 0.132184 0.124739
0.0752169 0.209031 0.715752
0.382177 0.467711 0.150112
0.845879 0.117934 0.0361869
0.0586747 0.751959 0.189367
0.0891874 0.834345 0.0764681


3 1 29
14 2 42
23 22 44
32 31 48
37 36 49
11 10 50
12 11 52
11 50 52
35 34 61
45 54 62
57 54 63
6 5 64
55 6 64
38 37 65
37 49 65
49 45 65
66 50 67
56 46 68
46 59 68
54 57 69
21 20 69
60 21 69
57 60 69
5 4 71
64 5 71
44 60 72
60 57 72
0 13 73
30 0 73
28 27 74
58 66 75
66 67 75
20 19 76
69 20 76
54 69 76
55 56 77
39 38 78
38 65 78
45 62 78
65 45 78
62 70 78
45 49 80
63 80 81
9 8 82
77 47 82
43 51 83
58 43 83
66 58 83
46 56 84
79 46 84
56 55 84
44 72 85
33 32 86
51 43 86
32 48 86
48 51 86
43 58 87
58 53 87
53 81 87
81 80 88
61 87 88
87 81 88
34 33 89
61 34 89
33 86 89
86 43 89
43 87 89
87 61 89
4 3 90
3 29 90
29 28 90
41 40 91
19 18 92
76 19 92
62 54 92
54 76 92
31 30 94
48 31 94
30 73 94
10 9 95
47 67 95
50 10 95
67 50 95
9 82 95
82 47 95
53 58 97
96 53 97
58 75 97
75 93 97
67 47 98
75 67 98
68 93 98
93 75 98
52 50 99
50 66 99
66 83 99
83 51 99
36 35 100
35 61 100
61 88 100
49 36 100
80 49 100
88 80 100
25 24 101
59 46 101
57 63 102
63 81 102
72 57 102
96 72 102
81 53 102
53 96 102
64 71 103
71 74 103
74 79 103
55 64 103
84 55 103
79 84 103
7 6 104
6 55 104
8 7 104
55 77 104
77 82 104
82 8 104
24 23 105
23 44 105
44 85 105
85 59 105
59 101 105
101 24 105
40 39 106
39 78 106
78 70 106
70 91 106
91 40 106
16 15 107
17 16 108
16 107 108
91 70 108
107 91 108
26 25 109
46 79 109
101 46 109
25 101 109
15 14 110
14 42 110
42 41 110
107 15 110
41 91 110
91 107 110
22 21 111
21 60 111
44 22 111
60 44 111
54 45 112
63 54 112
45 80 112
80 63 112
68 59 113
59 85 113
93 68 113
85 72 113
72 96 113
96 97 113
97 93 113
51 48 114
99 51 114
48 94 114
94 52 114
52 99 114
70 62 115
18 17 115
92 18 115
62 92 115
17 108 115
108 70 115
56 68 116
68 98 116
47 77 116
98 47 116
77 56 116
13 12 117
73 13 117
94 73 117
12 52 117
52 94 117
27 26 118
74 27 118
79 74 118
26 109 118
109 79 118
71 4 119
4 90 119
28 74 119
90 28 119
74 71 119
