32
1 0 0
0 1 0
0 0 1
0.0833333 0.916667 0
0.166667 0.833333 0
0.25 0.75 0
0.333333 0.666667 0
0.416667 0.583333 0
0.5 0.5 0
0.583333 0.416667 0
0.666667 0.333333 0
0.75 0.25 0
0.833333 0.166667 0
0.916667 0.0833333 0
0 0.0909091 0.909091
0 0.181818 0.818182
0 0.272727 0.727273
0 0.363636 0.636364
0 0.454546 0.545455
0 0.545455 0.454545
0 0.636364 0.363636
0 0.727273 0.272727
0 0.818182 0.181818
0 0.909091 0.0909091
0.5 0 0.5
0.442225 0.0821975 0.475578
0.362014 0.256792 0.381194
0.297464 0.340873 0.361663
0.424149 0.170978 0.404873
0.269609 0.417813 0.312577
0.181564 0.606541 0.211895
0.217931 0.517245 0.264824


6 5 21
20 6 21
5 4 22
21 5 22
3 1 23
4 3 23
22 4 23
0 13 24
14 2 25
2 24 25
13 12 25
24 13 25
11 10 26
16 15 26
10 9 27
17 16 27
16 26 27
26 10 27
12 11 28
15 14 28
14 25 28
25 12 28
11 26 28
26 15 28
9 8 29
8 18 29
18 17 29
17 27 29
27 9 29
7 6 30
6 20 30
19 7 30
20 19 30
8 7 31
7 19 31
18 8 31
19 18 31
