93
1 0 0
0 1 0
0 0 1
0.0833333 0.916667 0
0.166667 0.833333 0
0.25 0.75 0
0.333333 0.666667 0
0.416667 0.583333 0
0.5 0.5 0
0.583333 0.416667 0
0.666667 0.333333 0
0.75 0.25 0
0.833333 0.166667 0
0.916667 0.0833333 0
0 0.0666667 0.933333
0 0.133333 0.866667
0 0.2 0.8
0 0.266667 0.733333
0 0.333333 0.666667
0 0.4 0.6
0 0.466667 0.533333
0 0.533333 0.466667
0 0.6 0.4
0 0.666667 0.333333
0 0.733333 0.266667
0 0.8 0.2
0 0.866667 0.133333
0 0.933333 0.0666667
0.9 0 0.1
0.8 0 0.2
0.7 0 0.3
0.6 0 0.4
0.5 0 0.5
0.4 0 0.6
0.3 0 0.7
0.2 0 0.8
0.1 0 0.9
0.635837 0.0984808 0.265682
0.100536 0.496479 0.402985
0.254652 0.142252 0.603096
0.1806 0.603647 0.215753
0.478526 0.418067 0.103407
0.773462 0.0713949 0.155143
0.399171 0.0784501 0.522379
0.646644 0.281846 0.07151
0.720479 0.197848 0.0816731
0.402462 0.255553 0.341984
0.189057 0.240855 0.570089
0.28062 0.61651 0.102869
0.326574 0.511042 0.162384
0.167064 0.333365 0.499571
0.184867 0.531364 0.283769
0.105538 0.412339 0.482123
0.540936 0.0738419 0.385222
0.153635 0.193052 0.653313
0.586165 0.255316 0.158519
0.530783 0.337821 0.131397
0.132168 0.137427 0.730405
0.153698 0.773274 0.0730276
0.262835 0.253307 0.483858
0.220731 0.390633 0.388636
0.451333 0.330242 0.218425
0.0914216 0.31812 0.590459
0.272922 0.0713741 0.655704
0.137361 0.699774 0.162865
0.649227 0.166312 0.184461
0.459474 0.469323 0.0712025
0.510563 0.174213 0.315224
0.292531 0.46666 0.240809
0.88808 0.0484064 0.0635137
0.0793887 0.855701 0.0649103
0.439358 0.136941 0.423701
0.156581 0.069808 0.773611
0.230754 0.70059 0.0686555
0.214844 0.45874 0.326416
0.388259 0.537806 0.0739353
0.0681036 0.209734 0.722162
0.324627 0.396295 0.279078
0.0845394 0.591405 0.324055
0.802445 0.118071 0.0794841
0.717502 0.0459224 0.236575
0.358397 0.32659 0.315013
0.493849 0.252929 0.253222
0.31988 0.172501 0.507618
0.0787618 0.79136 0.129878
0.58516 0.358852 0.0559886
0.0774615 0.661327 0.261211
0.0793405 0.262613 0.658047
0.406749 0.410401 0.18285
0.290861 0.301092 0.408047
0.372319 0.21354 0.414141
0.0581737 0.750474 0.191352
0.0858681 0.0544821 0.85965


3 1 27
14 2 36
21 20 38
22 21 38
29 28 42
33 32 43
11 10 44
12 11 45
11 44 45
7 6 48
48 40 49
49 40 51
20 19 52
19 50 52
38 20 52
31 30 53
30 37 53
32 31 53
43 32 53
39 47 54
45 44 55
55 44 56
16 15 57
39 54 57
5 4 58
50 47 59
38 52 60
52 50 60
55 56 61
19 18 62
50 19 62
47 50 62
34 33 63
33 43 63
43 39 63
39 57 63
40 48 64
37 42 65
45 55 65
9 8 66
41 9 66
49 41 66
53 37 67
37 65 67
49 51 68
0 13 69
28 0 69
42 28 69
4 3 70
3 27 70
27 26 70
58 4 70
43 53 71
53 67 71
57 15 72
35 34 72
34 63 72
63 57 72
6 5 73
5 58 73
48 6 73
64 48 73
58 64 73
51 38 74
68 51 74
38 60 74
7 48 75
48 49 75
8 7 75
66 8 75
49 66 75
17 16 76
16 57 76
57 54 76
74 60 77
68 74 77
23 22 78
51 40 78
22 38 78
38 51 78
45 65 79
65 42 79
13 12 79
69 13 79
12 45 79
42 69 79
30 29 80
37 30 80
29 42 80
42 37 80
77 60 81
61 77 81
55 61 82
46 67 82
65 55 82
67 65 82
61 81 82
81 46 82
47 39 83
59 47 83
39 43 83
43 71 83
26 25 84
64 58 84
58 70 84
70 26 84
10 9 85
9 41 85
41 56 85
44 10 85
56 44 85
24 23 86
40 64 86
64 24 86
23 78 86
78 40 86
18 17 87
62 18 87
54 47 87
47 62 87
17 76 87
76 54 87
56 41 88
61 56 88
41 49 88
49 68 88
77 61 88
68 77 88
50 59 89
46 81 89
60 50 89
81 60 89
67 46 90
71 67 90
59 83 90
83 71 90
46 89 90
89 59 90
25 24 91
24 64 91
64 84 91
84 25 91
15 14 92
72 15 92
14 36 92
36 35 92
35 72 92
