117
1 0 0
0 1 0
0 0 1
0.0833333 0.916667 0
0.166667 0.833333 0
0.25 0.75 0
0.333333 0.666667 0
0.416667 0.583333 0
0.5 0.5 0
0.583333 0.416667 0
0.666667 0.333333 0
0.75 0.25 0
0.833333 0.166667 0
0.916667 0.0833333 0
0 0.0769232 0.923077
0 0.153846 0.846154
0 0.230769 0.769231
0 0.307692 0.692308
0 0.384615 0.615385
0 0.461539 0.538462
0 0.538462 0.461538
0 0.615385 0.384615
0 0.692308 0.307692
0 0.769231 0.230769
0 0.846154 0.153846
0 0.923077 0.0769231
0.9375 0 0.0625
0.875 0 0.125
0.8125 0 0.1875
0.75 0 0.25
0.6875 0 0.3125
0.625 0 0.375
0.5625 0 0.4375
0.5 0 0.5
0.4375 0 0.5625
0.375 0 0.625
0.3125 0 0.6875
0.25 0 0.75
0.1875 0 0.8125
0.125 0 0.875
0.0625 0 0.9375
0.630239 0.118568 0.251193
0.0982828 0.479632 0.422085
0.266105 0.149426 0.58447
0.158797 0.607475 0.233727
0.505916 0.374839 0.119245
0.798907 0.075579 0.125514
0.418255 0.076802 0.504943
0.683615 0.250297 0.0660888
0.671663 0.137239 0.191098
0.770262 0.16601 0.0637279
0.407559 0.23004 0.362401
0.171067 0.269146 0.559786
0.285406 0.605595 0.108999
0.0658863 0.125032 0.809082
0.32105 0.50852 0.17043
0.193921 0.32526 0.480819
0.485832 0.228691 0.285477
0.172602 0.520549 0.306849
0.1236 0.389386 0.487014
0.592428 0.328579 0.078993
0.539447 0.0743474 0.386205
0.165795 0.181689 0.652516
0.273671 0.229629 0.4967
0.350509 0.593825 0.0556664
0.20914 0.680552 0.110307
0.586011 0.241596 0.172392
0.25627 0.507612 0.236118
0.0748472 0.373929 0.551224
0.115943 0.150269 0.733788
0.329999 0.253441 0.41656
0.177008 0.757255 0.0657363
0.0935486 0.831949 0.0745023
0.231417 0.407162 0.36142
0.4397 0.333064 0.227236
0.855236 0.0843482 0.0604155
0.247717 0.0831899 0.669093
0.137449 0.711465 0.151085
0.33941 0.139737 0.520853
0.080952 0.706108 0.21294
0.457133 0.114015 0.428853
0.491403 0.158363 0.350234
0.132439 0.070285 0.797276
0.0704189 0.255646 0.673935
0.521098 0.427482 0.0514192
0.696831 0.0568012 0.246368
0.352479 0.4069 0.240621
0.422444 0.418986 0.15857
0.578429 0.106595 0.314976
0.319779 0.339602 0.340619
0.400091 0.309526 0.290383
0.437574 0.494293 0.0681335
0.225928 0.600157 0.173915
0.187928 0.0779306 0.734141
0.505709 0.297028 0.197263
0.085159 0.563021 0.35182
0.648097 0.222095 0.129809
0.74545 0.063911 0.190639
0.363035 0.0676125 0.569352
0.722604 0.149178 0.128218
0.269116 0.435072 0.295812
0.560041 0.192645 0.247314
0.053333 0.463715 0.482952
0.0532069 0.0682734 0.87852
0.0509424 0.209494 0.739563
0.0542668 0.797763 0.14797
0.37375 0.174192 0.452058
0.0439332 0.538369 0.417698
0.092464 0.294737 0.612799
0.0761808 0.645542 0.278277
0.265501 0.684064 0.0504351
0.167011 0.42891 0.404078
0.510136 0.0463257 0.443538
0.254706 0.322503 0.422791
0.365921 0.520903 0.113176
0.0423207 0.917954 0.0397257
0.315925 0.0595225 0.624552


0 13 26
14 2 40
28 27 46
34 33 47
11 10 48
12 11 50
11 48 50
16 15 54
52 56 59
10 9 60
48 10 60
32 31 61
43 52 62
52 43 63
56 52 63
7 6 64
41 49 66
60 45 66
44 58 67
19 18 68
52 59 68
5 4 71
4 3 72
71 4 72
13 12 75
26 13 75
27 26 75
46 27 75
12 50 75
50 46 75
37 36 76
43 62 76
65 71 77
71 72 77
63 43 78
44 77 79
47 33 80
57 51 81
51 80 81
80 61 81
39 38 82
54 39 82
69 54 82
18 17 83
69 62 83
9 8 84
45 60 84
60 9 84
30 29 85
41 30 85
49 41 85
55 67 86
55 86 87
86 74 87
31 30 88
30 41 88
61 31 88
57 81 88
81 61 88
70 51 89
51 57 90
57 74 90
74 86 90
86 89 90
89 51 90
8 7 91
84 8 91
7 64 91
45 84 91
87 45 91
44 67 92
55 53 92
67 55 92
53 65 92
65 77 92
77 44 92
62 69 93
76 62 93
37 76 93
38 37 93
82 38 93
69 82 93
74 57 94
66 45 94
45 87 94
87 74 94
22 21 95
66 49 96
48 60 96
60 66 96
29 28 97
28 46 97
49 85 97
85 29 97
35 34 98
34 47 98
47 78 98
78 43 98
50 48 99
48 96 99
46 50 99
97 46 99
96 49 99
49 97 99
67 58 100
58 73 100
73 89 100
86 67 100
89 86 100
57 88 101
88 41 101
94 57 101
41 66 101
66 94 101
20 19 102
59 42 102
19 68 102
68 59 102
15 14 103
14 40 103
40 39 103
39 54 103
54 15 103
16 54 104
54 69 104
17 16 104
83 17 104
69 83 104
25 24 105
72 25 105
77 72 105
24 23 105
23 79 105
79 77 105
78 47 106
70 63 106
63 78 106
51 70 106
80 51 106
47 80 106
21 20 107
42 95 107
95 21 107
20 102 107
102 42 107
68 18 108
18 83 108
62 52 108
83 62 108
52 68 108
23 22 109
79 23 109
58 44 109
95 58 109
44 79 109
22 95 109
6 5 110
53 64 110
64 6 110
65 53 110
5 71 110
71 65 110
42 59 111
59 56 111
73 58 111
58 95 111
95 42 111
33 32 112
80 33 112
32 61 112
61 80 112
56 63 113
63 70 113
70 89 113
89 73 113
73 111 113
111 56 113
53 55 114
64 53 114
55 87 114
87 91 114
91 64 114
3 1 115
1 25 115
25 72 115
72 3 115
36 35 116
43 76 116
76 36 116
35 98 116
98 43 116
