124
1 0 0
0 1 0
0 0 1
0.0833334 0.916667 0
0.166667 0.833333 0
0.25 0.75 0
0.333333 0.666667 0
0.416667 0.583333 0
0.5 0.5 0
0.583333 0.416667 0
0.666667 0.333333 0
0.75 0.25 0
0.833333 0.166667 0
0.916667 0.0833333 0
0 0.0526316 0.947368
0 0.105263 0.894737
0 0.157895 0.842105
0 0.210526 0.789474
0 0.263158 0.736842
0 0.315789 0.684211
0 0.368421 0.631579
0 0.421053 0.578947
0 0.473684 0.526316
0 0.526316 0.473684
0 0.578947 0.421053
0 0.631579 0.368421
0 0.68421 0.315789
0 0.736842 0.263158
0 0.789474 0.210526
0 0.842105 0.157895
0 0.894737 0.105263
0 0.947368 0.0526316
0.928571 0 0.0714286
0.857143 0 0.142857
0.785714 0 0.214286
0.714286 0 0.285714
0.642857 0 0.357143
0.571429 0 0.428571
0.5 0 0.5
0.428571 0 0.571429
0.357143 0 0.642857
0.285714 0 0.714286
0.214286 0 0.785714
0.142857 0 0.857143
0.0714286 0 0.928571
0.614927 0.12768 0.257393
0.10141 0.492866 0.405724
0.279052 0.136546 0.584402
0.182717 0.593496 0.223788
0.461677 0.42949 0.108832
0.806685 0.0662449 0.12707
0.401782 0.0676156 0.530602
0.655801 0.281633 0.062566
0.681209 0.144871 0.17392
0.748769 0.194168 0.0570633
0.3996 0.254657 0.345743
0.186017 0.233017 0.580966
0.271818 0.62641 0.101771
0.325418 0.51042 0.164162
0.366635 0.137069 0.496297
0.193194 0.332979 0.473827
0.498421 0.219824 0.281756
0.170522 0.540232 0.289246
0.116502 0.403348 0.480149
0.498101 0.453973 0.0479264
0.539099 0.075678 0.385223
0.159772 0.181758 0.65847
0.282111 0.234858 0.483031
0.249791 0.711753 0.0384567
0.341218 0.0590996 0.599682
0.582657 0.2465 0.170844
0.547077 0.326427 0.126496
0.273549 0.489079 0.237371
0.765203 0.13218 0.102617
0.0786167 0.374459 0.546924
0.132382 0.132426 0.735191
0.0858057 0.833624 0.0805699
0.202894 0.396421 0.400685
0.881418 0.0621648 0.0564173
0.0960481 0.774851 0.129101
0.460486 0.332367 0.207147
0.0821758 0.313194 0.604631
0.384411 0.525686 0.0899032
0.250005 0.0833302 0.666665
0.138982 0.691404 0.169614
0.374704 0.2173 0.407995
0.584928 0.19502 0.220052
0.250626 0.597732 0.151641
0.206228 0.467158 0.326614
0.49692 0.160269 0.342811
0.612979 0.071704 0.315317
0.0684533 0.885064 0.0464831
0.087911 0.256283 0.655806
0.425144 0.146675 0.428181
0.138044 0.0673105 0.794645
0.336907 0.405453 0.25764
0.572371 0.372058 0.0555709
0.401461 0.314293 0.284246
0.407718 0.413381 0.178901
0.275422 0.190284 0.534294
0.197417 0.709791 0.0927922
0.477228 0.0658276 0.456944
0.0719195 0.205095 0.722985
0.288658 0.297372 0.413969
0.0864301 0.611502 0.302068
0.380049 0.570162 0.0497892
0.206769 0.0562732 0.736958
0.695019 0.0505453 0.254436
0.091103 0.551865 0.357032
0.833936 0.123681 0.0423836
0.0578341 0.725382 0.216784
0.0587978 0.0491971 0.892005
0.289374 0.389295 0.321332
0.0703508 0.132778 0.796871
0.0850486 0.457987 0.456965
0.0811315 0.670304 0.248564
0.169006 0.776522 0.0544729
0.660665 0.219802 0.119533
0.318608 0.329915 0.351477
0.0686251 0.0863744 0.845
0.503366 0.265862 0.230772
0.739797 0.0638613 0.196341
0.30958 0.644556 0.045864
0.16617 0.296499 0.537331


3 1 31
14 2 44
24 23 46
33 32 50
39 38 51
11 10 52
12 11 54
11 52 54
47 51 59
9 8 64
37 36 65
47 56 66
6 5 68
40 39 69
39 51 69
51 47 69
58 48 72
48 62 72
53 50 73
21 20 74
22 21 74
63 22 74
60 63 74
30 29 76
63 60 77
0 13 78
32 0 78
50 32 78
73 50 78
29 28 79
76 29 79
70 71 80
20 19 81
74 20 81
58 49 82
49 64 82
64 8 82
47 66 83
69 47 83
41 40 83
40 69 83
66 75 83
79 28 84
45 53 86
61 45 86
53 70 86
48 58 87
58 82 87
82 57 87
57 84 87
84 48 87
46 77 88
72 62 88
45 61 89
61 55 89
55 85 89
36 35 90
65 36 90
45 89 90
89 65 90
4 3 91
76 4 91
3 31 91
31 30 91
30 76 91
19 18 92
66 56 92
56 81 92
81 19 92
67 59 93
85 67 93
65 89 93
89 85 93
43 42 94
72 88 95
52 10 96
10 9 96
9 64 96
64 49 96
49 71 96
71 52 96
55 61 97
80 95 97
49 58 98
58 72 98
71 49 98
80 71 98
72 95 98
95 80 98
56 47 99
47 59 99
59 67 99
79 84 100
84 57 100
38 37 101
51 38 101
59 51 101
37 65 101
65 93 101
93 59 101
18 17 102
17 75 102
75 66 102
66 92 102
92 18 102
77 60 103
85 55 103
60 67 103
67 85 103
26 25 104
62 48 104
8 7 105
82 8 105
57 82 105
41 83 106
83 75 106
42 41 106
94 42 106
75 94 106
35 34 107
45 90 107
90 35 107
25 24 108
24 46 108
46 88 108
88 62 108
62 104 108
104 25 108
13 12 109
12 54 109
54 73 109
73 78 109
78 13 109
28 27 110
84 28 110
15 14 111
14 44 111
44 43 111
88 77 112
95 88 112
97 95 112
17 16 113
75 17 113
94 75 113
23 22 114
22 63 114
46 23 114
63 77 114
77 46 114
27 26 115
26 104 115
104 48 115
110 27 115
48 84 115
84 110 115
5 4 116
4 76 116
68 5 116
100 68 116
76 79 116
79 100 116
54 52 117
52 71 117
71 70 117
73 54 117
70 53 117
53 73 117
55 97 118
97 112 118
77 103 118
112 77 118
103 55 118
16 15 119
43 94 119
111 43 119
15 111 119
94 113 119
113 16 119
70 80 120
86 70 120
61 86 120
97 61 120
80 97 120
34 33 121
33 50 121
53 45 121
45 107 121
107 34 121
50 53 121
6 68 122
68 100 122
100 57 122
7 6 122
105 7 122
57 105 122
67 60 123
60 74 123
81 56 123
74 81 123
56 99 123
99 67 123
