114
1 0 0
0 1 0
0 0 1
0.0833333 0.916667 0
0.166667 0.833333 0
0.25 0.75 0
0.333333 0.666667 0
0.416667 0.583333 0
0.5 0.5 0
0.583333 0.416667 0
0.666667 0.333333 0
0.75 0.25 0
0.833333 0.166667 0
0.916667 0.0833333 0
0 0.0555556 0.944444
0 0.111111 0.888889
0 0.166667 0.833333
0 0.222222 0.777778
0 0.277778 0.722222
0 0.333333 0.666667
0 0.388889 0.611111
0 0.444444 0.555556
0 0.5 0.5
0 0.555556 0.444444
0 0.611111 0.388889
0 0.666667 0.333333
0 0.722222 0.277778
0 0.777778 0.222222
0 0.833333 0.166667
0 0.888889 0.111111
0 0.944444 0.0555556
0.923077 0 0.0769231
0.846154 0 0.153846
0.769231 0 0.230769
0.692308 0 0.307692
0.615385 0 0.384615
0.538462 0 0.461538
0.461538 0 0.538462
0.384615 0 0.615385
0.307692 0 0.692308
0.230769 0 0.769231
0.153846 0 0.846154
0.0769231 0 0.923077
0.608712 0.13218 0.259108
0.102732 0.47956 0.417708
0.280692 0.138409 0.580899
0.171171 0.599132 0.229697
0.459655 0.430983 0.109362
0.80346 0.0633524 0.133188
0.414503 0.068039 0.517458
0.647119 0.282339 0.0705423
0.686279 0.13477 0.178951
0.734293 0.197409 0.068298
0.384356 0.269196 0.346448
0.172862 0.252862 0.574277
0.274336 0.636507 0.0891574
0.678688 0.0533491 0.267963
0.323297 0.511352 0.165352
0.370979 0.145344 0.483677
0.183009 0.319747 0.497244
0.502289 0.235217 0.262494
0.163737 0.539557 0.296707
0.120703 0.406577 0.47272
0.498237 0.453475 0.0482874
0.876694 0.0610883 0.0622173
0.564778 0.0620733 0.373149
0.169112 0.177394 0.653495
0.271652 0.244174 0.484173
0.246897 0.706755 0.0463473
0.607583 0.234522 0.157896
0.535281 0.336112 0.128607
0.271877 0.489841 0.238281
0.0953651 0.356883 0.547752
0.074535 0.317079 0.608386
0.123417 0.135719 0.740864
0.0841803 0.832243 0.0835764
0.20447 0.404732 0.390797
0.0918496 0.773614 0.134536
0.468347 0.320654 0.210999
0.382021 0.528205 0.0897737
0.258135 0.0814187 0.660446
0.142216 0.689847 0.167937
0.211635 0.0553149 0.73305
0.36712 0.21643 0.41645
0.591677 0.190392 0.217931
0.25066 0.59895 0.15039
0.20756 0.4638 0.32864
0.485821 0.179501 0.334679
0.0675534 0.884257 0.0481892
0.114529 0.0756914 0.809779
0.0828316 0.258584 0.658585
0.339283 0.400554 0.260163
0.571555 0.37251 0.0559356
0.401385 0.315561 0.283055
0.406952 0.412889 0.180159
0.274027 0.191353 0.53462
0.355245 0.0576809 0.587074
0.180765 0.717988 0.101248
0.0801384 0.600185 0.319676
0.752904 0.135824 0.111272
0.373254 0.581518 0.0452279
0.578958 0.095347 0.325695
0.26594 0.317844 0.416217
0.065539 0.654701 0.27976
0.465648 0.132438 0.401913
0.078965 0.69172 0.229315
0.734951 0.0609446 0.204105
0.0747551 0.208834 0.716411
0.0672459 0.0512217 0.881532
0.49284 0.0649573 0.442202
0.830166 0.123351 0.0464833
0.302583 0.363576 0.333841
0.167699 0.775725 0.056576
0.0852634 0.543322 0.371414


3 1 30
14 2 42
23 22 44
32 31 48
37 36 49
11 10 50
12 11 52
11 50 52
34 33 56
45 49 58
22 21 62
44 22 62
9 8 63
0 13 64
31 0 64
48 31 64
35 34 65
45 54 66
59 54 67
6 5 68
55 6 68
52 50 69
69 50 70
57 46 71
46 61 71
21 20 72
54 59 72
59 62 72
62 21 72
20 19 73
54 72 73
72 20 73
17 16 74
29 28 75
44 62 76
28 27 77
75 28 77
60 69 78
69 70 78
57 47 79
47 63 79
63 8 79
39 38 80
45 66 80
66 74 80
77 27 81
40 39 82
39 80 82
80 74 82
67 58 83
43 51 84
60 43 84
51 69 84
69 60 84
46 57 85
57 79 85
79 55 85
55 81 85
81 46 85
44 76 86
71 61 86
43 60 87
60 53 87
53 83 87
4 3 88
75 4 88
3 30 88
30 29 88
29 75 88
16 15 89
41 40 89
40 82 89
74 16 89
82 74 89
19 18 90
73 19 90
66 54 90
54 73 90
71 86 91
10 9 92
9 63 92
63 47 92
47 70 92
50 10 92
70 50 92
53 60 93
60 78 93
78 91 93
47 57 94
57 71 94
70 47 94
78 70 94
91 78 94
71 91 94
54 45 95
45 58 95
58 67 95
67 54 95
38 37 96
37 49 96
49 45 96
45 80 96
80 38 96
55 68 97
81 55 97
77 81 97
25 24 98
61 46 98
51 48 99
48 64 99
52 69 99
69 51 99
7 6 100
6 55 100
8 7 100
79 8 100
55 79 100
34 56 101
65 34 101
56 43 101
43 87 101
62 59 102
76 62 102
83 53 102
59 67 102
67 83 102
26 25 103
25 98 103
98 46 103
83 58 104
87 83 104
65 101 104
101 87 104
27 26 105
81 27 105
46 81 105
103 46 105
26 103 105
33 32 106
32 48 106
51 43 106
43 56 106
56 33 106
48 51 106
18 17 107
17 74 107
74 66 107
66 90 107
90 18 107
15 14 108
14 42 108
42 41 108
41 89 108
89 15 108
36 35 109
35 65 109
49 36 109
65 104 109
58 49 109
104 58 109
13 12 110
64 13 110
99 64 110
12 52 110
52 99 110
86 76 111
91 86 111
53 93 111
93 91 111
76 102 111
102 53 111
5 4 112
4 75 112
68 5 112
97 68 112
75 77 112
77 97 112
24 23 113
23 44 113
44 86 113
86 61 113
61 98 113
98 24 113
