78
1 0 0
0 1 0
0 0 1
0.0833333 0.916667 0
0.166667 0.833333 0
0.25 0.75 0
0.333333 0.666667 0
0.416667 0.583333 0
0.5 0.5 0
0.583333 0.416667 0
0.666667 0.333333 0
0.75 0.25 0
0.833333 0.166667 0
0.916667 0.0833333 0
0 0.0769231 0.923077
0 0.153846 0.846154
0 0.230769 0.769231
0 0.307692 0.692308
0 0.384615 0.615385
0 0.461538 0.538462
0 0.538462 0.461538
0 0.615385 0.384615
0 0.692308 0.307692
0 0.769231 0.230769
0 0.846154 0.153846
0 0.923077 0.0769231
0.875 0 0.125
0.75 0 0.25
0.625 0 0.375
0.5 0 0.5
0.375 0 0.625
0.25 0 0.75
0.125 0 0.875
0.619875 0.122451 0.257674
0.124171 0.47986 0.395969
0.278989 0.135891 0.585119
0.182458 0.607919 0.209623
0.450413 0.406534 0.143054
0.765757 0.0662429 0.168
0.400683 0.0677183 0.531599
0.647237 0.268176 0.0845864
0.414144 0.252582 0.333273
0.172976 0.25923 0.567794
0.267501 0.628129 0.10437
0.301158 0.54395 0.154892
0.202586 0.319591 0.477823
0.721116 0.19625 0.0826344
0.172258 0.542213 0.285529
0.107427 0.398593 0.49398
0.532737 0.0770679 0.390195
0.554459 0.331558 0.113984
0.567658 0.228432 0.203909
0.0870749 0.32565 0.587275
0.136694 0.140597 0.722708
0.148461 0.77306 0.078479
0.224986 0.399059 0.375955
0.443974 0.322577 0.233448
0.263671 0.0693633 0.666966
0.12231 0.698086 0.179604
0.30217 0.220083 0.477747
0.291587 0.462862 0.24555
0.478771 0.173759 0.34747
0.0780959 0.850684 0.0712201
0.128701 0.0721808 0.799118
0.0786188 0.2593 0.662081
0.88701 0.0467655 0.0662248
0.695461 0.147197 0.157342
0.809688 0.115969 0.0743426
0.40403 0.13626 0.45971
0.663348 0.0500906 0.286561
0.314295 0.315195 0.370509
0.22289 0.703549 0.0735611
0.423311 0.485125 0.0915635
0.3463 0.385424 0.268276
0.163701 0.19631 0.639989
0.0705531 0.786903 0.142543
0.0708392 0.561682 0.367479
0.0831788 0.625036 0.291785


3 1 25
14 2 32
20 19 34
27 26 38
30 29 39
11 10 40
7 6 43
7 43 44
43 36 44
12 11 46
11 40 46
44 36 47
19 18 48
34 19 48
29 28 49
39 29 49
10 9 50
9 37 50
40 10 50
46 40 51
40 50 51
18 17 52
42 45 52
45 48 52
48 18 52
16 15 53
5 4 54
34 48 55
48 45 55
50 37 56
41 51 56
51 50 56
31 30 57
30 39 57
39 35 57
35 53 57
23 22 58
36 43 58
45 42 59
44 47 60
47 34 60
34 55 60
49 33 61
33 51 61
51 41 61
41 59 61
4 3 62
3 25 62
25 24 62
54 4 62
15 14 63
53 15 63
14 32 63
32 31 63
31 57 63
57 53 63
17 16 64
42 52 64
52 17 64
0 13 65
26 0 65
38 26 65
33 38 66
46 51 66
51 33 66
38 65 67
65 13 67
13 12 67
66 38 67
12 46 67
46 66 67
35 39 68
59 35 68
61 59 68
39 49 68
49 61 68
28 27 69
27 38 69
38 33 69
33 49 69
49 28 69
55 45 70
41 56 70
45 59 70
59 41 70
6 5 71
43 6 71
58 43 71
5 54 71
54 58 71
9 8 72
37 9 72
8 7 72
7 44 72
44 60 72
60 37 72
60 55 73
56 37 73
37 60 73
55 70 73
70 56 73
53 35 74
35 59 74
59 42 74
16 53 74
64 16 74
42 64 74
24 23 75
23 58 75
58 54 75
54 62 75
62 24 75
21 20 76
20 34 76
34 47 76
22 21 77
36 58 77
58 22 77
21 76 77
47 36 77
76 47 77
