42
1 0 0
0 1 0
0 0 1
0.0833333 0.916667 0
0.166667 0.833333 0
0.25 0.75 0
0.333333 0.666667 0
0.416667 0.583333 0
0.5 0.5 0
0.583333 0.416667 0
0.666667 0.333333 0
0.75 0.25 0
0.833333 0.166667 0
0.916667 0.0833333 0
0 0.0769231 0.923077
0 0.153846 0.846154
0 0.230769 0.769231
0 0.307692 0.692308
0 0.384615 0.615385
0 0.461538 0.538462
0 0.538462 0.461538
0 0.615385 0.384615
0 0.692308 0.307692
0 0.769231 0.230769
0 0.846154 0.153846
0 0.923077 0.0769231
0.666667 0 0.333333
0.333333 0 0.666667
0.588612 0.12608 0.285308
0.257423 0.149827 0.59275
0.374259 0.0742804 0.551461
0.382506 0.263813 0.35368
0.218684 0.335051 0.446265
0.252469 0.513735 0.233796
0.577511 0.197181 0.225308
0.25865 0.409082 0.332268
0.291115 0.209355 0.49953
0.731645 0.0527462 0.215609
0.200742 0.613001 0.186257
0.159387 0.716306 0.124307
0.454924 0.322742 0.222333
0.468435 0.377229 0.154336


5 4 24
23 5 24
3 1 25
4 3 25
24 4 25
14 2 27
13 12 28
16 15 29
15 14 30
29 15 30
14 27 30
27 26 30
28 29 30
18 17 32
17 31 32
9 8 33
20 19 33
8 7 33
21 20 33
12 11 34
11 31 34
28 12 34
19 18 35
18 32 35
9 33 35
33 19 35
17 16 36
31 17 36
16 29 36
34 31 36
29 28 36
28 34 36
0 13 37
26 0 37
13 28 37
28 30 37
30 26 37
7 6 38
6 22 38
22 21 38
21 33 38
33 7 38
6 5 39
5 23 39
22 6 39
23 22 39
11 10 40
31 11 40
32 31 40
35 32 40
10 9 41
9 35 41
35 40 41
40 10 41
