81
1 0 0
0 1 0
0 0 1
0.0833333 0.916667 0
0.166667 0.833333 0
0.25 0.75 0
0.333333 0.666667 0
0.416667 0.583333 0
0.5 0.5 0
0.583333 0.416667 0
0.666667 0.333333 0
0.75 0.25 0
0.833333 0.166667 0
0.916667 0.0833333 0
0 0.0909091 0.909091
0 0.181818 0.818182
0 0.272727 0.727273
0 0.363636 0.636364
0 0.454545 0.545455
0 0.545455 0.454545
0 0.636364 0.363636
0 0.727273 0.272727
0 0.818182 0.181818
0 0.909091 0.0909091
0.9 0 0.1
0.8 0 0.2
0.7 0 0.3
0.6 0 0.4
0.5 0 0.5
0.4 0 0.6
0.3 0 0.7
0.2 0 0.8
0.1 0 0.9
0.596537 0.13577 0.267693
0.0837549 0.493524 0.422721
0.298267 0.137837 0.563895
0.161936 0.60149 0.236574
0.484784 0.417043 0.0981729
0.784564 0.078425 0.137011
0.41219 0.0810872 0.506723
0.66196 0.253197 0.0848426
0.754051 0.169703 0.076246
0.390108 0.24772 0.362172
0.16402 0.24973 0.58625
0.267951 0.624782 0.107267
0.331599 0.527291 0.14111
0.195494 0.323504 0.481002
0.503795 0.238863 0.257342
0.120769 0.408791 0.470439
0.535697 0.0738711 0.390432
0.270882 0.235164 0.493953
0.592061 0.227137 0.180802
0.554318 0.324143 0.121539
0.113963 0.138087 0.74795
0.15092 0.768323 0.080757
0.0784231 0.835377 0.0861997
0.225734 0.396765 0.377501
0.427265 0.341899 0.230836
0.0889028 0.314448 0.596649
0.162849 0.692211 0.14494
0.179159 0.489551 0.33129
0.70572 0.0670962 0.227184
0.475591 0.15481 0.369599
0.308557 0.430032 0.261412
0.296662 0.072177 0.631161
0.310398 0.326673 0.362929
0.0983114 0.0766346 0.825054
0.684017 0.156431 0.159552
0.421867 0.503227 0.0749062
0.367965 0.167635 0.4644
0.201012 0.0704815 0.728506
0.0856368 0.218662 0.695702
0.0835285 0.577576 0.338895
0.0713441 0.754561 0.174095
0.0516388 0.389548 0.558813
0.395151 0.441454 0.163396
0.839702 0.0978122 0.062486
0.0724721 0.669761 0.257767
0.631777 0.0503703 0.317852
0.243657 0.533456 0.222888
0.198848 0.161523 0.639629


3 1 23
0 13 24
14 2 32
19 18 34
9 8 37
25 24 38
29 28 39
11 10 40
12 11 41
11 40 41
6 5 44
7 6 44
7 44 45
34 18 48
28 27 49
39 28 49
46 43 50
47 33 51
10 9 52
9 37 52
40 10 52
51 40 52
47 51 52
5 4 54
4 3 55
54 4 55
3 23 55
23 22 55
48 46 56
42 47 57
47 52 57
52 37 57
17 16 58
43 46 58
46 48 58
36 44 59
44 5 59
5 54 59
34 48 60
48 56 60
26 25 61
25 38 61
33 47 62
49 33 62
39 49 62
47 42 62
60 56 63
30 29 64
29 39 64
39 35 64
46 50 65
56 46 65
50 42 65
63 56 65
42 57 65
57 63 65
15 14 66
53 15 66
14 32 66
32 31 66
51 33 67
41 40 67
40 51 67
38 41 67
61 38 67
33 61 67
8 7 68
7 45 68
37 8 68
35 39 69
42 50 69
50 35 69
39 62 69
62 42 69
31 30 70
30 64 70
53 66 70
66 31 70
16 15 71
15 53 71
43 58 71
58 16 71
20 19 72
19 34 72
34 60 72
60 36 72
22 21 73
54 55 73
55 22 73
59 54 73
18 17 74
48 18 74
17 58 74
58 48 74
57 37 75
63 57 75
45 63 75
68 45 75
37 68 75
13 12 76
24 13 76
38 24 76
12 41 76
41 38 76
36 59 77
21 20 77
20 72 77
72 36 77
59 73 77
73 21 77
27 26 78
33 49 78
49 27 78
26 61 78
61 33 78
44 36 79
45 44 79
36 60 79
60 63 79
63 45 79
35 50 80
50 43 80
53 70 80
64 35 80
70 64 80
43 71 80
71 53 80
