87
1 0 0
0 1 0
0 0 1
0.0833334 0.916667 0
0.166667 0.833333 0
0.25 0.75 0
0.333333 0.666667 0
0.416667 0.583333 0
0.5 0.5 0
0.583333 0.416667 0
0.666667 0.333333 0
0.75 0.25 0
0.833333 0.166667 0
0.916667 0.0833333 0
0 0.0714286 0.928571
0 0.142857 0.857143
0 0.214286 0.785714
0 0.285714 0.714286
0 0.357143 0.642857
0 0.428571 0.571429
0 0.5 0.5
0 0.571429 0.428571
0 0.642857 0.357143
0 0.714286 0.285714
0 0.785714 0.214286
0 0.857143 0.142857
0 0.928571 0.0714286
0.9 0 0.1
0.8 0 0.2
0.7 0 0.3
0.6 0 0.4
0.5 0 0.5
0.4 0 0.6
0.3 0 0.7
0.2 0 0.8
0.1 0 0.9
0.621459 0.11148 0.267061
0.108497 0.492912 0.398591
0.276424 0.153772 0.569804
0.176423 0.604125 0.219452
0.485808 0.415572 0.0986199
0.770558 0.0828457 0.146596
0.39739 0.0732363 0.529374
0.648911 0.278327 0.0727623
0.727025 0.184364 0.0886112
0.401619 0.253534 0.344847
0.173209 0.246048 0.580744
0.284598 0.613464 0.101938
0.294682 0.526554 0.178765
0.186081 0.324707 0.489212
0.505603 0.230936 0.26346
0.185637 0.529119 0.285244
0.104166 0.40904 0.486793
0.886804 0.0505315 0.062664
0.531247 0.0739074 0.394846
0.174657 0.174035 0.651309
0.588064 0.250238 0.161698
0.545385 0.328912 0.125704
0.112918 0.146206 0.740875
0.138033 0.777349 0.0846185
0.270825 0.234567 0.494608
0.225447 0.394997 0.379556
0.464507 0.333055 0.202438
0.0830727 0.32383 0.593097
0.260626 0.0827297 0.656644
0.140424 0.692179 0.167396
0.718412 0.0506513 0.230937
0.647792 0.16717 0.185039
0.289572 0.446617 0.263811
0.479625 0.164063 0.356312
0.076729 0.859679 0.0635923
0.148491 0.0707883 0.780721
0.230535 0.699471 0.0699939
0.398925 0.513 0.0880751
0.204329 0.463947 0.331724
0.384499 0.146483 0.469018
0.826002 0.11443 0.0595683
0.0852451 0.583919 0.330836
0.363259 0.343636 0.293105
0.0683292 0.761972 0.169699
0.363915 0.216729 0.419356
0.586029 0.357894 0.0560764
0.0807807 0.234493 0.684726
0.293502 0.301432 0.405066
0.075164 0.654793 0.270043
0.385756 0.429059 0.185185
0.0679957 0.0721934 0.859811


3 1 26
14 2 35
21 20 37
9 8 40
28 27 41
32 31 42
11 10 43
12 11 44
11 43 44
7 6 47
47 39 48
48 39 51
20 19 52
37 20 52
0 13 53
27 0 53
41 27 53
30 29 54
29 36 54
31 30 54
42 31 54
38 46 55
44 43 56
56 43 57
16 15 58
5 4 59
46 38 60
49 46 60
37 52 61
52 49 61
50 56 62
56 57 62
57 40 62
18 17 63
46 49 63
19 18 63
52 19 63
49 52 63
33 32 64
32 42 64
42 38 64
38 55 64
55 58 64
39 47 65
29 28 66
36 29 66
28 41 66
41 36 66
36 41 67
41 44 67
44 56 67
50 36 67
56 50 67
48 51 68
36 50 69
54 36 69
50 45 69
4 3 70
3 26 70
26 25 70
25 59 70
59 4 70
58 15 71
34 33 71
33 64 71
64 58 71
6 5 72
47 6 72
65 47 72
5 59 72
59 65 72
8 7 73
7 47 73
47 48 73
40 8 73
51 37 74
68 51 74
37 61 74
61 68 74
38 42 75
60 38 75
42 54 75
54 69 75
12 44 76
44 41 76
13 12 76
53 13 76
41 53 76
22 21 77
21 37 77
37 51 77
51 39 77
45 50 78
50 62 78
68 61 78
25 24 79
59 25 79
24 23 79
23 65 79
65 59 79
60 75 80
69 45 80
75 69 80
10 9 81
9 40 81
40 57 81
43 10 81
57 43 81
17 16 82
55 46 82
16 58 82
58 55 82
46 63 82
63 17 82
61 49 83
45 78 83
78 61 83
80 45 83
49 60 83
60 80 83
23 22 84
39 65 84
65 23 84
22 77 84
77 39 84
48 68 85
62 40 85
40 73 85
73 48 85
68 78 85
78 62 85
15 14 86
71 15 86
14 35 86
35 34 86
34 71 86
