127
1 0 0
0 1 0
0 0 1
0.0833334 0.916667 0
0.166667 0.833333 0
0.25 0.75 0
0.333333 0.666667 0
0.416667 0.583333 0
0.5 0.5 0
0.583333 0.416667 0
0.666667 0.333333 0
0.75 0.25 0
0.833333 0.166667 0
0.916667 0.0833333 0
0 0.0588235 0.941176
0 0.117647 0.882353
0 0.176471 0.823529
0 0.235294 0.764706
0 0.294118 0.705882
0 0.352941 0.647059
0 0.411765 0.588235
0 0.470588 0.529412
0 0.529412 0.470588
0 0.588235 0.411765
0 0.647059 0.352941
0 0.705882 0.294118
0 0.764706 0.235294
0 0.823529 0.176471
0 0.882353 0.117647
0 0.941176 0.0588235
0.9375 0 0.0625
0.875 0 0.125
0.8125 0 0.1875
0.75 0 0.25
0.6875 0 0.3125
0.625 0 0.375
0.5625 0 0.4375
0.5 0 0.5
0.4375 0 0.5625
0.375 0 0.625
0.3125 0 0.6875
0.25 0 0.75
0.1875 0 0.8125
0.125 0 0.875
0.0625 0 0.9375
0.631034 0.115023 0.253943
0.0892604 0.491561 0.419178
0.259349 0.146046 0.594605
0.165796 0.605424 0.228781
0.486938 0.407793 0.105269
0.778081 0.0756984 0.14622
0.418847 0.0742301 0.506923
0.659981 0.269042 0.0709775
0.680804 0.129777 0.189419
0.761673 0.181693 0.0566338
0.408462 0.242775 0.348763
0.17401 0.236239 0.589751
0.28808 0.610404 0.101516
0.687356 0.057622 0.255022
0.32113 0.5257 0.153171
0.192266 0.334817 0.472917
0.486827 0.235309 0.277864
0.178879 0.533397 0.287724
0.118813 0.400567 0.48062
0.53941 0.0848971 0.375693
0.152093 0.194863 0.653044
0.257614 0.249938 0.492449
0.192623 0.692359 0.115018
0.255523 0.692638 0.0518387
0.604516 0.239436 0.156048
0.565769 0.323765 0.110466
0.275363 0.499088 0.225548
0.0715479 0.387302 0.54115
0.0850728 0.310105 0.604823
0.143485 0.131064 0.725451
0.348198 0.252531 0.399271
0.162388 0.776936 0.0606759
0.585853 0.187288 0.22686
0.0731426 0.845559 0.0812983
0.236649 0.393677 0.369673
0.907645 0.0517477 0.0406071
0.0883092 0.775624 0.136066
0.441083 0.331656 0.227261
0.396667 0.513108 0.0902248
0.255157 0.0852542 0.659589
0.142706 0.68283 0.174463
0.0715757 0.711083 0.217341
0.486813 0.466998 0.046189
0.171087 0.47467 0.354242
0.48942 0.0642584 0.446322
0.482277 0.172001 0.345722
0.618387 0.0672784 0.314335
0.579964 0.368615 0.051421
0.423515 0.151678 0.424807
0.826822 0.0848936 0.0882842
0.128538 0.0724523 0.799009
0.0656725 0.268365 0.665962
0.348037 0.39618 0.255783
0.400531 0.428048 0.171421
0.337771 0.146567 0.515662
0.319534 0.338604 0.341862
0.710594 0.170649 0.118757
0.398864 0.311169 0.289968
0.845012 0.117404 0.0375845
0.229451 0.600006 0.170543
0.206724 0.0552243 0.738052
0.0656459 0.091986 0.842368
0.348835 0.068974 0.582191
0.328554 0.215834 0.455611
0.0869789 0.566105 0.346916
0.742729 0.0535297 0.203742
0.0952463 0.626393 0.278361
0.0545767 0.0491611 0.896262
0.34657 0.602451 0.0509785
0.0645872 0.154259 0.781154
0.260426 0.437786 0.301788
0.556974 0.14579 0.297236
0.523585 0.261871 0.214544
0.244699 0.210892 0.544409
0.0995162 0.863807 0.0366765
0.0562338 0.457139 0.486627
0.262389 0.313962 0.423648
0.159068 0.305896 0.535036
0.0694358 0.211185 0.719379
0.501511 0.332464 0.166025
0.172199 0.407431 0.42037
0.0448358 0.639219 0.315945


3 1 29
14 2 44
23 22 46
32 31 50
38 37 51
11 10 52
12 11 54
11 52 54
34 33 58
53 45 58
36 35 64
47 56 65
6 5 68
67 57 68
69 52 70
48 62 71
21 20 72
65 56 73
20 19 73
72 20 73
5 4 76
68 5 76
67 68 76
45 53 77
53 69 77
29 28 78
0 13 80
30 0 80
28 27 81
78 28 81
67 76 81
76 78 81
57 59 83
40 39 84
47 65 84
65 74 84
67 81 85
26 25 86
27 26 86
81 27 86
48 85 86
85 81 86
9 8 87
8 7 87
7 83 87
83 49 87
37 36 89
51 37 89
36 64 89
61 55 90
34 58 91
58 45 91
35 34 91
64 35 91
10 9 92
52 10 92
70 52 92
49 70 92
9 87 92
87 49 92
51 89 93
55 75 93
90 55 93
89 64 93
64 90 93
31 30 94
30 80 94
50 31 94
43 42 95
19 18 96
73 19 96
65 73 96
49 83 98
83 59 98
59 71 98
71 97 98
97 82 98
51 93 99
75 55 100
53 50 101
69 53 101
54 52 101
52 69 101
50 94 101
94 54 101
55 61 102
100 55 102
61 82 102
82 97 102
97 100 102
13 12 103
80 13 103
12 54 103
54 94 103
94 80 103
48 71 104
71 59 104
85 48 104
59 57 104
57 67 104
67 85 104
41 40 105
40 84 105
84 74 105
42 41 105
95 42 105
74 95 105
16 15 106
43 95 106
39 38 107
47 84 107
84 39 107
99 47 107
38 51 107
51 99 107
93 75 108
66 99 108
99 93 108
24 23 109
23 46 109
46 88 109
88 62 109
32 50 110
50 53 110
33 32 110
58 33 110
53 58 110
48 86 111
86 25 111
62 48 111
109 62 111
15 14 112
14 44 112
44 43 112
43 106 112
106 15 112
7 6 113
6 68 113
68 57 113
57 83 113
83 7 113
17 16 114
95 74 114
16 106 114
106 95 114
71 62 115
97 71 115
62 88 115
88 79 115
79 100 115
100 97 115
45 77 116
77 61 116
61 90 116
91 45 116
90 64 116
64 91 116
61 77 117
82 61 117
77 69 117
56 47 118
47 99 118
99 66 118
4 3 119
76 4 119
78 76 119
3 29 119
29 78 119
22 21 120
46 22 120
63 46 120
21 72 120
72 63 120
75 100 121
100 79 121
60 66 121
66 108 121
108 75 121
66 60 122
60 63 122
63 72 122
72 73 122
73 56 122
56 118 122
118 66 122
18 17 123
96 18 123
74 65 123
65 96 123
17 114 123
114 74 123
70 49 124
49 98 124
98 82 124
69 70 124
117 69 124
82 117 124
46 63 125
63 60 125
79 88 125
88 46 125
60 121 125
121 79 125
25 24 126
111 25 126
24 109 126
109 111 126
