124
1 0 0
0 1 0
0 0 1
0.0833333 0.916667 0
0.166667 0.833333 0
0.25 0.75 0
0.333333 0.666667 0
0.416667 0.583333 0
0.5 0.5 0
0.583333 0.416667 0
0.666667 0.333333 0
0.75 0.25 0
0.833333 0.166667 0
0.916667 0.0833333 0
0 0.0714285 0.928571
0 0.142857 0.857143
0 0.214286 0.785714
0 0.285714 0.714286
0 0.357143 0.642857
0 0.428571 0.571429
0 0.5 0.5
0 0.571429 0.428571
0 0.642857 0.357143
0 0.714286 0.285714
0 0.785714 0.214286
0 0.857143 0.142857
0 0.928571 0.0714286
0.944444 0 0.0555556
0.888889 0 0.111111
0.833333 0 0.166667
0.777778 0 0.222222
0.722222 0 0.277778
0.666667 0 0.333333
0.611111 0 0.388889
0.555556 0 0.444444
0.5 0 0.5
0.444444 0 0.555556
0.388889 0 0.611111
0.333333 0 0.666667
0.277778 0 0.722222
0.222222 0 0.777778
0.166667 0 0.833333
0.111111 0 0.888889
0.0555556 0 0.944444
0.13035 0.8221 0.04755
0.632167 0.11951 0.248323
0.101863 0.478892 0.419246
0.2757 0.136372 0.587929
0.156303 0.610508 0.233189
0.507686 0.37269 0.119623
0.41887 0.0831135 0.498017
0.799952 0.159178 0.0408703
0.646947 0.295535 0.0575182
0.681388 0.135465 0.183147
0.749673 0.117605 0.132722
0.397318 0.243485 0.359197
0.169006 0.265993 0.565001
0.27521 0.622871 0.101919
0.0676718 0.10747 0.824858
0.304853 0.53702 0.158127
0.050315 0.61886 0.330825
0.194729 0.319723 0.485548
0.489821 0.235167 0.275012
0.29028 0.49695 0.21277
0.174779 0.521386 0.303835
0.584569 0.32828 0.0871507
0.871384 0.0766072 0.0520087
0.545199 0.0764636 0.378338
0.153448 0.188335 0.658217
0.263955 0.225499 0.510546
0.353605 0.590025 0.0563702
0.180792 0.711084 0.108124
0.590719 0.243457 0.165824
0.0726315 0.388869 0.5385
0.0767543 0.312807 0.610438
0.123847 0.151119 0.725033
0.347526 0.246976 0.405497
0.0917565 0.814135 0.0941083
0.218581 0.413039 0.368379
0.813151 0.0912513 0.0955975
0.431232 0.342599 0.226169
0.440322 0.409451 0.150228
0.246792 0.0865602 0.666648
0.132574 0.704741 0.162685
0.347739 0.120101 0.532161
0.0724338 0.706831 0.220736
0.495845 0.0807797 0.423376
0.478291 0.173231 0.348479
0.571012 0.123243 0.305746
0.0496739 0.559163 0.391163
0.430655 0.141116 0.428229
0.132382 0.0792889 0.788329
0.0682212 0.250911 0.680868
0.521383 0.427538 0.0510793
0.333125 0.402907 0.263968
0.728464 0.206738 0.0647975
0.314927 0.338225 0.346848
0.405592 0.297826 0.296582
0.663934 0.215134 0.120932
0.172143 0.406201 0.421656
0.438271 0.494931 0.0667985
0.223339 0.600128 0.176533
0.123191 0.390751 0.486058
0.194083 0.0792076 0.726709
0.525218 0.265066 0.209717
0.061758 0.186395 0.751848
0.211776 0.736816 0.051408
0.0518565 0.0602882 0.887855
0.236712 0.509067 0.254221
0.367087 0.441423 0.191491
0.714756 0.058723 0.226521
0.0539602 0.482526 0.463513
0.0537076 0.7998 0.146492
0.265363 0.303851 0.430786
0.35169 0.0614409 0.586869
0.122425 0.521966 0.35561
0.758217 0.060348 0.181435
0.255921 0.432846 0.311233
0.285335 0.673453 0.0412119
0.0927246 0.62332 0.283955
0.365716 0.515499 0.118785
0.34787 0.185993 0.466138
0.212335 0.166754 0.62091
0.0548111 0.904699 0.0404902


0 13 27
14 2 43
4 3 44
32 31 45
36 35 50
12 11 51
10 9 52
16 15 58
42 41 58
23 22 60
52 9 65
13 12 66
27 13 66
28 27 66
12 51 66
34 33 67
56 47 69
61 56 69
7 6 70
45 53 72
65 49 72
20 19 73
19 18 74
73 19 74
68 56 74
56 73 74
71 44 77
29 28 79
54 29 79
28 66 79
66 51 79
39 38 82
38 47 82
71 77 83
36 50 84
69 47 84
24 23 85
48 83 85
35 34 86
34 67 86
86 67 87
33 32 88
67 33 88
32 45 88
62 87 88
87 67 88
22 21 89
60 22 89
50 35 90
35 86 90
55 76 90
86 87 90
87 55 90
41 40 91
58 41 91
18 17 92
74 18 92
68 74 92
75 68 92
9 8 93
65 9 93
49 65 93
11 10 95
10 52 95
51 11 95
54 79 95
79 51 95
76 55 96
62 80 97
55 87 97
87 62 97
80 94 97
94 96 97
96 55 97
53 54 98
72 53 98
52 65 98
65 72 98
54 95 98
95 52 98
8 7 100
93 8 100
7 70 100
81 49 100
49 93 100
59 57 101
57 71 101
63 59 101
83 48 101
71 83 101
56 61 102
73 56 102
61 99 102
99 46 102
40 39 103
39 82 103
68 75 103
82 68 103
75 91 103
91 40 103
45 72 104
80 62 104
72 49 104
49 81 104
81 80 104
62 88 104
88 45 104
17 16 105
16 58 105
58 91 105
91 75 105
75 92 105
92 17 105
5 4 106
4 44 106
44 71 106
71 57 106
15 14 107
14 43 107
43 42 107
42 58 107
58 15 107
48 64 108
94 63 108
63 101 108
101 48 108
59 63 109
80 81 109
63 94 109
94 80 109
31 30 110
45 31 110
53 45 110
21 20 111
46 89 111
89 21 111
102 46 111
20 73 111
73 102 111
26 25 112
77 26 112
83 77 112
25 24 112
24 85 112
85 83 112
61 69 113
76 96 113
96 78 113
78 99 113
99 61 113
38 37 114
47 38 114
37 36 114
36 84 114
84 47 114
60 89 115
89 46 115
46 99 115
78 64 115
99 78 115
30 29 116
29 54 116
110 30 116
54 53 116
53 110 116
64 78 117
108 64 117
78 96 117
96 94 117
94 108 117
6 5 118
70 6 118
57 70 118
5 106 118
106 57 118
64 48 119
23 60 119
85 23 119
48 85 119
60 115 119
115 64 119
57 59 120
70 57 120
81 100 120
100 70 120
59 109 120
109 81 120
84 50 121
69 84 121
50 90 121
90 76 121
76 113 121
113 69 121
47 56 122
82 47 122
56 68 122
68 82 122
3 1 123
1 26 123
26 77 123
44 3 123
77 44 123
