157
1 0 0
0 1 0
0 0 1
0.0833333 0.916667 0
0.166667 0.833333 0
0.25 0.75 0
0.333333 0.666667 0
0.416667 0.583333 0
0.5 0.5 0
0.583333 0.416667 0
0.666667 0.333333 0
0.75 0.25 0
0.833333 0.166667 0
0.916667 0.0833333 0
0 0.0526316 0.947368
0 0.105263 0.894737
0 0.157895 0.842105
0 0.210526 0.789474
0 0.263158 0.736842
0 0.315789 0.684211
0 0.368421 0.631579
0 0.421053 0.578947
0 0.473684 0.526316
0 0.526316 0.473684
0 0.578947 0.421053
0 0.631579 0.368421
0 0.684211 0.315789
0 0.736842 0.263158
0 0.789474 0.210526
0 0.842105 0.157895
0 0.894737 0.105263
0 0.947369 0.0526316
0.95 0 0.05
0.9 0 0.1
0.85 0 0.15
0.8 0 0.2
0.75 0 0.25
0.7 0 0.3
0.65 0 0.35
0.6 0 0.4
0.55 0 0.45
0.5 0 0.5
0.45 0 0.55
0.4 0 0.6
0.35 0 0.65
0.3 0 0.7
0.25 0 0.75
0.2 0 0.8
0.15 0 0.85
0.1 0 0.9
0.0500001 0 0.95
0.117793 0.847901 0.034306
0.637208 0.111952 0.25084
0.118577 0.485995 0.395428
0.276037 0.144066 0.579897
0.167956 0.601565 0.230479
0.483234 0.413831 0.102935
0.765947 0.0803562 0.153697
0.415353 0.0665648 0.518082
0.786797 0.177212 0.0359911
0.661994 0.264648 0.0733581
0.67549 0.133754 0.190756
0.393803 0.253625 0.352572
0.180481 0.240694 0.578825
0.261038 0.651117 0.087845
0.06475 0.137322 0.797928
0.686995 0.0485212 0.264484
0.31011 0.525917 0.163973
0.190045 0.332079 0.477876
0.488366 0.240968 0.270667
0.273385 0.511605 0.21501
0.148424 0.558965 0.292611
0.119737 0.390344 0.489919
0.572385 0.346247 0.0813682
0.512032 0.440942 0.0470263
0.890043 0.0504894 0.0594678
0.546864 0.0726084 0.380528
0.144381 0.198807 0.656812
0.26047 0.603039 0.136491
0.256582 0.247304 0.496114
0.345684 0.601717 0.0525993
0.186585 0.687896 0.125519
0.250344 0.711099 0.0385569
0.600776 0.231807 0.167417
0.725673 0.167376 0.10695
0.0881297 0.35964 0.55223
0.0597702 0.335546 0.604684
0.123447 0.132041 0.744512
0.472908 0.203176 0.323916
0.337373 0.261387 0.40124
0.170008 0.761227 0.0687657
0.599781 0.187965 0.212254
0.45842 0.377722 0.163858
0.0739577 0.850406 0.0756365
0.231995 0.38758 0.380425
0.818406 0.0935557 0.0880382
0.0903754 0.783771 0.125853
0.431591 0.339512 0.228897
0.415664 0.502502 0.0818345
0.269269 0.067996 0.662735
0.133656 0.69141 0.174934
0.331866 0.147998 0.520136
0.075812 0.70383 0.220358
0.246095 0.209515 0.54439
0.392907 0.310643 0.29645
0.0860927 0.213065 0.700842
0.540235 0.322114 0.137651
0.312548 0.0701645 0.617287
0.188959 0.4751 0.335941
0.497163 0.0701836 0.432653
0.563245 0.137854 0.298901
0.61227 0.350598 0.037132
0.684161 0.168624 0.147214
0.411091 0.160683 0.428226
0.133465 0.0691087 0.797427
0.33849 0.409931 0.251579
0.721868 0.0635871 0.214545
0.238397 0.491671 0.269931
0.741836 0.192141 0.0660228
0.32039 0.330623 0.348987
0.16142 0.40413 0.43445
0.0685067 0.27925 0.652243
0.3306 0.2093 0.460101
0.0737666 0.0738591 0.852374
0.250407 0.310485 0.439107
0.861272 0.105522 0.0332056
0.454505 0.163244 0.382251
0.198254 0.0589488 0.742797
0.518811 0.276506 0.204683
0.0564587 0.192554 0.750987
0.0945259 0.557915 0.347559
0.0889755 0.647088 0.263936
0.701885 0.265427 0.0326876
0.363827 0.0702929 0.56588
0.370287 0.437162 0.19255
0.432923 0.529282 0.0377955
0.631075 0.252668 0.116256
0.559072 0.189268 0.251659
0.415295 0.110355 0.47435
0.192331 0.115205 0.692465
0.396493 0.468422 0.135085
0.0463733 0.0494027 0.904224
0.173211 0.299692 0.527097
0.285828 0.402884 0.311288
0.217258 0.154534 0.628208
0.0583628 0.764338 0.1773
0.0539277 0.445293 0.500779
0.217082 0.604816 0.178101
0.931681 0.0431532 0.0251658
0.633622 0.0595153 0.306863
0.0715779 0.480531 0.447891
0.129468 0.260393 0.61014
0.0520305 0.913902 0.0340672
0.0489289 0.558974 0.392097
0.333414 0.555863 0.110723
0.0584978 0.632859 0.308643
0.547425 0.10881 0.343765


14 2 50
4 3 51
35 34 57
42 41 58
12 11 59
17 16 65
37 36 66
9 8 74
56 73 74
33 32 75
39 38 76
7 6 80
78 64 81
5 4 82
6 5 82
64 80 82
80 6 82
22 21 85
21 20 86
85 21 86
4 51 90
82 4 90
81 64 90
64 82 90
52 61 91
61 83 91
31 30 93
90 51 93
34 33 95
57 34 95
84 57 95
33 75 95
30 29 96
93 30 96
81 90 96
90 93 96
56 74 98
45 44 99
81 96 100
28 27 102
55 100 102
63 54 103
54 101 103
101 79 103
62 88 104
88 69 104
69 97 104
19 18 105
73 56 106
56 92 106
44 43 107
99 44 107
53 94 108
41 40 109
40 39 109
39 76 109
69 88 110
10 9 111
73 60 111
9 74 111
74 73 111
61 57 112
57 84 112
83 61 112
48 47 114
87 65 114
104 97 115
36 35 116
35 57 116
57 61 116
66 36 116
61 52 116
52 66 116
70 55 117
55 71 117
115 70 117
71 108 117
60 84 118
84 95 118
95 59 118
89 62 119
94 89 119
62 104 119
72 68 120
94 53 120
20 19 121
86 20 121
19 105 121
105 77 121
113 89 122
79 101 122
16 15 123
49 48 123
65 16 123
48 114 123
114 65 123
89 94 124
94 120 124
120 68 124
68 79 124
79 122 124
122 89 124
13 12 125
12 59 125
59 95 125
95 75 125
88 62 126
109 76 126
113 109 126
62 89 126
89 113 126
46 45 127
47 46 127
114 47 127
87 114 127
97 69 128
91 83 128
92 97 128
83 106 128
106 92 128
18 17 129
17 65 129
65 87 129
87 105 129
105 18 129
53 108 130
108 71 130
102 27 131
71 55 131
55 102 131
11 10 132
10 111 132
111 60 132
59 11 132
118 59 132
60 118 132
43 42 133
42 58 133
101 54 133
58 101 133
54 107 133
107 43 133
97 92 134
67 70 134
70 115 134
115 97 134
8 7 135
74 8 135
98 74 135
7 80 135
80 98 135
60 73 136
73 106 136
106 83 136
83 112 136
84 60 136
112 84 136
52 91 137
110 52 137
69 110 137
91 128 137
128 69 137
58 41 138
41 109 138
109 113 138
101 58 138
122 101 138
113 122 138
77 105 139
105 87 139
45 99 139
127 45 139
87 127 139
92 56 140
56 98 140
67 134 140
134 92 140
15 14 141
14 50 141
50 49 141
49 123 141
123 15 141
85 63 142
68 72 142
72 85 142
63 103 142
79 68 142
103 79 142
108 94 143
94 119 143
117 108 143
104 115 143
119 104 143
115 117 143
54 63 144
99 107 144
107 54 144
77 139 144
139 99 144
29 28 145
96 29 145
100 96 145
28 102 145
102 100 145
23 22 146
22 85 146
85 72 146
55 70 147
70 67 147
67 78 147
100 55 147
78 81 147
81 100 147
0 13 148
32 0 148
75 32 148
13 125 148
125 75 148
38 37 149
37 66 149
66 52 149
52 110 149
24 23 150
120 53 150
72 120 150
146 72 150
23 146 150
63 85 151
85 86 151
121 77 151
86 121 151
77 144 151
144 63 151
3 1 152
1 31 152
51 3 152
31 93 152
93 51 152
25 24 153
130 25 153
53 130 153
24 150 153
150 53 153
64 78 154
80 64 154
98 80 154
78 67 154
67 140 154
140 98 154
26 25 155
25 130 155
27 26 155
131 27 155
130 71 155
71 131 155
110 88 156
88 126 156
126 76 156
76 38 156
38 149 156
149 110 156
