96
1 0 0
0 1 0
0 0 1
0.0833333 0.916667 0
0.166667 0.833333 0
0.25 0.75 0
0.333333 0.666667 0
0.416667 0.583333 0
0.5 0.5 0
0.583333 0.416667 0
0.666667 0.333333 0
0.75 0.25 0
0.833333 0.166667 0
0.916667 0.0833333 0
0 0.0714286 0.928571
0 0.142857 0.857143
0 0.214286 0.785714
0 0.285714 0.714286
0 0.357143 0.642857
0 0.428571 0.571429
0 0.5 0.5
0 0.571429 0.428571
0 0.642857 0.357143
0 0.714286 0.285714
0 0.785714 0.214286
0 0.857143 0.142857
0 0.928571 0.0714286
0.909091 0 0.0909091
0.818182 0 0.181818
0.727273 0 0.272727
0.636364 0 0.363636
0.545455 0 0.454545
0.454545 0 0.545455
0.363636 0 0.636364
0.272727 0 0.727273
0.181818 0 0.818182
0.0909091 0 0.909091
0.611528 0.113287 0.275185
0.109524 0.491239 0.399237
0.266166 0.151021 0.582813
0.173516 0.604055 0.22243
0.478916 0.414985 0.106098
0.801767 0.0717165 0.126517
0.435892 0.0704442 0.493664
0.649711 0.272718 0.0775706
0.75017 0.171346 0.0784849
0.399239 0.265796 0.334965
0.175223 0.248101 0.576676
0.285186 0.612979 0.101836
0.294016 0.527066 0.178918
0.188056 0.322881 0.489063
0.496181 0.237768 0.266051
0.184845 0.529213 0.285942
0.103245 0.410275 0.48648
0.699458 0.126663 0.173879
0.539425 0.0765786 0.383996
0.162498 0.180704 0.656798
0.264811 0.233591 0.501598
0.566789 0.258046 0.175165
0.526808 0.337113 0.13608
0.110405 0.140612 0.748983
0.157877 0.769992 0.0721312
0.21018 0.391132 0.398688
0.0777097 0.781254 0.141037
0.447548 0.319939 0.232512
0.0907488 0.335953 0.573298
0.403218 0.507021 0.0897612
0.243017 0.0825428 0.67444
0.15162 0.690573 0.157808
0.0758002 0.852197 0.0720032
0.899629 0.0466199 0.0537512
0.717286 0.0584534 0.224261
0.291044 0.460527 0.248429
0.492644 0.169331 0.338025
0.507689 0.444706 0.0476056
0.437001 0.132119 0.430881
0.145905 0.07369 0.780405
0.345976 0.147037 0.506987
0.21952 0.452222 0.328258
0.236071 0.69856 0.0653687
0.326939 0.36928 0.303782
0.837231 0.108511 0.054258
0.352275 0.066018 0.581707
0.0755128 0.656031 0.268456
0.29314 0.299285 0.407575
0.0841878 0.581932 0.33388
0.0678657 0.21256 0.719574
0.575625 0.366908 0.0574668
0.0784893 0.0614981 0.860013
0.367693 0.209114 0.423193
0.398696 0.417974 0.18333
0.640658 0.0509106 0.308432
0.0617565 0.72333 0.214914
0.0789719 0.268613 0.652416
0.591119 0.180436 0.228445
0.662373 0.199396 0.138231


3 1 26
14 2 36
21 20 38
28 27 42
32 31 43
11 10 44
12 11 45
11 44 45
7 6 48
48 40 49
49 40 52
20 19 53
38 20 53
42 45 54
31 30 55
43 31 55
39 47 56
47 39 57
50 47 57
58 44 59
16 15 60
5 4 61
38 53 62
53 50 62
25 24 63
46 51 64
51 58 64
58 59 64
47 50 65
19 18 65
53 19 65
50 53 65
8 7 66
7 48 66
48 49 66
34 33 67
39 56 67
56 60 67
40 48 68
61 63 68
4 3 69
3 26 69
26 25 69
61 4 69
25 63 69
63 61 69
0 13 70
27 0 70
42 27 70
29 28 71
28 42 71
42 54 71
54 37 71
49 52 72
55 37 73
51 46 73
9 8 74
8 66 74
66 41 74
43 55 75
55 73 75
60 15 76
35 34 76
34 67 76
67 60 76
43 75 77
57 39 77
52 38 78
38 62 78
72 52 78
6 5 79
48 6 79
68 48 79
5 61 79
61 68 79
46 64 80
78 62 80
72 78 80
13 12 81
12 45 81
45 42 81
42 70 81
70 13 81
33 32 82
32 43 82
39 67 82
67 33 82
43 77 82
77 39 82
23 22 83
40 68 83
50 57 84
62 50 84
46 80 84
80 62 84
22 21 85
21 38 85
38 52 85
83 22 85
52 40 85
40 83 85
17 16 86
16 60 86
60 56 86
10 9 87
41 59 87
44 10 87
59 44 87
9 74 87
74 41 87
15 14 88
76 15 88
14 36 88
36 35 88
35 76 88
73 46 89
75 73 89
57 77 89
77 75 89
46 84 89
84 57 89
59 41 90
64 59 90
41 66 90
66 49 90
49 72 90
72 80 90
80 64 90
30 29 91
37 55 91
55 30 91
29 71 91
71 37 91
24 23 92
63 24 92
68 63 92
23 83 92
83 68 92
18 17 93
65 18 93
47 65 93
17 86 93
56 47 93
86 56 93
58 51 94
37 54 94
51 73 94
73 37 94
45 44 95
44 58 95
54 45 95
58 94 95
94 54 95
