87
1 0 0
0 1 0
0 0 1
0.0833334 0.916667 0
0.166667 0.833333 0
0.25 0.75 0
0.333333 0.666667 0
0.416667 0.583333 0
0.5 0.5 0
0.583333 0.416667 0
0.666667 0.333333 0
0.75 0.25 0
0.833333 0.166667 0
0.916667 0.0833333 0
0 0.1 0.9
0 0.2 0.8
0 0.3 0.7
0 0.4 0.6
0 0.5 0.5
0 0.6 0.4
0 0.7 0.3
0 0.8 0.2
0 0.9 0.1
0.916667 0 0.0833333
0.833333 0 0.166667
0.75 0 0.25
0.666667 0 0.333333
0.583333 0 0.416667
0.5 0 0.5
0.416667 0 0.583333
0.333333 0 0.666667
0.25 0 0.75
0.166667 0 0.833333
0.0833334 0 0.916667
0.624296 0.110777 0.264927
0.0800585 0.50138 0.418561
0.266507 0.153568 0.579926
0.151665 0.610756 0.237579
0.487933 0.415267 0.0967994
0.419663 0.0726765 0.50766
0.665328 0.247467 0.0872054
0.756902 0.166085 0.0770134
0.399662 0.271932 0.328406
0.170155 0.260596 0.569249
0.275878 0.63296 0.0911619
0.0536534 0.142472 0.803875
0.321857 0.516493 0.16165
0.192271 0.32628 0.481449
0.487897 0.232128 0.279975
0.131652 0.392303 0.476045
0.687076 0.144103 0.16882
0.559082 0.0708217 0.370096
0.264203 0.254545 0.481251
0.191642 0.67883 0.129528
0.579888 0.232613 0.187499
0.0724174 0.321633 0.60595
0.768315 0.0769073 0.154778
0.118344 0.142255 0.739401
0.156476 0.759768 0.0837563
0.0818493 0.822541 0.0956093
0.223889 0.38483 0.39128
0.463481 0.32886 0.207658
0.411024 0.506109 0.0828669
0.841319 0.0827723 0.0759085
0.35057 0.148035 0.501395
0.0902812 0.711255 0.198464
0.353429 0.392658 0.253913
0.170835 0.499009 0.330156
0.266038 0.45887 0.275091
0.305503 0.335057 0.359439
0.262651 0.0697146 0.667634
0.454768 0.142585 0.402647
0.0539736 0.425358 0.520669
0.344646 0.0664969 0.588857
0.100781 0.0686994 0.830519
0.351521 0.222646 0.425833
0.114331 0.225214 0.660455
0.0809825 0.600962 0.318056
0.570039 0.330754 0.0992071
0.544669 0.158776 0.296555
0.189922 0.151745 0.658334
0.230346 0.569407 0.200247
0.183473 0.0671978 0.749329
0.698125 0.0577543 0.244121
0.401121 0.432206 0.166673
0.349998 0.585432 0.0645695
0.0528471 0.22631 0.720842


3 1 22
0 13 23
14 2 33
19 18 35
9 8 38
29 28 39
11 10 40
12 11 41
11 40 41
6 5 44
15 14 45
43 47 49
41 40 50
27 26 51
26 34 51
28 27 51
43 36 52
47 43 52
44 5 53
34 50 54
50 40 54
17 16 55
43 49 55
25 24 56
41 50 56
5 4 58
53 5 58
4 3 59
58 4 59
3 22 59
22 21 59
49 47 60
47 52 60
42 48 61
48 54 61
8 7 62
38 8 62
13 12 63
23 13 63
24 23 63
56 24 63
12 41 63
41 56 63
52 36 64
21 20 65
37 53 65
53 58 65
59 21 65
58 59 65
42 61 66
35 49 67
49 60 67
67 60 68
66 46 68
60 52 69
42 66 69
66 68 69
68 60 69
31 30 70
48 42 71
39 28 71
28 51 71
64 39 71
18 17 72
35 18 72
49 35 72
17 55 72
55 49 72
30 29 73
29 39 73
39 64 73
64 36 73
36 70 73
70 30 73
14 33 74
45 14 74
33 32 74
57 45 74
52 64 75
69 52 75
42 69 75
64 71 75
71 42 75
43 55 76
20 19 77
19 35 77
37 65 77
65 20 77
35 67 77
67 37 77
10 9 78
40 10 78
9 38 78
54 40 78
38 61 78
61 54 78
51 34 79
34 54 79
54 48 79
48 71 79
71 51 79
36 43 80
43 76 80
76 57 80
70 36 80
46 44 81
44 53 81
53 37 81
68 46 81
37 67 81
67 68 81
32 31 82
57 74 82
74 32 82
80 57 82
31 70 82
70 80 82
26 25 83
34 26 83
50 34 83
25 56 83
56 50 83
61 38 84
38 62 84
66 61 84
62 46 84
46 66 84
7 6 85
62 7 85
6 44 85
44 46 85
46 62 85
16 15 86
15 45 86
45 57 86
57 76 86
55 16 86
76 55 86
