82
1 0 0
0 1 0
0 0 1
0.0833334 0.916667 0
0.166667 0.833333 0
0.25 0.75 0
0.333333 0.666667 0
0.416667 0.583333 0
0.5 0.5 0
0.583333 0.416667 0
0.666667 0.333333 0
0.75 0.25 0
0.833333 0.166667 0
0.916667 0.0833333 0
0 0.090909 0.909091
0 0.181818 0.818182
0 0.272727 0.727273
0 0.363636 0.636364
0 0.454545 0.545455
0 0.545455 0.454545
0 0.636364 0.363636
0 0.727273 0.272727
0 0.818182 0.181818
0 0.909091 0.0909091
0.909091 0 0.0909091
0.818182 0 0.181818
0.727273 0 0.272727
0.636364 0 0.363636
0.545455 0 0.454545
0.454545 0 0.545455
0.363636 0 0.636364
0.272727 0 0.727273
0.181818 0 0.818182
0.0909091 0 0.909091
0.611676 0.116578 0.271746
0.0801128 0.497187 0.4227
0.28325 0.150837 0.565913
0.160548 0.595813 0.243639
0.484431 0.415469 0.1001
0.792152 0.0789631 0.128885
0.414569 0.0772771 0.508154
0.662715 0.255081 0.0822041
0.757095 0.169981 0.0729242
0.391563 0.247663 0.360774
0.166635 0.246144 0.58722
0.0630959 0.288841 0.648064
0.27775 0.633484 0.088766
0.321036 0.520521 0.158443
0.198449 0.326606 0.474944
0.506037 0.236298 0.257665
0.125749 0.415384 0.458867
0.538281 0.0745588 0.38716
0.278842 0.244073 0.477085
0.192646 0.677502 0.129852
0.594283 0.225354 0.180364
0.554866 0.324313 0.120821
0.111127 0.137633 0.75124
0.155034 0.761587 0.083379
0.0811137 0.826045 0.0928412
0.231641 0.403943 0.364415
0.430897 0.33721 0.231893
0.411894 0.506835 0.0812714
0.0898331 0.714664 0.195503
0.0894994 0.349939 0.560562
0.162052 0.49487 0.343078
0.723605 0.0688597 0.207535
0.477975 0.153331 0.368694
0.68828 0.157986 0.153734
0.327903 0.413751 0.258346
0.288347 0.0741855 0.637468
0.24535 0.493987 0.260663
0.312718 0.326035 0.361247
0.0945802 0.0780727 0.827347
0.368305 0.166945 0.46475
0.19265 0.070908 0.736442
0.083227 0.21317 0.703603
0.842838 0.0955954 0.0615664
0.0750202 0.600948 0.324032
0.188033 0.154276 0.657691
0.397381 0.435645 0.166974
0.23798 0.58239 0.17963
0.350618 0.585032 0.0643498


3 1 23
0 13 24
14 2 33
27 26 34
19 18 35
9 8 38
25 24 39
29 28 40
30 29 40
11 10 41
12 11 42
11 41 42
17 16 45
6 5 46
35 18 50
28 27 51
27 34 51
40 28 51
44 36 52
48 44 52
46 5 53
49 34 54
10 9 55
41 10 55
9 38 55
54 41 55
49 54 55
5 4 57
53 5 57
4 3 58
57 4 58
3 23 58
23 22 58
50 48 59
43 49 60
49 55 60
55 38 60
8 7 61
38 8 61
37 53 62
22 21 62
53 57 62
57 58 62
58 22 62
45 44 63
44 48 63
18 17 63
50 18 63
17 45 63
48 50 63
35 50 64
50 59 64
26 25 65
25 39 65
34 26 65
34 49 66
51 34 66
40 51 66
49 43 66
42 41 67
41 54 67
39 42 67
65 39 67
54 34 67
34 65 67
31 30 69
30 40 69
40 36 69
37 64 70
68 47 70
64 59 70
59 68 70
48 52 71
59 48 71
52 43 71
68 59 71
43 60 71
60 68 71
15 14 72
56 15 72
14 33 72
33 32 72
36 40 73
52 36 73
43 52 73
40 66 73
66 43 73
32 31 74
31 69 74
56 72 74
72 32 74
16 15 75
15 56 75
45 16 75
44 45 75
13 12 76
24 13 76
39 24 76
12 42 76
42 39 76
20 19 77
19 35 77
21 20 77
62 21 77
37 62 77
35 64 77
64 37 77
36 44 78
56 74 78
69 36 78
74 69 78
44 75 78
75 56 78
61 47 79
47 68 79
60 38 79
68 60 79
38 61 79
47 46 80
46 53 80
53 37 80
37 70 80
70 47 80
7 6 81
6 46 81
46 47 81
47 61 81
61 7 81
