109
1 0 0
0 1 0
0 0 1
0.0833333 0.916667 0
0.166667 0.833333 0
0.25 0.75 0
0.333333 0.666667 0
0.416667 0.583333 0
0.5 0.5 0
0.583333 0.416667 0
0.666667 0.333333 0
0.75 0.25 0
0.833333 0.166667 0
0.916667 0.0833333 0
0 0.0833334 0.916667
0 0.166667 0.833333
0 0.25 0.75
0 0.333333 0.666667
0 0.416667 0.583333
0 0.5 0.5
0 0.583333 0.416667
0 0.666667 0.333333
0 0.75 0.25
0 0.833333 0.166667
0 0.916667 0.0833333
0.9375 0 0.0625
0.875 0 0.125
0.8125 0 0.1875
0.75 0 0.25
0.6875 0 0.3125
0.625 0 0.375
0.5625 0 0.4375
0.5 0 0.5
0.4375 0 0.5625
0.375 0 0.625
0.3125 0 0.6875
0.25 0 0.75
0.1875 0 0.8125
0.125 0 0.875
0.0624999 0 0.9375
0.628593 0.123142 0.248265
0.0961836 0.500273 0.403544
0.28019 0.145324 0.574487
0.160172 0.616176 0.223652
0.488155 0.405191 0.106654
0.79815 0.0763371 0.125512
0.419382 0.0773975 0.50322
0.662891 0.258873 0.0782366
0.0600786 0.320589 0.619333
0.671314 0.150324 0.178362
0.767394 0.16921 0.0633962
0.402118 0.260156 0.337726
0.182958 0.250973 0.566069
0.26759 0.647485 0.0849258
0.0569799 0.145361 0.797659
0.321907 0.521914 0.156179
0.19359 0.329592 0.476817
0.488218 0.239041 0.27274
0.122503 0.392525 0.484972
0.568866 0.337722 0.0934114
0.54287 0.0774361 0.379694
0.140698 0.212892 0.64641
0.25956 0.247791 0.492649
0.358563 0.569264 0.0721727
0.193139 0.672016 0.134845
0.598236 0.236812 0.164952
0.291552 0.475031 0.233417
0.0800047 0.367655 0.552341
0.102821 0.160452 0.736727
0.32139 0.263605 0.415006
0.17501 0.759873 0.0651171
0.0880983 0.839673 0.0722291
0.24102 0.360068 0.398912
0.433132 0.335361 0.231508
0.854975 0.084847 0.0601776
0.239515 0.103345 0.65714
0.337791 0.156302 0.505907
0.0714335 0.714169 0.214397
0.575272 0.115493 0.309235
0.4669 0.108649 0.424452
0.0646339 0.249387 0.685979
0.519095 0.43185 0.0490546
0.695707 0.0592332 0.24506
0.364822 0.397985 0.237193
0.175268 0.494616 0.330117
0.0534056 0.478206 0.468388
0.108926 0.606612 0.284463
0.441307 0.498679 0.0600139
0.123529 0.734138 0.142333
0.181399 0.085015 0.733586
0.296521 0.384607 0.318872
0.410418 0.444774 0.144808
0.0718488 0.579451 0.3487
0.724449 0.147902 0.127649
0.554938 0.211526 0.233536
0.503712 0.321439 0.17485
0.48784 0.16707 0.345091
0.0598786 0.073446 0.866675
0.0540458 0.806725 0.139229
0.743351 0.0664705 0.190178
0.0448015 0.668617 0.286581
0.239995 0.578498 0.181507
0.121755 0.0716479 0.806597
0.388712 0.171668 0.43962
0.227849 0.506241 0.26591
0.164856 0.421691 0.413453
0.365909 0.0666233 0.567468
0.0374979 0.922402 0.0401002
0.317609 0.059331 0.62306


0 13 25
14 2 39
27 26 45
33 32 46
10 9 47
11 10 47
18 17 48
12 11 50
11 47 50
6 5 53
16 15 54
52 56 58
47 9 59
31 30 60
52 42 62
56 52 62
7 6 63
6 53 63
53 55 63
40 49 65
49 47 65
47 59 65
19 18 67
18 48 67
52 58 67
48 61 67
61 52 67
16 54 68
5 4 70
53 5 70
64 53 70
4 3 71
70 4 71
56 62 72
62 69 72
51 57 73
13 12 74
25 13 74
26 25 74
45 26 74
12 50 74
50 45 74
36 35 75
42 52 75
52 61 75
62 42 76
69 62 76
23 22 77
30 29 78
29 40 78
60 30 78
32 31 79
31 60 79
46 32 79
17 16 80
16 68 80
48 17 80
61 48 80
68 61 80
9 8 81
59 9 81
44 59 81
29 28 82
40 29 82
49 40 82
51 73 83
55 66 83
20 19 85
41 20 85
58 41 85
19 67 85
67 58 85
43 77 86
84 43 86
7 63 87
8 7 87
81 8 87
44 81 87
64 70 88
70 71 88
43 64 88
77 43 88
37 36 89
61 68 89
75 61 89
36 75 89
69 51 90
72 69 90
51 83 90
83 66 90
84 72 90
55 83 91
83 73 91
44 87 91
63 55 91
87 63 91
21 20 92
20 41 92
41 84 92
84 86 92
47 49 93
50 47 93
45 50 93
40 65 94
57 78 94
78 40 94
59 44 95
65 59 95
44 91 95
91 73 95
73 57 95
57 94 95
94 65 95
60 78 96
78 57 96
57 51 96
51 79 96
79 60 96
15 14 97
14 39 97
39 38 97
54 15 97
24 23 98
71 24 98
88 71 98
23 77 98
77 88 98
28 27 99
27 45 99
45 93 99
49 82 99
93 49 99
82 28 99
22 21 100
77 22 100
86 77 100
21 92 100
92 86 100
55 53 101
53 64 101
66 55 101
64 43 101
38 37 102
68 54 102
37 89 102
89 68 102
54 97 102
97 38 102
69 76 103
76 46 103
51 69 103
79 51 103
46 79 103
43 84 104
84 90 104
90 66 104
66 101 104
101 43 104
41 58 105
58 56 105
56 72 105
72 84 105
84 41 105
34 33 106
33 46 106
46 76 106
76 42 106
3 1 107
1 24 107
24 71 107
71 3 107
35 34 108
42 75 108
75 35 108
34 106 108
106 42 108
