70
1 0 0
0 1 0
0 0 1
0.0833333 0.916667 0
0.166667 0.833333 0
0.25 0.75 0
0.333333 0.666667 0
0.416667 0.583333 0
0.5 0.5 0
0.583333 0.416667 0
0.666667 0.333333 0
0.75 0.25 0
0.833333 0.166667 0
0.916667 0.0833333 0
0 0.0714286 0.928571
0 0.142857 0.857143
0 0.214286 0.785714
0 0.285714 0.714286
0 0.357143 0.642857
0 0.428571 0.571429
0 0.5 0.5
0 0.571429 0.428571
0 0.642857 0.357143
0 0.714286 0.285714
0 0.785714 0.214286
0 0.857143 0.142857
0 0.928571 0.0714286
0.857143 0 0.142857
0.714286 0 0.285714
0.571429 0 0.428571
0.428571 0 0.571429
0.285714 0 0.714286
0.142857 0 0.857143
0.637565 0.122721 0.239714
0.129144 0.484729 0.386127
0.271575 0.149973 0.578452
0.150656 0.620308 0.229035
0.466575 0.42249 0.110935
0.81063 0.0651037 0.124266
0.417598 0.0691833 0.513218
0.392494 0.266237 0.341269
0.177298 0.243483 0.579219
0.270955 0.621245 0.1078
0.320186 0.525297 0.154518
0.195408 0.313419 0.491172
0.614129 0.281009 0.104862
0.152915 0.548013 0.299072
0.12391 0.404006 0.472083
0.557728 0.0764777 0.365794
0.127445 0.203831 0.668724
0.741269 0.142298 0.116433
0.569097 0.221727 0.209176
0.136577 0.137784 0.725639
0.450069 0.342 0.207931
0.276836 0.0700207 0.653143
0.126692 0.700974 0.172333
0.25766 0.410837 0.331503
0.300496 0.454966 0.244538
0.487036 0.172763 0.3402
0.0748344 0.861146 0.0640197
0.137588 0.0688445 0.793568
0.118319 0.781248 0.100433
0.704562 0.21081 0.0846281
0.292541 0.344564 0.362895
0.317112 0.217825 0.465063
0.409885 0.136791 0.453324
0.375924 0.552846 0.0712301
0.70745 0.0503372 0.242213
0.221898 0.702969 0.0751333
0.0841674 0.305072 0.610761


3 1 26
14 2 32
21 20 34
23 22 36
10 9 37
9 8 37
0 13 38
27 0 38
30 29 39
7 6 42
37 8 43
42 36 43
11 10 45
22 21 46
36 22 46
21 34 46
43 36 46
20 19 47
34 20 47
19 18 47
18 44 47
29 28 48
39 29 48
17 16 49
41 17 49
35 41 49
13 12 50
38 13 50
33 38 50
33 50 51
16 15 52
49 16 52
35 49 52
10 37 53
45 10 53
40 51 53
51 45 53
31 30 54
30 39 54
39 35 54
35 52 54
24 23 55
23 36 55
36 42 55
34 47 56
43 46 57
46 34 57
37 43 57
34 56 57
53 37 57
56 53 57
48 33 58
33 51 58
51 40 58
4 3 59
3 26 59
26 25 59
15 14 60
52 15 60
14 32 60
32 31 60
31 54 60
54 52 60
5 4 61
25 24 61
24 55 61
4 59 61
59 25 61
12 11 62
50 12 62
51 50 62
11 45 62
45 51 62
44 40 63
47 44 63
56 47 63
40 53 63
53 56 63
40 44 64
44 41 64
58 40 64
41 35 64
35 39 65
39 48 65
48 58 65
58 64 65
64 35 65
8 7 66
43 8 66
7 42 66
42 43 66
28 27 67
27 38 67
38 33 67
33 48 67
48 28 67
6 5 68
42 6 68
55 42 68
5 61 68
61 55 68
18 17 69
17 41 69
41 44 69
44 18 69
