51
1 0 0
0 1 0
0 0 1
0.0833333 0.916667 0
0.166667 0.833333 0
0.25 0.75 0
0.333333 0.666667 0
0.416667 0.583333 0
0.5 0.5 0
0.583333 0.416667 0
0.666667 0.333333 0
0.75 0.25 0
0.833333 0.166667 0
0.916667 0.0833333 0
0 0.0909091 0.909091
0 0.181818 0.818182
0 0.272727 0.727273
0 0.363636 0.636364
0 0.454545 0.545455
0 0.545455 0.454545
0 0.636364 0.363636
0 0.727273 0.272727
0 0.818182 0.181818
0 0.909091 0.0909091
0.8 0 0.2
0.6 0 0.4
0.4 0 0.6
0.2 0 0.8
0.617711 0.106836 0.275453
0.146005 0.496232 0.357763
0.283042 0.151032 0.565926
0.165697 0.598892 0.235411
0.765805 0.0688259 0.165369
0.395812 0.068963 0.535225
0.402267 0.235191 0.362542
0.193464 0.239889 0.566647
0.299551 0.526839 0.17361
0.176213 0.334765 0.489022
0.561726 0.286337 0.151937
0.128553 0.411801 0.459646
0.607769 0.197854 0.194376
0.474315 0.386912 0.138773
0.146312 0.688821 0.164867
0.126034 0.148724 0.725242
0.169049 0.0702018 0.760749
0.114725 0.765756 0.119519
0.299295 0.425756 0.274948
0.453481 0.154253 0.392266
0.365311 0.322762 0.311926
0.0649076 0.867279 0.0678139
0.299568 0.601262 0.0991698


3 1 23
0 13 24
19 18 29
20 19 31
19 29 31
13 12 32
12 28 32
24 13 32
25 24 32
28 25 32
26 25 33
25 28 33
27 26 33
16 15 35
30 34 35
8 7 36
31 29 36
17 16 37
16 35 37
11 10 38
18 17 39
17 37 39
29 18 39
12 11 40
28 12 40
11 38 40
38 34 40
10 9 41
38 10 41
9 8 41
6 5 42
31 6 42
21 20 42
20 31 42
15 14 43
30 35 43
35 15 43
14 2 44
2 27 44
27 33 44
33 30 44
43 14 44
30 43 44
5 4 45
4 22 45
22 21 45
21 42 45
42 5 45
36 29 46
29 39 46
8 36 46
41 8 46
39 37 46
30 33 47
33 28 47
28 40 47
34 30 47
40 34 47
35 34 48
37 35 48
34 38 48
38 41 48
41 46 48
46 37 48
4 3 49
3 23 49
22 4 49
23 22 49
7 6 50
6 31 50
31 36 50
36 7 50
