151
1 0 0
0 1 0
0 0 1
0.0833334 0.916667 0
0.166667 0.833333 0
0.25 0.75 0
0.333333 0.666667 0
0.416667 0.583333 0
0.5 0.5 0
0.583333 0.416667 0
0.666667 0.333333 0
0.75 0.25 0
0.833333 0.166667 0
0.916667 0.0833333 0
0 0.0555556 0.944444
0 0.111111 0.888889
0 0.166667 0.833333
0 0.222222 0.777778
0 0.277778 0.722222
0 0.333333 0.666667
0 0.388889 0.611111
0 0.444444 0.555556
0 0.5 0.5
0 0.555555 0.444444
0 0.611111 0.388889
0 0.666667 0.333333
0 0.722222 0.277778
0 0.777778 0.222222
0 0.833333 0.166667
0 0.888889 0.111111
0 0.944444 0.0555556
0.95 0 0.05
0.9 0 0.1
0.85 0 0.15
0.8 0 0.2
0.75 0 0.25
0.7 0 0.3
0.65 0 0.35
0.6 0 0.4
0.55 0 0.45
0.5 0 0.5
0.45 0 0.55
0.4 0 0.6
0.35 0 0.65
0.3 0 0.7
0.25 0 0.75
0.2 0 0.8
0.15 0 0.85
0.1 0 0.9
0.05 0 0.95
0.11973 0.844257 0.0360125
0.637453 0.112343 0.250204
0.103486 0.490759 0.405754
0.275841 0.144955 0.579204
0.170158 0.598868 0.230974
0.479152 0.415918 0.104931
0.781609 0.068445 0.149946
0.415178 0.0668759 0.517946
0.788868 0.174297 0.036835
0.6565 0.282311 0.0611888
0.662556 0.150575 0.186869
0.399876 0.239514 0.36061
0.170334 0.242585 0.58708
0.289237 0.61342 0.0973432
0.0656338 0.141092 0.793274
0.689032 0.0493918 0.261577
0.306764 0.53505 0.158185
0.189431 0.333215 0.477354
0.490736 0.238727 0.270537
0.715034 0.253182 0.0317844
0.273926 0.511928 0.214146
0.160466 0.548498 0.291036
0.115237 0.402565 0.482198
0.574069 0.341874 0.0840565
0.890863 0.0501957 0.0589412
0.556737 0.0711313 0.372131
0.141041 0.203732 0.655227
0.254487 0.606264 0.139249
0.256191 0.248088 0.495721
0.347391 0.604687 0.047922
0.189144 0.685444 0.125412
0.252713 0.706334 0.0409523
0.596717 0.235405 0.167879
0.743604 0.145231 0.111165
0.0847427 0.35963 0.555627
0.0754628 0.303718 0.620819
0.122718 0.146858 0.730424
0.470671 0.206137 0.323193
0.325441 0.272123 0.402436
0.458186 0.378242 0.163572
0.0755553 0.846419 0.0780255
0.229587 0.390955 0.379458
0.821435 0.0910488 0.0875158
0.523602 0.272523 0.203875
0.0887189 0.782092 0.12919
0.43398 0.337531 0.228488
0.401645 0.513751 0.0846037
0.272219 0.06517 0.662611
0.132017 0.691588 0.176395
0.332184 0.148305 0.51951
0.076113 0.697637 0.22625
0.393416 0.309479 0.297105
0.545646 0.316912 0.137441
0.506046 0.443617 0.0503379
0.313765 0.0692195 0.617016
0.188044 0.474764 0.337192
0.500206 0.0692209 0.430573
0.562778 0.123743 0.31348
0.597887 0.365382 0.0367307
0.651345 0.227608 0.121047
0.413007 0.168513 0.41848
0.132295 0.0727057 0.795
0.069535 0.245453 0.685012
0.338981 0.409265 0.251754
0.723143 0.069563 0.207294
0.240622 0.489359 0.270019
0.321761 0.329407 0.348832
0.168916 0.399881 0.431204
0.330784 0.210419 0.458797
0.07345 0.0760378 0.850512
0.249695 0.311189 0.439115
0.0549168 0.762403 0.18268
0.732845 0.194045 0.0731101
0.862665 0.10445 0.032885
0.714851 0.130634 0.154516
0.197872 0.0608268 0.741301
0.4841 0.144505 0.371395
0.0565359 0.201132 0.742332
0.0503651 0.646195 0.30344
0.0900289 0.57103 0.338941
0.0529374 0.434922 0.512141
0.364167 0.0701666 0.565667
0.369241 0.439045 0.191714
0.174492 0.753106 0.0724014
0.430216 0.53114 0.0386437
0.562548 0.184274 0.253178
0.415319 0.111943 0.472737
0.202298 0.10743 0.690272
0.0461436 0.05111 0.902746
0.17144 0.301843 0.526717
0.286088 0.402564 0.311348
0.225077 0.144883 0.63004
0.217437 0.603952 0.178611
0.053477 0.482414 0.464109
0.245207 0.210416 0.544377
0.602243 0.185752 0.212005
0.640413 0.0584623 0.301124
0.383917 0.484583 0.1315
0.0530194 0.912316 0.0346647
0.0947433 0.632177 0.27308
0.931826 0.0434748 0.0246997


14 2 49
4 3 50
24 23 52
34 33 56
41 40 57
12 11 58
17 16 64
36 35 65
11 10 69
10 59 69
58 11 69
32 31 74
38 37 75
66 63 77
7 6 79
77 63 80
5 4 81
6 5 81
79 6 81
63 79 81
21 20 84
20 19 85
76 62 85
62 84 85
84 20 85
30 29 90
33 32 92
56 33 92
83 56 92
32 74 92
29 28 94
90 29 94
68 93 95
93 89 95
79 63 96
44 43 97
80 94 98
27 26 100
54 98 100
61 87 101
87 68 101
68 95 101
73 55 102
55 89 102
89 93 102
93 82 102
9 8 103
55 73 103
96 55 103
43 42 104
97 43 104
52 91 105
40 39 106
39 38 106
38 75 106
75 37 107
68 87 107
10 9 108
59 10 108
73 59 108
9 103 108
103 73 108
59 73 109
82 60 109
73 102 109
102 82 109
61 88 110
47 46 111
86 64 111
19 18 112
76 85 112
85 19 112
86 76 112
101 95 113
35 34 114
34 56 114
65 35 114
60 51 114
51 65 114
70 54 115
54 71 115
113 70 115
71 105 115
88 61 116
61 101 116
91 88 116
52 72 117
72 67 117
91 52 117
78 99 118
110 88 118
16 15 119
48 47 119
64 16 119
47 111 119
111 64 119
117 67 120
88 91 120
91 117 120
67 78 120
78 118 120
118 88 120
94 28 121
98 94 121
28 27 121
27 100 121
100 98 121
58 69 122
69 59 122
83 92 122
92 58 122
59 109 122
109 83 122
13 12 123
12 58 123
58 92 123
92 74 123
56 83 124
83 109 124
109 60 124
60 114 124
114 56 124
45 44 125
46 45 125
111 46 125
86 111 125
75 107 126
107 87 126
87 61 126
61 110 126
106 75 126
110 106 126
18 17 127
17 64 127
64 86 127
86 112 127
112 18 127
26 25 128
25 24 129
128 25 129
24 52 129
52 105 129
105 71 129
22 21 130
21 84 130
84 72 130
42 41 131
41 57 131
99 53 131
57 99 131
53 104 131
104 42 131
95 89 132
66 70 132
70 113 132
113 95 132
4 50 133
81 4 133
80 63 133
63 81 133
50 90 133
90 94 133
94 80 133
7 79 134
79 96 134
8 7 134
103 8 134
96 103 134
93 68 135
68 107 135
107 51 135
57 40 136
40 106 136
106 110 136
99 57 136
118 99 136
110 118 136
44 97 137
125 44 137
76 86 137
86 125 137
15 14 138
14 49 138
49 48 138
48 119 138
119 15 138
78 67 139
84 62 139
67 72 139
72 84 139
105 91 140
91 116 140
115 105 140
101 113 140
116 101 140
113 115 140
53 62 141
62 76 141
97 104 141
104 53 141
76 137 141
137 97 141
54 70 142
70 66 142
66 77 142
98 54 142
77 80 142
80 98 142
52 23 143
72 52 143
23 22 143
22 130 143
130 72 143
53 99 144
99 78 144
62 53 144
139 62 144
78 139 144
51 60 145
135 51 145
60 82 145
82 93 145
93 135 145
36 65 146
65 51 146
37 36 146
107 37 146
51 107 146
63 66 147
96 63 147
89 55 147
55 96 147
132 89 147
66 132 147
3 1 148
1 30 148
50 3 148
30 90 148
90 50 148
71 54 149
54 100 149
100 26 149
26 128 149
128 129 149
129 71 149
0 13 150
31 0 150
74 31 150
13 123 150
123 74 150
