91
1 0 0
0 1 0
0 0 1
0.0833334 0.916667 0
0.166667 0.833333 0
0.25 0.75 0
0.333333 0.666667 0
0.416667 0.583333 0
0.5 0.5 0
0.583333 0.416667 0
0.666667 0.333333 0
0.75 0.25 0
0.833333 0.166667 0
0.916667 0.0833333 0
0 0.1 0.9
0 0.2 0.8
0 0.3 0.7
0 0.4 0.6
0 0.5 0.5
0 0.6 0.4
0 0.7 0.3
0 0.8 0.2
0 0.9 0.1
0.928571 0 0.0714286
0.857143 0 0.142857
0.785714 0 0.214286
0.714286 0 0.285714
0.642857 0 0.357143
0.571429 0 0.428571
0.5 0 0.5
0.428571 0 0.571429
0.357143 0 0.642857
0.285714 0 0.714286
0.214286 0 0.785714
0.142857 0 0.857143
0.0714287 0 0.928571
0.629677 0.105943 0.26438
0.122 0.459978 0.418022
0.279863 0.137422 0.582715
0.157437 0.611325 0.231238
0.483913 0.406166 0.10992
0.790852 0.0767377 0.132411
0.42426 0.0784795 0.497261
0.672458 0.244646 0.0828962
0.762935 0.162824 0.0742403
0.40222 0.260042 0.337738
0.184343 0.243394 0.572263
0.279802 0.632946 0.0872518
0.0554519 0.137379 0.807169
0.314419 0.514918 0.170663
0.173288 0.348249 0.478464
0.485629 0.218576 0.295795
0.580727 0.334621 0.0846528
0.703391 0.12275 0.173859
0.55066 0.0944032 0.354936
0.257532 0.25299 0.489479
0.357925 0.565642 0.0764324
0.201715 0.679688 0.118597
0.60686 0.224036 0.169104
0.0864874 0.375797 0.537715
0.132713 0.11204 0.755248
0.0876373 0.837786 0.074577
0.231349 0.390519 0.378132
0.435122 0.340813 0.224065
0.850925 0.084786 0.0642891
0.345559 0.131316 0.523126
0.0702019 0.699103 0.230696
0.124573 0.228644 0.646783
0.214376 0.114496 0.671128
0.318849 0.277815 0.403336
0.467706 0.123617 0.408677
0.334996 0.390629 0.274375
0.245038 0.49106 0.263902
0.430334 0.502674 0.0669912
0.161104 0.513158 0.325738
0.0755379 0.591958 0.332504
0.394813 0.44999 0.155196
0.0543814 0.308587 0.637032
0.557513 0.186035 0.256452
0.292856 0.0594799 0.647664
0.519851 0.296731 0.183418
0.051058 0.507948 0.440994
0.0606179 0.216528 0.722854
0.0522359 0.797676 0.150088
0.122972 0.729014 0.148014
0.0834984 0.0664584 0.850043
0.165935 0.767612 0.0664529
0.534702 0.419566 0.0457321
0.386166 0.177156 0.436677
0.0356217 0.919527 0.044851
0.240073 0.582367 0.17756


0 13 23
14 2 35
27 26 36
25 24 41
30 29 42
11 10 43
12 11 44
11 43 44
6 5 47
15 14 48
10 9 52
43 10 52
26 25 53
25 41 53
36 26 53
41 44 53
44 43 53
28 27 54
27 36 54
46 38 55
50 46 55
7 6 56
6 47 56
47 49 56
47 5 57
43 52 58
36 53 58
53 43 58
18 17 59
50 37 59
46 50 59
34 33 60
4 3 61
37 50 62
50 55 62
45 51 63
13 12 64
23 13 64
24 23 64
41 24 64
12 44 64
44 41 64
31 30 65
30 42 65
38 31 65
55 38 65
21 20 66
46 59 67
38 46 68
33 32 68
60 33 68
46 67 68
67 60 68
62 55 69
55 65 69
51 45 70
29 28 70
28 54 70
42 29 70
54 51 70
45 63 71
69 45 71
62 69 71
62 71 72
71 49 72
8 7 73
40 8 73
7 56 73
72 39 74
37 62 74
62 72 74
20 19 75
66 20 75
37 74 75
39 66 75
74 39 75
49 71 76
71 63 76
63 40 76
40 73 76
56 49 76
73 56 76
17 16 77
59 17 77
67 59 77
51 54 78
54 36 78
36 58 78
32 31 79
31 38 79
38 68 79
68 32 79
52 40 80
58 52 80
63 51 80
51 78 80
78 58 80
40 63 80
19 18 81
18 59 81
59 37 81
37 75 81
75 19 81
16 15 82
15 48 82
48 60 82
60 67 82
77 16 82
67 77 82
22 21 83
61 22 83
21 66 83
39 57 84
66 39 84
61 83 84
83 66 84
14 35 85
48 14 85
35 34 85
34 60 85
60 48 85
5 4 86
57 5 86
84 57 86
4 61 86
61 84 86
9 8 87
52 9 87
8 40 87
40 52 87
45 69 88
65 42 88
69 65 88
42 70 88
70 45 88
3 1 89
1 22 89
22 61 89
61 3 89
49 47 90
47 57 90
72 49 90
57 39 90
39 72 90
