115
1 0 0
0 1 0
0 0 1
0.0833333 0.916667 0
0.166667 0.833333 0
0.25 0.75 0
0.333333 0.666667 0
0.416667 0.583333 0
0.5 0.5 0
0.583333 0.416667 0
0.666667 0.333333 0
0.75 0.25 0
0.833333 0.166667 0
0.916667 0.0833333 0
0 0.076923 0.923077
0 0.153846 0.846154
0 0.230769 0.769231
0 0.307693 0.692308
0 0.384615 0.615385
0 0.461538 0.538462
0 0.538462 0.461538
0 0.615385 0.384615
0 0.692308 0.307692
0 0.769231 0.230769
0 0.846154 0.153846
0 0.923077 0.0769231
0.947368 0 0.0526316
0.894737 0 0.105263
0.842105 0 0.157895
0.789474 0 0.210526
0.736842 0 0.263158
0.684211 0 0.315789
0.631579 0 0.368421
0.578947 0 0.421053
0.526316 0 0.473684
0.473684 0 0.526316
0.421053 0 0.578947
0.368421 0 0.631579
0.315789 0 0.684211
0.263158 0 0.736842
0.210526 0 0.789474
0.157895 0 0.842105
0.105263 0 0.894737
0.0526315 0 0.947369
0.140164 0.810334 0.049502
0.632933 0.122037 0.245031
0.104573 0.483234 0.412193
0.27345 0.153428 0.573123
0.166572 0.601271 0.232157
0.508624 0.371973 0.119402
0.421305 0.0762692 0.502425
0.661492 0.270856 0.0676517
0.687558 0.118485 0.193956
0.749576 0.196101 0.0543234
0.742608 0.125428 0.131964
0.373368 0.27674 0.349892
0.16724 0.260316 0.572444
0.0642188 0.263428 0.672353
0.275782 0.646916 0.077302
0.0569927 0.121685 0.821323
0.297806 0.547504 0.15469
0.178769 0.35201 0.469221
0.498419 0.212868 0.288713
0.278458 0.504676 0.216866
0.168232 0.526748 0.305021
0.579712 0.335029 0.0852588
0.535177 0.0887632 0.37606
0.14807 0.196138 0.655792
0.35991 0.5599 0.0801899
0.189439 0.69495 0.115612
0.590441 0.243081 0.166478
0.0733976 0.390382 0.53622
0.131577 0.138812 0.72961
0.320381 0.259285 0.420334
0.268465 0.248136 0.483399
0.441644 0.413816 0.14454
0.0811363 0.84427 0.0745939
0.232054 0.371458 0.396488
0.817856 0.0973777 0.0847666
0.529017 0.259884 0.211098
0.437988 0.339754 0.222258
0.876246 0.0765604 0.0471941
0.2423 0.105816 0.651884
0.345922 0.142562 0.511515
0.0807592 0.69315 0.226091
0.583006 0.116374 0.30062
0.460187 0.107249 0.432564
0.462663 0.185307 0.352029
0.34976 0.404394 0.245845
0.649914 0.219455 0.13063
0.418499 0.29147 0.290031
0.265291 0.457196 0.277513
0.43529 0.493764 0.0709457
0.100379 0.413211 0.486409
0.108194 0.732813 0.158992
0.0592206 0.196195 0.744584
0.206914 0.742148 0.0509386
0.102413 0.554872 0.342715
0.201931 0.0854056 0.712663
0.063284 0.647695 0.289021
0.0463963 0.0671599 0.886444
0.0470189 0.527955 0.425026
0.117125 0.0808113 0.802063
0.505422 0.448323 0.0462556
0.346607 0.0729702 0.580423
0.161421 0.454607 0.383972
0.277736 0.377582 0.344682
0.377416 0.454834 0.16775
0.0755901 0.321348 0.603062
0.311703 0.0597413 0.628556
0.0455543 0.596273 0.358172
0.211715 0.598488 0.189797
0.042839 0.836096 0.121065
0.221369 0.245464 0.533167
0.388731 0.169143 0.442126


0 13 26
14 2 43
4 3 44
31 30 45
36 35 50
10 9 51
30 29 52
45 30 52
11 10 53
10 51 53
29 28 54
53 51 54
52 29 54
18 17 57
6 5 58
16 15 59
51 9 65
34 33 66
33 32 66
7 6 68
6 58 68
58 60 68
60 58 69
65 49 70
45 52 70
20 19 71
67 57 72
3 1 76
1 25 76
44 3 76
69 44 76
61 74 77
74 73 77
12 11 78
11 53 78
28 27 78
53 54 78
54 28 78
45 70 79
70 49 79
49 75 79
62 79 80
79 75 80
13 12 81
26 13 81
27 26 81
12 78 81
78 27 81
39 38 82
47 56 82
56 67 82
74 47 83
36 50 83
73 74 83
24 23 84
64 48 84
32 31 85
31 45 85
62 66 85
66 32 85
45 79 85
79 62 85
35 34 86
50 35 86
34 66 86
66 62 87
55 86 87
86 66 87
60 63 88
52 54 89
54 51 89
70 52 89
51 65 89
65 70 89
62 80 90
87 62 90
55 87 90
88 55 90
80 88 90
48 64 91
55 88 91
88 63 91
75 49 92
7 68 92
68 75 92
20 71 93
61 46 93
56 61 93
71 56 93
24 84 94
84 48 94
69 76 94
17 16 95
57 17 95
72 57 95
16 59 95
5 4 96
58 5 96
4 44 96
44 69 96
69 58 96
40 39 98
72 40 98
67 72 98
39 82 98
82 67 98
23 22 99
84 23 99
64 84 99
97 64 99
15 14 100
14 43 100
43 42 100
42 59 100
59 15 100
21 20 101
20 93 101
93 46 101
42 41 102
59 42 102
41 40 102
40 72 102
95 59 102
72 95 102
9 8 103
65 9 103
49 65 103
8 7 103
7 92 103
92 49 103
37 36 104
36 83 104
83 47 104
46 61 105
61 77 105
97 46 105
77 64 105
64 97 105
64 77 106
91 64 106
73 55 106
55 91 106
77 73 106
68 60 107
75 68 107
80 75 107
60 88 107
88 80 107
19 18 108
71 19 108
67 56 108
56 71 108
18 57 108
57 67 108
38 37 109
47 82 109
82 38 109
37 104 109
104 47 109
22 21 110
97 99 110
99 22 110
46 97 110
101 46 110
21 101 110
63 60 111
60 69 111
48 91 111
91 63 111
69 94 111
94 48 111
25 24 112
76 25 112
24 94 112
94 76 112
56 47 113
61 56 113
47 74 113
74 61 113
73 83 114
83 50 114
55 73 114
86 55 114
50 86 114
