93
1 0 0
0 1 0
0 0 1
0.0833333 0.916667 0
0.166667 0.833333 0
0.25 0.75 0
0.333333 0.666667 0
0.416667 0.583333 0
0.5 0.5 0
0.583333 0.416667 0
0.666667 0.333333 0
0.75 0.25 0
0.833333 0.166667 0
0.916667 0.0833333 0
0 0.0999999 0.9
0 0.2 0.8
0 0.3 0.7
0 0.4 0.6
0 0.5 0.5
0 0.6 0.4
0 0.7 0.3
0 0.8 0.2
0 0.9 0.1
0.941176 0 0.0588235
0.882353 0 0.117647
0.823529 0 0.176471
0.764706 0 0.235294
0.705882 0 0.294118
0.647059 0 0.352941
0.588235 0 0.411765
0.529412 0 0.470588
0.470588 0 0.529412
0.411765 0 0.588235
0.352941 0 0.647059
0.294118 0 0.705882
0.235294 0 0.764706
0.176471 0 0.823529
0.117647 0 0.882353
0.0588235 0 0.941177
0.632869 0.109945 0.257186
0.0979255 0.491843 0.410231
0.266808 0.151428 0.581764
0.174536 0.597316 0.228148
0.489845 0.403149 0.107006
0.403299 0.097872 0.498829
0.665074 0.25416 0.0807667
0.67144 0.14817 0.18039
0.740909 0.197666 0.0614253
0.404254 0.247607 0.348139
0.173379 0.253322 0.573299
0.0634041 0.270917 0.665679
0.27414 0.62137 0.104491
0.188732 0.34305 0.468218
0.470868 0.245864 0.283268
0.272325 0.512633 0.215042
0.581795 0.327989 0.0902161
0.146953 0.192327 0.66072
0.340994 0.592452 0.0665533
0.201953 0.661488 0.13656
0.579272 0.241451 0.179278
0.748614 0.111524 0.139861
0.0778524 0.355102 0.567046
0.131345 0.1305 0.738156
0.341473 0.235965 0.422561
0.272246 0.248342 0.479412
0.0692013 0.856894 0.0739045
0.243431 0.36865 0.387919
0.814553 0.102356 0.0830902
0.341673 0.125484 0.532844
0.0801829 0.68068 0.239138
0.499179 0.128081 0.372741
0.223773 0.116955 0.659272
0.434409 0.370094 0.195497
0.564538 0.139862 0.2956
0.879017 0.0682701 0.0527131
0.439161 0.124857 0.435983
0.0529595 0.478985 0.468056
0.346613 0.48673 0.166657
0.513836 0.281152 0.205012
0.151303 0.512888 0.335809
0.311949 0.365271 0.322779
0.055695 0.0946017 0.849703
0.209089 0.735142 0.0557692
0.407264 0.48165 0.111086
0.0559242 0.185969 0.758107
0.0631341 0.6041 0.332766
0.373278 0.365926 0.260796
0.23104 0.472217 0.296742
0.109149 0.0812198 0.809632
0.124675 0.72655 0.148775
0.0546805 0.79489 0.150429
0.119363 0.382184 0.498454
0.142333 0.793656 0.064011


0 13 23
14 2 38
28 27 39
34 33 41
8 7 43
32 31 44
10 9 45
27 26 46
39 27 46
11 10 47
10 45 47
17 16 50
49 41 52
9 8 55
8 43 55
45 9 55
46 45 55
7 6 57
6 5 57
5 51 57
42 54 58
54 51 58
55 43 59
39 46 59
46 55 59
26 25 60
45 46 60
47 45 60
46 26 60
18 17 61
17 50 61
50 56 61
56 49 61
36 35 62
35 56 62
56 50 62
52 41 64
3 1 65
1 22 65
52 64 66
64 63 66
12 11 67
11 47 67
25 24 67
47 60 67
60 25 67
33 32 68
41 33 68
64 41 68
32 44 68
44 63 68
63 64 68
21 20 69
30 29 70
53 48 70
34 41 71
41 49 71
35 34 71
56 35 71
49 56 71
29 28 73
28 39 73
39 59 73
53 70 73
70 29 73
13 12 74
23 13 74
24 23 74
12 67 74
67 24 74
48 63 75
63 44 75
31 30 75
30 70 75
44 31 75
70 48 75
19 18 76
40 19 76
18 61 76
51 54 77
57 51 77
59 43 78
43 72 78
73 59 78
72 53 78
53 73 78
40 52 79
52 66 79
42 69 79
63 48 80
66 63 80
15 14 81
14 38 81
38 37 81
5 4 82
51 5 82
58 51 82
43 7 83
7 57 83
72 43 83
57 77 83
77 72 83
50 16 84
62 50 84
16 15 84
15 81 84
20 19 85
19 40 85
69 20 85
40 79 85
79 69 85
48 53 86
53 72 86
72 77 86
80 48 86
77 54 86
54 80 86
42 79 87
79 66 87
54 42 87
80 54 87
66 80 87
37 36 88
36 62 88
62 84 88
81 37 88
84 81 88
42 58 89
69 42 89
22 21 90
21 69 90
65 22 90
89 65 90
69 89 90
49 52 91
52 40 91
40 76 91
61 49 91
76 61 91
4 3 92
3 65 92
65 89 92
58 82 92
89 58 92
82 4 92
