114
1 0 0
0 1 0
0 0 1
0.0833333 0.916667 0
0.166667 0.833333 0
0.25 0.75 0
0.333333 0.666667 0
0.416667 0.583333 0
0.5 0.5 0
0.583333 0.416667 0
0.666667 0.333333 0
0.75 0.25 0
0.833333 0.166667 0
0.916667 0.0833333 0
0 0.0714286 0.928571
0 0.142857 0.857143
0 0.214286 0.785714
0 0.285714 0.714286
0 0.357143 0.642857
0 0.428571 0.571429
0 0.5 0.5
0 0.571429 0.428571
0 0.642857 0.357143
0 0.714286 0.285714
0 0.785714 0.214286
0 0.857143 0.142857
0 0.928571 0.0714286
0.933333 0 0.0666667
0.866667 0 0.133333
0.8 0 0.2
0.733333 0 0.266667
0.666667 0 0.333333
0.6 0 0.4
0.533333 0 0.466667
0.466667 0 0.533333
0.4 0 0.6
0.333333 0 0.666667
0.266667 0 0.733333
0.2 0 0.8
0.133333 0 0.866667
0.0666667 0 0.933333
0.640546 0.110072 0.249383
0.0891425 0.50136 0.409497
0.258429 0.156515 0.585056
0.161295 0.601176 0.23753
0.48643 0.407002 0.106568
0.772687 0.0888448 0.138468
0.419305 0.0710807 0.509614
0.6549 0.268763 0.076337
0.668141 0.143958 0.187902
0.759161 0.174085 0.0667543
0.407663 0.232511 0.359826
0.175381 0.258614 0.566006
0.27687 0.627359 0.0957711
0.0608711 0.136264 0.802865
0.313308 0.536057 0.150635
0.182106 0.332231 0.485663
0.474692 0.249017 0.276291
0.167952 0.538259 0.293789
0.122188 0.419968 0.457844
0.53635 0.0758339 0.387816
0.167332 0.17951 0.653158
0.270532 0.232296 0.497172
0.357546 0.571003 0.0714514
0.18664 0.686725 0.126635
0.601987 0.235212 0.162801
0.544639 0.322628 0.132733
0.26331 0.506252 0.230438
0.0803313 0.375157 0.544512
0.118954 0.148367 0.732679
0.32864 0.256262 0.415097
0.170364 0.767727 0.0619092
0.0806966 0.844216 0.0750875
0.215308 0.389437 0.395255
0.444248 0.355302 0.20045
0.849942 0.0854608 0.0645975
0.257598 0.0811686 0.661234
0.336812 0.137881 0.525307
0.0980781 0.695667 0.206255
0.0573805 0.785725 0.156894
0.518446 0.438813 0.0427408
0.501766 0.163623 0.334611
0.458766 0.120575 0.420659
0.126937 0.0701183 0.802945
0.0729181 0.24786 0.679222
0.343164 0.396443 0.260393
0.720664 0.0629176 0.216419
0.592831 0.0880679 0.319101
0.315282 0.338037 0.346681
0.0505919 0.484571 0.464837
0.399113 0.312583 0.288304
0.68984 0.184108 0.126052
0.440597 0.500749 0.0586545
0.192206 0.0777705 0.730023
0.519819 0.274785 0.205396
0.053373 0.204624 0.742003
0.0764368 0.634044 0.289519
0.339397 0.068103 0.5925
0.214339 0.610807 0.174854
0.0836982 0.562694 0.353607
0.362106 0.44379 0.194104
0.403393 0.466936 0.129671
0.579494 0.360659 0.0598467
0.251251 0.439675 0.309074
0.3741 0.17489 0.451011
0.569232 0.183106 0.247662
0.062601 0.0671866 0.870212
0.120496 0.750462 0.129042
0.24393 0.699405 0.0566647
0.0940067 0.290901 0.615093
0.671052 0.0493913 0.279557
0.259915 0.312589 0.427495
0.163169 0.468844 0.367988
0.040201 0.926479 0.0333197


0 13 27
14 2 40
29 28 46
34 33 47
35 34 47
11 10 48
12 11 50
11 48 50
16 15 54
33 32 60
43 52 61
52 43 62
56 52 62
7 6 63
6 53 63
53 55 63
65 48 66
44 58 67
19 18 68
52 56 68
20 19 68
56 59 68
5 4 71
4 3 72
71 4 72
26 25 72
59 56 73
66 45 74
13 12 75
27 13 75
28 27 75
12 50 75
46 28 75
50 46 75
37 36 76
43 61 76
62 43 77
24 23 78
25 24 79
24 78 79
72 25 79
9 8 80
57 51 81
47 33 82
33 60 82
60 81 82
81 51 82
39 38 83
69 54 83
18 17 84
69 61 84
30 29 86
29 46 86
46 49 86
49 41 86
32 31 87
60 32 87
81 60 87
70 51 88
21 20 89
42 21 89
59 42 89
20 68 89
68 59 89
51 57 90
57 74 90
74 85 90
85 88 90
88 51 90
50 48 91
49 46 91
46 50 91
48 65 91
65 49 91
8 7 92
7 63 92
80 8 92
45 80 92
38 37 93
61 69 93
76 61 93
37 76 93
69 83 93
83 38 93
74 57 94
65 66 94
66 74 94
16 54 95
54 69 95
17 16 95
84 17 95
69 84 95
23 22 96
58 44 96
44 78 96
78 23 96
36 35 97
76 36 97
43 76 97
77 43 97
35 47 97
47 77 97
55 53 98
53 64 98
44 67 98
67 55 98
64 78 98
78 44 98
22 21 99
21 42 99
96 22 99
58 96 99
55 67 100
67 85 100
85 74 100
63 55 101
92 63 101
74 45 101
100 74 101
45 92 101
55 100 101
10 9 102
48 10 102
66 48 102
45 66 102
80 45 102
9 80 102
67 58 103
73 88 103
85 67 103
88 85 103
70 62 104
62 77 104
51 70 104
82 51 104
77 47 104
47 82 104
41 49 105
49 65 105
57 81 105
81 87 105
87 41 105
94 57 105
65 94 105
15 14 106
14 40 106
40 39 106
54 15 106
39 83 106
83 54 106
64 71 107
71 72 107
72 79 107
78 64 107
79 78 107
6 5 108
53 6 108
5 71 108
64 53 108
71 64 108
61 52 109
84 61 109
52 68 109
68 18 109
18 84 109
31 30 110
30 86 110
86 41 110
41 87 110
87 31 110
56 62 111
62 70 111
73 56 111
70 88 111
88 73 111
42 59 112
59 73 112
58 99 112
99 42 112
73 103 112
103 58 112
3 1 113
1 26 113
26 72 113
72 3 113
