94
1 0 0
0 1 0
0 0 1
0.0833333 0.916667 0
0.166667 0.833333 0
0.25 0.75 0
0.333333 0.666667 0
0.416667 0.583333 0
0.5 0.5 0
0.583333 0.416667 0
0.666667 0.333333 0
0.75 0.25 0
0.833333 0.166667 0
0.916667 0.0833333 0
0 0.0625 0.9375
0 0.125 0.875
0 0.1875 0.8125
0 0.25 0.75
0 0.3125 0.6875
0 0.375 0.625
0 0.4375 0.5625
0 0.5 0.5
0 0.5625 0.4375
0 0.625 0.375
0 0.6875 0.3125
0 0.75 0.25
0 0.8125 0.1875
0 0.875 0.125
0 0.9375 0.0625
0.9 0 0.1
0.8 0 0.2
0.7 0 0.3
0.6 0 0.4
0.5 0 0.5
0.4 0 0.6
0.3 0 0.7
0.2 0 0.8
0.1 0 0.9
0.617622 0.120824 0.261554
0.110536 0.487384 0.40208
0.275237 0.129235 0.595528
0.180884 0.609173 0.209943
0.441374 0.417495 0.141131
0.772285 0.0656315 0.162083
0.423144 0.0617621 0.515094
0.659007 0.269739 0.0712539
0.747173 0.184502 0.0683247
0.388244 0.254769 0.356987
0.148166 0.261848 0.589986
0.279922 0.619552 0.100525
0.684446 0.0540536 0.2615
0.312887 0.526449 0.160664
0.39317 0.127015 0.479815
0.192091 0.340541 0.467368
0.177316 0.54062 0.282064
0.106735 0.414205 0.47906
0.547156 0.0772818 0.375562
0.154128 0.19667 0.649201
0.600284 0.244632 0.155083
0.301204 0.473944 0.224852
0.13436 0.144846 0.720794
0.148697 0.77958 0.0717229
0.598924 0.188353 0.212724
0.265919 0.259845 0.474236
0.226417 0.39475 0.378833
0.873112 0.0607664 0.0661211
0.458573 0.336335 0.205092
0.275107 0.0696302 0.655263
0.142648 0.690776 0.166576
0.559413 0.329077 0.11151
0.101836 0.338602 0.559561
0.463438 0.465092 0.0714708
0.506953 0.194369 0.298679
0.0801118 0.859637 0.060251
0.155175 0.0696453 0.77518
0.338228 0.403812 0.25796
0.219248 0.705762 0.0749902
0.214446 0.466062 0.319492
0.432224 0.17239 0.395386
0.386038 0.541874 0.0720886
0.0884899 0.75753 0.15398
0.736483 0.137004 0.126513
0.359515 0.332217 0.308269
0.0811841 0.618739 0.300077
0.0804125 0.560788 0.3588
0.288054 0.314224 0.397722
0.480761 0.263484 0.255754
0.279142 0.19242 0.528438
0.0843475 0.0553778 0.860275
0.0622184 0.816669 0.121112
0.0766448 0.676341 0.247014
0.0724003 0.255539 0.67206
0.56071 0.382651 0.056639
0.0660688 0.126578 0.807353


3 1 28
14 2 37
22 21 39
30 29 43
34 33 44
33 32 44
11 10 45
13 12 46
12 11 46
11 45 46
7 6 49
31 30 50
30 43 50
43 38 50
49 41 51
40 44 52
51 41 54
21 20 55
39 21 55
32 31 56
31 50 56
44 32 56
52 44 56
50 38 56
46 45 58
42 51 59
51 54 59
17 16 60
57 17 60
40 57 60
5 4 61
39 55 64
55 53 64
0 13 65
29 0 65
43 29 65
35 34 67
34 44 67
44 40 67
40 60 67
41 49 68
45 10 69
42 66 69
58 45 69
66 58 69
19 18 70
18 48 70
20 19 70
53 55 70
55 20 70
48 63 70
63 53 70
9 8 71
51 42 71
38 62 72
4 3 73
3 28 73
28 27 73
61 4 73
36 35 74
35 67 74
67 60 74
42 59 75
66 42 75
6 5 76
5 61 76
49 6 76
68 49 76
59 54 77
75 59 77
39 64 77
64 75 77
47 63 78
56 38 78
38 72 78
72 47 78
52 56 78
8 7 79
7 49 79
49 51 79
51 71 79
71 8 79
26 25 80
25 68 80
68 76 80
76 61 80
38 43 81
62 38 81
46 58 81
58 62 81
13 46 81
65 13 81
43 65 81
66 75 82
75 64 82
24 23 83
54 41 83
23 22 84
22 39 84
39 77 84
77 54 84
54 83 84
83 23 84
53 63 85
63 47 85
47 82 85
64 53 85
82 64 85
62 58 86
58 66 86
66 82 86
72 62 86
47 72 86
82 47 86
40 52 87
48 57 87
57 40 87
63 48 87
52 78 87
78 63 87
15 14 88
14 37 88
37 36 88
36 74 88
27 26 89
61 73 89
73 27 89
26 80 89
80 61 89
25 24 90
68 25 90
41 68 90
24 83 90
83 41 90
18 17 91
17 57 91
48 18 91
57 48 91
10 9 92
69 10 92
42 69 92
9 71 92
71 42 92
16 15 93
60 16 93
74 60 93
15 88 93
88 74 93
