74
1 0 0
0 1 0
0 0 1
0.0833333 0.916667 0
0.166667 0.833333 0
0.25 0.75 0
0.333333 0.666667 0
0.416667 0.583333 0
0.5 0.5 0
0.583333 0.416667 0
0.666667 0.333333 0
0.75 0.25 0
0.833333 0.166667 0
0.916667 0.0833333 0
0 0.0625 0.9375
0 0.125 0.875
0 0.1875 0.8125
0 0.25 0.75
0 0.3125 0.6875
0 0.375 0.625
0 0.4375 0.5625
0 0.5 0.5
0 0.5625 0.4375
0 0.625 0.375
0 0.6875 0.3125
0 0.75 0.25
0 0.8125 0.1875
0 0.875 0.125
0 0.9375 0.0625
0.875 0 0.125
0.75 0 0.25
0.625 0 0.375
0.5 0 0.5
0.375 0 0.625
0.25 0 0.75
0.125 0 0.875
0.653272 0.104879 0.241849
0.131901 0.482459 0.38564
0.266473 0.138394 0.595133
0.174164 0.606741 0.219095
0.477932 0.40469 0.117378
0.807356 0.0608687 0.131775
0.440498 0.06924 0.490262
0.402654 0.255518 0.341829
0.173658 0.229834 0.596508
0.276229 0.625356 0.0984149
0.318371 0.509698 0.171932
0.188803 0.332262 0.478936
0.599453 0.301054 0.0994936
0.154769 0.541916 0.303315
0.136987 0.410457 0.452555
0.556787 0.0797337 0.36348
0.326772 0.062777 0.610451
0.549276 0.253914 0.19681
0.731226 0.148208 0.120566
0.150163 0.118915 0.730922
0.576846 0.187561 0.235593
0.429473 0.353525 0.217002
0.237973 0.0500759 0.711951
0.149095 0.686113 0.164793
0.117735 0.190549 0.691716
0.255588 0.410058 0.334354
0.452478 0.474678 0.0728447
0.298764 0.452899 0.248337
0.482508 0.168568 0.348924
0.140039 0.748006 0.111955
0.702238 0.217332 0.0804302
0.329343 0.332142 0.338514
0.300001 0.236678 0.463322
0.117287 0.0627389 0.819974
0.357275 0.552095 0.0906297
0.377027 0.150352 0.47262
0.130744 0.302084 0.567172
0.106703 0.81252 0.0807765


3 1 28
4 3 28
27 4 28
14 2 35
22 21 37
24 23 39
10 9 40
0 13 41
29 0 41
30 29 41
36 30 41
32 31 42
18 17 44
7 6 45
20 19 47
11 10 48
10 40 48
23 22 49
22 37 49
39 23 49
46 39 49
21 20 50
37 21 50
20 47 50
31 30 51
30 36 51
42 31 51
33 32 52
32 42 52
42 38 52
13 12 54
41 13 54
36 41 54
16 15 55
52 38 55
53 43 56
36 54 56
54 53 56
48 40 57
53 48 57
34 33 58
33 52 58
52 55 58
45 6 59
25 24 59
24 39 59
39 45 59
38 44 60
44 17 60
17 16 60
16 55 60
55 38 60
37 50 61
9 8 62
40 9 62
46 40 62
40 46 63
46 49 63
49 37 63
37 61 63
57 40 63
61 57 63
51 36 64
36 56 64
56 43 64
6 5 65
59 6 65
26 25 65
25 59 65
12 11 66
11 48 66
48 53 66
53 54 66
54 12 66
43 53 67
53 57 67
47 43 67
50 47 67
61 50 67
57 61 67
43 47 68
64 43 68
15 14 69
14 35 69
35 34 69
34 58 69
55 15 69
58 55 69
8 7 70
7 45 70
45 39 70
39 46 70
46 62 70
62 8 70
42 51 71
51 64 71
38 42 71
64 68 71
44 38 71
68 44 71
19 18 72
18 44 72
47 19 72
44 68 72
68 47 72
5 4 73
65 5 73
4 27 73
27 26 73
26 65 73
