96
1 0 0
0 1 0
0 0 1
0.0833333 0.916667 0
0.166667 0.833333 0
0.25 0.75 0
0.333333 0.666667 0
0.416667 0.583333 0
0.5 0.5 0
0.583333 0.416667 0
0.666667 0.333333 0
0.75 0.25 0
0.833333 0.166667 0
0.916667 0.0833333 0
0 0.090909 0.909091
0 0.181818 0.818182
0 0.272727 0.727273
0 0.363636 0.636364
0 0.454545 0.545455
0 0.545455 0.454545
0 0.636364 0.363636
0 0.727273 0.272727
0 0.818182 0.181818
0 0.909091 0.0909091
0.928571 0 0.0714286
0.857143 0 0.142857
0.785714 0 0.214286
0.714286 0 0.285714
0.642857 0 0.357143
0.571429 0 0.428571
0.5 0 0.5
0.428571 0 0.571429
0.357143 0 0.642857
0.285714 0 0.714286
0.214286 0 0.785714
0.142857 0 0.857143
0.0714287 0 0.928571
0.630273 0.105726 0.264001
0.122377 0.479506 0.398117
0.27408 0.141818 0.584102
0.157539 0.620351 0.22211
0.483986 0.407442 0.108571
0.790556 0.0763521 0.133092
0.416932 0.0812047 0.501864
0.672136 0.2447 0.0831647
0.762117 0.163257 0.0746258
0.397366 0.269668 0.332966
0.166187 0.265044 0.568769
0.277087 0.631453 0.0914596
0.319674 0.518392 0.161933
0.193 0.324452 0.482549
0.484864 0.217932 0.297204
0.130942 0.390063 0.478995
0.580093 0.334124 0.0857827
0.703072 0.12249 0.174438
0.551729 0.0965179 0.351753
0.267422 0.244617 0.487961
0.357336 0.569288 0.0733768
0.20051 0.679081 0.120409
0.607476 0.22254 0.169984
0.0722259 0.370028 0.557746
0.140196 0.108311 0.751493
0.165493 0.767947 0.0665598
0.0814261 0.838247 0.0803267
0.218341 0.380231 0.401428
0.441154 0.340492 0.218354
0.850937 0.0841925 0.0648705
0.27156 0.0725232 0.655917
0.339393 0.143642 0.516964
0.0751914 0.694715 0.230094
0.123625 0.211952 0.664423
0.28525 0.466544 0.248206
0.312184 0.288565 0.399252
0.466675 0.123566 0.40976
0.364621 0.398372 0.237007
0.202745 0.489504 0.307752
0.0737187 0.0922213 0.83406
0.431418 0.505778 0.0628036
0.111992 0.739825 0.148183
0.30266 0.377024 0.320316
0.063992 0.196151 0.739857
0.0493547 0.641138 0.309507
0.399464 0.458246 0.14229
0.558229 0.184202 0.257569
0.236718 0.566922 0.19636
0.358241 0.0639784 0.57778
0.0687948 0.288874 0.642332
0.195948 0.152683 0.651369
0.532867 0.420276 0.0468567
0.212236 0.0685371 0.719227
0.111309 0.577921 0.310771
0.520875 0.292346 0.186779
0.0562603 0.468728 0.475012
0.0519002 0.558979 0.389121
0.370667 0.189072 0.440261
0.0365152 0.92177 0.0417152


0 13 24
14 2 36
28 27 37
26 25 42
31 30 43
11 10 44
12 11 45
11 44 45
6 5 48
47 50 52
10 9 53
44 10 53
27 26 54
37 27 54
26 42 54
42 45 54
45 44 54
29 28 55
28 37 55
47 39 56
50 47 56
7 6 57
6 48 57
48 49 57
48 5 58
44 53 59
37 54 59
54 44 59
18 17 60
47 52 60
35 34 61
5 4 62
58 5 62
4 3 63
62 4 63
23 22 63
38 52 64
52 50 64
50 56 64
46 51 65
13 12 66
24 13 66
25 24 66
42 25 66
12 45 66
45 42 66
33 32 67
56 39 68
22 21 69
64 56 72
51 46 73
30 29 73
29 55 73
43 30 73
55 51 73
46 65 74
49 71 74
38 64 75
15 14 76
14 36 76
36 35 76
35 61 76
8 7 77
41 8 77
7 57 77
63 22 78
22 69 78
40 58 78
69 40 78
58 62 78
62 63 78
64 72 79
74 71 79
72 46 79
46 74 79
71 75 79
75 64 79
16 15 80
61 70 80
15 76 80
76 61 80
21 20 81
69 21 81
65 41 82
74 65 82
57 49 82
77 57 82
49 74 82
41 77 82
51 55 83
55 37 83
37 59 83
58 40 84
49 48 84
48 58 84
71 49 84
40 75 84
75 71 84
39 67 85
67 32 85
32 31 85
31 43 85
43 68 85
68 39 85
17 16 86
47 60 86
70 47 86
60 17 86
16 80 86
80 70 86
39 47 87
47 70 87
67 39 87
70 61 87
9 8 88
8 41 88
41 53 88
53 9 88
34 33 89
33 67 89
61 34 89
87 61 89
67 87 89
40 69 90
69 81 90
38 75 90
75 40 90
53 41 91
59 53 91
41 65 91
83 59 91
65 51 91
51 83 91
19 18 92
52 38 92
18 60 92
60 52 92
20 19 93
81 20 93
38 90 93
90 81 93
19 92 93
92 38 93
56 68 94
72 56 94
46 72 94
73 46 94
68 43 94
43 73 94
3 1 95
1 23 95
23 63 95
63 3 95
