99
1 0 0
0 1 0
0 0 1
0.0833334 0.916667 0
0.166667 0.833333 0
0.25 0.75 0
0.333333 0.666667 0
0.416667 0.583333 0
0.5 0.5 0
0.583333 0.416667 0
0.666667 0.333333 0
0.75 0.25 0
0.833333 0.166667 0
0.916667 0.0833333 0
0 0.0769231 0.923077
0 0.153846 0.846154
0 0.230769 0.769231
0 0.307692 0.692308
0 0.384615 0.615385
0 0.461538 0.538462
0 0.538462 0.461538
0 0.615385 0.384615
0 0.692308 0.307692
0 0.769231 0.230769
0 0.846154 0.153846
0 0.923077 0.0769231
0.916667 0 0.0833333
0.833333 0 0.166667
0.75 0 0.25
0.666667 0 0.333333
0.583333 0 0.416667
0.5 0 0.5
0.416667 0 0.583333
0.333333 0 0.666667
0.25 0 0.75
0.166667 0 0.833333
0.0833334 0 0.916667
0.605364 0.116124 0.278512
0.0904429 0.514033 0.395524
0.259613 0.155283 0.585104
0.148841 0.620489 0.23067
0.48212 0.403522 0.114358
0.796048 0.065696 0.138256
0.415756 0.0660784 0.518165
0.65187 0.27064 0.0774894
0.752076 0.167119 0.0808054
0.392605 0.272923 0.334473
0.167814 0.24949 0.582696
0.27962 0.623918 0.0964624
0.322222 0.530158 0.14762
0.174966 0.329951 0.495083
0.491928 0.24219 0.265881
0.17074 0.537464 0.291796
0.132665 0.412252 0.455084
0.698221 0.112484 0.189294
0.559742 0.0689004 0.371357
0.172062 0.175423 0.652515
0.260434 0.234095 0.505471
0.178508 0.682089 0.139403
0.339684 0.0690735 0.591242
0.566748 0.258409 0.174843
0.547485 0.325621 0.126894
0.0816926 0.322143 0.596164
0.141537 0.122663 0.7358
0.165456 0.763256 0.0712873
0.0816371 0.841665 0.0766982
0.237095 0.39027 0.372635
0.454494 0.331612 0.213894
0.420364 0.500443 0.0791924
0.247275 0.0836235 0.669102
0.0818592 0.691324 0.226817
0.0815281 0.767037 0.151435
0.27442 0.469838 0.255742
0.451115 0.111498 0.437387
0.852411 0.086226 0.0613634
0.490561 0.167707 0.341732
0.13828 0.055254 0.806466
0.0819765 0.235361 0.682662
0.31484 0.336444 0.348716
0.659566 0.197448 0.142986
0.346733 0.143481 0.509785
0.0687636 0.0965075 0.834729
0.365252 0.208136 0.426613
0.078463 0.607206 0.314331
0.387296 0.436069 0.176635
0.184026 0.459633 0.356341
0.0592499 0.171116 0.769634
0.664613 0.0559365 0.279451
0.345512 0.377979 0.276509
0.23263 0.576831 0.190538
0.35322 0.583347 0.0634327
0.579029 0.363847 0.0571238
0.586663 0.179893 0.233443
0.930159 0.0358383 0.0340024
0.0664307 0.39556 0.53801
0.28217 0.297311 0.420519
0.0545273 0.46592 0.479553
0.511605 0.440731 0.047664
0.248275 0.697532 0.0541934


3 1 25
14 2 36
21 20 38
27 26 42
28 27 42
32 31 43
11 10 44
12 11 45
11 44 45
28 42 54
42 45 54
30 29 55
31 30 55
39 47 56
47 39 57
50 47 57
33 32 59
32 43 59
60 44 61
18 17 62
47 50 62
5 4 64
4 3 65
3 25 65
25 24 65
64 4 65
53 50 66
46 51 67
61 41 67
51 60 67
60 61 67
8 7 68
34 33 69
39 56 69
33 59 69
59 39 69
56 63 69
63 34 69
23 22 70
40 58 70
24 23 71
64 65 71
65 24 71
58 64 71
70 58 71
23 70 71
43 31 73
31 55 73
13 12 74
42 26 74
12 45 74
45 42 74
55 37 75
51 46 75
73 55 75
36 35 76
35 34 76
34 63 76
17 16 77
62 17 77
56 47 77
47 62 77
63 56 77
45 44 79
54 45 79
44 60 79
57 39 80
39 59 80
59 43 80
43 73 80
15 14 81
14 36 81
36 76 81
76 63 81
73 75 82
75 46 82
57 80 82
80 73 82
22 21 83
21 38 83
38 52 83
52 40 83
40 70 83
70 22 83
41 68 84
68 49 84
49 72 84
67 41 84
52 38 85
38 53 85
53 66 85
66 72 85
72 52 85
63 77 86
77 16 86
16 15 86
15 81 86
81 63 86
29 28 87
28 54 87
54 37 87
37 55 87
55 29 87
72 66 88
66 78 88
46 67 88
78 46 88
84 72 88
67 84 88
49 48 89
40 52 89
48 58 89
58 40 89
52 72 89
72 49 89
7 6 90
6 48 90
68 7 90
48 49 90
49 68 90
10 9 91
44 10 91
61 44 91
41 61 91
60 51 92
51 75 92
75 37 92
37 54 92
54 79 92
79 60 92
0 13 93
26 0 93
13 74 93
74 26 93
19 18 94
18 62 94
50 53 94
62 50 94
50 57 95
66 50 95
78 66 95
46 78 95
82 46 95
57 82 95
20 19 96
38 20 96
53 38 96
19 94 96
94 53 96
9 8 97
8 68 97
68 41 97
41 91 97
91 9 97
6 5 98
48 6 98
58 48 98
5 64 98
64 58 98
