45
1 0 0
0 1 0
0 0 1
0.0833333 0.916667 0
0.166667 0.833333 0
0.25 0.75 0
0.333333 0.666667 0
0.416667 0.583333 0
0.5 0.5 0
0.583333 0.416667 0
0.666667 0.333333 0
0.75 0.25 0
0.833333 0.166667 0
0.916667 0.0833333 0
0 0.0909091 0.909091
0 0.181818 0.818182
0 0.272727 0.727273
0 0.363636 0.636364
0 0.454545 0.545455
0 0.545455 0.454545
0 0.636364 0.363636
0 0.727273 0.272727
0 0.818182 0.181818
0 0.909091 0.0909091
0.75 0 0.25
0.5 0 0.5
0.25 0 0.75
0.578839 0.108366 0.312795
0.288093 0.150472 0.561435
0.188531 0.594844 0.216625
0.385054 0.0685462 0.546399
0.378056 0.251485 0.370459
0.182023 0.237296 0.580681
0.295563 0.506946 0.197491
0.219589 0.331322 0.449089
0.175121 0.424572 0.400307
0.567683 0.192635 0.239682
0.452078 0.339468 0.208454
0.369724 0.420175 0.210101
0.146124 0.689767 0.164109
0.173735 0.0652915 0.760974
0.568983 0.273642 0.157375
0.110929 0.765886 0.123185
0.735538 0.0681271 0.196335
0.136457 0.505623 0.35792


3 1 23
4 3 23
22 4 23
0 13 24
15 14 28
7 6 29
20 19 29
26 25 30
25 27 30
27 28 30
16 15 32
15 28 32
28 31 32
8 7 33
7 29 33
17 16 34
16 32 34
32 31 34
18 17 35
17 34 35
12 11 36
27 12 36
28 27 36
31 28 36
10 9 37
34 31 37
9 8 38
8 33 38
33 35 38
37 9 38
35 34 38
34 37 38
6 5 39
21 20 39
20 29 39
29 6 39
14 2 40
2 26 40
26 30 40
28 14 40
30 28 40
11 10 41
31 36 41
36 11 41
10 37 41
37 31 41
5 4 42
4 22 42
22 21 42
21 39 42
39 5 42
13 12 43
12 27 43
24 13 43
25 24 43
27 25 43
19 18 44
29 19 44
33 29 44
18 35 44
35 33 44
