103
1 0 0
0 1 0
0 0 1
0.0833333 0.916667 0
0.166667 0.833333 0
0.25 0.75 0
0.333333 0.666667 0
0.416667 0.583333 0
0.5 0.5 0
0.583333 0.416667 0
0.666667 0.333333 0
0.75 0.25 0
0.833333 0.166667 0
0.916667 0.0833333 0
0 0.05 0.95
0 0.1 0.9
0 0.15 0.85
0 0.2 0.8
0 0.25 0.75
0 0.3 0.7
0 0.35 0.65
0 0.4 0.6
0 0.45 0.55
0 0.5 0.5
0 0.55 0.45
0 0.6 0.4
0 0.65 0.35
0 0.7 0.3
0 0.75 0.25
0 0.8 0.2
0 0.85 0.15
0 0.9 0.1
0 0.95 0.05
0.916667 0 0.0833333
0.833333 0 0.166667
0.75 0 0.25
0.666667 0 0.333333
0.583333 0 0.416667
0.5 0 0.5
0.416667 0 0.583333
0.333333 0 0.666667
0.25 0 0.75
0.166667 0 0.833333
0.0833334 0 0.916667
0.653184 0.10811 0.238706
0.0982625 0.497455 0.404283
0.274255 0.140141 0.585604
0.171615 0.593309 0.235076
0.451907 0.435046 0.113047
0.78673 0.0705637 0.142707
0.404993 0.0762042 0.518803
0.880177 0.0596439 0.0601793
0.673063 0.253299 0.0736385
0.658184 0.152217 0.189599
0.749631 0.179106 0.0712627
0.399792 0.254356 0.345852
0.648895 0.0644656 0.286639
0.180282 0.24259 0.577128
0.288216 0.631981 0.0798031
0.312949 0.524045 0.163005
0.364591 0.14241 0.493
0.170615 0.337639 0.491746
0.524462 0.211049 0.264489
0.158909 0.546505 0.294586
0.127583 0.405657 0.46676
0.535197 0.0798728 0.38493
0.140364 0.204354 0.655282
0.261827 0.241741 0.496432
0.592409 0.236527 0.171064
0.293947 0.481407 0.224645
0.760632 0.133682 0.105686
0.121574 0.124151 0.754275
0.148606 0.785519 0.0658744
0.209307 0.411238 0.379455
0.0955857 0.770782 0.133633
0.452167 0.330589 0.217244
0.409226 0.509198 0.0815765
0.25142 0.0915285 0.657051
0.131413 0.704714 0.163872
0.340934 0.241851 0.417215
0.110372 0.330282 0.559346
0.245605 0.604928 0.149468
0.43967 0.387189 0.173141
0.505544 0.159163 0.335293
0.0655103 0.892779 0.0417103
0.11897 0.0705859 0.810444
0.187566 0.484322 0.328112
0.39198 0.313363 0.294658
0.219458 0.055185 0.725357
0.365406 0.0592354 0.575358
0.583713 0.345846 0.0704409
0.10025 0.674853 0.224897
0.320112 0.4059 0.273989
0.0743976 0.04523 0.880372
0.209599 0.707243 0.0831577
0.415741 0.161879 0.422381
0.273475 0.325981 0.400544
0.382027 0.562061 0.0559119
0.0817608 0.277605 0.640634
0.55208 0.309725 0.138196
0.490341 0.0561858 0.453474
0.0803231 0.611488 0.308188
0.110501 0.174929 0.71457


3 1 32
14 2 43
25 24 45
24 23 45
34 33 49
44 34 49
0 13 51
33 0 51
49 33 51
12 11 52
44 49 53
13 12 54
12 52 54
35 34 56
34 44 56
36 35 56
7 6 58
46 50 60
57 46 60
22 21 61
44 53 62
23 22 64
22 61 64
37 36 65
36 56 65
19 18 66
46 57 66
57 60 67
54 52 68
62 53 68
59 47 69
47 63 69
48 59 69
49 51 70
53 49 70
51 13 70
13 54 70
54 68 70
68 53 70
17 16 71
5 4 72
4 31 72
31 30 72
45 23 73
23 64 73
30 29 74
72 30 74
9 8 76
48 9 76
59 48 76
40 39 77
46 66 77
29 28 78
74 29 78
61 67 79
21 20 80
20 57 80
57 67 80
61 21 80
67 61 80
47 59 81
59 76 81
58 78 81
48 69 82
56 44 83
44 62 83
62 55 83
55 79 83
65 56 83
4 3 84
3 32 84
31 4 84
32 31 84
16 15 85
42 41 85
71 16 85
25 45 86
63 25 86
69 63 86
45 73 86
55 62 87
62 68 87
68 75 87
41 40 88
40 77 88
77 71 88
71 85 88
85 41 88
39 38 89
38 50 89
77 39 89
50 46 89
46 77 89
10 9 90
9 48 90
11 10 90
52 11 90
48 82 90
28 27 91
78 28 91
81 78 91
27 47 91
47 81 91
86 73 92
75 82 92
82 69 92
69 86 92
73 87 92
87 75 92
15 14 93
14 43 93
43 42 93
42 85 93
85 15 93
6 5 94
5 72 94
58 6 94
72 74 94
74 78 94
78 58 94
60 65 95
67 60 95
79 67 95
65 83 95
83 79 95
64 61 96
73 64 96
61 79 96
79 55 96
55 87 96
87 73 96
8 7 97
7 58 97
76 8 97
58 81 97
81 76 97
20 19 98
57 20 98
19 66 98
66 57 98
68 52 99
75 68 99
82 75 99
52 90 99
90 82 99
38 37 100
50 38 100
60 50 100
37 65 100
65 60 100
27 26 101
47 27 101
26 25 101
25 63 101
63 47 101
18 17 102
17 71 102
66 18 102
77 66 102
71 77 102
