32
1 0 0
0 1 0
0 0 1
0.0833333 0.916667 0
0.166667 0.833333 0
0.25 0.75 0
0.333333 0.666667 0
0.416667 0.583333 0
0.5 0.5 0
0.583333 0.416667 0
0.666667 0.333333 0
0.75 0.25 0
0.833333 0.166667 0
0.916667 0.0833333 0
0 0.5 0.5
0.909091 0 0.0909091
0.818182 0 0.181818
0.727273 0 0.272727
0.636364 0 0.363636
0.545455 0 0.454545
0.454545 0 0.545455
0.363636 0 0.636364
0.272727 0 0.727273
0.181818 0 0.818182
0.090909 0 0.909091
0.0882772 0.443998 0.467725
0.175298 0.386435 0.438267
0.258282 0.33638 0.405338
0.333724 0.305516 0.36076
0.431856 0.273214 0.294931
0.520292 0.238928 0.24078
0.608489 0.20318 0.188331


3 1 14
0 13 15
13 12 16
15 13 16
12 11 17
16 12 17
11 10 18
17 11 18
14 2 25
2 24 25
4 3 25
3 14 25
5 4 26
24 23 26
4 25 26
25 24 26
6 5 27
23 22 27
5 26 27
26 23 27
7 6 28
21 7 28
22 21 28
6 27 28
27 22 28
8 7 29
7 21 29
20 8 29
21 20 29
9 8 30
8 20 30
19 9 30
20 19 30
10 9 31
9 19 31
18 10 31
19 18 31
