35
1 0 0
0 1 0
0 0 1
0.0833333 0.916667 0
0.166667 0.833333 0
0.25 0.75 0
0.333333 0.666667 0
0.416667 0.583333 0
0.5 0.5 0
0.583333 0.416667 0
0.666667 0.333333 0
0.75 0.25 0
0.833333 0.166667 0
0.916667 0.0833333 0
0 0.5 0.5
0.916667 0 0.0833333
0.833333 0 0.166667
0.75 0 0.25
0.666667 0 0.333333
0.583333 0 0.416667
0.5 0 0.5
0.416667 0 0.583333
0.333333 0 0.666667
0.25 0 0.75
0.166667 0 0.833333
0.0833334 0 0.916667
0.111947 0.45105 0.437004
0.199412 0.394971 0.405617
0.442896 0.27558 0.281524
0.285939 0.369348 0.344713
0.538813 0.236749 0.224437
0.623417 0.177746 0.198837
0.368922 0.304575 0.326503
0.0451506 0.676705 0.278144
0.0470732 0.309226 0.643701


0 13 15
13 12 16
15 13 16
12 11 17
16 12 17
11 10 18
17 11 18
4 3 26
25 24 26
5 4 27
24 23 27
4 26 27
26 24 27
8 7 28
20 8 28
21 20 28
6 5 29
23 22 29
5 27 29
27 23 29
9 8 30
8 20 30
19 9 30
20 19 30
10 9 31
9 19 31
18 10 31
19 18 31
7 6 32
22 21 32
21 28 32
28 7 32
6 29 32
29 22 32
3 1 33
1 14 33
26 3 33
14 2 34
2 25 34
33 14 34
25 26 34
26 33 34
