39
1 0 0
0 1 0
0 0 1
0.0833333 0.916667 0
0.166667 0.833333 0
0.25 0.75 0
0.333333 0.666667 0
0.416667 0.583333 0
0.5 0.5 0
0.583333 0.416667 0
0.666667 0.333333 0
0.75 0.25 0
0.833333 0.166667 0
0.916667 0.0833333 0
0 0.333333 0.666667
0 0.666667 0.333333
0.909091 0 0.0909091
0.818182 0 0.181818
0.727273 0 0.272727
0.636364 0 0.363636
0.545455 0 0.454545
0.454545 0 0.545455
0.363636 0 0.636364
0.272727 0 0.727273
0.181818 0 0.818182
0.0909091 0 0.909091
0.106116 0.485847 0.408038
0.406334 0.27082 0.322846
0.170961 0.276853 0.552187
0.0697227 0.214702 0.715575
0.506001 0.234485 0.259515
0.261874 0.474372 0.263753
0.189605 0.57689 0.233505
0.589134 0.196039 0.214827
0.28644 0.214305 0.499255
0.693177 0.163106 0.143717
0.781076 0.10135 0.117574
0.343512 0.43535 0.221138
0.0698242 0.651744 0.278432


3 1 15
0 13 16
13 12 17
16 13 17
8 7 27
22 21 27
25 24 28
14 2 29
2 25 29
26 14 29
25 28 29
28 26 29
9 8 30
21 20 30
8 27 30
27 21 30
6 5 31
5 4 32
4 26 32
26 28 32
28 31 32
31 5 32
10 9 33
19 10 33
20 19 33
9 30 33
30 20 33
23 22 34
22 27 34
24 23 34
28 24 34
31 28 34
11 10 35
10 19 35
18 11 35
19 18 35
12 11 36
11 18 36
17 12 36
18 17 36
7 6 37
27 7 37
34 27 37
6 31 37
31 34 37
4 3 38
26 4 38
3 15 38
15 14 38
14 26 38
