41
1 0 0
0 1 0
0 0 1
0.0833334 0.916667 0
0.166667 0.833333 0
0.25 0.75 0
0.333333 0.666667 0
0.416667 0.583333 0
0.5 0.5 0
0.583333 0.416667 0
0.666667 0.333333 0
0.75 0.25 0
0.833333 0.166667 0
0.916667 0.0833333 0
0 0.333333 0.666667
0 0.666667 0.333333
0.916667 0 0.0833333
0.833333 0 0.166667
0.75 0 0.25
0.666667 0 0.333333
0.583333 0 0.416667
0.5 0 0.5
0.416667 0 0.583333
0.333333 0 0.666667
0.25 0 0.75
0.166667 0 0.833333
0.0833334 0 0.916667
0.104246 0.508796 0.386958
0.179415 0.560102 0.260483
0.386332 0.294077 0.319591
0.159792 0.236743 0.603465
0.0627962 0.220994 0.71621
0.470185 0.259409 0.270406
0.26576 0.509077 0.225163
0.249955 0.26657 0.483475
0.570545 0.214703 0.214752
0.0517987 0.731001 0.2172
0.702321 0.14805 0.149629
0.32128 0.321427 0.357293
0.0415049 0.47883 0.479665
0.790718 0.104103 0.105179


0 13 16
13 12 17
16 13 17
4 3 27
5 4 28
4 27 28
7 6 29
23 22 29
26 25 30
25 24 30
28 27 30
14 2 31
2 26 31
26 30 31
30 27 31
8 7 32
7 29 32
22 21 32
29 22 32
6 5 33
5 28 33
24 23 34
28 30 34
33 28 34
30 24 34
10 9 35
19 10 35
20 19 35
9 8 35
8 32 35
21 20 35
32 21 35
3 1 36
1 15 36
27 3 36
11 10 37
10 19 37
18 11 37
19 18 37
29 6 38
6 33 38
23 29 38
34 23 38
33 34 38
15 14 39
14 31 39
31 27 39
27 36 39
36 15 39
12 11 40
11 18 40
17 12 40
18 17 40
