42
1 0 0
0 1 0
0 0 1
0.0833334 0.916667 0
0.166667 0.833333 0
0.25 0.75 0
0.333333 0.666667 0
0.416667 0.583333 0
0.5 0.5 0
0.583333 0.416667 0
0.666667 0.333333 0
0.75 0.25 0
0.833333 0.166667 0
0.916667 0.0833333 0
0 0.333333 0.666667
0 0.666667 0.333333
0.923077 0 0.0769231
0.846154 0 0.153846
0.769231 0 0.230769
0.692308 0 0.307692
0.615385 0 0.384615
0.538462 0 0.461538
0.461538 0 0.538462
0.384615 0 0.615385
0.307692 0 0.692308
0.230769 0 0.769231
0.153846 0 0.846154
0.0769231 0 0.923077
0.099682 0.488001 0.412317
0.169844 0.570582 0.259574
0.382977 0.324513 0.29251
0.173862 0.270614 0.555523
0.475427 0.270799 0.253773
0.269107 0.51482 0.216073
0.244618 0.277754 0.477627
0.548025 0.249855 0.20212
0.0641909 0.294466 0.641343
0.0503562 0.756973 0.192671
0.647902 0.181796 0.170302
0.320724 0.235676 0.4436
0.707908 0.157451 0.134641
0.0313236 0.138596 0.830081


0 13 16
13 12 17
16 13 17
12 11 18
17 12 18
4 3 29
3 28 29
7 6 30
23 22 30
26 25 31
28 26 31
29 28 31
8 7 32
22 21 32
7 30 32
30 22 32
5 4 33
4 29 33
6 5 33
30 6 33
25 24 34
31 25 34
29 31 34
33 29 34
9 8 35
20 9 35
21 20 35
8 32 35
32 21 35
15 14 36
28 15 36
27 26 36
26 28 36
3 1 37
28 3 37
1 15 37
15 28 37
10 9 38
9 20 38
20 19 38
24 23 39
23 30 39
30 33 39
33 34 39
34 24 39
11 10 40
18 11 40
19 18 40
10 38 40
38 19 40
14 2 41
2 27 41
27 36 41
36 14 41
