35
1 0 0
0 1 0
0 0 1
0.0833334 0.916667 0
0.166667 0.833333 0
0.25 0.75 0
0.333333 0.666667 0
0.416667 0.583333 0
0.5 0.5 0
0.583333 0.416667 0
0.666667 0.333333 0
0.75 0.25 0
0.833333 0.166667 0
0.916667 0.0833333 0
0 0.333333 0.666667
0 0.666667 0.333333
0.9 0 0.1
0.8 0 0.2
0.7 0 0.3
0.6 0 0.4
0.5 0 0.5
0.4 0 0.6
0.3 0 0.7
0.2 0 0.8
0.1 0 0.9
0.121819 0.510186 0.367995
0.392797 0.272983 0.33422
0.177365 0.317866 0.504769
0.479401 0.236544 0.284055
0.288732 0.310162 0.401106
0.584604 0.191415 0.223981
0.677884 0.14971 0.172407
0.0764369 0.22407 0.699493
0.253462 0.50606 0.240478
0.0700824 0.651317 0.2786


3 1 15
0 13 16
13 12 17
16 13 17
12 11 18
17 12 18
5 4 25
8 7 26
22 21 26
24 23 27
5 25 27
9 8 28
20 9 28
21 20 28
8 26 28
26 21 28
7 6 29
23 22 29
22 26 29
26 7 29
27 23 29
10 9 30
9 20 30
19 10 30
20 19 30
11 10 31
10 19 31
18 11 31
19 18 31
14 2 32
25 14 32
2 24 32
24 27 32
27 25 32
6 5 33
5 27 33
27 29 33
29 6 33
4 3 34
3 15 34
15 14 34
14 25 34
25 4 34
