46
1 0 0
0 1 0
0 0 1
0.0833333 0.916667 0
0.166667 0.833333 0
0.25 0.75 0
0.333333 0.666667 0
0.416667 0.583333 0
0.5 0.5 0
0.583333 0.416667 0
0.666667 0.333333 0
0.75 0.25 0
0.833333 0.166667 0
0.916667 0.0833333 0
0 0.25 0.75
0 0.5 0.5
0 0.75 0.25
0.933333 0 0.0666667
0.866667 0 0.133333
0.8 0 0.2
0.733333 0 0.266667
0.666667 0 0.333333
0.6 0 0.4
0.533333 0 0.466667
0.466667 0 0.533333
0.4 0 0.6
0.333333 0 0.666667
0.266667 0 0.733333
0.2 0 0.8
0.133333 0 0.866667
0.0666667 0 0.933333
0.0918114 0.514761 0.393427
0.173036 0.591003 0.235961
0.360264 0.340282 0.299454
0.438603 0.301533 0.259863
0.259591 0.501138 0.239271
0.252173 0.285809 0.462018
0.583509 0.232688 0.183802
0.649215 0.193308 0.157477
0.0834444 0.330215 0.586341
0.177653 0.341012 0.481335
0.513333 0.258211 0.228456
0.0545029 0.222001 0.723497
0.736546 0.144265 0.119189
0.324111 0.222621 0.453268
0.0946465 0.699831 0.205523


0 13 17
13 12 18
17 13 18
12 11 19
18 12 19
14 2 30
1 16 31
4 3 32
6 5 33
25 24 33
7 6 34
24 23 34
6 33 34
33 24 34
4 32 35
5 4 35
33 5 35
27 26 36
35 32 36
9 8 37
22 21 37
10 9 38
20 10 38
21 20 38
9 37 38
37 21 38
16 15 39
31 16 39
29 28 39
28 31 39
28 27 40
31 28 40
27 36 40
36 32 40
8 7 41
23 22 41
7 34 41
34 23 41
22 37 41
37 8 41
15 14 42
14 30 42
30 29 42
29 39 42
39 15 42
11 10 43
10 20 43
19 11 43
20 19 43
26 25 44
25 33 44
33 35 44
35 36 44
36 26 44
3 1 45
1 31 45
31 40 45
32 3 45
40 32 45
