48
1 0 0
0 1 0
0 0 1
0.0833333 0.916667 0
0.166667 0.833333 0
0.25 0.75 0
0.333333 0.666667 0
0.416667 0.583333 0
0.5 0.5 0
0.583333 0.416667 0
0.666667 0.333333 0
0.75 0.25 0
0.833333 0.166667 0
0.916667 0.0833333 0
0 0.25 0.75
0 0.5 0.5
0 0.75 0.25
0.928571 0 0.0714286
0.857143 0 0.142857
0.785714 0 0.214286
0.714286 0 0.285714
0.642857 0 0.357143
0.571429 0 0.428571
0.5 0 0.5
0.428571 0 0.571429
0.357143 0 0.642857
0.285714 0 0.714286
0.214286 0 0.785714
0.142857 0 0.857143
0.0714287 0 0.928571
0.0954692 0.511421 0.393109
0.157437 0.584748 0.257815
0.408351 0.241669 0.349979
0.183263 0.266894 0.549843
0.0545849 0.256915 0.6885
0.323764 0.492358 0.183878
0.484977 0.271692 0.243331
0.254267 0.282539 0.463193
0.572183 0.23249 0.195328
0.650218 0.188033 0.161749
0.2427 0.548052 0.209248
0.0657174 0.752403 0.18188
0.3294 0.267473 0.403126
0.80619 0.0983721 0.095438
0.115781 0.238338 0.64588
0.397884 0.440472 0.161643
0.717151 0.146711 0.136138
0.0477156 0.478961 0.473323


0 13 17
13 12 18
17 13 18
14 2 29
4 3 31
24 23 32
27 26 33
31 30 33
15 14 34
14 29 34
29 28 34
6 5 35
8 7 36
23 22 36
32 23 36
26 25 37
31 33 37
33 26 37
9 8 38
22 21 38
8 36 38
36 22 38
10 9 39
21 20 39
9 38 39
38 21 39
5 4 40
4 31 40
31 37 40
35 5 40
3 1 41
1 16 41
16 30 41
30 31 41
31 3 41
25 24 42
24 32 42
32 35 42
37 25 42
35 40 42
40 37 42
12 11 43
11 19 43
18 12 43
19 18 43
28 27 44
27 33 44
33 30 44
34 28 44
7 6 45
6 35 45
35 32 45
32 36 45
36 7 45
11 10 46
19 11 46
20 19 46
10 39 46
39 20 46
16 15 47
30 16 47
44 30 47
15 34 47
34 44 47
