34
1 0 0
0 1 0
0 0 1
0.0833334 0.916667 0
0.166667 0.833333 0
0.25 0.75 0
0.333333 0.666667 0
0.416667 0.583333 0
0.5 0.5 0
0.583333 0.416667 0
0.666667 0.333333 0
0.75 0.25 0
0.833333 0.166667 0
0.916667 0.0833333 0
0 0.2 0.8
0 0.4 0.6
0 0.6 0.4
0 0.8 0.2
0.941176 0 0.0588235
0.882353 0 0.117647
0.823529 0 0.176471
0.764706 0 0.235294
0.705882 0 0.294118
0.647059 0 0.352941
0.588235 0 0.411765
0.529412 0 0.470588
0.470588 0 0.529412
0.411765 0 0.588235
0.352941 0 0.647059
0.294118 0 0.705882
0.235294 0 0.764706
0.176471 0 0.823529
0.117647 0 0.882353
0.0588236 0 0.941176


0 13 18
13 12 19
18 13 19
12 11 20
19 12 20
11 10 21
20 11 21
10 9 22
21 10 22
9 8 23
22 9 23
8 7 24
23 8 24
7 6 25
24 7 25
6 5 26
25 6 26
5 4 27
26 5 27
4 3 28
27 4 28
3 1 29
28 3 29
1 17 29
17 16 30
29 17 30
16 15 31
30 16 31
15 14 32
31 15 32
14 2 33
32 14 33
