55
1 0 0
0 1 0
0 0 1
0.0833334 0.916667 0
0.166667 0.833333 0
0.25 0.75 0
0.333333 0.666667 0
0.416667 0.583333 0
0.5 0.5 0
0.583333 0.416667 0
0.666667 0.333333 0
0.75 0.25 0
0.833333 0.166667 0
0.916667 0.0833333 0
0 0.2 0.8
0 0.4 0.6
0 0.6 0.4
0 0.8 0.2
0.928571 0 0.0714286
0.857143 0 0.142857
0.785714 0 0.214286
0.714286 0 0.285714
0.642857 0 0.357143
0.571429 0 0.428571
0.5 0 0.5
0.428571 0 0.571429
0.357143 0 0.642857
0.285714 0 0.714286
0.214286 0 0.785714
0.142857 0 0.857143
0.0714286 0 0.928571
0.109703 0.497824 0.392474
0.271131 0.189023 0.539846
0.151387 0.648203 0.20041
0.483333 0.386352 0.130315
0.392042 0.257772 0.350186
0.171215 0.260309 0.568476
0.322555 0.505337 0.172108
0.486986 0.20921 0.303804
0.565984 0.239726 0.19429
0.0724152 0.361806 0.565779
0.13013 0.159572 0.710298
0.648676 0.192069 0.159255
0.210677 0.410123 0.3792
0.0710848 0.753108 0.175807
0.795272 0.11677 0.0879582
0.350175 0.155796 0.494029
0.23604 0.584662 0.179299
0.720769 0.159423 0.119808
0.299924 0.349378 0.350697
0.408662 0.424952 0.166386
0.0634162 0.178947 0.757637
0.0461788 0.633426 0.320395
0.449101 0.12056 0.430339
0.231732 0.113347 0.654921


0 13 18
13 12 19
18 13 19
14 2 30
27 26 32
4 3 33
8 7 34
6 5 37
24 23 38
9 8 39
8 34 39
23 22 39
34 38 39
38 23 39
16 15 40
36 31 40
29 28 41
28 36 41
36 40 41
10 9 42
9 39 42
22 21 42
39 22 42
36 32 43
33 31 43
31 36 43
3 1 44
1 17 44
33 3 44
31 33 44
12 11 45
19 12 45
20 19 45
26 25 46
25 35 46
32 26 46
5 4 47
4 33 47
33 43 47
37 5 47
11 10 48
21 20 48
10 42 48
42 21 48
20 45 48
45 11 48
35 37 49
46 35 49
43 32 49
32 46 49
47 43 49
37 47 49
34 7 50
7 6 50
6 37 50
37 35 50
35 38 50
38 34 50
15 14 51
40 15 51
41 40 51
14 30 51
30 29 51
29 41 51
17 16 52
16 40 52
40 31 52
31 44 52
44 17 52
25 24 53
35 25 53
24 38 53
38 35 53
28 27 54
36 28 54
27 32 54
32 36 54
