38
1 0 0
0 1 0
0 0 1
0.0833333 0.916667 0
0.166667 0.833333 0
0.25 0.75 0
0.333333 0.666667 0
0.416667 0.583333 0
0.5 0.5 0
0.583333 0.416667 0
0.666667 0.333333 0
0.75 0.25 0
0.833333 0.166667 0
0.916667 0.0833333 0
0 0.166667 0.833333
0 0.333333 0.666667
0 0.5 0.5
0 0.666667 0.333333
0 0.833333 0.166667
0.857143 0 0.142857
0.714286 0 0.285714
0.571429 0 0.428571
0.428571 0 0.571429
0.285714 0 0.714286
0.142857 0 0.857143
0.14776 0.531178 0.321062
0.288215 0.179932 0.531854
0.168352 0.244894 0.586753
0.463627 0.20093 0.335443
0.251843 0.467674 0.280482
0.575616 0.158846 0.265538
0.427831 0.326254 0.245915
0.113519 0.349225 0.537255
0.117 0.661976 0.221024
0.332046 0.378562 0.289392
0.712332 0.109142 0.178526
0.061173 0.807032 0.131795
0.146419 0.108831 0.74475


3 1 18
0 13 19
13 12 20
19 13 20
6 5 25
16 15 25
24 23 26
14 2 27
10 9 28
23 22 28
26 23 28
7 6 29
6 25 29
11 10 30
21 11 30
22 21 30
10 28 30
28 22 30
9 8 31
26 28 31
28 9 31
15 14 32
14 27 32
27 29 32
25 15 32
29 25 32
5 4 33
4 17 33
17 16 33
16 25 33
25 5 33
8 7 34
7 29 34
29 27 34
31 8 34
27 26 34
26 31 34
12 11 35
11 21 35
20 12 35
21 20 35
4 3 36
3 18 36
17 4 36
18 17 36
2 24 37
27 2 37
24 26 37
26 27 37
