46
1 0 0
0 1 0
0 0 1
0.0833334 0.916667 0
0.166667 0.833333 0
0.25 0.75 0
0.333333 0.666667 0
0.416667 0.583333 0
0.5 0.5 0
0.583333 0.416667 0
0.666667 0.333333 0
0.75 0.25 0
0.833333 0.166667 0
0.916667 0.0833333 0
0 0.166667 0.833333
0 0.333333 0.666667
0 0.5 0.5
0 0.666667 0.333333
0 0.833333 0.166667
0.875 0 0.125
0.75 0 0.25
0.625 0 0.375
0.5 0 0.5
0.375 0 0.625
0.25 0 0.75
0.125 0 0.875
0.618175 0.123836 0.257989
0.1087 0.480211 0.411089
0.255974 0.160776 0.58325
0.723123 0.111741 0.165137
0.385616 0.254017 0.360367
0.174349 0.254393 0.571258
0.305015 0.517794 0.17719
0.489858 0.244901 0.265241
0.470456 0.369356 0.160188
0.120679 0.6555 0.223821
0.0757989 0.777594 0.146607
0.0947792 0.322962 0.582259
0.221333 0.586996 0.191671
0.372764 0.118635 0.508601
0.208871 0.419099 0.37203
0.34164 0.379204 0.279155
0.598602 0.23933 0.162068
0.112303 0.116558 0.771139
0.841076 0.0671105 0.0918136
0.49002 0.109882 0.400098


3 1 18
0 13 19
22 21 26
16 15 27
25 24 28
12 11 29
20 12 29
21 20 29
11 26 29
26 21 29
7 6 32
9 8 34
30 33 34
33 9 34
5 4 35
17 16 35
16 27 35
4 3 36
3 18 36
18 17 36
17 35 36
35 4 36
15 14 37
14 31 37
27 15 37
6 5 38
32 6 38
5 35 38
35 27 38
24 23 39
28 24 39
30 28 39
33 30 39
37 31 40
27 37 40
38 27 40
32 38 40
28 30 41
31 28 41
7 32 41
8 7 41
34 8 41
30 34 41
32 40 41
40 31 41
11 10 42
26 11 42
10 9 42
9 33 42
14 2 43
31 14 43
2 25 43
25 28 43
28 31 43
13 12 44
12 20 44
19 13 44
20 19 44
23 22 45
33 39 45
39 23 45
22 26 45
26 42 45
42 33 45
