58
1 0 0
0 1 0
0 0 1
0.0833333 0.916667 0
0.166667 0.833333 0
0.25 0.75 0
0.333333 0.666667 0
0.416667 0.583333 0
0.5 0.5 0
0.583333 0.416667 0
0.666667 0.333333 0
0.75 0.25 0
0.833333 0.166667 0
0.916667 0.0833333 0
0 0.166667 0.833333
0 0.333333 0.666667
0 0.5 0.5
0 0.666667 0.333333
0 0.833333 0.166667
0.909091 0 0.0909091
0.818182 0 0.181818
0.727273 0 0.272727
0.636364 0 0.363636
0.545455 0 0.454545
0.454545 0 0.545455
0.363636 0 0.636364
0.272727 0 0.727273
0.181818 0 0.818182
0.090909 0 0.909091
0.649675 0.120737 0.229588
0.0877695 0.480412 0.431819
0.292895 0.176226 0.530879
0.165468 0.568926 0.265606
0.744026 0.120202 0.135772
0.385275 0.253515 0.36121
0.180161 0.249142 0.570697
0.261404 0.613761 0.124835
0.479718 0.218593 0.301688
0.511192 0.358941 0.129867
0.589941 0.260969 0.14909
0.26632 0.488951 0.244729
0.0730359 0.304843 0.622121
0.129279 0.135665 0.735056
0.230099 0.373571 0.39633
0.0857918 0.752056 0.162152
0.399882 0.121206 0.478912
0.421406 0.406127 0.172467
0.551121 0.115736 0.333142
0.0635398 0.604884 0.331576
0.323441 0.356505 0.320055
0.863129 0.0630744 0.0737964
0.057057 0.123705 0.819238
0.680965 0.219728 0.0993063
0.212822 0.107459 0.679719
0.344664 0.517478 0.137858
0.183584 0.7028 0.113616
0.149535 0.400709 0.449757
0.0371576 0.889106 0.0737367


0 13 19
22 21 29
26 25 31
12 11 33
20 12 33
21 20 33
29 21 33
6 5 36
9 8 38
10 9 39
9 38 39
38 37 39
36 32 40
16 15 41
30 16 41
15 14 41
28 27 42
35 41 42
40 32 43
35 31 43
4 3 44
18 17 44
25 24 45
31 25 45
34 31 45
24 37 45
37 34 45
8 7 46
38 8 46
34 37 46
37 38 46
23 22 47
22 29 47
24 23 47
37 24 47
29 39 47
39 37 47
17 16 48
16 30 48
44 17 48
30 32 48
32 44 48
31 34 49
43 31 49
40 43 49
34 46 49
13 12 50
12 20 50
19 13 50
20 19 50
14 2 51
2 28 51
28 42 51
41 14 51
42 41 51
11 10 52
29 33 52
33 11 52
10 39 52
39 29 52
27 26 53
26 31 53
31 35 53
35 42 53
42 27 53
7 6 54
6 36 54
36 40 54
46 7 54
40 49 54
49 46 54
5 4 55
32 36 55
36 5 55
4 44 55
44 32 55
30 41 56
41 35 56
32 30 56
43 32 56
35 43 56
3 1 57
1 18 57
18 44 57
44 3 57
