55
1 0 0
0 1 0
0 0 1
0.0833333 0.916667 0
0.166667 0.833333 0
0.25 0.75 0
0.333333 0.666667 0
0.416667 0.583333 0
0.5 0.5 0
0.583333 0.416667 0
0.666667 0.333333 0
0.75 0.25 0
0.833333 0.166667 0
0.916667 0.0833333 0
0 0.166667 0.833333
0 0.333333 0.666667
0 0.5 0.5
0 0.666667 0.333333
0 0.833333 0.166667
0.9 0 0.1
0.8 0 0.2
0.7 0 0.3
0.6 0 0.4
0.5 0 0.5
0.4 0 0.6
0.3 0 0.7
0.2 0 0.8
0.0999999 0 0.9
0.639789 0.114648 0.245563
0.0874953 0.464847 0.447658
0.274324 0.155559 0.570117
0.154616 0.596335 0.249049
0.737176 0.119262 0.143561
0.395655 0.253353 0.350992
0.179853 0.246378 0.573769
0.251564 0.604276 0.14416
0.495067 0.2242 0.280732
0.4936 0.355249 0.151151
0.547425 0.111151 0.341424
0.584672 0.253374 0.161954
0.287536 0.472286 0.240178
0.166269 0.11112 0.722611
0.676083 0.213812 0.110105
0.0887332 0.748049 0.163218
0.0883983 0.298524 0.613077
0.189936 0.424086 0.385978
0.367036 0.109909 0.523055
0.395903 0.431367 0.17273
0.292416 0.328524 0.37906
0.0805712 0.13564 0.783789
0.855375 0.0627077 0.0819169
0.342158 0.550803 0.107039
0.0671212 0.608958 0.323921
0.454589 0.114157 0.431254
0.179965 0.709322 0.110713


3 1 18
0 13 19
22 21 28
16 15 29
26 25 30
12 11 32
20 12 32
21 20 32
28 21 32
6 5 35
9 8 37
33 36 37
23 22 38
22 28 38
10 9 39
9 37 39
37 36 39
38 28 39
36 38 39
27 26 41
26 30 41
30 34 41
11 10 42
28 32 42
32 11 42
10 39 42
39 28 42
4 3 43
3 18 43
18 17 43
15 14 44
29 15 44
31 29 45
35 31 45
40 35 45
29 44 45
44 34 45
25 24 46
30 25 46
33 30 46
8 7 47
37 8 47
33 37 47
30 33 48
34 30 48
40 45 48
45 34 48
33 47 48
47 40 48
14 2 49
2 27 49
27 41 49
44 14 49
41 34 49
34 44 49
13 12 50
12 20 50
19 13 50
20 19 50
7 6 51
6 35 51
35 40 51
40 47 51
47 7 51
17 16 52
16 29 52
29 31 52
31 43 52
43 17 52
24 23 53
23 38 53
38 36 53
46 24 53
36 33 53
33 46 53
5 4 54
31 35 54
35 5 54
4 43 54
43 31 54
