70
1 0 0
0 1 0
0 0 1
0.0833333 0.916667 0
0.166667 0.833333 0
0.25 0.75 0
0.333333 0.666667 0
0.416667 0.583333 0
0.5 0.5 0
0.583333 0.416667 0
0.666667 0.333333 0
0.75 0.25 0
0.833333 0.166667 0
0.916667 0.0833333 0
0 0.142857 0.857143
0 0.285714 0.714286
0 0.428571 0.571429
0 0.571429 0.428571
0 0.714286 0.285714
0 0.857143 0.142857
0.928571 0 0.0714286
0.857143 0 0.142857
0.785714 0 0.214286
0.714286 0 0.285714
0.642857 0 0.357143
0.571429 0 0.428571
0.5 0 0.5
0.428571 0 0.571429
0.357143 0 0.642857
0.285714 0 0.714286
0.214286 0 0.785714
0.142857 0 0.857143
0.0714286 0 0.928571
0.635339 0.118725 0.245937
0.0939558 0.510452 0.395593
0.289767 0.14309 0.567142
0.156085 0.592652 0.251263
0.482037 0.397661 0.120302
0.728188 0.149173 0.122639
0.403704 0.249394 0.346901
0.163591 0.258512 0.577897
0.281802 0.613337 0.10486
0.0653186 0.137465 0.797216
0.434863 0.104354 0.460783
0.49491 0.239076 0.266013
0.260029 0.503646 0.236325
0.653732 0.216013 0.130255
0.204583 0.677561 0.117856
0.572344 0.259204 0.168452
0.0866711 0.368502 0.544827
0.134842 0.158365 0.706793
0.225232 0.413794 0.360974
0.0742657 0.800674 0.12506
0.398378 0.50323 0.0983922
0.803165 0.108629 0.0882061
0.362065 0.138823 0.499112
0.496661 0.116551 0.386788
0.218994 0.130611 0.650394
0.425428 0.363061 0.211511
0.307818 0.305017 0.387165
0.0602069 0.270272 0.669522
0.344539 0.459072 0.196389
0.569988 0.115813 0.314199
0.070402 0.674129 0.255469
0.232296 0.265569 0.502135
0.870293 0.0687417 0.0609652
0.158659 0.402649 0.438692
0.54388 0.381354 0.0747655
0.133508 0.772605 0.0938879
0.0419147 0.604694 0.353391


0 13 20
14 2 32
24 23 33
29 28 35
8 7 37
11 10 38
23 22 38
6 5 41
15 14 42
14 32 42
32 31 42
27 26 43
10 9 46
38 10 46
33 23 46
23 38 46
5 4 47
41 5 47
36 45 47
45 41 47
37 44 48
46 9 48
33 46 48
17 16 49
34 17 49
31 30 50
42 31 50
40 49 50
45 36 51
3 1 52
1 19 52
7 6 53
37 7 53
12 11 54
11 38 54
22 21 54
38 22 54
28 27 55
35 28 55
27 43 55
43 39 55
26 25 56
39 43 56
44 39 56
43 26 56
30 29 57
29 35 57
40 50 57
50 30 57
39 44 58
44 37 58
37 53 58
45 51 59
55 39 59
35 55 59
16 15 60
49 16 60
15 42 60
42 50 60
50 49 60
6 41 61
53 6 61
41 45 61
58 53 61
39 58 61
45 59 61
59 39 61
25 24 62
24 33 62
33 48 62
48 44 62
44 56 62
56 25 62
34 36 63
19 18 63
52 19 63
36 52 63
40 57 64
57 35 64
35 59 64
59 51 64
13 12 65
20 13 65
21 20 65
12 54 65
54 21 65
34 49 66
49 40 66
36 34 66
51 36 66
40 64 66
64 51 66
9 8 67
48 9 67
8 37 67
37 48 67
4 3 68
3 52 68
47 4 68
36 47 68
52 36 68
18 17 69
17 34 69
34 63 69
63 18 69
