24
1 0 0
0 1 0
0 0 1
0.0833334 0.916667 0
0.166667 0.833333 0
0.25 0.75 0
0.333333 0.666667 0
0.416667 0.583333 0
0.5 0.5 0
0.583333 0.416667 0
0.666667 0.333333 0
0.75 0.25 0
0.833333 0.166667 0
0.916667 0.0833333 0
0 0.142857 0.857143
0 0.285714 0.714286
0 0.428571 0.571429
0 0.571429 0.428571
0 0.714286 0.285714
0 0.857143 0.142857
0.8 0 0.2
0.6 0 0.4
0.4 0 0.6
0.2 0 0.8


2 9 14
9 8 14
8 7 15
14 8 15
7 6 16
15 7 16
6 5 17
16 6 17
5 4 18
17 5 18
3 1 19
4 3 19
18 4 19
0 13 20
13 12 20
12 11 21
20 12 21
11 10 22
21 11 22
9 2 23
10 9 23
22 10 23
