61
1 0 0
0 1 0
0 0 1
0.0833333 0.916667 0
0.166667 0.833333 0
0.25 0.75 0
0.333333 0.666667 0
0.416667 0.583333 0
0.5 0.5 0
0.583333 0.416667 0
0.666667 0.333333 0
0.75 0.25 0
0.833333 0.166667 0
0.916667 0.0833333 0
0 0.142857 0.857143
0 0.285714 0.714286
0 0.428571 0.571429
0 0.571429 0.428571
0 0.714286 0.285714
0 0.857143 0.142857
0.9 0 0.1
0.8 0 0.2
0.7 0 0.3
0.6 0 0.4
0.5 0 0.5
0.4 0 0.6
0.3 0 0.7
0.2 0 0.8
0.0999999 0 0.9
0.636783 0.11033 0.252887
0.101654 0.494998 0.403348
0.27929 0.148434 0.572276
0.148259 0.622177 0.229564
0.487248 0.389148 0.123604
0.740169 0.121441 0.13839
0.370855 0.225079 0.404066
0.17632 0.236508 0.587172
0.249208 0.623867 0.126925
0.318852 0.501652 0.179496
0.0645443 0.634394 0.301061
0.441936 0.108226 0.449838
0.47917 0.24261 0.278221
0.655661 0.228138 0.116201
0.537238 0.104047 0.358716
0.567879 0.311321 0.1208
0.0937235 0.351778 0.554499
0.134193 0.113762 0.752045
0.210718 0.390188 0.399094
0.833604 0.0759833 0.0904128
0.0883493 0.761096 0.150555
0.398522 0.36994 0.231538
0.31404 0.354579 0.331381
0.179632 0.714166 0.106202
0.356658 0.0915129 0.551829
0.268184 0.261769 0.470047
0.0582954 0.0931722 0.848532
0.0726939 0.215141 0.712166
0.418715 0.479705 0.10158
0.208576 0.515105 0.276319
0.57215 0.201857 0.225993
0.216682 0.101371 0.681948


3 1 19
0 13 20
23 22 29
17 16 30
9 8 33
12 11 34
22 21 34
29 22 34
6 5 37
7 6 38
6 37 38
18 17 39
17 30 39
30 32 39
25 24 40
35 40 41
11 10 42
29 34 42
34 11 42
24 23 43
23 29 43
40 24 43
41 40 43
9 33 44
33 41 44
10 9 44
42 10 44
16 15 45
30 16 45
28 27 46
30 45 47
45 36 47
13 12 48
20 13 48
21 20 48
12 34 48
34 21 48
4 3 49
3 19 49
19 18 49
18 39 49
39 32 49
35 41 50
41 33 50
38 47 51
50 38 51
35 50 51
5 4 52
32 37 52
37 5 52
4 49 52
49 32 52
26 25 53
31 26 53
25 40 53
35 31 53
40 35 53
31 35 54
35 51 54
36 31 54
47 36 54
51 47 54
14 2 55
2 28 55
28 46 55
36 45 56
46 36 56
45 15 56
15 14 56
14 55 56
55 46 56
8 7 57
33 8 57
50 33 57
7 38 57
38 50 57
32 30 58
30 47 58
37 32 58
38 37 58
47 38 58
29 42 59
43 29 59
41 43 59
44 41 59
42 44 59
27 26 60
26 31 60
46 27 60
31 36 60
36 46 60
