61
1 0 0
0 1 0
0 0 1
0.0833333 0.916667 0
0.166667 0.833333 0
0.25 0.75 0
0.333333 0.666667 0
0.416667 0.583333 0
0.5 0.5 0
0.583333 0.416667 0
0.666667 0.333333 0
0.75 0.25 0
0.833333 0.166667 0
0.916667 0.0833333 0
0 0.125 0.875
0 0.25 0.75
0 0.375 0.625
0 0.5 0.5
0 0.625 0.375
0 0.75 0.25
0 0.875 0.125
0.888889 0 0.111111
0.777778 0 0.222222
0.666667 0 0.333333
0.555556 0 0.444444
0.444444 0 0.555556
0.333333 0 0.666667
0.222222 0 0.777778
0.111111 0 0.888889
0.622362 0.106832 0.270806
0.114877 0.487571 0.397553
0.268393 0.137878 0.593729
0.153781 0.607842 0.238377
0.488328 0.388214 0.123457
0.732056 0.118702 0.149242
0.36668 0.246934 0.386386
0.173401 0.252187 0.574412
0.252568 0.625177 0.122255
0.318376 0.502918 0.178706
0.398203 0.123623 0.478174
0.474717 0.247209 0.278073
0.656301 0.223779 0.11992
0.571535 0.308858 0.119606
0.0855412 0.362156 0.552302
0.130089 0.136241 0.73367
0.266424 0.264783 0.468793
0.0744871 0.816473 0.10904
0.211492 0.390153 0.398355
0.508547 0.105483 0.38597
0.0909009 0.708228 0.200871
0.826494 0.0715496 0.101957
0.397902 0.373913 0.228185
0.313312 0.359043 0.327645
0.1811 0.710015 0.108885
0.211192 0.516798 0.27201
0.0691521 0.588592 0.342256
0.0772353 0.227679 0.695086
0.059541 0.0668499 0.873609
0.417832 0.478127 0.104041
0.567683 0.197642 0.234674
0.190679 0.0755733 0.733748


3 1 20
0 13 21
24 23 29
27 26 31
9 8 33
12 11 34
23 22 34
29 23 34
6 5 37
7 6 38
6 37 38
26 25 39
31 26 39
35 31 39
35 39 40
11 10 41
29 34 41
34 11 41
10 9 42
9 33 42
33 40 42
41 10 42
17 16 43
30 17 43
16 15 43
31 36 44
31 35 45
36 31 45
4 3 46
3 20 46
20 19 46
30 43 47
43 36 47
36 45 47
25 24 48
39 25 48
24 29 48
40 39 48
19 18 49
46 19 49
4 46 49
13 12 50
21 13 50
22 21 50
12 34 50
34 22 50
35 40 51
40 33 51
45 35 52
35 51 52
38 47 52
51 38 52
47 45 52
32 37 53
37 5 53
5 4 53
4 49 53
49 32 53
32 30 54
37 32 54
38 37 54
30 47 54
47 38 54
18 17 55
17 30 55
30 32 55
32 49 55
49 18 55
36 43 56
43 15 56
15 14 56
14 44 56
44 36 56
14 2 57
2 28 57
28 44 57
44 14 57
8 7 58
7 38 58
33 8 58
51 33 58
38 51 58
41 42 59
42 40 59
29 41 59
48 29 59
40 48 59
28 27 60
44 28 60
27 31 60
31 44 60
