73
1 0 0
0 1 0
0 0 1
0.0833333 0.916667 0
0.166667 0.833333 0
0.25 0.75 0
0.333333 0.666667 0
0.416667 0.583333 0
0.5 0.5 0
0.583333 0.416667 0
0.666667 0.333333 0
0.75 0.25 0
0.833333 0.166667 0
0.916667 0.0833333 0
0 0.125 0.875
0 0.25 0.75
0 0.375 0.625
0 0.5 0.5
0 0.625 0.375
0 0.75 0.25
0 0.875 0.125
0.944444 0 0.0555556
0.888889 0 0.111111
0.833333 0 0.166667
0.777778 0 0.222222
0.722222 0 0.277778
0.666667 0 0.333333
0.611111 0 0.388889
0.555556 0 0.444444
0.5 0 0.5
0.444444 0 0.555556
0.388889 0 0.611111
0.333333 0 0.666667
0.277778 0 0.722222
0.222222 0 0.777778
0.166667 0 0.833333
0.111111 0 0.888889
0.0555556 0 0.944444
0.0942225 0.484987 0.42079
0.258292 0.176438 0.56527
0.169342 0.57769 0.252968
0.51448 0.368093 0.117427
0.660756 0.25731 0.0819336
0.393623 0.233308 0.373069
0.182044 0.244494 0.573462
0.281636 0.606629 0.111735
0.369666 0.155705 0.47463
0.184907 0.34771 0.467382
0.501915 0.204222 0.293863
0.282958 0.514135 0.202907
0.340963 0.56521 0.093827
0.594244 0.303878 0.101878
0.745372 0.149623 0.105005
0.0921302 0.353011 0.554859
0.131064 0.160633 0.708303
0.556674 0.197415 0.245911
0.0846656 0.802405 0.112929
0.230104 0.363379 0.406517
0.436144 0.423319 0.140537
0.621529 0.174251 0.204219
0.0765761 0.706606 0.216818
0.469747 0.16497 0.365283
0.184767 0.66331 0.151922
0.388101 0.384874 0.227025
0.81287 0.108922 0.0782083
0.283806 0.378568 0.337626
0.0709754 0.174094 0.75493
0.127335 0.538272 0.334394
0.311926 0.178704 0.50937
0.047643 0.109476 0.842881
0.692459 0.136074 0.171468
0.184861 0.141919 0.67322
0.0576398 0.31142 0.63094


0 13 21
13 12 22
21 13 22
14 2 37
19 18 38
33 32 39
8 7 41
10 9 42
30 29 43
33 39 44
5 4 45
31 30 46
30 43 46
38 44 47
44 39 47
28 27 48
45 4 49
6 5 50
5 45 50
9 8 51
8 41 51
42 9 51
11 10 52
24 23 52
10 42 52
18 17 53
38 18 53
44 38 53
35 34 54
27 26 55
48 27 55
3 1 56
1 20 56
47 39 57
41 7 58
7 6 58
6 50 58
48 55 58
55 41 58
26 25 59
55 26 59
51 41 59
41 55 59
20 19 60
40 56 60
56 20 60
29 28 61
43 29 61
28 48 61
4 3 62
49 4 62
3 56 62
56 40 62
45 49 63
49 43 63
48 58 63
58 50 63
43 61 63
50 45 63
61 48 63
12 11 64
22 12 64
23 22 64
11 52 64
52 23 64
46 43 65
43 49 65
40 57 65
49 62 65
62 40 65
16 15 66
36 35 66
35 54 66
19 38 67
60 19 67
38 47 67
47 57 67
57 40 67
40 60 67
32 31 68
39 32 68
57 39 68
31 46 68
46 65 68
65 57 68
15 14 69
14 37 69
37 36 69
36 66 69
66 15 69
25 24 70
42 51 70
24 52 70
52 42 70
51 59 70
59 25 70
34 33 71
33 44 71
54 34 71
44 53 71
53 54 71
17 16 72
53 17 72
54 53 72
16 66 72
66 54 72
