38
1 0 0
0 1 0
0 0 1
0.0833333 0.916667 0
0.166667 0.833333 0
0.25 0.75 0
0.333333 0.666667 0
0.416667 0.583333 0
0.5 0.5 0
0.583333 0.416667 0
0.666667 0.333333 0
0.75 0.25 0
0.833333 0.166667 0
0.916667 0.0833333 0
0 0.125 0.875
0 0.25 0.75
0 0.375 0.625
0 0.5 0.5
0 0.625 0.375
0 0.75 0.25
0 0.875 0.125
0.8 0 0.2
0.6 0 0.4
0.4 0 0.6
0.2 0 0.8
0.616131 0.115962 0.267907
0.252021 0.142317 0.605662
0.15274 0.61374 0.233519
0.1872 0.253009 0.559791
0.266442 0.464059 0.269499
0.524744 0.20813 0.267126
0.418048 0.288237 0.293715
0.75605 0.0722886 0.171661
0.407825 0.0995072 0.492668
0.346171 0.384876 0.268953
0.183074 0.525584 0.291342
0.144723 0.349739 0.505538
0.109249 0.738266 0.152486


3 1 20
4 3 20
19 4 20
0 13 21
12 11 25
23 22 25
14 2 26
2 24 26
6 5 27
5 18 27
18 17 27
15 14 28
14 26 28
8 7 29
11 10 30
25 11 30
10 9 31
28 26 31
26 30 31
30 10 31
13 12 32
21 13 32
22 21 32
12 25 32
25 22 32
24 23 33
23 25 33
25 30 33
26 24 33
30 26 33
8 29 34
9 8 34
31 9 34
28 31 34
6 27 35
27 17 35
7 6 35
29 7 35
17 16 35
16 29 35
16 15 36
29 16 36
15 28 36
28 34 36
34 29 36
5 4 37
4 19 37
18 5 37
19 18 37
