56
1 0 0
0 1 0
0 0 1
0.0833334 0.916667 0
0.166667 0.833333 0
0.25 0.75 0
0.333333 0.666667 0
0.416667 0.583333 0
0.5 0.5 0
0.583333 0.416667 0
0.666667 0.333333 0
0.75 0.25 0
0.833333 0.166667 0
0.916667 0.0833333 0
0 0.111111 0.888889
0 0.222222 0.777778
0 0.333333 0.666667
0 0.444444 0.555556
0 0.555556 0.444444
0 0.666667 0.333333
0 0.777778 0.222222
0 0.888889 0.111111
0.857143 0 0.142857
0.714286 0 0.285714
0.571429 0 0.428571
0.428571 0 0.571429
0.285714 0 0.714286
0.142857 0 0.857143
0.622793 0.103664 0.273544
0.108816 0.507969 0.383215
0.28618 0.148999 0.564821
0.144036 0.625939 0.230025
0.465296 0.386962 0.147742
0.779184 0.0776446 0.143171
0.438988 0.0807889 0.480223
0.399869 0.27192 0.328211
0.171132 0.240896 0.587972
0.342692 0.510775 0.146534
0.634026 0.227216 0.138758
0.1086 0.403611 0.487789
0.540613 0.308171 0.151215
0.126324 0.147309 0.726367
0.0802248 0.817243 0.102533
0.0815548 0.719315 0.19913
0.724575 0.159636 0.115789
0.512737 0.19077 0.296493
0.349229 0.404262 0.246509
0.214003 0.359003 0.426994
0.196752 0.0702323 0.733016
0.260789 0.599752 0.139459
0.219432 0.480217 0.300351
0.0846585 0.0597887 0.855553
0.0990068 0.306622 0.594371
0.291054 0.283695 0.425251
0.156326 0.745784 0.0978894
0.397523 0.163203 0.439273


3 1 21
0 13 22
24 23 28
18 17 29
19 18 31
18 29 31
9 8 32
13 12 33
22 13 33
23 22 33
28 23 33
25 24 34
24 28 34
26 25 34
30 26 34
8 7 37
11 10 38
17 16 39
29 17 39
10 9 40
9 32 40
32 35 40
38 10 40
15 14 41
36 15 41
30 36 41
4 3 42
3 21 42
21 20 42
20 19 43
42 20 43
19 31 43
12 11 44
28 33 44
33 12 44
11 38 44
38 28 44
34 28 45
28 38 45
38 40 45
40 35 45
32 8 46
8 37 46
35 32 46
27 26 48
26 30 48
30 41 48
6 5 49
5 31 49
7 6 49
37 7 49
31 29 49
29 39 50
39 47 50
46 37 50
47 46 50
37 49 50
49 29 50
14 2 51
2 27 51
41 14 51
27 48 51
48 41 51
16 15 52
15 36 52
36 47 52
39 16 52
47 39 52
30 35 53
36 30 53
47 36 53
35 46 53
46 47 53
5 4 54
4 42 54
42 43 54
31 5 54
43 31 54
30 34 55
34 45 55
35 30 55
45 35 55
