83
1 0 0
0 1 0
0 0 1
0.0833333 0.916667 0
0.166667 0.833333 0
0.25 0.75 0
0.333333 0.666667 0
0.416667 0.583333 0
0.5 0.5 0
0.583333 0.416667 0
0.666667 0.333333 0
0.75 0.25 0
0.833333 0.166667 0
0.916667 0.0833333 0
0 0.111111 0.888889
0 0.222222 0.777778
0 0.333333 0.666667
0 0.444444 0.555556
0 0.555556 0.444444
0 0.666667 0.333333
0 0.777778 0.222222
0 0.888889 0.111111
0.933333 0 0.0666667
0.866667 0 0.133333
0.8 0 0.2
0.733333 0 0.266667
0.666667 0 0.333333
0.6 0 0.4
0.533333 0 0.466667
0.466667 0 0.533333
0.4 0 0.6
0.333333 0 0.666667
0.266667 0 0.733333
0.2 0 0.8
0.133333 0 0.866667
0.0666667 0 0.933333
0.625695 0.0981996 0.276106
0.101303 0.491318 0.407378
0.274401 0.129548 0.596051
0.169453 0.611117 0.219429
0.486692 0.38955 0.123758
0.663369 0.267426 0.0692052
0.0488713 0.33649 0.614639
0.736578 0.135106 0.128317
0.391472 0.264832 0.343696
0.18207 0.253866 0.564063
0.283186 0.625289 0.0915247
0.0637591 0.117534 0.818707
0.374153 0.138458 0.487389
0.168794 0.371058 0.460148
0.482867 0.242263 0.27487
0.262738 0.530942 0.20632
0.5744 0.331378 0.0942214
0.544236 0.112342 0.343422
0.26644 0.23809 0.49547
0.810201 0.0701619 0.119637
0.354725 0.57685 0.0684251
0.206472 0.680664 0.112863
0.339681 0.0867724 0.573546
0.561579 0.227581 0.21084
0.131597 0.123034 0.745369
0.317807 0.270832 0.411361
0.652449 0.175685 0.171867
0.0775544 0.840746 0.0816991
0.231836 0.378276 0.389888
0.0800968 0.713659 0.206244
0.0803238 0.405174 0.514502
0.206436 0.120364 0.6732
0.419163 0.367286 0.213551
0.461591 0.127278 0.41113
0.859888 0.0794624 0.0606494
0.0439291 0.551915 0.404156
0.344168 0.403517 0.252314
0.145043 0.525373 0.329584
0.0618333 0.628678 0.309488
0.11885 0.24672 0.634429
0.0588704 0.230702 0.710428
0.410623 0.479359 0.110018
0.342714 0.498281 0.159004
0.294827 0.387067 0.318106
0.791741 0.151664 0.0565942
0.218092 0.490642 0.291266
0.13507 0.737552 0.127377


0 13 22
14 2 35
26 25 36
27 26 36
32 31 38
8 7 40
11 10 41
10 9 41
17 16 42
11 41 43
25 24 43
6 5 46
15 14 47
14 35 47
35 34 47
30 29 48
9 8 52
8 40 52
41 9 52
28 27 53
27 36 53
45 38 54
49 45 54
24 23 55
43 24 55
7 6 56
6 46 56
5 4 57
46 5 57
39 51 57
51 46 57
31 30 58
38 31 58
30 48 58
48 54 58
54 38 58
40 50 59
52 40 59
50 53 59
53 36 59
34 33 60
47 34 60
48 44 61
54 48 61
36 25 62
25 43 62
43 41 62
59 36 62
41 52 62
52 59 62
3 1 63
1 21 63
4 3 63
49 54 64
54 61 64
21 20 65
63 21 65
18 17 66
17 42 66
49 37 66
45 49 66
32 38 67
38 45 67
33 32 67
60 33 67
44 50 68
50 40 68
29 28 69
44 48 69
48 29 69
28 53 69
50 44 69
53 50 69
13 12 70
22 13 70
23 22 70
55 23 70
19 18 71
18 66 71
66 37 71
44 68 72
37 49 73
49 64 73
39 65 73
20 19 74
65 20 74
71 37 74
37 73 74
73 65 74
19 71 74
45 66 75
66 42 75
60 67 75
67 45 75
16 15 76
15 47 76
42 16 76
47 60 76
60 75 76
75 42 76
40 7 77
7 56 77
68 40 77
46 51 78
51 72 78
56 46 78
77 56 78
72 68 78
68 77 78
61 44 79
44 72 79
72 51 79
64 61 79
12 11 80
11 43 80
43 55 80
55 70 80
70 12 80
51 39 81
39 73 81
73 64 81
64 79 81
79 51 81
57 4 82
4 63 82
39 57 82
63 65 82
65 39 82
