37
1 0 0
0 1 0
0 0 1
0.0833334 0.916667 0
0.166667 0.833333 0
0.25 0.75 0
0.333333 0.666667 0
0.416667 0.583333 0
0.5 0.5 0
0.583333 0.416667 0
0.666667 0.333333 0
0.75 0.25 0
0.833333 0.166667 0
0.916667 0.0833333 0
0 0.111111 0.888889
0 0.222222 0.777778
0 0.333333 0.666667
0 0.444444 0.555556
0 0.555556 0.444444
0 0.666667 0.333333
0 0.777778 0.222222
0 0.888889 0.111111
0.75 0 0.25
0.5 0 0.5
0.25 0 0.75
0.63083 0.115857 0.253313
0.252659 0.12836 0.618981
0.401772 0.275599 0.322628
0.266937 0.347592 0.385471
0.191112 0.544515 0.264373
0.145134 0.655161 0.199704
0.520173 0.220477 0.25935
0.236846 0.459407 0.303747
0.181939 0.216362 0.601699
0.104004 0.755571 0.140426
0.458826 0.108918 0.432256
0.727882 0.0692524 0.202865


3 1 21
4 3 21
20 4 21
0 13 22
12 11 25
14 2 26
2 24 26
10 9 27
9 8 28
16 15 28
27 9 28
7 6 29
6 18 29
18 17 29
6 5 30
5 19 30
18 6 30
19 18 30
11 10 31
10 27 31
27 26 31
8 7 32
17 16 32
16 28 32
28 8 32
7 29 32
29 17 32
15 14 33
14 26 33
26 27 33
27 28 33
28 15 33
5 4 34
4 20 34
19 5 34
20 19 34
24 23 35
23 25 35
26 24 35
31 26 35
25 11 35
11 31 35
13 12 36
22 13 36
23 22 36
12 25 36
25 23 36
