102
1 0 0
0 1 0
0 0 1
0.076923 0.923077 0
0.153846 0.846154 0
0.230769 0.769231 0
0.307692 0.692308 0
0.384615 0.615385 0
0.461538 0.538462 0
0.538462 0.461538 0
0.615385 0.384615 0
0.692308 0.307692 0
0.769231 0.230769 0
0.846154 0.153846 0
0.923077 0.0769231 0
0 0.0714286 0.928571
0 0.142857 0.857143
0 0.214286 0.785714
0 0.285714 0.714286
0 0.357143 0.642857
0 0.428571 0.571429
0 0.5 0.5
0 0.571429 0.428571
0 0.642857 0.357143
0 0.714286 0.285714
0 0.785714 0.214286
0 0.857143 0.142857
0 0.928571 0.0714286
0.909091 0 0.0909091
0.818182 0 0.181818
0.727273 0 0.272727
0.636364 0 0.363636
0.545455 0 0.454545
0.454545 0 0.545455
0.363636 0 0.636364
0.272727 0 0.727273
0.181818 0 0.818182
0.0909091 0 0.909091
0.616992 0.112367 0.270641
0.105443 0.489252 0.405305
0.261016 0.153629 0.585355
0.156737 0.61736 0.225903
0.484385 0.400385 0.115231
0.805387 0.0579567 0.136656
0.4328 0.0651762 0.502024
0.67082 0.256548 0.0726317
0.748702 0.180084 0.0712142
0.401624 0.259782 0.338594
0.174905 0.245961 0.579134
0.270794 0.624199 0.105007
0.318782 0.529148 0.15207
0.180941 0.325711 0.493348
0.498596 0.246745 0.254659
0.154119 0.541547 0.304333
0.131995 0.405882 0.462123
0.590264 0.327149 0.082587
0.70956 0.12691 0.16353
0.891945 0.047998 0.0600569
0.556395 0.0745072 0.369098
0.162965 0.180525 0.65651
0.265635 0.230976 0.503388
0.174375 0.692182 0.133442
0.585623 0.254622 0.159754
0.141922 0.130892 0.727185
0.15989 0.771818 0.0682928
0.0789712 0.846567 0.0744616
0.235496 0.3957 0.368804
0.431993 0.330066 0.237941
0.0970668 0.314509 0.588425
0.424355 0.49504 0.0806053
0.247166 0.0815021 0.671332
0.0838523 0.70259 0.213558
0.594198 0.181139 0.224663
0.718124 0.0576321 0.224244
0.294012 0.459192 0.246796
0.458619 0.109481 0.4319
0.498536 0.166951 0.334513
0.160055 0.0656798 0.774265
0.0771443 0.26444 0.658416
0.362847 0.395963 0.24119
0.335347 0.338445 0.326208
0.664788 0.199177 0.136035
0.351029 0.140981 0.50799
0.2087 0.475821 0.315479
0.0861653 0.770553 0.143282
0.351197 0.0670669 0.581736
0.0629119 0.650681 0.286407
0.818091 0.110664 0.0712445
0.0780169 0.583118 0.338865
0.375249 0.201242 0.42351
0.0556744 0.444479 0.499846
0.0763674 0.065029 0.858604
0.0680985 0.201676 0.730225
0.383849 0.453914 0.162237
0.644941 0.0487631 0.306296
0.235306 0.544169 0.220525
0.289433 0.293503 0.417063
0.235981 0.709733 0.054286
0.066873 0.133627 0.7995
0.0731462 0.377901 0.548953
0.3632 0.568924 0.0678766
0.515426 0.314897 0.169677


3 1 27
15 2 37
22 21 39
10 9 42
29 28 43
33 32 44
12 11 45
13 12 46
12 45 46
7 6 49
11 10 55
45 11 55
10 42 55
0 14 57
28 0 57
43 28 57
32 31 58
40 48 59
48 40 60
51 48 60
41 49 61
45 55 62
5 4 64
4 3 65
3 27 65
27 26 65
64 4 65
54 51 66
39 54 66
47 52 67
48 51 68
9 8 69
42 9 69
35 34 70
40 59 70
59 63 70
25 24 71
41 61 71
62 52 72
38 56 72
30 29 73
29 43 73
56 38 73
43 56 73
44 32 75
32 58 75
38 72 76
72 52 76
58 38 76
75 58 76
52 47 76
36 35 77
35 70 77
70 63 77
59 48 78
19 18 78
68 19 78
48 68 78
67 42 79
74 66 79
79 66 80
47 67 80
67 79 80
46 45 81
45 62 81
56 46 81
62 72 81
72 56 81
44 75 82
60 40 82
53 39 83
39 66 83
66 74 83
26 25 84
65 26 84
64 65 84
61 64 84
71 61 84
25 71 84
34 33 85
33 44 85
70 34 85
40 70 85
82 40 85
44 82 85
24 23 86
71 24 86
41 71 86
13 46 87
46 56 87
56 43 87
14 13 87
57 14 87
43 57 87
23 22 88
22 39 88
39 53 88
86 23 88
53 41 88
41 86 88
75 76 89
76 47 89
60 82 89
82 75 89
21 20 90
39 21 90
54 39 90
16 15 91
15 37 91
37 36 91
36 77 91
63 59 92
18 17 92
78 18 92
59 78 92
69 50 93
50 74 93
42 69 93
79 42 93
74 79 93
31 30 94
38 58 94
58 31 94
30 73 94
73 38 94
49 41 95
50 49 95
41 53 95
74 50 95
53 83 95
83 74 95
51 60 96
47 80 96
66 51 96
80 66 96
60 89 96
89 47 96
6 5 97
49 6 97
61 49 97
5 64 97
64 61 97
16 91 98
77 63 98
91 77 98
17 16 98
92 17 98
63 92 98
20 19 99
19 68 99
51 54 99
68 51 99
54 90 99
90 20 99
7 49 100
49 50 100
8 7 100
69 8 100
50 69 100
52 62 101
67 52 101
55 42 101
42 67 101
62 55 101
