147
1 0 0
0 1 0
0 0 1
0.076923 0.923077 0
0.153846 0.846154 0
0.230769 0.769231 0
0.307692 0.692308 0
0.384615 0.615385 0
0.461538 0.538462 0
0.538462 0.461538 0
0.615385 0.384615 0
0.692308 0.307692 0
0.769231 0.230769 0
0.846154 0.153846 0
0.923077 0.0769231 0
0 0.0625 0.9375
0 0.125 0.875
0 0.1875 0.8125
0 0.25 0.75
0 0.3125 0.6875
0 0.375 0.625
0 0.4375 0.5625
0 0.5 0.5
0 0.5625 0.4375
0 0.625 0.375
0 0.6875 0.3125
0 0.75 0.25
0 0.8125 0.1875
0 0.875 0.125
0 0.9375 0.0625
0.947368 0 0.0526316
0.894737 0 0.105263
0.842105 0 0.157895
0.789474 0 0.210526
0.736842 0 0.263158
0.684211 0 0.315789
0.631579 0 0.368421
0.578947 0 0.421053
0.526316 0 0.473684
0.473684 0 0.526316
0.421053 0 0.578947
0.368421 0 0.631579
0.315789 0 0.684211
0.263158 0 0.736842
0.210526 0 0.789474
0.157895 0 0.842105
0.105263 0 0.894737
0.0526316 0 0.947368
0.622794 0.125395 0.251812
0.102219 0.484603 0.413177
0.282684 0.132238 0.585078
0.151934 0.6138 0.234266
0.485149 0.416199 0.098652
0.782717 0.0842988 0.132984
0.417246 0.0766056 0.506148
0.670791 0.255157 0.0740515
0.668838 0.132537 0.198625
0.756281 0.176285 0.0674339
0.402982 0.235039 0.36198
0.147449 0.268212 0.584339
0.273961 0.624503 0.101535
0.0542007 0.128258 0.817541
0.313581 0.534534 0.151885
0.191666 0.321854 0.48648
0.4942 0.234854 0.270946
0.29048 0.490781 0.218739
0.156005 0.544129 0.299866
0.116859 0.405102 0.478039
0.347273 0.561741 0.090986
0.579767 0.340396 0.0798367
0.506871 0.447078 0.0460503
0.878297 0.072334 0.0493694
0.552859 0.079489 0.367652
0.141478 0.209749 0.648773
0.262572 0.239859 0.497569
0.190442 0.694989 0.114569
0.249349 0.699929 0.0507217
0.597533 0.214512 0.187954
0.0739824 0.386716 0.539302
0.0663356 0.319092 0.614573
0.12263 0.156281 0.721089
0.334691 0.258566 0.406744
0.161017 0.776412 0.062571
0.459868 0.377873 0.162259
0.072546 0.846323 0.0811314
0.241372 0.374743 0.383886
0.518738 0.277792 0.20347
0.0902183 0.77372 0.136062
0.436129 0.336614 0.227257
0.277776 0.0708361 0.651388
0.143681 0.683228 0.173092
0.335805 0.134766 0.529428
0.0744754 0.713912 0.211613
0.547408 0.314196 0.138397
0.505725 0.065439 0.428836
0.0503685 0.23357 0.716062
0.483805 0.185099 0.331096
0.562231 0.134347 0.303423
0.643586 0.224012 0.132402
0.426557 0.141282 0.432161
0.827917 0.0806229 0.0914596
0.127311 0.0816789 0.79101
0.351651 0.389848 0.258501
0.725211 0.0570646 0.217725
0.0449018 0.0551599 0.899938
0.319641 0.345286 0.335073
0.1712 0.401198 0.427603
0.313979 0.220841 0.46518
0.409639 0.294777 0.295584
0.0819774 0.0670067 0.851016
0.249287 0.310707 0.440006
0.285268 0.431721 0.283011
0.418675 0.524238 0.0570878
0.225711 0.595796 0.178493
0.1877 0.0674937 0.744806
0.342682 0.0638923 0.593426
0.727538 0.109016 0.163446
0.0962181 0.55685 0.346932
0.37261 0.436128 0.191262
0.161627 0.472443 0.36593
0.0752188 0.642711 0.28207
0.223563 0.519893 0.256544
0.149601 0.320528 0.529871
0.0778842 0.249757 0.672358
0.228545 0.446989 0.324467
0.201971 0.111374 0.686656
0.398756 0.475932 0.125313
0.718257 0.171275 0.110468
0.0542354 0.480792 0.464973
0.814106 0.14801 0.0378842
0.575333 0.392081 0.0325868
0.711051 0.255459 0.0334902
0.0597113 0.174622 0.765667
0.108033 0.858194 0.0337728
0.623749 0.0604672 0.315783
0.041823 0.617084 0.341093
0.332777 0.623756 0.0434669
0.641889 0.322923 0.0351873
0.0468825 0.555359 0.397759
0.049103 0.914884 0.0360131
0.214675 0.168707 0.616619
0.678593 0.0588668 0.26254
0.564038 0.19058 0.245382
0.375522 0.160025 0.464453
0.470124 0.0531599 0.476716
0.229131 0.225017 0.545852
0.473883 0.140762 0.385355


0 14 30
15 2 47
33 32 53
40 39 54
17 16 61
60 62 68
9 8 70
52 69 70
14 13 71
30 14 71
31 30 71
37 36 72
6 5 76
75 60 76
48 56 77
22 21 78
20 19 79
73 59 79
21 20 79
78 21 79
59 78 79
5 4 82
76 5 82
75 76 82
29 28 84
28 27 87
84 28 87
75 82 87
82 84 87
64 86 88
86 83 88
42 41 89
43 42 89
75 87 90
40 54 91
27 26 92
51 90 92
87 27 92
90 87 92
69 52 93
52 83 93
83 86 93
86 77 93
38 37 94
37 72 94
19 18 95
64 96 97
96 72 97
77 56 98
55 69 98
69 93 98
93 77 98
58 81 99
32 31 100
53 32 100
31 71 100
57 53 100
45 44 101
34 33 103
16 15 104
15 47 104
47 46 104
81 58 105
85 81 105
49 67 106
67 63 106
74 91 107
58 96 108
96 64 108
64 88 108
88 102 108
102 105 108
105 58 108
46 45 109
45 101 109
101 61 109
104 46 109
61 16 109
16 104 109
63 74 110
85 106 110
106 63 110
81 85 110
107 81 110
74 107 110
102 65 111
105 102 111
8 7 112
52 70 112
70 8 112
62 60 113
60 75 113
90 51 113
65 62 113
75 90 113
44 43 114
80 101 114
101 44 114
50 89 115
89 41 115
41 40 115
40 91 115
91 50 115
98 56 116
33 53 116
103 33 116
56 103 116
88 83 118
62 65 118
65 102 118
102 88 118
49 106 119
117 49 119
66 117 119
106 85 119
66 51 120
26 25 120
92 26 120
51 92 120
117 66 120
111 65 121
51 66 121
65 113 121
113 51 121
78 59 122
63 67 122
67 78 122
73 79 123
79 19 123
19 95 123
80 73 123
95 80 123
85 105 124
105 111 124
119 85 124
66 119 124
111 121 124
121 66 124
73 80 125
80 114 125
43 89 125
114 43 125
83 52 126
52 112 126
112 68 126
68 62 126
62 118 126
118 83 126
53 57 127
116 53 127
57 55 127
55 98 127
98 116 127
23 22 128
67 49 128
22 78 128
78 67 128
13 12 129
12 57 129
57 100 129
71 13 129
100 71 129
10 9 130
9 70 130
70 69 130
12 11 131
57 12 131
55 57 131
18 17 132
17 61 132
95 18 132
80 95 132
61 101 132
101 80 132
4 3 133
82 4 133
84 82 133
36 35 134
48 97 134
72 36 134
97 72 134
25 24 135
117 120 135
120 25 135
7 6 136
60 68 136
76 60 136
6 76 136
68 112 136
112 7 136
11 10 137
10 130 137
69 55 137
130 69 137
55 131 137
131 11 137
24 23 138
49 117 138
23 128 138
128 49 138
117 135 138
135 24 138
3 1 139
1 29 139
29 84 139
84 133 139
133 3 139
59 73 140
89 50 140
73 125 140
125 89 140
35 34 141
34 103 141
56 48 141
103 56 141
48 134 141
134 35 141
86 64 142
48 77 142
77 86 142
64 97 142
97 48 142
99 81 143
81 107 143
91 54 143
107 91 143
54 99 143
39 38 144
54 39 144
38 94 144
94 99 144
99 54 144
50 91 145
91 74 145
122 59 145
74 63 145
63 122 145
140 50 145
59 140 145
94 72 146
72 96 146
99 94 146
96 58 146
58 99 146
