107
1 0 0
0 1 0
0 0 1
0.0769231 0.923077 0
0.153846 0.846154 0
0.230769 0.769231 0
0.307692 0.692308 0
0.384615 0.615385 0
0.461538 0.538462 0
0.538462 0.461538 0
0.615385 0.384615 0
0.692308 0.307692 0
0.769231 0.230769 0
0.846154 0.153846 0
0.923077 0.0769231 0
0 0.0909089 0.909091
0 0.181818 0.818182
0 0.272727 0.727273
0 0.363636 0.636364
0 0.454545 0.545454
0 0.545455 0.454545
0 0.636364 0.363636
0 0.727273 0.272727
0 0.818182 0.181818
0 0.909091 0.0909091
0.947368 0 0.0526316
0.894737 0 0.105263
0.842105 0 0.157895
0.789474 0 0.210526
0.736842 0 0.263158
0.684211 0 0.315789
0.631579 0 0.368421
0.578947 0 0.421053
0.526316 0 0.473684
0.473684 0 0.526316
0.421053 0 0.578947
0.368421 0 0.631579
0.31579 0 0.68421
0.263158 0 0.736842
0.210526 0 0.789474
0.157895 0 0.842105
0.105263 0 0.894737
0.0526316 0 0.947368
0.638625 0.103049 0.258327
0.113068 0.478465 0.408467
0.272021 0.148541 0.579437
0.152136 0.609941 0.237923
0.494621 0.404246 0.101134
0.403552 0.102193 0.494255
0.671413 0.247419 0.0811682
0.669382 0.153465 0.177154
0.743909 0.192088 0.0640022
0.750279 0.11394 0.135781
0.38682 0.263714 0.349465
0.176971 0.237241 0.585788
0.273531 0.636374 0.0900946
0.0537006 0.131905 0.814395
0.0599219 0.607334 0.332744
0.183992 0.320765 0.495242
0.484328 0.251342 0.26433
0.275695 0.531067 0.193238
0.348739 0.568187 0.0830744
0.58614 0.32647 0.0873895
0.51655 0.435497 0.0479526
0.12671 0.230003 0.643286
0.250648 0.269103 0.480249
0.207163 0.664794 0.128043
0.58078 0.24721 0.17201
0.0755933 0.384772 0.539635
0.142246 0.117002 0.740752
0.568469 0.16533 0.266201
0.34069 0.249005 0.410305
0.0707054 0.855218 0.0740761
0.240636 0.382423 0.376941
0.820022 0.100931 0.0790467
0.427056 0.41954 0.153404
0.248129 0.0976509 0.65422
0.339685 0.138533 0.521782
0.077472 0.688484 0.234044
0.485718 0.139308 0.374975
0.549436 0.109721 0.340843
0.405101 0.373525 0.221374
0.436532 0.127953 0.435515
0.067934 0.240693 0.691373
0.348429 0.394901 0.25667
0.288687 0.409616 0.301697
0.511161 0.299741 0.189098
0.142666 0.533107 0.324227
0.409628 0.528063 0.0623095
0.205138 0.74068 0.0541821
0.115188 0.391144 0.493667
0.198877 0.106805 0.694317
0.885332 0.0662997 0.0483678
0.142096 0.790969 0.0669346
0.0520761 0.516433 0.43149
0.0578327 0.795752 0.146415
0.340818 0.496342 0.162841
0.425804 0.274987 0.299209
0.132091 0.714151 0.153759
0.0904639 0.12467 0.784867
0.292448 0.263339 0.444212
0.211051 0.495579 0.29337
0.0453166 0.0756389 0.879045
0.212913 0.573856 0.213231
0.0542551 0.336406 0.609339
0.181886 0.405818 0.412296
0.735094 0.0652803 0.199625


0 14 25
15 2 42
30 29 43
31 30 43
37 36 45
35 34 48
11 10 49
43 29 50
12 11 51
11 49 51
49 50 52
28 27 52
51 49 52
6 5 55
17 16 56
22 21 57
54 45 58
7 6 61
6 55 61
10 9 62
49 10 62
50 49 62
9 8 63
8 47 63
47 62 63
62 9 63
58 45 65
60 55 66
62 47 67
43 50 67
50 62 67
20 19 68
64 54 68
40 39 69
31 43 70
43 67 70
3 1 72
1 24 72
13 12 74
27 26 74
12 51 74
51 52 74
52 27 74
38 37 76
37 45 76
45 54 76
36 35 77
35 48 77
45 36 77
65 45 77
48 71 77
23 22 78
22 57 78
33 32 79
32 31 80
31 70 80
79 32 80
70 59 80
59 79 80
59 75 81
53 71 82
71 48 82
34 33 82
33 79 82
48 34 82
79 53 82
18 17 83
69 64 83
71 53 85
53 84 85
84 60 85
73 71 85
59 70 86
67 47 86
70 67 86
47 75 86
75 59 86
57 44 87
46 78 87
78 57 87
8 7 88
47 8 88
75 47 88
7 61 88
61 75 88
5 4 89
55 5 89
66 55 89
54 58 90
68 54 90
58 44 90
39 38 91
69 39 91
64 69 91
54 64 91
76 54 91
38 76 91
14 13 92
25 14 92
26 25 92
13 74 92
74 26 92
4 3 93
3 72 93
66 89 93
89 4 93
21 20 94
44 57 94
57 21 94
90 44 94
20 68 94
68 90 94
24 23 95
23 78 95
72 24 95
55 60 96
61 55 96
75 61 96
81 75 96
60 84 96
84 81 96
53 79 97
79 59 97
59 81 97
81 84 97
84 53 97
66 93 98
78 46 98
95 78 98
93 72 98
72 95 98
41 40 99
56 41 99
40 69 99
17 56 99
83 17 99
69 83 99
71 73 100
73 65 100
65 77 100
77 71 100
73 85 101
46 87 101
87 73 101
16 15 102
56 16 102
15 42 102
42 41 102
41 56 102
60 66 103
66 98 103
98 46 103
46 101 103
85 60 103
101 85 103
19 18 104
68 19 104
64 68 104
83 64 104
18 83 104
44 58 105
58 65 105
65 73 105
73 87 105
87 44 105
29 28 106
28 52 106
50 29 106
52 50 106
