136
1 0 0
0 1 0
0 0 1
0.076923 0.923077 0
0.153846 0.846154 0
0.230769 0.769231 0
0.307692 0.692308 0
0.384615 0.615385 0
0.461538 0.538462 0
0.538462 0.461538 0
0.615385 0.384615 0
0.692308 0.307692 0
0.769231 0.230769 0
0.846154 0.153846 0
0.923077 0.0769231 0
0 0.0666667 0.933333
0 0.133333 0.866667
0 0.2 0.8
0 0.266667 0.733333
0 0.333333 0.666667
0 0.4 0.6
0 0.466667 0.533333
0 0.533333 0.466667
0 0.6 0.4
0 0.666667 0.333333
0 0.733333 0.266667
0 0.8 0.2
0 0.866667 0.133333
0 0.933333 0.0666667
0.9375 0 0.0625
0.875 0 0.125
0.8125 0 0.1875
0.75 0 0.25
0.6875 0 0.3125
0.625 0 0.375
0.5625 0 0.4375
0.5 0 0.5
0.4375 0 0.5625
0.375 0 0.625
0.3125 0 0.6875
0.25 0 0.75
0.1875 0 0.8125
0.125 0 0.875
0.0625 0 0.9375
0.630582 0.115581 0.253837
0.108138 0.479564 0.412298
0.274137 0.145874 0.579989
0.15532 0.61386 0.230821
0.492852 0.407475 0.0996736
0.810947 0.0596475 0.129405
0.426959 0.070692 0.502349
0.645867 0.286076 0.068057
0.0482744 0.331386 0.62034
0.673306 0.137862 0.188832
0.764797 0.175031 0.0601717
0.403223 0.252097 0.34468
0.191691 0.220856 0.587453
0.276897 0.630457 0.0926468
0.061687 0.135557 0.802756
0.688065 0.0577652 0.25417
0.316943 0.538232 0.144825
0.197555 0.337145 0.4653
0.474717 0.243134 0.282149
0.156833 0.548923 0.294244
0.11998 0.399411 0.480609
0.577857 0.335604 0.0865393
0.879339 0.0595586 0.0611025
0.544635 0.0803512 0.375014
0.145518 0.199769 0.654713
0.248515 0.237961 0.513524
0.345166 0.589925 0.0649089
0.197414 0.688343 0.114243
0.241228 0.707883 0.0508885
0.603394 0.244614 0.151992
0.288545 0.489411 0.222043
0.0702805 0.376966 0.552753
0.126265 0.146114 0.727622
0.340204 0.259191 0.400606
0.168027 0.772258 0.0597153
0.0786752 0.838566 0.082759
0.235564 0.380882 0.383553
0.439552 0.339533 0.220915
0.403197 0.493045 0.103758
0.253872 0.0509741 0.695154
0.138471 0.688652 0.172877
0.337416 0.142144 0.52044
0.0732204 0.700953 0.225826
0.0634151 0.778207 0.158377
0.477903 0.473191 0.0489058
0.214153 0.127004 0.658843
0.300691 0.0658962 0.633413
0.480221 0.1707 0.349079
0.461899 0.11433 0.423771
0.619283 0.0674623 0.313254
0.515171 0.327918 0.156911
0.125423 0.0704786 0.804098
0.0693813 0.251258 0.679361
0.347202 0.392845 0.259952
0.438073 0.407619 0.154309
0.31946 0.335486 0.345054
0.687765 0.200152 0.112083
0.397941 0.312904 0.289155
0.104181 0.616834 0.278985
0.328108 0.209929 0.461962
0.183717 0.475558 0.340725
0.227974 0.596004 0.176022
0.0551053 0.199415 0.74548
0.554899 0.156286 0.288816
0.0834086 0.567356 0.349236
0.0571671 0.458598 0.484235
0.817472 0.112447 0.0700813
0.360755 0.0688425 0.570403
0.746181 0.0596601 0.194159
0.528722 0.250458 0.22082
0.403591 0.190369 0.40604
0.0628052 0.0683084 0.868886
0.0486044 0.528718 0.422678
0.499032 0.0514295 0.449538
0.549183 0.40622 0.0445972
0.124739 0.756474 0.118787
0.271727 0.296881 0.431393
0.712903 0.242253 0.0448433
0.268229 0.430768 0.301004
0.0496134 0.657732 0.292655
0.219893 0.524244 0.255863
0.167523 0.417356 0.415121
0.190284 0.0678793 0.741836
0.747355 0.122288 0.130357
0.109836 0.283428 0.606737
0.152516 0.311503 0.535981
0.59675 0.18384 0.21941
0.0612198 0.902748 0.0360319
0.369122 0.444714 0.186163
0.393547 0.141612 0.464841
0.414677 0.545171 0.0401525
0.943173 0.0306399 0.0261871


15 2 43
31 30 49
37 36 50
11 10 51
20 19 52
13 12 54
17 16 58
33 32 59
53 44 59
51 10 65
14 13 66
30 29 66
49 30 66
35 34 67
56 46 69
7 6 70
6 57 70
57 60 70
6 5 72
57 6 72
71 57 72
51 65 73
21 20 75
20 52 75
5 4 78
72 5 78
71 72 78
78 4 79
28 27 79
70 60 82
40 39 83
69 46 85
26 25 86
47 84 86
27 26 87
79 27 87
26 86 87
86 84 87
9 8 88
82 48 88
46 56 89
56 68 89
68 76 89
39 38 90
83 39 90
46 89 90
89 83 90
62 55 91
67 91 92
34 33 93
33 59 93
59 44 93
67 34 93
65 48 94
73 65 94
42 41 95
76 58 95
19 18 96
52 19 96
76 68 96
48 82 98
81 94 98
94 48 98
77 55 99
73 53 100
51 73 100
55 62 101
62 81 101
81 97 101
97 99 101
99 55 101
63 47 102
47 86 102
69 85 103
60 57 105
57 71 105
74 60 105
71 84 105
84 47 105
18 17 106
17 58 106
58 76 106
76 96 106
96 18 106
62 91 107
93 44 107
91 67 107
67 93 107
24 23 108
63 102 108
45 104 108
104 63 108
22 21 109
64 45 109
21 75 109
75 64 109
13 54 110
66 13 110
49 66 110
38 37 111
37 50 111
50 85 111
90 38 111
85 46 111
46 90 111
32 31 112
31 49 112
53 59 112
59 32 112
73 94 113
81 62 113
94 81 113
62 107 113
55 77 114
91 55 114
92 91 114
77 103 114
16 15 115
15 43 115
43 42 115
58 16 115
42 95 115
95 58 115
23 22 116
45 108 116
108 23 116
22 109 116
109 45 116
36 35 117
50 36 117
92 50 117
35 67 117
67 92 117
10 9 118
65 10 118
48 65 118
9 88 118
88 48 118
71 78 119
84 71 119
78 79 119
79 87 119
87 84 119
80 61 120
77 99 120
99 80 120
61 69 120
69 103 120
103 77 120
12 11 121
54 12 121
11 51 121
51 100 121
100 54 121
97 74 122
80 99 122
104 80 122
99 97 122
25 24 123
86 25 123
102 86 123
24 108 123
108 102 123
47 63 124
74 105 124
105 47 124
122 74 124
63 104 124
104 122 124
45 64 125
64 61 125
61 80 125
80 104 125
104 45 125
40 83 126
83 89 126
89 76 126
41 40 126
95 41 126
76 95 126
54 100 127
49 110 127
110 54 127
112 49 127
100 53 127
53 112 127
68 56 128
75 52 128
52 96 128
96 68 128
56 69 129
69 61 129
61 64 129
64 75 129
128 56 129
75 128 129
44 53 130
53 73 130
73 113 130
107 44 130
113 107 130
3 1 131
1 28 131
4 3 131
79 4 131
28 79 131
60 74 132
82 60 132
98 82 132
97 81 132
81 98 132
74 97 132
85 50 133
103 85 133
50 92 133
92 114 133
114 103 133
8 7 134
7 70 134
70 82 134
82 88 134
88 8 134
0 14 135
29 0 135
14 66 135
66 29 135
