52
1 0 0
0 1 0
0 0 1
0.076923 0.923077 0
0.153846 0.846154 0
0.230769 0.769231 0
0.307692 0.692308 0
0.384615 0.615385 0
0.461538 0.538462 0
0.538462 0.461538 0
0.615385 0.384615 0
0.692308 0.307692 0
0.769231 0.230769 0
0.846154 0.153846 0
0.923077 0.0769231 0
0 0.0666667 0.933333
0 0.133333 0.866667
0 0.2 0.8
0 0.266667 0.733333
0 0.333333 0.666667
0 0.4 0.6
0 0.466667 0.533333
0 0.533333 0.466667
0 0.6 0.4
0 0.666667 0.333333
0 0.733333 0.266667
0 0.8 0.2
0 0.866667 0.133333
0 0.933333 0.0666667
0.75 0 0.25
0.5 0 0.5
0.25 0 0.75
0.596784 0.122832 0.280384
0.271391 0.133258 0.595351
0.207778 0.602207 0.190015
0.475008 0.0674965 0.457496
0.426264 0.250813 0.322923
0.262361 0.521092 0.216547
0.221129 0.326885 0.451986
0.479704 0.30507 0.215226
0.585241 0.190648 0.224111
0.249527 0.392472 0.358002
0.383444 0.433817 0.18274
0.292271 0.201654 0.506076
0.173147 0.673191 0.153662
0.745751 0.0532298 0.201019
0.484411 0.361925 0.153664
0.243285 0.0626138 0.694101
0.137779 0.735828 0.126393
0.180323 0.273817 0.545859
0.181876 0.470269 0.347855
0.0944686 0.820076 0.0854552


3 1 28
4 3 28
27 4 28
15 2 31
14 13 32
17 16 33
8 7 34
24 23 34
30 29 35
32 33 35
9 8 37
23 22 37
8 34 37
34 23 37
20 19 38
12 11 39
36 12 39
38 36 39
13 12 40
12 36 40
32 13 40
21 20 41
20 38 41
38 39 41
10 9 42
9 37 42
18 17 43
17 33 43
33 32 43
32 40 43
40 36 43
7 6 44
25 24 44
24 34 44
34 7 44
0 14 45
14 32 45
29 0 45
32 35 45
35 29 45
11 10 46
39 11 46
41 39 46
10 42 46
42 41 46
16 15 47
15 31 47
31 30 47
30 35 47
33 16 47
35 33 47
6 5 48
5 26 48
26 25 48
25 44 48
44 6 48
19 18 49
36 38 49
38 19 49
18 43 49
43 36 49
22 21 50
37 22 50
42 37 50
21 41 50
41 42 50
5 4 51
4 27 51
26 5 51
27 26 51
