136
1 0 0
0 1 0
0 0 1
0.0769231 0.923077 0
0.153846 0.846154 0
0.230769 0.769231 0
0.307692 0.692308 0
0.384615 0.615385 0
0.461538 0.538462 0
0.538462 0.461538 0
0.615385 0.384615 0
0.692308 0.307692 0
0.769231 0.230769 0
0.846154 0.153846 0
0.923077 0.0769231 0
0 0.0714285 0.928571
0 0.142857 0.857143
0 0.214286 0.785714
0 0.285714 0.714286
0 0.357143 0.642857
0 0.428571 0.571429
0 0.5 0.5
0 0.571429 0.428571
0 0.642857 0.357143
0 0.714286 0.285714
0 0.785714 0.214286
0 0.857143 0.142857
0 0.928571 0.0714286
0.95 0 0.05
0.9 0 0.1
0.85 0 0.15
0.8 0 0.2
0.75 0 0.25
0.7 0 0.3
0.65 0 0.35
0.6 0 0.4
0.55 0 0.45
0.5 0 0.5
0.45 0 0.55
0.4 0 0.6
0.35 0 0.65
0.3 0 0.7
0.25 0 0.75
0.2 0 0.8
0.15 0 0.85
0.1 0 0.9
0.0500001 0 0.95
0.636704 0.114074 0.249222
0.0942629 0.498154 0.407583
0.282886 0.128235 0.588879
0.151616 0.61766 0.230724
0.493126 0.407226 0.099648
0.78338 0.0872524 0.129368
0.419183 0.0732886 0.507529
0.651031 0.286626 0.0623435
0.0481083 0.341874 0.610018
0.67715 0.125068 0.197783
0.759185 0.179895 0.0609199
0.391022 0.251465 0.357513
0.155516 0.277191 0.567293
0.269798 0.634073 0.0961285
0.0543447 0.128927 0.816728
0.311489 0.532236 0.156275
0.0553841 0.610973 0.333643
0.187046 0.319954 0.493001
0.494122 0.230794 0.275084
0.287638 0.493207 0.219155
0.171491 0.523411 0.305099
0.121348 0.394376 0.484275
0.336486 0.58178 0.0817334
0.573988 0.343208 0.0828038
0.501185 0.452185 0.0466302
0.531195 0.0827287 0.386076
0.148276 0.194348 0.657376
0.263594 0.229121 0.507285
0.186393 0.702485 0.111123
0.343394 0.0657102 0.590896
0.591018 0.22926 0.179722
0.0724797 0.384072 0.543448
0.122724 0.15288 0.724396
0.567974 0.174959 0.257067
0.326596 0.274846 0.398558
0.149128 0.796332 0.05454
0.448996 0.396558 0.154445
0.0928173 0.822316 0.0848663
0.231955 0.389357 0.378688
0.446619 0.330082 0.223298
0.876227 0.0778786 0.0458945
0.259502 0.0717689 0.668729
0.131843 0.708317 0.15984
0.343563 0.131117 0.52532
0.0704995 0.723493 0.206008
0.474807 0.183407 0.341786
0.462336 0.111756 0.425908
0.61677 0.0695948 0.313635
0.0413109 0.562163 0.396526
0.0570945 0.809935 0.13297
0.526562 0.325629 0.147809
0.829021 0.0824965 0.0884829
0.126868 0.0841722 0.78896
0.0688896 0.255907 0.675204
0.344501 0.383848 0.271651
0.309234 0.351294 0.339472
0.651118 0.21759 0.131293
0.415597 0.303449 0.280954
0.282779 0.435806 0.281415
0.422278 0.50986 0.0678615
0.222319 0.602808 0.174873
0.190987 0.0865795 0.722434
0.0602638 0.189823 0.749914
0.730064 0.103644 0.166291
0.299921 0.250367 0.449713
0.133029 0.512153 0.354819
0.695125 0.0560206 0.248855
0.377723 0.418327 0.20395
0.0411881 0.69601 0.262802
0.0483258 0.0672289 0.884445
0.0551115 0.48097 0.463918
0.553262 0.120888 0.32585
0.38046 0.172189 0.447351
0.237627 0.445845 0.316528
0.22685 0.725173 0.0479773
0.220895 0.527544 0.251561
0.230293 0.325424 0.444283
0.220243 0.224595 0.555162
0.514463 0.276054 0.209483
0.812096 0.151227 0.0366777
0.16423 0.414105 0.421665
0.382112 0.485678 0.13221
0.211007 0.158142 0.630851
0.099111 0.617329 0.28356
0.0957047 0.0565997 0.847696
0.0396998 0.920021 0.0402794
0.712845 0.193911 0.0932435
0.104882 0.283982 0.611136
0.357797 0.606207 0.0359956


0 14 28
15 2 46
31 30 52
39 38 53
38 37 53
11 10 54
20 19 55
12 11 57
17 16 61
24 23 63
59 64 68
6 60 69
60 62 69
10 9 70
54 10 70
9 8 71
51 70 71
70 9 71
36 35 72
40 39 76
49 40 76
47 56 77
21 20 78
20 55 78
59 68 78
47 77 80
4 3 82
82 3 84
75 82 84
14 13 87
28 14 87
29 28 87
41 40 88
40 49 88
42 41 88
75 84 89
74 49 90
49 76 90
39 53 90
76 39 90
26 25 91
50 89 91
53 37 93
37 36 93
36 72 93
72 92 93
92 58 93
34 33 94
33 47 94
35 34 94
47 80 94
23 22 95
48 63 95
63 23 95
27 26 96
84 27 96
89 84 96
26 91 96
91 89 96
70 51 97
77 70 97
51 83 97
30 29 98
29 87 98
52 30 98
57 52 98
44 43 99
19 18 100
55 19 100
79 73 100
81 58 102
58 101 102
85 81 102
77 56 103
54 70 103
70 77 103
65 86 104
92 65 104
58 92 104
101 58 104
101 66 105
102 101 105
8 7 106
51 71 106
71 8 106
83 51 106
62 60 107
60 75 107
66 62 107
75 89 107
89 50 107
43 42 108
73 79 108
42 88 108
79 99 108
99 43 108
18 17 109
17 61 109
61 99 109
99 79 109
79 100 109
100 18 109
32 31 110
56 32 110
31 52 110
103 56 110
81 85 111
74 90 111
63 48 112
85 67 112
33 32 113
32 56 113
47 33 113
56 47 113
86 83 114
62 66 114
66 101 114
101 104 114
104 86 114
25 24 115
91 25 115
24 63 115
16 15 116
15 46 116
46 45 116
61 16 116
22 21 117
68 48 117
21 78 117
78 68 117
48 95 117
95 22 117
65 92 118
92 72 118
72 35 118
35 94 118
80 65 118
94 80 118
58 81 119
93 58 119
53 93 119
81 111 119
90 53 119
111 90 119
67 85 120
85 102 120
102 105 120
6 5 121
60 6 121
5 4 121
4 82 121
75 60 121
82 75 121
107 50 122
105 66 122
66 107 122
50 67 122
67 120 122
120 105 122
64 74 123
74 111 123
111 85 123
49 74 124
64 59 124
74 64 124
65 80 125
86 65 125
80 77 125
77 97 125
83 86 125
97 83 125
13 12 126
12 57 126
57 98 126
87 13 126
98 87 126
48 68 127
68 64 127
64 123 127
112 48 127
85 112 127
123 85 127
83 106 128
106 69 128
69 62 128
62 114 128
114 83 128
59 73 129
73 108 129
108 88 129
124 59 129
88 49 129
49 124 129
63 112 130
112 67 130
115 63 130
67 50 130
50 91 130
91 115 130
45 44 131
44 99 131
99 61 131
61 116 131
116 45 131
3 1 132
1 27 132
27 84 132
84 3 132
11 54 133
57 11 133
54 103 133
52 57 133
110 52 133
103 110 133
73 59 134
59 78 134
78 55 134
55 100 134
100 73 134
7 6 135
6 69 135
69 106 135
106 7 135
