98
1 0 0
0 1 0
0 0 1
0.076923 0.923077 0
0.153846 0.846154 0
0.230769 0.769231 0
0.307692 0.692308 0
0.384615 0.615385 0
0.461538 0.538462 0
0.538462 0.461538 0
0.615385 0.384615 0
0.692308 0.307692 0
0.769231 0.230769 0
0.846154 0.153846 0
0.923077 0.0769231 0
0 0.0588235 0.941176
0 0.117647 0.882353
0 0.176471 0.823529
0 0.235294 0.764706
0 0.294118 0.705882
0 0.352941 0.647059
0 0.411765 0.588235
0 0.470588 0.529412
0 0.529412 0.470588
0 0.588235 0.411765
0 0.647059 0.352941
0 0.705882 0.294118
0 0.764706 0.235294
0 0.823529 0.176471
0 0.882353 0.117647
0 0.941177 0.0588235
0.9 0 0.1
0.8 0 0.2
0.7 0 0.3
0.6 0 0.4
0.5 0 0.5
0.4 0 0.6
0.3 0 0.7
0.2 0 0.8
0.1 0 0.9
0.617254 0.119992 0.262754
0.103567 0.486266 0.410166
0.275373 0.129143 0.595484
0.173407 0.597776 0.228818
0.457435 0.42076 0.121805
0.780899 0.0653702 0.153731
0.423247 0.0614133 0.51534
0.654763 0.272835 0.072402
0.721452 0.190354 0.0881936
0.72106 0.13069 0.148249
0.388111 0.255154 0.356735
0.179203 0.243274 0.577523
0.275272 0.643934 0.0807936
0.686019 0.0535314 0.26045
0.30225 0.521199 0.176551
0.39481 0.126217 0.478973
0.18492 0.336463 0.478618
0.162422 0.536001 0.301577
0.105516 0.411816 0.482667
0.547496 0.0768863 0.375617
0.158233 0.194463 0.647304
0.581562 0.258437 0.160001
0.54149 0.330216 0.128294
0.302095 0.472242 0.225663
0.0802679 0.36501 0.554722
0.134197 0.141353 0.724449
0.155182 0.783678 0.0611403
0.610707 0.189473 0.19982
0.268788 0.257421 0.473791
0.22501 0.393881 0.381109
0.454821 0.338912 0.206267
0.109011 0.304747 0.586242
0.275241 0.0691099 0.655649
0.137683 0.680703 0.181614
0.509032 0.195219 0.295748
0.888557 0.0486693 0.0627735
0.0638988 0.885555 0.0505462
0.157958 0.0678271 0.774214
0.340499 0.403563 0.255939
0.285006 0.188982 0.526012
0.208226 0.71621 0.0755637
0.407515 0.512708 0.079777
0.218403 0.461298 0.320298
0.0964207 0.762886 0.140693
0.43291 0.172466 0.394625
0.822367 0.110492 0.0671417
0.0813901 0.599165 0.319445
0.359634 0.331965 0.308401
0.0794448 0.829546 0.0910096
0.28567 0.314828 0.399503
0.480989 0.263768 0.255243
0.595369 0.346043 0.0585876
0.27323 0.589193 0.137577
0.081901 0.256611 0.661488
0.0825927 0.0560366 0.861371
0.0660889 0.119896 0.814015
0.0746697 0.65123 0.2741
0.366473 0.577831 0.0556964


3 1 30
15 2 39
23 22 41
24 23 41
10 9 44
32 31 45
36 35 46
35 34 46
12 11 47
13 12 48
12 47 48
40 45 49
7 6 52
33 32 53
32 45 53
45 40 53
42 46 55
24 41 57
54 43 57
22 21 58
41 22 58
34 33 59
33 53 59
46 34 59
55 46 59
53 40 59
48 47 61
61 47 62
44 54 63
54 57 63
21 20 64
56 58 64
58 21 64
18 17 65
60 18 65
42 60 65
5 4 66
40 49 67
49 48 67
48 61 67
41 58 69
58 56 69
62 44 70
61 62 70
20 19 71
64 20 71
56 64 71
51 68 71
68 56 71
37 36 72
36 46 72
46 42 72
42 65 72
27 26 73
40 67 74
0 14 75
31 0 75
45 31 75
4 3 76
3 30 76
30 29 76
38 37 77
37 72 77
72 65 77
44 63 78
70 44 78
42 55 79
51 60 79
60 42 79
68 51 79
6 5 80
5 66 80
52 6 80
73 52 80
9 8 81
44 9 81
54 44 81
57 41 82
63 57 82
78 63 82
41 69 82
69 78 82
28 27 83
80 66 83
27 73 83
73 80 83
50 68 84
59 40 84
40 74 84
74 50 84
55 59 84
68 79 84
79 55 84
14 13 85
13 48 85
48 49 85
75 14 85
49 45 85
45 75 85
25 24 86
24 57 86
57 43 86
70 78 87
78 69 87
29 28 88
76 29 88
66 4 88
4 76 88
28 83 88
83 66 88
56 68 89
68 50 89
50 87 89
69 56 89
87 69 89
67 61 90
74 67 90
61 70 90
70 87 90
50 74 90
87 50 90
11 10 91
10 44 91
44 62 91
47 11 91
62 47 91
43 54 92
52 73 92
73 43 92
54 81 92
19 18 93
18 60 93
60 51 93
51 71 93
71 19 93
16 15 94
15 39 94
39 38 94
38 77 94
17 16 95
65 17 95
77 65 95
16 94 95
94 77 95
26 25 96
43 73 96
73 26 96
25 86 96
86 43 96
8 7 97
7 52 97
52 92 97
81 8 97
92 81 97
