67
1 0 0
0 1 0
0 0 1
0.076923 0.923077 0
0.153846 0.846154 0
0.230769 0.769231 0
0.307692 0.692308 0
0.384615 0.615385 0
0.461538 0.538462 0
0.538462 0.461538 0
0.615385 0.384615 0
0.692308 0.307692 0
0.769231 0.230769 0
0.846154 0.153846 0
0.923077 0.0769231 0
0 0.0909091 0.909091
0 0.181818 0.818182
0 0.272727 0.727273
0 0.363636 0.636364
0 0.454545 0.545455
0 0.545455 0.454545
0 0.636364 0.363636
0 0.727273 0.272727
0 0.818182 0.181818
0 0.909091 0.0909091
0.857143 0 0.142857
0.714286 0 0.285714
0.571429 0 0.428571
0.428571 0 0.571429
0.285714 0 0.714286
0.142857 0 0.857143
0.642185 0.091649 0.266166
0.113288 0.49568 0.391032
0.290613 0.134176 0.575211
0.124438 0.594292 0.281269
0.489797 0.398519 0.111684
0.785163 0.0746469 0.14019
0.396813 0.0780552 0.525132
0.388938 0.257743 0.353319
0.180844 0.252973 0.566183
0.25581 0.616052 0.128138
0.323544 0.531159 0.145297
0.189817 0.340814 0.46937
0.646186 0.240273 0.113541
0.109338 0.401192 0.48947
0.569579 0.321857 0.108563
0.718475 0.15708 0.124445
0.144602 0.147788 0.70761
0.513745 0.250506 0.235749
0.0977679 0.782216 0.120016
0.441543 0.32804 0.230417
0.145109 0.690834 0.164057
0.507673 0.123425 0.368901
0.247936 0.433928 0.318136
0.0668645 0.858492 0.0746432
0.365779 0.394488 0.239734
0.247603 0.064597 0.6878
0.109822 0.0621946 0.827984
0.0877997 0.310134 0.602066
0.296694 0.319083 0.384223
0.538596 0.0551024 0.406302
0.399944 0.466031 0.134025
0.414881 0.177316 0.407803
0.274697 0.215484 0.50982
0.0808851 0.227514 0.6916
0.211928 0.533068 0.255004
0.576134 0.179342 0.244524


3 1 24
0 14 25
27 26 31
20 19 32
21 20 34
20 32 34
10 9 35
14 13 36
25 14 36
26 25 36
31 26 36
29 28 37
7 6 40
8 7 41
7 40 41
12 11 43
19 18 44
32 19 44
11 10 45
43 11 45
10 35 45
13 12 46
31 36 46
36 13 46
12 43 46
16 15 47
43 45 48
5 4 49
23 22 49
45 35 50
38 48 50
48 45 50
22 21 51
21 34 51
6 5 51
40 6 51
34 40 51
49 22 51
5 49 51
32 44 53
44 42 53
4 3 54
3 24 54
24 23 54
23 49 54
49 4 54
50 35 55
30 29 56
29 37 56
37 33 56
33 47 56
15 2 57
2 30 57
47 15 57
30 56 57
56 47 57
18 17 58
39 42 58
42 44 58
44 18 58
42 39 59
38 50 59
50 55 59
53 42 59
55 53 59
28 27 60
37 28 60
27 31 60
31 52 60
52 37 60
9 8 61
35 9 61
55 35 61
8 41 61
41 53 61
53 55 61
33 37 62
37 52 62
48 38 62
39 47 63
47 33 63
38 59 63
59 39 63
33 62 63
62 38 63
17 16 64
16 47 64
47 39 64
39 58 64
58 17 64
34 32 65
40 34 65
41 40 65
32 53 65
53 41 65
31 46 66
52 31 66
46 43 66
43 48 66
48 62 66
62 52 66
