94
1 0 0
0 1 0
0 0 1
0.076923 0.923077 0
0.153846 0.846154 0
0.230769 0.769231 0
0.307692 0.692308 0
0.384615 0.615385 0
0.461538 0.538462 0
0.538462 0.461538 0
0.615385 0.384615 0
0.692308 0.307692 0
0.769231 0.230769 0
0.846154 0.153846 0
0.923077 0.0769231 0
0 0.1 0.9
0 0.2 0.8
0 0.3 0.7
0 0.4 0.6
0 0.5 0.5
0 0.6 0.4
0 0.7 0.3
0 0.8 0.2
0 0.9 0.1
0.923077 0 0.0769231
0.846154 0 0.153846
0.769231 0 0.230769
0.692308 0 0.307692
0.615385 0 0.384615
0.538462 0 0.461538
0.461538 0 0.538462
0.384615 0 0.615385
0.307692 0 0.692308
0.230769 0 0.769231
0.153846 0 0.846154
0.076923 0 0.923077
0.6302 0.100086 0.269714
0.101755 0.483836 0.414409
0.258879 0.153776 0.587346
0.168095 0.591801 0.240104
0.481802 0.420251 0.0979472
0.784261 0.0878117 0.127927
0.412813 0.0795111 0.507676
0.653815 0.262695 0.0834898
0.744163 0.186949 0.0688883
0.406486 0.259019 0.334495
0.170817 0.261331 0.567852
0.270898 0.63848 0.0906217
0.0529536 0.134483 0.812563
0.311065 0.518313 0.170621
0.0491678 0.626335 0.324497
0.193206 0.328897 0.477896
0.492278 0.233925 0.273797
0.134851 0.388975 0.476174
0.57086 0.344849 0.0842907
0.689464 0.14901 0.161526
0.556905 0.0766694 0.366426
0.258306 0.251559 0.490135
0.348124 0.573261 0.0786149
0.18986 0.680775 0.129365
0.589796 0.225584 0.18462
0.0730554 0.326516 0.600429
0.117461 0.143752 0.738787
0.149756 0.764084 0.0861605
0.075084 0.830723 0.0941935
0.237168 0.380032 0.3828
0.436132 0.34323 0.220638
0.86242 0.0711825 0.0663979
0.24783 0.0674177 0.684752
0.339018 0.140742 0.520241
0.0901828 0.702037 0.20778
0.171827 0.481025 0.347149
0.321852 0.27432 0.403828
0.473338 0.122452 0.40421
0.51739 0.312866 0.169744
0.335861 0.389648 0.274491
0.24634 0.486538 0.267122
0.41783 0.515854 0.0663158
0.0565611 0.228488 0.714951
0.0544011 0.436705 0.508894
0.102052 0.065623 0.832325
0.39212 0.454066 0.153814
0.316383 0.0666541 0.616963
0.545907 0.158101 0.295992
0.188075 0.150869 0.661057
0.175055 0.067589 0.757356
0.236464 0.581869 0.181668
0.118719 0.228089 0.653192
0.10569 0.574958 0.319352
0.0484013 0.536703 0.414896
0.0340598 0.920896 0.0450439
0.389849 0.176525 0.433626
0.715381 0.0617098 0.222909
0.0413764 0.0559244 0.902699


0 14 24
28 27 36
9 8 40
26 25 41
31 30 42
11 10 43
13 12 44
41 13 44
12 11 44
11 43 44
6 5 47
16 15 48
21 20 50
46 51 53
10 9 54
9 40 54
43 10 54
41 44 55
44 43 55
29 28 56
28 36 56
46 38 57
51 46 57
7 6 58
6 47 58
47 49 58
47 5 59
43 54 60
36 55 60
55 43 60
18 17 61
46 53 61
5 4 63
59 5 63
4 3 64
63 4 64
23 22 64
53 51 65
51 57 65
45 52 66
14 13 67
24 14 67
25 24 67
13 41 67
41 25 67
33 32 68
31 42 69
57 38 69
22 21 70
21 50 70
39 59 70
59 63 70
63 64 70
64 22 70
37 53 71
53 65 71
65 57 72
57 69 72
30 29 73
42 30 73
52 45 73
29 56 73
52 60 74
60 54 74
66 52 74
54 40 74
40 66 74
65 72 75
45 66 75
72 45 75
39 71 76
71 65 76
65 75 76
75 49 76
8 7 77
7 58 77
40 8 77
17 16 78
16 48 78
48 62 78
61 17 78
53 37 79
19 18 79
18 61 79
61 53 79
35 34 80
62 48 80
49 75 81
75 66 81
58 49 81
77 58 81
66 40 81
40 77 81
38 68 82
68 32 82
32 31 82
31 69 82
69 38 82
60 52 83
56 36 83
36 60 83
52 73 83
73 56 83
38 46 84
68 38 84
34 33 85
62 80 85
80 34 85
84 62 85
33 68 85
68 84 85
47 59 86
59 39 86
39 76 86
49 47 86
76 49 86
46 61 87
61 78 87
78 62 87
62 84 87
84 46 87
39 70 88
70 50 88
71 39 88
37 71 88
20 19 89
50 20 89
19 79 89
79 37 89
37 88 89
88 50 89
3 1 90
1 23 90
23 64 90
64 3 90
69 42 91
45 72 91
72 69 91
42 73 91
73 45 91
27 26 92
36 27 92
55 36 92
26 41 92
41 55 92
15 2 93
2 35 93
35 80 93
48 15 93
80 48 93
