32
1 0 0
0 1 0
0 0 1
0.0769231 0.923077 0
0.153846 0.846154 0
0.230769 0.769231 0
0.307692 0.692308 0
0.384615 0.615385 0
0.461538 0.538462 0
0.538462 0.461538 0
0.615385 0.384615 0
0.692308 0.307692 0
0.769231 0.230769 0
0.846154 0.153846 0
0.923077 0.0769231 0
0 0.0769231 0.923077
0 0.153846 0.846154
0 0.230769 0.769231
0 0.307692 0.692308
0 0.384615 0.615385
0 0.461538 0.538462
0 0.538462 0.461538
0 0.615385 0.384615
0 0.692308 0.307692
0 0.769231 0.230769
0 0.846154 0.153846
0 0.923077 0.0769231
0.446341 0.0365492 0.51711
0.447897 0.114631 0.437471
0.410694 0.190778 0.398528
0.356694 0.26872 0.374586
0.338784 0.345755 0.315462


10 9 20
19 10 20
9 8 21
20 9 21
8 7 22
21 8 22
7 6 23
22 7 23
6 5 24
23 6 24
5 4 25
24 5 25
3 1 26
4 3 26
25 4 26
2 0 27
15 2 27
0 14 27
14 15 27
14 13 28
13 16 28
15 14 28
16 15 28
13 12 29
12 17 29
16 13 29
17 16 29
12 11 30
11 18 30
17 12 30
18 17 30
11 10 31
10 19 31
18 11 31
19 18 31
