53
1 0 0
0 1 0
0 0 1
0.076923 0.923077 0
0.153846 0.846154 0
0.230769 0.769231 0
0.307692 0.692308 0
0.384615 0.615385 0
0.461538 0.538462 0
0.538462 0.461538 0
0.615385 0.384615 0
0.692308 0.307692 0
0.769231 0.230769 0
0.846154 0.153846 0
0.923077 0.0769231 0
0 0.0833333 0.916667
0 0.166667 0.833333
0 0.25 0.75
0 0.333333 0.666667
0 0.416667 0.583333
0 0.5 0.5
0 0.583333 0.416667
0 0.666667 0.333333
0 0.75 0.25
0 0.833333 0.166667
0 0.916667 0.0833333
0.8 0 0.2
0.6 0 0.4
0.4 0 0.6
0.2 0 0.8
0.631445 0.105379 0.263177
0.297787 0.155684 0.546529
0.183954 0.616428 0.199618
0.473982 0.393251 0.132767
0.758329 0.0682448 0.173427
0.405414 0.0738779 0.520708
0.389087 0.254734 0.356179
0.162269 0.238282 0.599448
0.312494 0.522059 0.165447
0.222518 0.327893 0.449589
0.601084 0.245561 0.153355
0.136688 0.395018 0.468295
0.539295 0.31986 0.140845
0.101163 0.780521 0.118316
0.138916 0.70595 0.155134
0.128507 0.145144 0.726349
0.500058 0.171854 0.328089
0.156707 0.469854 0.373439
0.685913 0.178577 0.13551
0.173328 0.0702857 0.756386
0.386538 0.339641 0.273821
0.316538 0.421309 0.262153
0.133422 0.542452 0.324126


3 1 25
4 3 25
24 4 25
0 14 26
7 6 32
22 21 32
10 9 33
14 13 34
13 30 34
26 14 34
27 26 34
30 27 34
28 27 35
27 30 35
29 28 35
17 16 37
18 17 37
31 36 37
8 7 38
7 32 38
9 8 38
18 37 39
37 36 39
12 11 40
19 18 41
18 39 41
11 10 42
10 33 42
36 40 42
40 11 42
5 4 43
4 24 43
24 23 43
6 5 44
23 22 44
22 32 44
32 6 44
5 43 44
43 23 44
16 15 45
31 37 45
37 16 45
31 35 46
35 30 46
36 31 46
40 36 46
20 19 47
19 41 47
13 12 48
30 13 48
46 30 48
12 40 48
40 46 48
15 2 49
2 29 49
45 15 49
29 35 49
35 31 49
31 45 49
42 33 50
39 36 50
36 42 50
33 9 51
9 38 51
38 47 51
47 41 51
50 33 51
41 39 51
39 50 51
32 21 52
38 32 52
21 20 52
20 47 52
47 38 52
