89
1 0 0
0 1 0
0 0 1
0.0769231 0.923077 0
0.153846 0.846154 0
0.230769 0.769231 0
0.307692 0.692308 0
0.384615 0.615385 0
0.461538 0.538462 0
0.538462 0.461538 0
0.615385 0.384615 0
0.692308 0.307692 0
0.769231 0.230769 0
0.846154 0.153846 0
0.923077 0.0769231 0
0 0.0999999 0.9
0 0.2 0.8
0 0.3 0.7
0 0.4 0.6
0 0.5 0.5
0 0.6 0.4
0 0.7 0.3
0 0.8 0.2
0 0.9 0.1
0.916667 0 0.0833333
0.833333 0 0.166667
0.75 0 0.25
0.666667 0 0.333333
0.583333 0 0.416667
0.5 0 0.5
0.416667 0 0.583333
0.333333 0 0.666667
0.25 0 0.75
0.166667 0 0.833333
0.0833334 0 0.916667
0.622429 0.0976563 0.279914
0.0810339 0.499526 0.419441
0.285037 0.138772 0.576191
0.155848 0.607837 0.236315
0.480328 0.418982 0.100689
0.785394 0.0673025 0.147304
0.421127 0.0742198 0.504653
0.640272 0.285582 0.0741457
0.398191 0.255063 0.346746
0.148357 0.260661 0.590982
0.278923 0.637125 0.083952
0.0559787 0.137385 0.806636
0.691285 0.0532821 0.255433
0.324667 0.522496 0.152837
0.0467186 0.642059 0.311223
0.190644 0.324248 0.485108
0.492241 0.23623 0.271529
0.132181 0.391826 0.475993
0.568772 0.346551 0.0846768
0.703925 0.119851 0.176224
0.545364 0.0755838 0.379052
0.253237 0.2446 0.502163
0.191307 0.67986 0.128833
0.600065 0.22166 0.178275
0.068403 0.333015 0.598582
0.127562 0.154677 0.717761
0.149976 0.763941 0.0860831
0.0781446 0.823396 0.0984594
0.236916 0.379061 0.384023
0.435916 0.337305 0.226779
0.853447 0.0752947 0.0712583
0.40611 0.509356 0.0845347
0.355824 0.166022 0.478154
0.0890644 0.704243 0.206692
0.778483 0.142754 0.0787629
0.173147 0.494845 0.332008
0.316184 0.286517 0.3973
0.518558 0.312303 0.169139
0.337534 0.387022 0.275444
0.260145 0.473679 0.266176
0.265668 0.0685425 0.665789
0.463588 0.137443 0.398969
0.0671533 0.233093 0.699754
0.0529996 0.42755 0.51945
0.108545 0.067247 0.824207
0.207726 0.158201 0.634074
0.546964 0.159057 0.293979
0.044671 0.0568255 0.898504
0.230126 0.571651 0.198223
0.185617 0.0717985 0.742584
0.396904 0.432091 0.171005
0.0954173 0.582917 0.321666
0.69912 0.20961 0.091271
0.347311 0.0665682 0.586121


3 1 23
0 14 24
28 27 35
20 19 36
9 8 39
26 25 40
30 29 41
11 10 42
7 6 45
6 5 45
16 15 46
27 26 47
35 27 47
26 40 47
7 45 48
21 20 49
44 50 52
10 9 53
9 39 53
42 10 53
47 40 54
35 47 54
29 28 55
28 35 55
50 44 56
45 5 57
42 53 58
35 54 58
18 17 59
44 52 59
5 4 61
57 5 61
4 3 62
61 4 62
3 23 62
23 22 62
52 50 63
50 56 63
43 51 64
14 13 65
24 14 65
25 24 65
40 25 65
8 7 66
7 48 66
39 8 66
56 37 67
22 21 68
21 49 68
38 57 68
57 61 68
62 22 68
61 62 68
13 12 69
54 40 69
40 65 69
65 13 69
36 52 70
52 63 70
63 56 71
56 67 71
67 43 71
51 58 72
58 53 72
64 51 72
53 39 72
39 64 72
63 71 73
43 64 73
71 43 73
73 48 74
70 63 74
63 73 74
32 31 75
51 43 76
41 29 76
29 55 76
43 67 76
67 41 76
17 16 77
16 46 77
46 60 77
44 59 77
60 44 77
59 17 77
19 18 78
36 19 78
52 36 78
18 59 78
59 52 78
34 33 79
60 46 79
37 56 80
56 44 80
44 60 80
75 37 80
55 35 81
35 58 81
58 51 81
51 76 81
76 55 81
15 2 82
2 34 82
34 79 82
46 15 82
79 46 82
45 57 83
57 38 83
48 45 83
74 48 83
38 70 83
70 74 83
33 32 84
32 75 84
60 79 84
79 33 84
75 80 84
80 60 84
64 39 85
39 66 85
73 64 85
66 48 85
48 73 85
20 36 86
49 20 86
38 68 86
68 49 86
36 70 86
70 38 86
12 11 87
11 42 87
42 58 87
58 54 87
54 69 87
69 12 87
31 30 88
30 41 88
41 67 88
67 37 88
37 75 88
75 31 88
