134
1 0 0
0 1 0
0 0 1
0.0769231 0.923077 0
0.153846 0.846154 0
0.230769 0.769231 0
0.307692 0.692308 0
0.384615 0.615385 0
0.461538 0.538462 0
0.538462 0.461538 0
0.615385 0.384615 0
0.692308 0.307692 0
0.769231 0.230769 0
0.846154 0.153846 0
0.923077 0.0769231 0
0 0.0555556 0.944444
0 0.111111 0.888889
0 0.166667 0.833333
0 0.222222 0.777778
0 0.277778 0.722222
0 0.333333 0.666667
0 0.388889 0.611111
0 0.444444 0.555556
0 0.5 0.5
0 0.555556 0.444444
0 0.611111 0.388889
0 0.666667 0.333333
0 0.722222 0.277778
0 0.777778 0.222222
0 0.833333 0.166667
0 0.888889 0.111111
0 0.944444 0.0555556
0.933333 0 0.0666667
0.866667 0 0.133333
0.8 0 0.2
0.733333 0 0.266667
0.666667 0 0.333333
0.6 0 0.4
0.533333 0 0.466667
0.466667 0 0.533333
0.4 0 0.6
0.333333 0 0.666667
0.266667 0 0.733333
0.2 0 0.8
0.133333 0 0.866667
0.0666667 0 0.933333
0.636835 0.117513 0.245652
0.0917429 0.499026 0.409231
0.282302 0.141327 0.576371
0.154908 0.622918 0.222173
0.494315 0.398555 0.10713
0.786361 0.0633891 0.15025
0.413986 0.0641241 0.52189
0.759001 0.187214 0.0537846
0.657095 0.263962 0.0789426
0.694495 0.125392 0.180113
0.399219 0.256403 0.344378
0.182821 0.23802 0.579159
0.27558 0.634995 0.0894253
0.316321 0.526485 0.157194
0.378884 0.125698 0.495418
0.176203 0.334391 0.489406
0.4913 0.229807 0.278893
0.168212 0.542041 0.289747
0.12559 0.401492 0.472917
0.591913 0.334517 0.0735695
0.865968 0.0583209 0.0757115
0.550284 0.0767881 0.372928
0.1614 0.188983 0.649617
0.257068 0.25988 0.483052
0.187376 0.700181 0.112443
0.243936 0.705583 0.0504806
0.33768 0.0606657 0.601654
0.591832 0.251532 0.156636
0.302282 0.475287 0.222431
0.767785 0.127043 0.105172
0.0824463 0.375153 0.542401
0.079766 0.318695 0.601539
0.150374 0.127646 0.72198
0.162436 0.773644 0.0639196
0.595828 0.192684 0.211488
0.0814082 0.833156 0.0854355
0.229716 0.400749 0.369535
0.15153 0.42995 0.41852
0.0911417 0.772482 0.136377
0.440867 0.341032 0.218101
0.398658 0.517039 0.0843032
0.254227 0.0660286 0.679745
0.0764512 0.697875 0.225673
0.71489 0.057706 0.227404
0.371299 0.218066 0.410635
0.477305 0.463835 0.0588592
0.226566 0.616044 0.15739
0.166715 0.47869 0.354595
0.312063 0.283937 0.403999
0.489679 0.0660652 0.444256
0.489113 0.166312 0.344575
0.618473 0.078818 0.302709
0.0646761 0.886367 0.0489571
0.528435 0.322655 0.14891
0.0840467 0.260628 0.655325
0.439031 0.140215 0.420754
0.132317 0.0696125 0.79807
0.349573 0.391946 0.258481
0.313698 0.345338 0.340964
0.410729 0.308215 0.281056
0.4167 0.403318 0.179982
0.281772 0.190045 0.528183
0.677443 0.194199 0.128358
0.19785 0.05739 0.74476
0.0672991 0.0871715 0.845529
0.836508 0.117815 0.0456771
0.0734117 0.204183 0.722406
0.0699611 0.597976 0.332063
0.0822117 0.641114 0.276675
0.401465 0.462549 0.135987
0.368116 0.579089 0.0527957
0.0571688 0.047205 0.895626
0.0523132 0.440998 0.506688
0.31777 0.570611 0.111618
0.257827 0.440535 0.301638
0.560308 0.159867 0.279825
0.0695953 0.143879 0.786525
0.232802 0.553501 0.213697
0.564633 0.391903 0.0434635
0.316936 0.644048 0.0390157
0.232288 0.122761 0.644951
0.15742 0.301506 0.541074
0.50894 0.272628 0.218432
0.12305 0.703017 0.173933
0.0634822 0.477992 0.458526
0.230375 0.343423 0.426203
0.079226 0.547307 0.373467
0.341693 0.190563 0.467744


3 1 31
0 14 32
15 2 45
34 33 51
39 38 52
40 39 52
13 12 53
12 11 54
53 12 54
48 52 60
11 10 65
54 11 65
32 14 66
33 32 66
51 33 66
37 36 67
48 57 68
6 5 71
70 58 71
41 40 72
40 52 72
52 48 72
55 51 75
51 66 75
22 21 76
61 64 76
21 20 77
76 21 77
5 4 79
70 71 79
71 5 79
46 55 80
79 4 81
30 29 81
29 28 84
81 29 84
70 79 84
79 81 84
42 41 87
41 72 87
28 27 88
35 34 89
55 46 89
34 51 89
51 55 89
9 8 91
8 86 91
58 70 92
47 83 93
83 82 93
90 56 94
69 90 94
52 38 95
60 52 95
38 37 95
37 67 95
62 56 96
56 90 96
36 35 97
67 36 97
35 89 97
89 46 97
96 67 97
4 3 98
81 4 98
3 31 98
31 30 98
30 81 98
65 50 99
54 65 99
73 54 99
20 19 100
77 20 100
68 57 100
57 77 100
60 95 101
96 90 101
95 67 101
67 96 101
44 43 102
94 56 104
56 62 105
104 56 105
85 103 105
103 104 105
85 99 106
99 50 106
74 103 106
103 85 106
57 48 107
69 57 107
48 60 107
53 54 108
75 53 108
54 73 108
55 75 108
73 80 108
80 55 108
42 87 109
87 78 109
43 42 109
102 43 109
78 102 109
17 16 110
44 102 110
14 13 111
66 14 111
13 53 111
53 75 111
75 66 111
19 18 112
78 68 112
68 100 112
100 19 112
26 25 113
27 26 114
88 27 114
49 88 114
26 113 114
63 49 114
113 63 114
50 91 115
91 86 115
59 74 115
74 106 115
106 50 115
86 59 115
8 7 116
86 8 116
16 15 117
110 16 117
15 45 117
45 44 117
44 110 117
23 22 118
22 76 118
76 64 118
58 92 119
92 59 119
116 58 119
59 86 119
86 116 119
74 63 120
63 93 120
103 74 120
93 82 120
82 104 120
104 103 120
46 80 121
80 62 121
62 96 121
96 97 121
97 46 121
18 17 122
102 78 122
17 110 122
110 102 122
78 112 122
112 18 122
74 59 123
49 63 123
63 74 123
59 92 123
92 49 123
50 65 124
65 10 124
10 9 124
9 91 124
91 50 124
7 6 125
6 71 125
71 58 125
58 116 125
116 7 125
48 68 126
72 48 126
87 72 126
68 78 126
78 87 126
57 69 127
69 61 127
77 57 127
61 76 127
76 77 127
62 80 128
80 73 128
73 99 128
99 85 128
85 105 128
105 62 128
84 28 129
28 88 129
70 84 129
92 70 129
88 49 129
49 92 129
24 23 130
47 24 130
23 118 130
64 83 130
118 64 130
83 47 130
64 61 131
83 64 131
82 83 131
61 69 131
69 94 131
94 104 131
104 82 131
25 24 132
24 47 132
113 25 132
47 93 132
93 63 132
63 113 132
60 101 133
101 90 133
107 60 133
90 69 133
69 107 133
