134
1 0 0
0 1 0
0 0 1
0.076923 0.923077 0
0.153846 0.846154 0
0.230769 0.769231 0
0.307692 0.692308 0
0.384615 0.615385 0
0.461538 0.538462 0
0.538462 0.461538 0
0.615385 0.384615 0
0.692308 0.307692 0
0.769231 0.230769 0
0.846154 0.153846 0
0.923077 0.0769231 0
0 0.0666667 0.933333
0 0.133333 0.866667
0 0.2 0.8
0 0.266667 0.733333
0 0.333333 0.666667
0 0.4 0.6
0 0.466667 0.533333
0 0.533333 0.466667
0 0.6 0.4
0 0.666667 0.333333
0 0.733333 0.266667
0 0.8 0.2
0 0.866667 0.133333
0 0.933333 0.0666667
0.944444 0 0.0555556
0.888889 0 0.111111
0.833333 0 0.166667
0.777778 0 0.222222
0.722222 0 0.277778
0.666667 0 0.333333
0.611111 0 0.388889
0.555556 0 0.444444
0.5 0 0.5
0.444444 0 0.555556
0.388889 0 0.611111
0.333333 0 0.666667
0.277778 0 0.722222
0.222222 0 0.777778
0.166667 0 0.833333
0.111111 0 0.888889
0.0555556 0 0.944444
0.625606 0.13539 0.239004
0.0959637 0.490487 0.413549
0.268648 0.149428 0.581924
0.159953 0.608182 0.231865
0.494952 0.404395 0.100653
0.796645 0.0677591 0.135596
0.416501 0.0815022 0.501997
0.660317 0.280523 0.0591594
0.667101 0.14559 0.18731
0.747705 0.181352 0.0709427
0.395019 0.246565 0.358416
0.171541 0.252939 0.57552
0.276922 0.629767 0.0933113
0.0690911 0.114751 0.816158
0.317726 0.540104 0.14217
0.192423 0.31731 0.490267
0.487814 0.235058 0.277129
0.290781 0.500754 0.208465
0.165118 0.536045 0.298837
0.116103 0.403208 0.480689
0.584318 0.322797 0.0928851
0.884153 0.0640746 0.0517722
0.533866 0.0870179 0.379116
0.142155 0.198212 0.659632
0.258179 0.22968 0.512141
0.34716 0.587329 0.0655108
0.19762 0.687952 0.114428
0.241067 0.707705 0.0512279
0.595585 0.232371 0.172043
0.075856 0.372444 0.5517
0.0758834 0.306042 0.618075
0.11619 0.147453 0.736357
0.343981 0.248933 0.407086
0.163546 0.7778 0.0586541
0.0725623 0.838935 0.0885024
0.228454 0.388618 0.382928
0.442535 0.336552 0.220913
0.44051 0.406627 0.152862
0.270086 0.0734074 0.656506
0.138835 0.687937 0.173228
0.337409 0.138157 0.524434
0.0727551 0.700709 0.226536
0.0632256 0.77835 0.158425
0.707413 0.0646385 0.227949
0.479161 0.470708 0.0501308
0.487544 0.0683092 0.444147
0.475406 0.184774 0.33982
0.567111 0.133321 0.299568
0.516495 0.32245 0.161055
0.662812 0.21436 0.122828
0.427868 0.152486 0.419647
0.825576 0.0993389 0.0750846
0.137575 0.0648364 0.797589
0.0668317 0.246481 0.686687
0.340093 0.411444 0.248463
0.308381 0.33743 0.354189
0.172693 0.398687 0.428619
0.396241 0.307145 0.296614
0.338334 0.195935 0.465731
0.227466 0.59579 0.176744
0.40536 0.489765 0.104875
0.195647 0.0853258 0.719027
0.0536433 0.195688 0.750668
0.0508129 0.649974 0.299213
0.349414 0.0643784 0.586207
0.540793 0.23022 0.228987
0.0996163 0.561184 0.3392
0.732845 0.11058 0.156575
0.369679 0.44706 0.183261
0.548773 0.403323 0.047904
0.160063 0.474003 0.365934
0.0535883 0.0591457 0.887266
0.416745 0.539399 0.0438555
0.608423 0.0549487 0.336628
0.24006 0.502954 0.256986
0.139847 0.329999 0.530154
0.0544256 0.462272 0.483303
0.230158 0.443126 0.326716
0.0415196 0.532212 0.426268
0.209638 0.14948 0.640882
0.124104 0.757284 0.118612
0.261597 0.304699 0.433704
0.0480331 0.912875 0.0390921
0.302297 0.399494 0.298209
0.107208 0.856808 0.0359839
0.65538 0.0598554 0.284764
0.10701 0.616643 0.276347
0.0461363 0.587284 0.36658


0 14 29
15 2 45
31 30 51
32 31 51
38 37 52
11 10 53
12 11 55
11 53 55
17 16 59
53 10 66
14 13 67
29 14 67
30 29 67
36 35 68
57 48 70
61 57 70
7 6 71
6 58 71
58 60 71
6 5 73
58 6 73
72 58 73
46 54 74
21 20 75
20 19 76
75 20 76
69 57 76
57 75 76
5 4 79
73 5 79
72 73 79
28 27 80
41 40 84
70 48 86
26 25 87
49 85 87
27 26 88
80 27 88
26 87 88
87 85 88
33 32 89
54 46 89
9 8 90
37 36 91
36 68 91
52 37 91
62 92 93
92 68 93
66 50 94
74 66 94
50 83 94
83 82 94
55 53 95
74 54 95
53 66 95
66 74 95
56 78 96
52 91 96
92 56 96
91 68 96
68 92 96
13 12 97
12 55 97
51 30 97
30 67 97
67 13 97
55 51 97
44 43 98
59 44 98
43 42 98
77 59 98
19 18 99
69 76 99
76 19 99
77 69 99
78 56 101
47 65 102
65 61 102
62 82 103
56 92 103
92 62 103
82 100 103
101 56 103
70 86 104
96 78 104
86 52 104
52 96 104
60 58 105
58 72 105
63 60 105
72 85 105
85 49 105
71 60 106
83 50 106
50 90 106
42 41 107
69 77 107
41 84 107
77 98 107
98 42 107
18 17 108
17 59 108
59 77 108
77 99 108
99 18 108
25 24 109
87 25 109
40 39 110
84 40 110
48 84 110
39 38 110
38 52 110
52 86 110
86 48 110
46 74 111
62 93 111
93 46 111
74 94 111
82 62 111
94 82 111
32 51 113
89 32 113
54 89 113
95 54 113
51 55 113
55 95 113
60 63 114
63 100 114
82 83 114
100 82 114
83 106 114
106 60 114
10 9 115
66 10 115
50 66 115
9 90 115
90 50 115
64 112 116
47 102 116
112 47 116
102 81 116
16 15 117
15 45 117
45 44 117
44 59 117
59 16 117
8 7 118
7 71 118
71 106 118
90 8 118
106 90 118
35 34 119
68 35 119
93 68 119
49 64 120
100 63 120
63 105 120
105 49 120
57 61 121
75 57 121
61 65 121
65 75 121
22 21 122
65 47 122
21 75 122
75 65 122
64 116 123
116 81 123
120 64 123
81 101 123
23 22 124
22 122 124
122 47 124
48 57 125
57 69 125
84 48 125
69 107 125
107 84 125
72 79 126
85 72 126
79 80 126
80 88 126
88 85 126
61 70 127
78 101 127
101 81 127
81 102 127
102 61 127
70 104 127
104 78 127
3 1 128
1 28 128
28 80 128
101 103 129
103 100 129
123 101 129
100 120 129
120 123 129
79 4 130
80 79 130
4 3 130
3 128 130
128 80 130
34 33 131
33 89 131
89 46 131
119 34 131
46 93 131
93 119 131
64 49 132
49 87 132
87 109 132
109 112 132
112 64 132
24 23 133
109 24 133
112 109 133
47 112 133
124 47 133
23 124 133
