65
1 0 0
0 1 0
0 0 1
0.0769231 0.923077 0
0.153846 0.846154 0
0.230769 0.769231 0
0.307692 0.692308 0
0.384615 0.615385 0
0.461538 0.538462 0
0.538462 0.461538 0
0.615385 0.384615 0
0.692308 0.307692 0
0.769231 0.230769 0
0.846154 0.153846 0
0.923077 0.0769231 0
0 0.0833334 0.916667
0 0.166667 0.833333
0 0.25 0.75
0 0.333333 0.666667
0 0.416667 0.583333
0 0.5 0.5
0 0.583333 0.416667
0 0.666667 0.333333
0 0.75 0.25
0 0.833333 0.166667
0 0.916667 0.0833333
0.833333 0 0.166667
0.666667 0 0.333333
0.5 0 0.5
0.333333 0 0.666667
0.166667 0 0.833333
0.657229 0.110961 0.231811
0.116026 0.499834 0.38414
0.303926 0.123054 0.573021
0.140879 0.60382 0.255301
0.477138 0.402483 0.120378
0.777272 0.0698402 0.152888
0.400952 0.0637565 0.535292
0.697906 0.17705 0.125045
0.362691 0.263679 0.37363
0.181994 0.241113 0.576892
0.279571 0.52457 0.195859
0.213539 0.330304 0.456156
0.643471 0.23713 0.119399
0.139106 0.401845 0.459049
0.555964 0.338995 0.10504
0.204666 0.676895 0.118439
0.152241 0.141293 0.706466
0.0988666 0.780682 0.120452
0.40989 0.336106 0.254004
0.242099 0.0607994 0.697102
0.464688 0.130711 0.404601
0.522093 0.194699 0.283207
0.318636 0.403674 0.277689
0.554715 0.0616128 0.383672
0.107031 0.05863 0.834339
0.318521 0.191233 0.490246
0.105983 0.705115 0.188902
0.239901 0.457618 0.302481
0.0882093 0.201755 0.710035
0.400912 0.470388 0.128701
0.292987 0.60154 0.105473
0.531959 0.27625 0.191792
0.0591744 0.876115 0.0647104
0.0879294 0.293762 0.618309


3 1 25
0 14 26
20 19 32
21 20 32
22 21 34
21 32 34
10 9 35
14 13 36
13 31 36
26 14 36
27 26 36
31 27 36
29 28 37
13 12 38
31 13 38
34 32 41
40 39 42
12 11 43
38 12 43
32 19 44
19 18 44
18 42 44
11 10 45
10 35 45
6 5 46
16 15 47
5 4 48
4 24 48
24 23 48
42 39 49
45 35 49
30 29 50
29 37 50
37 33 50
33 47 50
33 37 51
31 38 52
51 31 52
38 43 52
49 35 53
44 42 53
42 49 53
28 27 54
27 31 54
31 51 54
37 28 54
51 37 54
15 2 55
2 30 55
30 50 55
47 15 55
50 47 55
39 40 56
40 47 56
47 33 56
33 51 56
51 52 56
52 39 56
23 22 57
22 34 57
34 46 57
48 23 57
46 5 57
5 48 57
41 32 58
32 44 58
44 53 58
17 16 59
40 17 59
16 47 59
47 40 59
9 8 60
8 41 60
35 9 60
53 35 60
41 58 60
58 53 60
8 7 61
41 8 61
34 41 61
7 6 61
6 46 61
46 34 61
43 11 62
11 45 62
45 49 62
49 39 62
39 52 62
52 43 62
4 3 63
3 25 63
24 4 63
25 24 63
18 17 64
17 40 64
40 42 64
42 18 64
