126
1 0 0
0 1 0
0 0 1
0.0769231 0.923077 0
0.153846 0.846154 0
0.230769 0.769231 0
0.307692 0.692308 0
0.384615 0.615385 0
0.461538 0.538462 0
0.538462 0.461538 0
0.615385 0.384615 0
0.692308 0.307692 0
0.769231 0.230769 0
0.846154 0.153846 0
0.923077 0.0769231 0
0 0.0714285 0.928571
0 0.142857 0.857143
0 0.214286 0.785714
0 0.285714 0.714286
0 0.357143 0.642857
0 0.428571 0.571429
0 0.5 0.5
0 0.571429 0.428571
0 0.642857 0.357143
0 0.714286 0.285714
0 0.785714 0.214286
0 0.857143 0.142857
0 0.928571 0.0714286
0.941176 0 0.0588235
0.882353 0 0.117647
0.823529 0 0.176471
0.764706 0 0.235294
0.705882 0 0.294118
0.647059 0 0.352941
0.588235 0 0.411765
0.529412 0 0.470588
0.470588 0 0.529412
0.411765 0 0.588235
0.352941 0 0.647059
0.294118 0 0.705882
0.235294 0 0.764706
0.176471 0 0.823529
0.117647 0 0.882353
0.0588235 0 0.941176
0.621081 0.140037 0.238882
0.102525 0.487659 0.409815
0.269721 0.153006 0.577273
0.155212 0.616803 0.227985
0.480152 0.417506 0.102342
0.798173 0.0753383 0.126488
0.424917 0.0717072 0.503376
0.653426 0.275465 0.0711091
0.669522 0.144411 0.186067
0.741853 0.184819 0.0733277
0.395861 0.244488 0.359651
0.178248 0.249463 0.57229
0.276764 0.629647 0.0935894
0.0668743 0.120859 0.812266
0.313095 0.539443 0.147461
0.188215 0.321371 0.490414
0.490033 0.232837 0.27713
0.16703 0.534693 0.298277
0.102884 0.415159 0.481956
0.571467 0.340271 0.0882615
0.882643 0.0652277 0.0521295
0.554073 0.076521 0.369406
0.155296 0.18499 0.659714
0.258299 0.229369 0.512332
0.346824 0.585631 0.0675455
0.204067 0.682579 0.113355
0.240933 0.707949 0.0511183
0.33401 0.0673602 0.59863
0.604227 0.237194 0.158579
0.288194 0.489499 0.222307
0.0692665 0.38713 0.543603
0.0814595 0.311606 0.606934
0.116592 0.148306 0.735102
0.340022 0.253288 0.406691
0.166072 0.766658 0.0672701
0.0835524 0.834807 0.0816407
0.232924 0.393182 0.373895
0.442521 0.335406 0.222073
0.258309 0.0845148 0.657176
0.135536 0.710156 0.154308
0.35023 0.125668 0.524102
0.0725268 0.699207 0.228266
0.0604618 0.777857 0.161682
0.698964 0.065615 0.235421
0.493391 0.0700229 0.436586
0.477874 0.172177 0.34995
0.569927 0.126964 0.303109
0.514925 0.326096 0.158979
0.410505 0.156454 0.433041
0.130894 0.0693265 0.799779
0.0690559 0.251983 0.678962
0.520394 0.434677 0.0449285
0.345985 0.391703 0.262313
0.437356 0.405438 0.157206
0.316848 0.337762 0.34539
0.683685 0.192561 0.123754
0.0480109 0.500974 0.451015
0.408992 0.293912 0.297096
0.325777 0.209057 0.465166
0.430431 0.514037 0.0555314
0.226397 0.598321 0.175282
0.196542 0.0709726 0.732485
0.0530684 0.202607 0.744324
0.0498498 0.651216 0.298934
0.09002 0.567375 0.342605
0.81978 0.115944 0.0642761
0.741519 0.0956177 0.162863
0.367819 0.44172 0.190461
0.167254 0.474108 0.358638
0.540018 0.234554 0.225428
0.251803 0.445307 0.302891
0.0523814 0.0654122 0.882206
0.648553 0.0589956 0.292452
0.391284 0.491681 0.117035
0.219559 0.532738 0.247704
0.258438 0.309823 0.43174
0.0427804 0.917793 0.0394264
0.213221 0.166652 0.620126
0.0444591 0.562001 0.39354
0.172127 0.401179 0.426694
0.107323 0.614838 0.277839
0.133134 0.329108 0.537758


0 14 28
15 2 43
30 29 49
37 36 50
11 10 51
12 11 53
11 51 53
17 16 57
51 10 63
14 13 64
28 14 64
29 28 64
34 33 65
55 46 67
59 55 67
7 6 68
6 56 68
56 58 68
6 5 70
56 6 70
69 56 70
38 37 71
44 52 72
51 63 72
21 20 74
62 21 74
20 19 75
74 20 75
66 55 75
5 4 78
70 5 78
69 70 78
4 3 79
78 4 79
27 26 79
39 38 82
38 71 82
71 46 82
69 78 83
78 79 83
67 46 84
37 50 84
71 37 84
46 71 84
25 24 85
47 83 85
79 26 86
83 79 86
26 25 86
25 85 86
85 83 86
32 31 87
52 44 87
36 35 88
50 36 88
35 34 88
34 65 88
88 65 89
65 33 90
60 89 90
89 65 90
63 48 91
72 63 91
54 77 92
84 50 92
50 88 92
88 89 92
89 54 92
42 41 93
57 42 93
76 57 93
19 18 94
75 19 94
66 75 94
76 66 94
9 8 95
10 9 95
63 10 95
48 63 95
81 91 97
91 48 97
77 54 98
53 51 99
51 72 99
72 52 99
22 21 100
21 62 100
62 45 100
60 81 101
54 89 101
89 60 101
81 96 101
96 98 101
98 54 101
67 84 102
84 92 102
92 77 102
8 7 103
7 68 103
48 95 103
95 8 103
58 56 104
56 69 104
73 58 104
69 83 104
83 47 104
66 76 105
40 39 105
39 82 105
82 66 105
41 40 105
93 41 105
76 93 105
18 17 106
17 57 106
57 76 106
76 94 106
94 18 106
24 23 107
85 24 107
107 23 108
13 12 109
12 53 109
53 49 109
64 13 109
49 29 109
29 64 109
31 30 110
30 49 110
87 31 110
52 87 110
99 52 110
49 53 110
53 99 110
58 73 111
73 96 111
96 81 111
81 97 111
61 108 112
108 45 112
44 72 113
60 90 113
90 44 113
72 91 113
81 60 113
91 81 113
80 98 114
96 73 114
98 96 114
61 112 114
112 80 114
16 15 115
15 43 115
43 42 115
42 57 115
57 16 115
33 32 116
32 87 116
87 44 116
44 90 116
90 33 116
97 48 117
48 103 117
68 58 117
103 68 117
58 111 117
111 97 117
47 61 118
73 104 118
104 47 118
61 114 118
114 73 118
59 67 119
77 98 119
98 80 119
102 77 119
67 102 119
3 1 120
1 27 120
27 79 120
79 3 120
46 55 121
55 66 121
66 82 121
82 46 121
22 100 122
100 45 122
23 22 122
108 23 122
45 108 122
45 62 123
62 59 123
112 45 123
80 112 123
59 119 123
119 80 123
61 47 124
47 85 124
85 107 124
107 108 124
108 61 124
55 59 125
59 62 125
62 74 125
74 75 125
75 55 125
