134
1 0 0
0 1 0
0 0 1
0.076923 0.923077 0
0.153846 0.846154 0
0.230769 0.769231 0
0.307692 0.692308 0
0.384615 0.615385 0
0.461538 0.538462 0
0.538462 0.461538 0
0.615385 0.384615 0
0.692308 0.307692 0
0.769231 0.230769 0
0.846154 0.153846 0
0.923077 0.0769231 0
0 0.0666667 0.933333
0 0.133333 0.866667
0 0.2 0.8
0 0.266667 0.733333
0 0.333333 0.666667
0 0.4 0.6
0 0.466667 0.533333
0 0.533333 0.466667
0 0.6 0.4
0 0.666667 0.333333
0 0.733333 0.266667
0 0.8 0.2
0 0.866667 0.133333
0 0.933333 0.0666667
0.941176 0 0.0588235
0.882353 0 0.117647
0.823529 0 0.176471
0.764706 0 0.235294
0.705882 0 0.294118
0.647059 0 0.352941
0.588235 0 0.411765
0.529412 0 0.470588
0.470588 0 0.529412
0.411765 0 0.588235
0.352941 0 0.647059
0.294118 0 0.705882
0.235294 0 0.764706
0.176471 0 0.823529
0.117647 0 0.882353
0.0588235 0 0.941176
0.628491 0.122386 0.249122
0.111559 0.476829 0.411612
0.270893 0.151197 0.57791
0.155877 0.613896 0.230227
0.491415 0.407294 0.101291
0.804536 0.0575009 0.137963
0.426699 0.0658502 0.50745
0.646344 0.286064 0.067592
0.667302 0.145073 0.187624
0.765776 0.171362 0.0628622
0.397736 0.243477 0.358787
0.179537 0.239402 0.581062
0.278047 0.628651 0.0933024
0.0641495 0.125647 0.810203
0.329308 0.525691 0.145001
0.192028 0.330363 0.477608
0.494571 0.231594 0.273835
0.159457 0.547772 0.292771
0.120486 0.399544 0.47997
0.576579 0.335606 0.087815
0.881227 0.0645512 0.0542215
0.537364 0.0881751 0.374461
0.138157 0.209809 0.652034
0.247603 0.23838 0.514017
0.346523 0.589251 0.0642259
0.197319 0.688689 0.113992
0.240623 0.708342 0.0510349
0.345587 0.0678978 0.586515
0.606437 0.245911 0.147652
0.289778 0.487768 0.222454
0.0681383 0.386175 0.545687
0.0817555 0.307749 0.610495
0.121076 0.146167 0.732756
0.344671 0.249197 0.406133
0.162782 0.778728 0.0584903
0.0717104 0.839892 0.0883975
0.241824 0.386866 0.371309
0.447049 0.331689 0.221261
0.408428 0.496561 0.095011
0.268347 0.0752954 0.656358
0.138631 0.68849 0.172879
0.344748 0.139277 0.515974
0.072745 0.700178 0.227077
0.0631521 0.778014 0.158833
0.477835 0.473947 0.0482186
0.698916 0.0600291 0.241055
0.499498 0.0631386 0.437364
0.476544 0.183581 0.339875
0.570619 0.124213 0.305169
0.516315 0.323574 0.160111
0.424104 0.150059 0.425838
0.124991 0.0676237 0.807385
0.0676667 0.247488 0.684845
0.349658 0.387607 0.262735
0.425299 0.421861 0.15284
0.818991 0.0983213 0.0826878
0.32133 0.332955 0.345715
0.688317 0.200294 0.11139
0.410214 0.293788 0.295999
0.328069 0.207425 0.464506
0.186196 0.473391 0.340413
0.229361 0.594815 0.175824
0.200944 0.0592577 0.739798
0.0543748 0.196596 0.749029
0.0523468 0.648517 0.299136
0.100176 0.553764 0.34606
0.559006 0.218864 0.22213
0.546627 0.406414 0.0469595
0.061388 0.0600741 0.878538
0.190238 0.124807 0.684956
0.0502649 0.534954 0.414781
0.648686 0.0558213 0.295492
0.0569252 0.462342 0.480733
0.124044 0.757284 0.118672
0.26333 0.306088 0.430582
0.713361 0.241567 0.0450721
0.26963 0.430845 0.299525
0.220082 0.523771 0.256147
0.179561 0.402787 0.417652
0.415381 0.545177 0.039442
0.147065 0.3143 0.538635
0.0469599 0.913696 0.0393438
0.212486 0.161877 0.625637
0.744869 0.122989 0.132142
0.367599 0.43373 0.198671
0.106122 0.858656 0.0352218
0.751125 0.0607852 0.18809
0.0403999 0.600332 0.359268
0.106338 0.615135 0.278527


0 14 29
15 2 44
31 30 50
37 36 51
38 37 51
11 10 52
13 12 54
17 16 58
52 10 64
14 13 65
29 14 65
30 29 65
35 34 66
56 47 68
7 6 69
6 57 69
57 59 69
6 5 71
57 6 71
70 57 71
39 38 72
38 51 72
52 64 73
21 20 75
20 19 76
75 20 76
67 56 76
5 4 79
71 5 79
70 71 79
28 27 80
69 59 83
40 39 84
39 72 84
72 47 84
68 47 86
47 72 86
72 51 86
26 25 87
48 85 87
27 26 88
80 27 88
26 87 88
87 85 88
9 8 89
83 49 89
33 32 90
53 45 90
36 35 91
35 66 91
51 36 91
66 34 93
61 92 93
92 66 93
64 49 94
73 64 94
86 51 95
55 78 95
51 91 95
92 55 95
91 66 95
66 92 95
43 42 96
77 58 96
19 18 97
67 76 97
76 19 97
77 67 97
83 59 99
49 83 99
82 94 99
94 49 99
13 54 100
65 13 100
50 30 100
30 65 100
78 55 101
52 73 102
73 53 102
61 82 103
55 92 103
92 61 103
82 98 103
98 101 103
101 55 103
68 86 104
86 95 104
95 78 104
59 57 106
57 70 106
74 59 106
70 85 106
85 48 106
41 40 107
40 84 107
42 41 107
96 42 107
77 96 107
18 17 108
17 58 108
58 77 108
77 97 108
97 18 108
25 24 109
87 25 109
46 105 110
105 62 110
45 53 111
53 73 111
61 93 111
93 45 111
73 94 111
82 61 111
94 82 111
10 9 112
64 10 112
49 64 112
9 89 112
89 49 112
16 15 113
15 44 113
44 43 113
58 16 113
43 96 113
96 58 113
67 77 114
77 107 114
107 84 114
23 22 115
46 110 115
34 33 116
33 90 116
90 45 116
45 93 116
93 34 116
22 21 117
21 75 117
75 63 117
115 22 117
63 46 117
46 115 117
70 79 118
85 70 118
79 80 118
80 88 118
88 85 118
78 101 119
101 81 119
60 68 119
68 104 119
104 78 119
12 11 120
54 12 120
11 52 120
52 102 120
102 54 120
81 101 121
101 98 121
105 81 121
98 74 121
48 62 122
74 106 122
106 48 122
121 74 122
62 105 122
105 121 122
46 63 123
63 60 123
81 105 123
105 46 123
60 119 123
119 81 123
8 7 124
7 69 124
69 83 124
83 89 124
89 8 124
56 68 125
68 60 125
60 63 125
63 75 125
75 76 125
76 56 125
3 1 126
1 28 126
28 80 126
47 56 127
56 67 127
67 114 127
84 47 127
114 84 127
50 100 128
100 54 128
102 53 128
54 102 128
59 74 129
99 59 129
74 98 129
98 82 129
82 99 129
79 4 130
80 79 130
4 3 130
3 126 130
126 80 130
32 31 131
31 50 131
50 128 131
90 32 131
53 90 131
128 53 131
24 23 132
109 24 132
110 109 132
23 115 132
115 110 132
62 48 133
48 87 133
87 109 133
109 110 133
110 62 133
