85
1 0 0
0 1 0
0 0 1
0.076923 0.923077 0
0.153846 0.846154 0
0.230769 0.769231 0
0.307692 0.692308 0
0.384615 0.615385 0
0.461538 0.538462 0
0.538462 0.461538 0
0.615385 0.384615 0
0.692308 0.307692 0
0.769231 0.230769 0
0.846154 0.153846 0
0.923077 0.0769231 0
0 0.1 0.9
0 0.2 0.8
0 0.3 0.7
0 0.4 0.6
0 0.5 0.5
0 0.6 0.4
0 0.7 0.3
0 0.8 0.2
0 0.9 0.1
0.909091 0 0.0909091
0.818182 0 0.181818
0.727273 0 0.272727
0.636364 0 0.363636
0.545455 0 0.454545
0.454545 0 0.545455
0.363636 0 0.636364
0.272727 0 0.727273
0.181818 0 0.818182
0.090909 0 0.909091
0.619795 0.115994 0.264211
0.0802979 0.502112 0.41759
0.272378 0.119362 0.60826
0.156601 0.607339 0.23606
0.481058 0.418401 0.100541
0.789246 0.0715749 0.139179
0.422254 0.0701037 0.507642
0.654807 0.273699 0.071494
0.380252 0.258458 0.361289
0.154381 0.245005 0.600614
0.288598 0.617734 0.0936687
0.0567095 0.148402 0.794889
0.326773 0.518553 0.154674
0.0472053 0.643055 0.30974
0.189164 0.322488 0.488348
0.485826 0.238008 0.276166
0.132467 0.407825 0.459708
0.569941 0.345702 0.0843574
0.531895 0.0699265 0.398178
0.266922 0.231534 0.501543
0.203679 0.679118 0.117203
0.585196 0.232309 0.182495
0.757182 0.143239 0.0995786
0.0806501 0.332709 0.586641
0.12827 0.152905 0.718825
0.150069 0.764056 0.0858751
0.0774087 0.823428 0.0991637
0.230634 0.398806 0.37056
0.433319 0.336986 0.229695
0.859303 0.0664126 0.0742842
0.407837 0.508553 0.0836099
0.0905671 0.703675 0.205758
0.172653 0.497339 0.330008
0.703101 0.0792828 0.217616
0.336146 0.391553 0.2723
0.103907 0.0709171 0.825176
0.456605 0.152017 0.391379
0.543238 0.159971 0.29679
0.0684026 0.234483 0.697115
0.357113 0.156966 0.48592
0.196824 0.0760292 0.727147
0.333579 0.0698911 0.59653
0.289912 0.319119 0.390969
0.679139 0.181146 0.139715
0.262283 0.471885 0.265832
0.231843 0.567122 0.201035
0.204067 0.1647 0.631233
0.0536435 0.428732 0.517625
0.095925 0.583998 0.320077
0.397421 0.432545 0.170034
0.515557 0.312418 0.172025


3 1 23
0 14 24
15 2 33
20 19 35
9 8 38
26 25 39
30 29 40
12 11 41
11 10 41
7 6 44
16 15 45
7 44 46
21 20 47
10 9 51
9 38 51
41 10 51
28 27 52
27 34 52
29 28 52
40 29 52
48 43 53
6 5 54
44 6 54
41 51 55
13 12 56
39 13 56
18 17 57
43 48 57
48 50 57
5 4 59
54 5 59
4 3 60
3 23 60
23 22 60
59 4 60
50 48 61
42 49 62
14 13 63
13 39 63
24 14 63
25 24 63
39 25 63
8 7 64
7 46 64
38 8 64
21 47 65
37 54 65
54 59 65
22 21 65
60 22 65
59 60 65
35 50 66
50 61 66
27 26 67
34 27 67
26 39 67
39 56 67
42 62 68
15 33 69
45 15 69
33 32 69
58 45 69
49 42 70
40 52 70
52 34 71
34 55 71
55 49 71
49 70 71
70 52 71
17 16 72
16 45 72
43 57 72
57 17 72
58 43 72
45 58 72
53 36 73
42 53 73
40 70 73
70 42 73
32 31 74
31 36 74
58 69 74
69 32 74
31 30 75
36 31 75
73 36 75
30 40 75
40 73 75
48 53 76
61 48 76
53 42 76
42 68 76
68 61 76
41 55 77
55 34 77
12 41 77
56 12 77
34 67 77
67 56 77
66 61 78
61 68 78
68 46 78
44 54 79
54 37 79
46 44 79
78 46 79
37 66 79
66 78 79
36 53 80
53 43 80
43 58 80
58 74 80
74 36 80
19 18 81
35 19 81
50 35 81
18 57 81
57 50 81
20 35 82
47 20 82
37 65 82
65 47 82
35 66 82
66 37 82
64 46 83
46 68 83
62 38 83
68 62 83
38 64 83
49 55 84
55 51 84
62 49 84
51 38 84
38 62 84
