154
1 0 0
0 1 0
0 0 1
0.076923 0.923077 0
0.153846 0.846154 0
0.230769 0.769231 0
0.307692 0.692308 0
0.384615 0.615385 0
0.461538 0.538462 0
0.538462 0.461538 0
0.615385 0.384615 0
0.692308 0.307692 0
0.769231 0.230769 0
0.846154 0.153846 0
0.923077 0.0769231 0
0 0.0526316 0.947368
0 0.105263 0.894737
0 0.157895 0.842105
0 0.210526 0.789474
0 0.263158 0.736842
0 0.315789 0.684211
0 0.368421 0.631579
0 0.421053 0.578947
0 0.473684 0.526316
0 0.526316 0.473684
0 0.578947 0.421053
0 0.631579 0.368421
0 0.684211 0.315789
0 0.736842 0.263158
0 0.789474 0.210526
0 0.842105 0.157895
0 0.894737 0.105263
0 0.947369 0.0526316
0.941176 0 0.0588235
0.882353 0 0.117647
0.823529 0 0.176471
0.764706 0 0.235294
0.705882 0 0.294118
0.647059 0 0.352941
0.588235 0 0.411765
0.529412 0 0.470588
0.470588 0 0.529412
0.411765 0 0.588235
0.352941 0 0.647059
0.294118 0 0.705882
0.235294 0 0.764706
0.176471 0 0.823529
0.117647 0 0.882353
0.0588235 0 0.941176
0.637139 0.11673 0.246131
0.0866156 0.507708 0.405677
0.268979 0.148764 0.582257
0.150713 0.612087 0.2372
0.487428 0.413646 0.098926
0.78007 0.0749976 0.144932
0.422351 0.0572075 0.520442
0.773169 0.18075 0.0460807
0.647236 0.2808 0.0719648
0.685519 0.123289 0.191192
0.392892 0.254913 0.352195
0.175679 0.232799 0.591522
0.273052 0.642883 0.0840645
0.0647718 0.140116 0.795112
0.677328 0.054291 0.268381
0.322232 0.520057 0.15771
0.925896 0.0401657 0.0339381
0.384596 0.131074 0.48433
0.179293 0.340406 0.480301
0.493011 0.245868 0.261121
0.706091 0.254823 0.0390857
0.289335 0.496832 0.213833
0.163968 0.544468 0.291565
0.104654 0.40755 0.487795
0.570629 0.343467 0.0859036
0.551294 0.0736672 0.375039
0.146797 0.191344 0.661859
0.269772 0.598306 0.131922
0.252023 0.263437 0.48454
0.346591 0.586431 0.066978
0.194197 0.694984 0.110819
0.243997 0.70722 0.0487832
0.335027 0.0671769 0.597796
0.598625 0.240294 0.161081
0.77166 0.13167 0.0966708
0.0902736 0.369024 0.540702
0.0740157 0.325539 0.600445
0.126452 0.141451 0.732097
0.479688 0.200406 0.319906
0.340141 0.260523 0.399336
0.164096 0.773281 0.0626228
0.594817 0.191727 0.213456
0.44807 0.391181 0.160749
0.0832289 0.833816 0.0829551
0.232924 0.395623 0.371452
0.161615 0.416324 0.422061
0.103489 0.76884 0.127671
0.431651 0.340988 0.227361
0.852207 0.103194 0.0445988
0.390474 0.514913 0.0946123
0.270997 0.0634633 0.665539
0.152565 0.676123 0.171312
0.0725084 0.705363 0.222129
0.210997 0.0601976 0.728806
0.409773 0.290569 0.299658
0.478145 0.47486 0.0469953
0.179924 0.476321 0.343755
0.488278 0.0655334 0.446188
0.580287 0.112399 0.307314
0.728697 0.0616634 0.209639
0.0660242 0.886371 0.0476047
0.684346 0.164316 0.151338
0.520031 0.327074 0.152895
0.0870709 0.2693 0.643629
0.445355 0.133045 0.4216
0.139893 0.0686284 0.791478
0.328057 0.423546 0.248397
0.861256 0.0555356 0.0832087
0.315161 0.333894 0.350945
0.105339 0.604407 0.290254
0.276608 0.196464 0.526927
0.0709614 0.230883 0.698155
0.425254 0.187983 0.386763
0.521004 0.270228 0.208768
0.0611762 0.0915296 0.847294
0.231839 0.137572 0.630589
0.336848 0.211934 0.451218
0.554502 0.403544 0.0419532
0.105394 0.55298 0.341626
0.370955 0.437335 0.191709
0.404494 0.460102 0.135405
0.632354 0.0473983 0.320248
0.257174 0.318336 0.42449
0.057855 0.0460956 0.896049
0.22989 0.507509 0.262601
0.686737 0.214784 0.0984793
0.268735 0.422222 0.309042
0.0715232 0.465896 0.462581
0.175612 0.286097 0.53829
0.0560497 0.195352 0.748598
0.342442 0.115143 0.542415
0.0593457 0.667362 0.273292
0.555299 0.173899 0.270803
0.415556 0.545148 0.0392957
0.631342 0.331905 0.0367531
0.0500245 0.622692 0.327284
0.315991 0.647106 0.0369026
0.506376 0.136892 0.356732
0.350442 0.360858 0.2887
0.112573 0.0389078 0.84852
0.0635305 0.759148 0.177321
0.227008 0.57628 0.196712
0.0470857 0.576667 0.376247
0.192914 0.118874 0.688212
0.602226 0.280167 0.117608


3 1 32
15 2 48
25 24 50
35 34 54
42 41 55
41 40 55
13 12 56
18 17 62
37 36 63
0 14 65
33 0 65
12 11 69
56 12 69
39 38 74
61 76 78
76 61 79
6 5 80
79 61 80
43 42 81
42 55 81
23 22 84
72 23 84
67 72 84
22 21 85
84 22 85
5 4 89
80 5 89
79 80 89
49 58 90
89 4 92
31 30 92
72 67 94
92 30 95
79 89 95
89 92 95
14 13 97
65 14 97
13 56 97
56 83 97
76 64 98
78 76 98
44 43 99
43 81 99
76 79 100
79 95 100
29 28 101
52 100 101
45 44 102
44 99 102
59 87 103
87 68 103
68 96 103
9 8 104
98 53 104
50 94 105
94 93 105
55 40 106
66 55 106
40 39 106
39 74 106
63 49 107
36 35 108
35 54 108
54 58 108
63 36 108
58 49 108
49 63 108
4 3 109
92 4 109
3 32 109
32 31 109
31 92 109
58 54 110
54 83 110
82 90 110
90 58 110
73 53 111
53 91 111
91 96 111
21 20 112
85 21 112
75 60 112
60 85 112
106 74 113
66 106 113
46 45 114
45 102 114
86 62 114
102 86 114
54 34 116
83 54 116
34 33 116
33 65 116
65 97 116
97 83 116
88 59 117
59 103 117
71 52 118
60 51 119
86 75 120
20 19 120
112 20 120
75 112 120
87 59 121
59 88 121
68 90 122
90 82 122
82 111 122
96 68 122
111 96 122
17 16 123
62 17 123
114 62 123
51 60 124
60 75 124
81 51 124
99 81 124
66 113 125
77 119 125
119 66 125
113 121 125
121 88 125
53 73 126
10 9 126
9 104 126
104 53 126
50 105 127
105 71 127
71 118 127
64 70 128
70 115 128
96 91 128
115 96 128
91 53 129
53 98 129
128 91 129
98 64 129
64 128 129
38 37 130
37 63 130
63 107 130
74 38 130
107 74 130
67 77 131
93 94 131
94 67 131
88 117 131
117 93 131
77 125 131
125 88 131
16 15 132
15 48 132
48 47 132
123 16 132
52 71 133
115 70 133
71 105 133
56 69 134
69 57 134
83 56 134
82 110 134
110 83 134
105 93 135
93 117 135
115 133 135
133 105 135
24 23 136
23 72 136
50 24 136
72 94 136
94 50 136
77 67 137
67 84 137
84 85 137
85 60 137
60 119 137
119 77 137
18 62 138
62 86 138
19 18 138
120 19 138
86 120 138
55 66 139
51 81 139
81 55 139
66 119 139
119 51 139
28 27 140
101 28 140
52 101 140
118 52 140
49 90 141
90 68 141
107 49 141
68 87 141
87 107 141
8 7 142
7 78 142
78 98 142
98 104 142
104 8 142
11 10 143
57 69 143
69 11 143
73 57 143
10 126 143
126 73 143
27 26 144
127 118 144
118 140 144
140 27 144
7 6 145
61 78 145
78 7 145
6 80 145
80 61 145
74 107 146
107 87 146
87 121 146
113 74 146
121 113 146
103 96 147
96 115 147
115 135 147
117 103 147
135 117 147
47 46 148
46 114 148
114 123 148
123 132 148
132 47 148
30 29 149
95 30 149
29 101 149
100 95 149
101 100 149
70 64 150
64 76 150
76 100 150
100 52 150
52 133 150
133 70 150
26 25 151
25 50 151
50 127 151
127 144 151
144 26 151
75 86 152
86 102 152
102 99 152
99 124 152
124 75 152
57 73 153
73 111 153
111 82 153
82 134 153
134 57 153
