97
1 0 0
0 1 0
0 0 1
0.076923 0.923077 0
0.153846 0.846154 0
0.230769 0.769231 0
0.307692 0.692308 0
0.384615 0.615385 0
0.461538 0.538462 0
0.538462 0.461538 0
0.615385 0.384615 0
0.692308 0.307692 0
0.769231 0.230769 0
0.846154 0.153846 0
0.923077 0.0769231 0
0 0.1 0.9
0 0.2 0.8
0 0.3 0.7
0 0.4 0.6
0 0.5 0.5
0 0.6 0.4
0 0.7 0.3
0 0.8 0.2
0 0.9 0.1
0.941176 0 0.0588235
0.882353 0 0.117647
0.823529 0 0.176471
0.764706 0 0.235294
0.705882 0 0.294118
0.647059 0 0.352941
0.588235 0 0.411765
0.529412 0 0.470588
0.470588 0 0.529412
0.411765 0 0.588235
0.352941 0 0.647059
0.294118 0 0.705882
0.235294 0 0.764706
0.176471 0 0.823529
0.117647 0 0.882353
0.0588235 0 0.941176
0.632234 0.108046 0.259719
0.104911 0.498525 0.396564
0.275747 0.129438 0.594815
0.169209 0.611186 0.219604
0.503162 0.401259 0.095579
0.406251 0.100461 0.493287
0.664581 0.242895 0.0925243
0.682489 0.125885 0.191627
0.74194 0.190938 0.067122
0.376932 0.284594 0.338473
0.181088 0.254772 0.56414
0.0617647 0.264092 0.674144
0.273985 0.63626 0.0897552
0.0569141 0.137834 0.805252
0.332055 0.503295 0.164651
0.178795 0.371112 0.450092
0.482711 0.256891 0.260398
0.353897 0.563204 0.0828992
0.58088 0.342394 0.0767264
0.525945 0.112138 0.361916
0.139459 0.210761 0.649781
0.258984 0.247878 0.493138
0.199134 0.683348 0.117518
0.590944 0.245738 0.163319
0.749381 0.108911 0.141708
0.0777422 0.358253 0.564004
0.119302 0.139878 0.740819
0.558891 0.17897 0.26214
0.339 0.23459 0.42641
0.0691716 0.856065 0.0747632
0.237805 0.373445 0.38875
0.816346 0.101156 0.0824986
0.426938 0.4159 0.157162
0.341497 0.124993 0.53351
0.0879731 0.68463 0.227397
0.222954 0.114697 0.662349
0.312349 0.433919 0.253732
0.447247 0.128877 0.423875
0.39692 0.360114 0.242966
0.882142 0.0650294 0.0528289
0.0527371 0.489687 0.457576
0.424471 0.507471 0.0680587
0.512543 0.301601 0.185856
0.150913 0.522926 0.32616
0.230698 0.488161 0.281141
0.0640355 0.639223 0.296741
0.183214 0.088631 0.728155
0.118631 0.389373 0.491996
0.297147 0.365611 0.337242
0.123255 0.730949 0.145796
0.592968 0.0763557 0.330676
0.0526916 0.797252 0.150056
0.248571 0.566445 0.184985
0.148542 0.790441 0.0610171
0.117175 0.0714782 0.811347
0.451435 0.217755 0.33081
0.0436302 0.586836 0.369534


0 14 24
15 2 39
29 28 40
35 34 42
9 8 44
33 32 45
11 10 46
28 27 47
40 28 47
12 11 48
11 46 48
18 17 51
6 5 52
16 15 53
15 39 53
39 38 53
17 16 53
51 17 53
7 6 57
6 52 57
52 54 57
10 9 58
9 44 58
46 10 58
31 30 59
50 42 61
55 50 61
52 5 62
58 44 63
40 47 63
47 46 63
46 58 63
27 26 64
47 27 64
46 47 64
48 46 64
19 18 65
18 51 65
51 60 65
60 50 65
51 53 66
60 51 66
56 59 67
40 63 67
3 1 69
1 23 69
55 61 70
61 68 70
13 12 71
12 48 71
26 25 71
48 64 71
64 26 71
57 54 72
34 33 73
42 34 73
33 45 73
61 42 73
45 68 73
68 61 73
36 35 75
35 42 75
42 50 75
50 60 75
32 31 77
45 32 77
31 59 77
49 68 77
68 45 77
56 72 78
76 49 78
72 54 78
54 76 78
14 13 79
24 14 79
25 24 79
13 71 79
71 25 79
20 19 80
19 65 80
8 7 81
7 57 81
57 72 81
44 8 81
72 44 81
56 67 82
63 44 82
67 63 82
44 72 82
72 56 82
41 55 83
55 70 83
43 74 83
43 83 84
83 70 84
22 21 85
74 22 85
41 83 85
83 74 85
37 36 86
66 37 86
60 66 86
75 60 86
36 75 86
50 55 87
65 50 87
55 41 87
41 80 87
80 65 87
68 49 88
49 76 88
70 68 88
76 84 88
84 70 88
43 62 89
74 43 89
30 29 90
59 30 90
67 59 90
29 40 90
40 67 90
23 22 91
22 74 91
69 23 91
74 89 91
89 69 91
54 52 92
76 54 92
52 62 92
62 43 92
43 84 92
84 76 92
5 4 93
62 5 93
4 3 93
3 69 93
89 62 93
69 89 93
38 37 94
37 66 94
53 38 94
66 53 94
49 77 95
59 56 95
77 59 95
56 78 95
78 49 95
20 80 96
80 41 96
21 20 96
85 21 96
41 85 96
