58
1 0 0
0 1 0
0 0 1
0.0769231 0.923077 0
0.153846 0.846154 0
0.230769 0.769231 0
0.307692 0.692308 0
0.384615 0.615385 0
0.461538 0.538462 0
0.538462 0.461538 0
0.615385 0.384615 0
0.692308 0.307692 0
0.769231 0.230769 0
0.846154 0.153846 0
0.923077 0.0769231 0
0 0.0909091 0.909091
0 0.181818 0.818182
0 0.272727 0.727273
0 0.363636 0.636364
0 0.454545 0.545455
0 0.545455 0.454545
0 0.636364 0.363636
0 0.727273 0.272727
0 0.818182 0.181818
0 0.909091 0.0909091
0.833333 0 0.166667
0.666667 0 0.333333
0.5 0 0.5
0.333333 0 0.666667
0.166667 0 0.833333
0.616165 0.103134 0.2807
0.13114 0.502181 0.366679
0.291594 0.145512 0.562894
0.14431 0.592774 0.262916
0.470568 0.396868 0.132564
0.767916 0.07879 0.153294
0.432799 0.0829011 0.4843
0.357389 0.253112 0.389498
0.172805 0.229068 0.598127
0.290249 0.540873 0.168877
0.193007 0.322896 0.484097
0.631589 0.238719 0.129693
0.138999 0.409826 0.451175
0.527062 0.304382 0.168556
0.127764 0.144029 0.728206
0.0969005 0.783407 0.119692
0.268136 0.056768 0.675096
0.145832 0.691338 0.16283
0.506163 0.186837 0.307001
0.697021 0.163791 0.139188
0.30895 0.398871 0.292179
0.378168 0.334746 0.287085
0.135849 0.0684976 0.795653
0.561457 0.0520506 0.386493
0.24838 0.461907 0.289714
0.394232 0.469249 0.136519
0.0637278 0.858543 0.0777294
0.258709 0.626767 0.114524


3 1 24
0 14 25
20 19 31
21 20 33
20 31 33
10 9 34
14 13 35
25 14 35
26 25 35
30 26 35
28 27 36
17 16 38
32 37 38
8 7 39
33 31 39
18 17 40
17 38 40
38 37 40
12 11 41
19 18 42
31 19 42
18 40 42
10 34 43
11 10 43
41 11 43
16 15 44
32 38 44
38 16 44
5 4 45
23 22 45
29 28 46
28 36 46
36 32 46
6 5 47
22 21 47
21 33 47
5 45 47
45 22 47
32 36 48
37 32 48
36 30 48
41 43 48
43 37 48
13 12 49
30 35 49
35 13 49
12 41 49
41 48 49
48 30 49
42 40 50
37 43 51
43 34 51
34 50 51
40 37 51
50 40 51
15 2 52
2 29 52
44 15 52
32 44 52
46 32 52
29 46 52
27 26 53
26 30 53
30 36 53
36 27 53
39 31 54
31 42 54
42 50 54
9 8 55
34 9 55
50 34 55
8 39 55
39 54 55
54 50 55
4 3 56
3 24 56
24 23 56
23 45 56
45 4 56
7 6 57
33 39 57
39 7 57
6 47 57
47 33 57
