92
1 0 0
0 1 0
0 0 1
0.076923 0.923077 0
0.153846 0.846154 0
0.230769 0.769231 0
0.307692 0.692308 0
0.384615 0.615385 0
0.461538 0.538462 0
0.538462 0.461538 0
0.615385 0.384615 0
0.692308 0.307692 0
0.769231 0.230769 0
0.846154 0.153846 0
0.923077 0.0769231 0
0 0.0833334 0.916667
0 0.166667 0.833333
0 0.25 0.75
0 0.333333 0.666667
0 0.416667 0.583333
0 0.5 0.5
0 0.583333 0.416667
0 0.666667 0.333333
0 0.75 0.25
0 0.833333 0.166667
0 0.916667 0.0833333
0.909091 0 0.0909091
0.818182 0 0.181818
0.727273 0 0.272727
0.636364 0 0.363636
0.545455 0 0.454545
0.454545 0 0.545455
0.363636 0 0.636364
0.272727 0 0.727273
0.181818 0 0.818182
0.090909 0 0.909091
0.615722 0.11781 0.266468
0.0909961 0.50287 0.406134
0.281912 0.142566 0.575522
0.150358 0.61823 0.231413
0.486164 0.409809 0.104027
0.805744 0.0661626 0.128093
0.434517 0.0676004 0.497883
0.668661 0.250002 0.0813368
0.754466 0.15646 0.0890741
0.396419 0.234652 0.368929
0.162486 0.260402 0.577111
0.296445 0.615232 0.0883229
0.321882 0.517776 0.160343
0.196394 0.324999 0.478607
0.491053 0.239926 0.269022
0.172101 0.535942 0.291957
0.129719 0.406366 0.463914
0.576816 0.328986 0.0941975
0.560965 0.0733549 0.36568
0.270478 0.237241 0.492281
0.191222 0.6698 0.138978
0.237467 0.705709 0.0568238
0.569937 0.258553 0.171511
0.0839544 0.340175 0.575871
0.140418 0.136952 0.72263
0.15064 0.760328 0.0890319
0.658075 0.176212 0.165714
0.0767151 0.842773 0.0805115
0.228567 0.392862 0.378571
0.4533 0.32437 0.22233
0.393403 0.51263 0.0939668
0.253784 0.0787755 0.667441
0.089636 0.694098 0.216266
0.0659887 0.774557 0.159455
0.273806 0.460767 0.265427
0.460582 0.116514 0.422903
0.720476 0.0804956 0.199028
0.846658 0.0896255 0.063716
0.507911 0.159171 0.332918
0.0866235 0.241097 0.67228
0.376743 0.419628 0.203629
0.316119 0.337295 0.346586
0.0858183 0.0794691 0.834713
0.185628 0.460422 0.35395
0.361649 0.151496 0.486855
0.354577 0.0668787 0.578544
0.0788007 0.59985 0.321349
0.193769 0.177657 0.628575
0.0613114 0.173252 0.765436
0.0557609 0.437339 0.5069
0.652036 0.0514737 0.29649
0.181866 0.0601766 0.757958
0.236273 0.571105 0.192622
0.571207 0.186385 0.242408
0.46931 0.477869 0.0528209
0.0404382 0.0358675 0.923694


3 1 25
0 14 26
21 20 37
10 9 40
27 26 41
31 30 42
12 11 43
13 12 44
12 43 44
7 6 47
11 10 53
43 11 53
10 40 53
30 29 54
49 46 55
6 5 57
47 6 57
56 47 57
43 53 58
19 18 59
46 49 59
49 52 59
5 4 61
56 57 61
57 5 61
44 43 62
43 58 62
4 3 63
3 25 63
25 24 63
61 4 63
52 49 64
45 50 65
50 58 65
53 40 65
58 53 65
8 7 66
7 47 66
47 48 66
33 32 67
23 22 68
39 56 68
56 61 68
61 63 69
63 24 69
24 23 69
23 68 69
68 61 69
42 30 71
30 54 71
28 27 72
27 41 72
62 36 72
41 44 72
44 62 72
14 13 73
26 14 73
41 26 73
13 44 73
44 41 73
54 36 74
50 45 74
45 71 74
71 54 74
18 17 75
59 18 75
46 59 75
40 66 76
66 48 76
48 70 76
65 40 76
49 55 77
64 49 77
55 45 77
45 65 77
65 76 77
70 64 77
76 70 77
16 15 78
35 34 78
51 37 79
37 52 79
52 64 79
64 70 79
70 51 79
45 55 80
55 38 80
42 71 80
71 45 80
32 31 81
31 42 81
38 67 81
67 32 81
42 80 81
80 38 81
22 21 82
21 37 82
37 51 82
51 39 82
39 68 82
68 22 82
38 55 83
55 46 83
60 67 83
67 38 83
46 75 83
75 60 83
17 16 84
75 17 84
60 75 84
16 78 84
78 60 84
20 19 85
37 20 85
52 37 85
19 59 85
59 52 85
29 28 86
36 54 86
54 29 86
28 72 86
72 36 86
34 33 87
33 67 87
67 60 87
60 78 87
78 34 87
48 47 88
39 51 88
47 56 88
56 39 88
51 70 88
70 48 88
58 50 89
36 62 89
62 58 89
50 74 89
74 36 89
9 8 90
40 9 90
8 66 90
66 40 90
15 2 91
2 35 91
35 78 91
78 15 91
