154
1 0 0
0 1 0
0 0 1
0.0769231 0.923077 0
0.153846 0.846154 0
0.230769 0.769231 0
0.307692 0.692308 0
0.384615 0.615385 0
0.461538 0.538462 0
0.538462 0.461538 0
0.615385 0.384615 0
0.692308 0.307692 0
0.769231 0.230769 0
0.846154 0.153846 0
0.923077 0.0769231 0
0 0.0555555 0.944444
0 0.111111 0.888889
0 0.166667 0.833333
0 0.222222 0.777778
0 0.277778 0.722222
0 0.333333 0.666667
0 0.388889 0.611111
0 0.444444 0.555556
0 0.5 0.5
0 0.555555 0.444444
0 0.611111 0.388889
0 0.666667 0.333333
0 0.722222 0.277778
0 0.777778 0.222222
0 0.833333 0.166667
0 0.888889 0.111111
0 0.944444 0.0555556
0.947368 0 0.0526316
0.894737 0 0.105263
0.842105 0 0.157895
0.789474 0 0.210526
0.736842 0 0.263158
0.684211 0 0.315789
0.631579 0 0.368421
0.578947 0 0.421053
0.526316 0 0.473684
0.473684 0 0.526316
0.421053 0 0.578947
0.368421 0 0.631579
0.31579 0 0.68421
0.263158 0 0.736842
0.210526 0 0.789474
0.157895 0 0.842105
0.105263 0 0.894737
0.0526317 0 0.947368
0.630054 0.120414 0.249532
0.109273 0.48163 0.409097
0.295015 0.118578 0.586408
0.166639 0.600335 0.233026
0.492096 0.410901 0.0970038
0.808077 0.061569 0.130354
0.432717 0.0774086 0.489874
0.796459 0.166743 0.0367982
0.664717 0.272659 0.0626243
0.673748 0.143311 0.182941
0.401064 0.236248 0.362688
0.14888 0.258139 0.592981
0.273472 0.634406 0.0921215
0.0630852 0.140519 0.796395
0.322159 0.516489 0.161352
0.188783 0.334562 0.476655
0.487802 0.239518 0.27268
0.268752 0.521959 0.20929
0.160667 0.544126 0.295207
0.115811 0.402631 0.481558
0.587486 0.329033 0.0834807
0.486928 0.468817 0.0442551
0.892604 0.0535841 0.0538117
0.553457 0.0712308 0.375312
0.14788 0.202384 0.649736
0.259815 0.593606 0.14658
0.253129 0.248125 0.498745
0.340322 0.605992 0.0536858
0.19174 0.691234 0.117027
0.250817 0.698613 0.0505701
0.342201 0.0528909 0.604908
0.596743 0.235312 0.167945
0.73754 0.13881 0.12365
0.0819267 0.363613 0.55446
0.0641236 0.323408 0.612468
0.123445 0.132118 0.744437
0.468826 0.207883 0.323291
0.335277 0.256033 0.40869
0.162064 0.776597 0.0613388
0.597612 0.190334 0.212054
0.459745 0.376857 0.163398
0.0705261 0.851556 0.0779179
0.248943 0.37173 0.379327
0.0886118 0.78399 0.127399
0.431082 0.339423 0.229495
0.411921 0.505481 0.0825987
0.270556 0.0666857 0.662758
0.128736 0.694722 0.176542
0.331187 0.149786 0.519027
0.0736837 0.691932 0.234384
0.239393 0.204033 0.556573
0.393133 0.309289 0.297579
0.0962545 0.203585 0.70016
0.54692 0.316357 0.136723
0.184617 0.468933 0.34645
0.707768 0.0610181 0.231214
0.497382 0.071541 0.431077
0.558053 0.131873 0.310074
0.649936 0.230482 0.119581
0.424954 0.151534 0.423512
0.815401 0.103024 0.0815752
0.135965 0.0693739 0.794661
0.335491 0.412866 0.251643
0.0449774 0.0512932 0.903729
0.730972 0.20707 0.0619577
0.325328 0.324356 0.350316
0.173114 0.405188 0.421698
0.0764765 0.26724 0.656284
0.313586 0.222226 0.464188
0.10547 0.614161 0.280369
0.0740527 0.0754992 0.850448
0.250146 0.310938 0.438916
0.0553063 0.761053 0.183641
0.561532 0.395879 0.0425893
0.631859 0.333313 0.0348283
0.612356 0.0541027 0.333541
0.756796 0.0664353 0.176769
0.201003 0.619673 0.179323
0.199748 0.0637688 0.736483
0.519495 0.27507 0.205435
0.483087 0.144627 0.372286
0.0845172 0.56964 0.345843
0.0519611 0.43749 0.510549
0.369505 0.436845 0.19365
0.418568 0.542711 0.0387214
0.237193 0.492193 0.270614
0.398514 0.467211 0.134276
0.109312 0.855819 0.0348688
0.182755 0.129363 0.687883
0.655373 0.0589376 0.285689
0.169246 0.30166 0.529094
0.286254 0.402387 0.311359
0.0557606 0.196142 0.748097
0.219449 0.158248 0.622303
0.0482303 0.544529 0.407241
0.855267 0.110121 0.0346118
0.0503902 0.654085 0.295525
0.944516 0.0323208 0.0231628
0.0539852 0.487334 0.458681
0.556788 0.188484 0.254728
0.0485303 0.915808 0.0356619
0.377834 0.160681 0.461486
0.333886 0.55519 0.110924
0.381414 0.0668848 0.551701


15 2 49
34 33 55
41 40 56
13 12 57
18 17 63
9 8 71
33 32 72
39 38 73
67 64 75
7 6 77
75 62 78
6 5 79
62 77 79
77 6 79
78 62 79
43 42 80
22 21 83
21 20 84
61 83 84
83 21 84
5 4 88
79 5 88
78 79 88
50 59 89
59 81 89
31 30 91
30 29 93
91 30 93
78 88 93
88 91 93
54 71 95
45 44 96
44 43 96
43 80 96
80 52 96
78 93 97
28 27 99
53 97 99
52 98 100
98 76 100
60 86 101
86 66 101
66 94 101
70 54 103
54 90 103
36 35 105
59 50 105
40 39 106
39 73 106
56 40 106
66 86 107
58 70 108
81 59 108
59 82 108
70 103 108
103 81 108
60 87 109
56 106 109
55 33 110
33 72 110
82 55 110
47 46 111
85 63 111
101 94 112
16 15 113
15 49 113
49 48 113
12 11 114
11 58 114
57 12 114
58 108 114
108 82 114
82 110 114
110 57 114
87 60 115
92 87 115
60 101 115
51 69 116
69 65 116
92 104 116
104 51 116
74 61 117
61 84 117
20 19 117
19 102 117
102 74 117
84 20 117
76 98 118
68 53 119
53 99 119
17 16 120
63 17 120
47 111 120
111 63 120
16 113 120
48 47 120
113 48 120
87 92 121
92 116 121
116 65 121
65 76 121
76 118 121
118 87 121
29 28 122
93 29 122
97 93 122
28 99 122
99 97 122
10 9 123
54 70 123
71 54 123
9 71 123
11 10 124
58 11 124
70 58 124
10 123 124
123 70 124
38 37 125
73 38 125
107 73 125
35 34 126
34 55 126
55 82 126
82 59 126
59 105 126
105 35 126
53 67 127
67 75 127
97 53 127
75 78 127
78 97 127
46 45 128
45 96 128
85 111 128
111 46 128
94 66 129
89 81 129
90 94 129
81 103 129
103 90 129
73 107 130
107 86 130
106 73 130
109 106 130
86 60 130
60 109 130
51 104 131
104 68 131
26 25 131
68 119 131
23 22 132
22 83 132
83 69 132
64 67 133
67 112 133
94 90 133
112 94 133
8 7 134
7 77 134
77 95 134
71 8 134
95 71 134
67 53 135
53 68 135
112 67 135
68 104 135
90 54 136
54 95 136
133 90 136
64 133 136
4 3 137
88 4 137
91 88 137
74 102 138
102 85 138
85 128 138
128 96 138
37 36 139
36 105 139
105 50 139
125 37 139
50 107 139
107 125 139
83 61 140
65 69 140
69 83 140
61 100 140
76 65 140
100 76 140
101 112 141
115 101 141
104 92 141
135 104 141
92 115 141
112 135 141
18 63 142
63 85 142
19 18 142
102 19 142
85 102 142
96 52 143
61 74 143
100 61 143
52 100 143
74 138 143
138 96 143
25 24 144
51 131 144
131 25 144
14 13 145
72 14 145
13 57 145
57 110 145
110 72 145
27 26 146
99 27 146
119 99 146
26 131 146
131 119 146
0 14 147
32 0 147
14 72 147
72 32 147
69 51 148
24 23 148
23 132 148
132 69 148
51 144 148
144 24 148
50 89 149
107 50 149
66 107 149
89 129 149
129 66 149
3 1 150
1 31 150
137 3 150
31 91 150
91 137 150
109 87 151
87 118 151
98 56 151
118 98 151
56 109 151
62 75 152
75 64 152
77 62 152
95 77 152
64 136 152
136 95 152
42 41 153
41 56 153
56 98 153
52 80 153
98 52 153
80 42 153
