80
1 0 0
0 1 0
0 0 1
0.0769231 0.923077 0
0.153846 0.846154 0
0.230769 0.769231 0
0.307692 0.692308 0
0.384615 0.615385 0
0.461538 0.538462 0
0.538462 0.461538 0
0.615385 0.384615 0
0.692308 0.307692 0
0.769231 0.230769 0
0.846154 0.153846 0
0.923077 0.0769231 0
0 0.0714286 0.928571
0 0.142857 0.857143
0 0.214286 0.785714
0 0.285714 0.714286
0 0.357143 0.642857
0 0.428571 0.571429
0 0.5 0.5
0 0.571429 0.428571
0 0.642857 0.357143
0 0.714286 0.285714
0 0.785714 0.214286
0 0.857143 0.142857
0 0.928571 0.0714286
0.875 0 0.125
0.75 0 0.25
0.625 0 0.375
0.5 0 0.5
0.375 0 0.625
0.25 0 0.75
0.125 0 0.875
0.629119 0.107116 0.263765
0.127196 0.48114 0.391664
0.274148 0.134646 0.591206
0.173465 0.608819 0.217716
0.463255 0.407529 0.129217
0.76905 0.0671828 0.163767
0.39884 0.0666861 0.534473
0.654141 0.260028 0.0858307
0.719221 0.191157 0.089622
0.407057 0.251647 0.341295
0.166805 0.260629 0.572565
0.26455 0.630224 0.105226
0.287146 0.541949 0.170905
0.191478 0.3306 0.477921
0.162246 0.537944 0.29981
0.0961845 0.403896 0.49992
0.532865 0.0754227 0.391713
0.147446 0.203338 0.649216
0.561485 0.325254 0.11326
0.560554 0.23939 0.200056
0.134548 0.137789 0.727662
0.0844683 0.838043 0.0774884
0.221935 0.402093 0.375972
0.444299 0.324787 0.230914
0.0898595 0.32443 0.585711
0.262891 0.0686983 0.668411
0.123949 0.69623 0.179821
0.404373 0.1317 0.463927
0.310947 0.200288 0.488765
0.291437 0.462454 0.246109
0.496209 0.1707 0.333091
0.129272 0.069653 0.801075
0.89038 0.0442975 0.0653225
0.124205 0.764076 0.111718
0.214889 0.70882 0.0762911
0.667335 0.0467942 0.285871
0.412769 0.488066 0.0991649
0.347161 0.389076 0.263763
0.0785651 0.598972 0.322463
0.802673 0.115002 0.0823251
0.364492 0.562164 0.0733437
0.0715815 0.656358 0.272061
0.314306 0.327427 0.358267
0.663146 0.153145 0.183708
0.278291 0.269712 0.451997


3 1 27
15 2 34
22 21 36
10 9 39
29 28 40
32 31 41
12 11 42
13 12 43
12 42 43
7 6 46
46 38 47
22 36 49
47 38 49
21 20 50
36 21 50
20 19 50
31 30 51
41 31 51
18 17 52
45 18 52
11 10 53
10 39 53
42 11 53
43 42 54
42 53 54
17 16 55
52 17 55
37 52 55
5 4 56
26 25 56
4 3 56
3 27 56
27 26 56
36 50 57
50 48 57
53 39 58
44 54 58
54 53 58
19 18 59
18 45 59
45 48 59
48 50 59
50 19 59
33 32 60
32 41 60
41 37 60
37 55 60
25 24 61
38 46 61
37 41 62
41 51 62
45 52 63
52 37 63
37 62 63
47 49 64
49 36 64
36 57 64
54 44 65
51 35 65
62 51 65
44 63 65
63 62 65
16 15 66
55 16 66
15 34 66
34 33 66
33 60 66
60 55 66
0 14 67
28 0 67
40 28 67
5 56 68
56 25 68
25 61 68
46 6 69
61 46 69
6 5 69
5 68 69
68 61 69
30 29 70
29 40 70
40 35 70
35 51 70
51 30 70
9 8 71
39 9 71
47 64 71
64 39 71
64 57 72
58 39 72
39 64 72
23 22 73
22 49 73
49 38 73
14 13 74
13 43 74
40 67 74
67 14 74
8 7 75
7 46 75
46 47 75
47 71 75
71 8 75
24 23 76
61 24 76
38 61 76
23 73 76
73 38 76
44 58 77
58 72 77
57 48 77
72 57 77
43 54 78
54 65 78
65 35 78
35 40 78
40 74 78
74 43 78
63 44 79
48 45 79
45 63 79
44 77 79
77 48 79
