117
1 0 0
0 1 0
0 0 1
0.076923 0.923077 0
0.153846 0.846154 0
0.230769 0.769231 0
0.307692 0.692308 0
0.384615 0.615385 0
0.461538 0.538462 0
0.538462 0.461538 0
0.615385 0.384615 0
0.692308 0.307692 0
0.769231 0.230769 0
0.846154 0.153846 0
0.923077 0.0769231 0
0 0.0588235 0.941177
0 0.117647 0.882353
0 0.176471 0.823529
0 0.235294 0.764706
0 0.294118 0.705882
0 0.352941 0.647059
0 0.411765 0.588235
0 0.470588 0.529412
0 0.529412 0.470588
0 0.588235 0.411765
0 0.647059 0.352941
0 0.705882 0.294118
0 0.764706 0.235294
0 0.823529 0.176471
0 0.882353 0.117647
0 0.941177 0.0588235
0.916667 0 0.0833333
0.833333 0 0.166667
0.75 0 0.25
0.666667 0 0.333333
0.583333 0 0.416667
0.5 0 0.5
0.416667 0 0.583333
0.333333 0 0.666667
0.25 0 0.75
0.166667 0 0.833333
0.0833333 0 0.916667
0.622544 0.120139 0.257317
0.108791 0.496041 0.395168
0.294407 0.128129 0.577464
0.145357 0.615442 0.239202
0.488131 0.404457 0.107412
0.802345 0.0575081 0.140147
0.405323 0.0640752 0.530602
0.654846 0.26695 0.0782048
0.754441 0.182909 0.06265
0.393424 0.260551 0.346024
0.175325 0.25589 0.568785
0.263046 0.644243 0.0927109
0.314753 0.522565 0.162682
0.381549 0.131559 0.486893
0.180954 0.327478 0.491568
0.49373 0.243626 0.262644
0.166476 0.53517 0.298354
0.116953 0.411653 0.471394
0.69899 0.120319 0.180691
0.879563 0.0567043 0.063733
0.554194 0.0715169 0.374289
0.172353 0.190299 0.637348
0.257889 0.255023 0.487088
0.325982 0.0584434 0.615575
0.570332 0.256857 0.172811
0.533684 0.333325 0.132992
0.293308 0.477051 0.229641
0.0712562 0.378964 0.54978
0.140318 0.134543 0.725139
0.162701 0.775908 0.0613915
0.593318 0.183512 0.22317
0.079868 0.832174 0.0879581
0.207344 0.393174 0.399482
0.0851055 0.771589 0.143306
0.446018 0.329387 0.224595
0.101728 0.315955 0.582316
0.386989 0.522936 0.0900754
0.237746 0.0580401 0.704214
0.138674 0.688666 0.17266
0.36655 0.206728 0.426722
0.230146 0.113291 0.656563
0.224536 0.452361 0.323104
0.720873 0.057358 0.221769
0.508023 0.163728 0.328248
0.628035 0.0685759 0.303389
0.0634068 0.886311 0.0502821
0.14636 0.0655267 0.788113
0.33501 0.406828 0.258162
0.0820492 0.271778 0.646173
0.409861 0.301714 0.288425
0.416687 0.402396 0.180917
0.275347 0.191783 0.53287
0.254894 0.697867 0.0472394
0.321874 0.35616 0.321966
0.83716 0.116717 0.0461226
0.0604355 0.648793 0.290771
0.290557 0.300728 0.408715
0.0818177 0.58509 0.333092
0.582618 0.360181 0.0572011
0.49292 0.4524 0.0546792
0.356765 0.578065 0.0651696
0.457228 0.129997 0.412776
0.0706043 0.69098 0.238416
0.0744541 0.219087 0.706459
0.0738572 0.0591588 0.866984
0.487103 0.0608431 0.452054
0.675742 0.189221 0.135036
0.774737 0.118973 0.10629
0.069634 0.123284 0.807082
0.258344 0.592535 0.149122
0.0681425 0.467447 0.46441
0.397499 0.46342 0.139081
0.228454 0.551035 0.220512
0.0556026 0.180594 0.763803
0.17511 0.717083 0.107807


3 1 30
15 2 41
24 23 43
32 31 47
37 36 48
12 11 49
13 12 50
12 49 50
44 48 55
0 14 61
31 0 61
47 31 61
35 34 62
56 52 64
38 37 65
37 48 65
48 44 65
66 49 67
21 20 69
22 21 69
59 22 69
56 59 69
5 4 71
42 60 72
66 57 72
71 4 73
29 28 73
59 56 74
28 27 75
71 73 75
73 28 75
57 66 76
66 67 76
69 20 77
52 56 77
56 69 77
39 38 79
38 65 79
75 27 80
44 63 82
63 70 82
65 44 82
70 79 82
79 65 82
58 43 83
68 58 83
43 74 83
33 32 84
32 47 84
60 42 84
47 60 84
57 51 85
42 72 85
72 57 85
51 81 85
62 34 86
34 33 86
33 84 86
84 42 86
42 85 86
85 62 86
4 3 87
73 4 87
3 30 87
30 29 87
29 73 87
40 39 88
39 79 88
79 70 88
68 83 89
63 52 90
20 19 90
77 20 90
52 77 90
51 57 91
57 76 91
67 46 92
76 67 92
68 89 92
89 76 92
52 63 93
63 44 93
64 52 93
44 55 93
55 81 93
81 64 93
7 6 94
53 7 94
6 5 94
5 71 94
83 74 95
89 83 95
51 91 95
76 89 95
91 76 95
14 13 96
61 14 96
13 50 96
26 25 97
56 64 98
74 56 98
64 81 98
81 51 98
51 95 98
95 74 98
25 24 99
24 43 99
43 58 99
97 25 99
58 45 99
45 97 99
11 10 100
49 11 100
67 49 100
46 67 100
10 9 101
9 8 101
8 78 101
46 100 101
100 10 101
8 7 102
78 8 102
7 53 102
81 55 103
62 85 103
85 81 103
27 26 104
80 27 104
45 80 104
97 45 104
26 97 104
70 63 105
19 18 105
90 19 105
63 90 105
16 15 106
15 41 106
41 40 106
40 88 106
36 35 107
48 36 107
35 62 107
55 48 107
103 55 107
62 103 107
50 49 108
49 66 108
72 60 108
66 72 108
60 47 109
47 61 109
61 96 109
108 60 109
96 50 109
50 108 109
17 16 110
88 70 110
16 106 110
106 88 110
53 80 111
80 45 111
102 53 111
54 78 111
78 102 111
23 22 112
22 59 112
43 23 112
59 74 112
74 43 112
78 54 113
92 46 113
54 68 113
68 92 113
46 101 113
101 78 113
45 58 114
58 68 114
68 54 114
54 111 114
111 45 114
18 17 115
70 105 115
105 18 115
17 110 115
110 70 115
80 53 116
53 94 116
71 75 116
94 71 116
75 80 116
