97
1 0 0
0 1 0
0 0 1
0.076923 0.923077 0
0.153846 0.846154 0
0.230769 0.769231 0
0.307692 0.692308 0
0.384615 0.615385 0
0.461538 0.538462 0
0.538462 0.461538 0
0.615385 0.384615 0
0.692308 0.307692 0
0.769231 0.230769 0
0.846154 0.153846 0
0.923077 0.0769231 0
0 0.0555556 0.944444
0 0.111111 0.888889
0 0.166667 0.833333
0 0.222222 0.777778
0 0.277778 0.722222
0 0.333333 0.666667
0 0.388889 0.611111
0 0.444444 0.555556
0 0.5 0.5
0 0.555556 0.444444
0 0.611111 0.388889
0 0.666667 0.333333
0 0.722222 0.277778
0 0.777778 0.222222
0 0.833333 0.166667
0 0.888889 0.111111
0 0.944444 0.0555556
0.9 0 0.1
0.8 0 0.2
0.7 0 0.3
0.6 0 0.4
0.5 0 0.5
0.4 0 0.6
0.3 0 0.7
0.2 0 0.8
0.1 0 0.9
0.615188 0.122234 0.262578
0.108934 0.478199 0.412867
0.279686 0.126335 0.593979
0.159766 0.607918 0.232316
0.455992 0.431046 0.112962
0.773983 0.0609361 0.165081
0.443418 0.0659002 0.490682
0.645078 0.278489 0.0764325
0.717103 0.192638 0.090259
0.735429 0.123864 0.140707
0.360499 0.260356 0.379145
0.177377 0.244648 0.577975
0.30561 0.614139 0.0802511
0.68312 0.0538595 0.26302
0.302467 0.523776 0.173758
0.395002 0.127944 0.477055
0.187383 0.327567 0.485051
0.185781 0.538588 0.27563
0.121323 0.405324 0.473352
0.547742 0.0785477 0.37371
0.142335 0.203207 0.654458
0.56849 0.264383 0.167127
0.306662 0.470676 0.222661
0.137717 0.140821 0.721462
0.138535 0.782359 0.0791058
0.598422 0.196138 0.20544
0.265202 0.251684 0.483113
0.246799 0.396282 0.356919
0.872977 0.0581745 0.0688484
0.454972 0.330757 0.214271
0.112024 0.310018 0.577958
0.261123 0.0688736 0.670004
0.144249 0.682606 0.173145
0.498613 0.204825 0.296562
0.0630878 0.889665 0.0472471
0.139464 0.0763372 0.784199
0.359252 0.397078 0.24367
0.417803 0.299314 0.282882
0.512836 0.346559 0.140604
0.0912637 0.837064 0.071672
0.229262 0.702653 0.0680851
0.398841 0.522236 0.0789224
0.209968 0.470197 0.319835
0.101549 0.755919 0.142532
0.432184 0.173018 0.394798
0.275532 0.334416 0.390052
0.261747 0.59171 0.146543
0.0832272 0.0506125 0.86616
0.0794701 0.273571 0.646959
0.0829317 0.668486 0.248582
0.0832851 0.598549 0.318166
0.822884 0.118905 0.0582113
0.284183 0.188441 0.527376
0.0916062 0.543907 0.364487
0.588923 0.351304 0.0597728
0.369585 0.0534409 0.576974


3 1 31
15 2 40
24 23 42
10 9 45
33 32 46
36 35 47
12 11 48
13 12 49
12 48 49
41 46 50
8 7 53
34 33 54
33 46 54
46 41 54
43 47 56
55 44 58
23 22 59
42 23 59
22 21 59
21 57 59
35 34 60
34 54 60
47 35 60
56 47 60
54 41 60
19 18 61
49 48 62
45 55 63
55 58 63
18 17 64
61 18 64
43 61 64
41 50 66
50 49 66
49 62 66
51 57 67
42 59 68
0 14 69
32 0 69
46 32 69
50 46 69
21 20 71
57 21 71
52 67 71
67 57 71
38 37 72
43 64 72
28 27 73
41 66 74
4 3 75
3 31 75
31 30 75
17 16 76
64 17 76
72 64 76
39 38 76
38 72 76
45 63 77
66 62 78
74 66 78
62 70 78
51 74 78
70 77 78
77 68 78
62 48 79
70 62 79
45 77 79
77 70 79
5 4 80
65 5 80
30 29 80
29 65 80
4 75 80
75 30 80
7 6 81
53 7 81
6 5 81
5 65 81
73 53 81
9 8 82
45 9 82
55 45 82
8 53 82
63 58 83
77 63 83
42 68 83
68 77 83
29 28 84
65 29 84
81 65 84
28 73 84
73 81 84
51 67 85
60 41 85
41 74 85
74 51 85
56 60 85
57 51 86
59 57 86
68 59 86
51 78 86
78 68 86
44 55 87
53 73 87
73 44 87
55 82 87
82 53 87
16 15 88
15 40 88
40 39 88
39 76 88
76 16 88
20 19 89
19 61 89
61 52 89
52 71 89
71 20 89
27 26 90
26 44 90
44 73 90
73 27 90
26 25 91
44 26 91
58 44 91
14 13 92
13 49 92
49 50 92
50 69 92
69 14 92
43 56 93
52 61 93
61 43 93
67 52 93
56 85 93
85 67 93
25 24 94
24 42 94
42 83 94
83 58 94
58 91 94
91 25 94
11 10 95
10 45 95
45 79 95
48 11 95
79 48 95
37 36 96
36 47 96
47 43 96
43 72 96
72 37 96
