122
1 0 0
0 1 0
0 0 1
0.076923 0.923077 0
0.153846 0.846154 0
0.230769 0.769231 0
0.307692 0.692308 0
0.384615 0.615385 0
0.461538 0.538462 0
0.538462 0.461538 0
0.615385 0.384615 0
0.692308 0.307692 0
0.769231 0.230769 0
0.846154 0.153846 0
0.923077 0.0769231 0
0 0.076923 0.923077
0 0.153846 0.846154
0 0.230769 0.769231
0 0.307692 0.692308
0 0.384615 0.615385
0 0.461538 0.538462
0 0.538461 0.461538
0 0.615385 0.384615
0 0.692308 0.307692
0 0.769231 0.230769
0 0.846154 0.153846
0 0.923077 0.0769231
0.947368 0 0.0526316
0.894737 0 0.105263
0.842105 0 0.157895
0.789474 0 0.210526
0.736842 0 0.263158
0.684211 0 0.315789
0.631579 0 0.368421
0.578947 0 0.421053
0.526316 0 0.473684
0.473684 0 0.526316
0.421053 0 0.578947
0.368421 0 0.631579
0.315789 0 0.684211
0.263158 0 0.736842
0.210526 0 0.789474
0.157895 0 0.842105
0.105263 0 0.894737
0.0526315 0 0.947369
0.644037 0.105552 0.250411
0.107265 0.48357 0.409165
0.276237 0.135789 0.587974
0.1507 0.627519 0.221781
0.492091 0.403995 0.103914
0.417153 0.0789328 0.503914
0.666668 0.263321 0.0700104
0.677444 0.127061 0.195495
0.742118 0.196209 0.0616731
0.741602 0.121901 0.136498
0.379161 0.269186 0.351653
0.175611 0.254647 0.569741
0.0532149 0.274179 0.672606
0.263881 0.641859 0.0942598
0.0645367 0.113769 0.821694
0.31855 0.524033 0.157417
0.18812 0.351872 0.460009
0.493311 0.23951 0.267179
0.269877 0.523144 0.206979
0.144018 0.56692 0.289062
0.11208 0.400468 0.487452
0.344215 0.580293 0.0754926
0.573784 0.341085 0.085131
0.502482 0.450624 0.046894
0.536027 0.0740715 0.389902
0.162667 0.179069 0.658264
0.252115 0.233726 0.514159
0.221626 0.643418 0.134956
0.59572 0.22678 0.1775
0.0753534 0.366884 0.557762
0.115885 0.173731 0.710384
0.564955 0.185085 0.24996
0.33888 0.258638 0.402482
0.180391 0.753935 0.0656737
0.0885017 0.838705 0.0727929
0.229372 0.37809 0.392538
0.816035 0.106019 0.0779465
0.448379 0.337773 0.213849
0.879751 0.0730392 0.0472097
0.418511 0.441588 0.139901
0.236054 0.105394 0.658552
0.339962 0.138522 0.521516
0.0767029 0.708957 0.21434
0.456619 0.11091 0.432472
0.469966 0.183444 0.34659
0.515305 0.310604 0.174091
0.127991 0.0842109 0.787798
0.340373 0.40681 0.252817
0.648873 0.220402 0.130725
0.415006 0.304986 0.280008
0.292812 0.41727 0.289918
0.429581 0.508453 0.0619663
0.1322 0.723304 0.144496
0.188853 0.08284 0.728307
0.0591386 0.197415 0.743446
0.100039 0.559842 0.340119
0.164008 0.464748 0.371244
0.0602316 0.653838 0.285931
0.61507 0.0765834 0.308347
0.73476 0.0620244 0.203215
0.382625 0.412857 0.204517
0.0470388 0.458753 0.494208
0.0499845 0.520635 0.429381
0.0466744 0.067614 0.885712
0.0565187 0.80734 0.136141
0.377118 0.176496 0.446386
0.223534 0.454427 0.322039
0.286371 0.269522 0.444107
0.339454 0.0654895 0.595057
0.217975 0.528376 0.253649
0.293513 0.346684 0.359802
0.0940078 0.279712 0.626281
0.264104 0.690498 0.0453986
0.0376289 0.922141 0.0402304
0.0457842 0.596735 0.357481
0.549884 0.124885 0.325231
0.198701 0.614763 0.186536


0 14 27
15 2 44
32 31 45
37 36 50
11 10 51
45 31 52
12 11 53
11 51 53
30 29 54
53 51 54
19 18 57
17 16 59
43 42 59
56 61 65
61 46 65
7 6 66
58 60 66
10 9 67
51 10 67
9 8 68
49 67 68
67 9 68
35 34 69
34 33 69
56 47 71
61 56 71
60 58 72
63 60 72
45 52 73
20 19 74
56 65 74
45 73 76
5 4 78
72 58 78
4 3 79
78 4 79
13 12 81
12 53 81
29 28 81
53 54 81
54 29 81
14 13 83
27 14 83
28 27 83
13 81 83
81 28 83
66 60 84
40 39 85
39 47 85
47 56 85
56 70 85
37 50 86
71 47 86
25 24 87
64 48 87
36 35 88
50 36 88
35 69 88
55 88 89
88 69 89
67 49 90
73 67 90
62 76 90
82 62 90
76 73 90
49 84 90
84 82 90
42 41 91
59 42 91
60 63 92
52 54 93
54 51 93
73 52 93
51 67 93
67 73 93
62 82 94
89 62 94
55 89 94
92 55 94
92 63 95
55 92 95
8 7 96
49 68 96
68 8 96
84 49 96
7 66 96
66 84 96
72 78 97
78 79 97
87 48 97
41 40 98
70 75 98
40 85 98
85 70 98
75 91 98
91 41 98
18 17 99
57 18 99
75 57 99
17 59 99
59 91 99
91 75 99
46 61 101
61 80 101
100 46 101
64 100 101
24 23 102
87 24 102
64 87 102
100 64 102
33 32 103
32 45 103
45 76 103
31 30 104
52 31 104
30 54 104
54 52 104
82 84 105
84 60 105
60 92 105
92 94 105
94 82 105
21 20 106
20 74 106
74 65 106
22 21 107
21 106 107
65 46 107
106 65 107
16 15 108
15 44 108
44 43 108
43 59 108
59 16 108
26 25 109
79 26 109
97 79 109
25 87 109
87 97 109
86 50 110
55 77 110
88 55 110
50 88 110
64 101 111
101 80 111
61 71 112
80 61 112
71 86 112
86 110 112
110 77 112
39 38 113
47 39 113
38 37 113
37 86 113
86 47 113
95 63 114
111 95 114
48 64 114
64 111 114
77 55 115
55 95 115
95 111 115
111 80 115
80 112 115
112 77 115
19 57 116
74 19 116
70 56 116
56 74 116
57 75 116
75 70 116
6 5 117
58 66 117
66 6 117
5 78 117
78 58 117
3 1 118
79 3 118
1 26 118
26 79 118
23 22 119
100 102 119
102 23 119
46 100 119
107 46 119
22 107 119
62 89 120
89 69 120
76 62 120
103 76 120
69 33 120
33 103 120
72 97 121
97 48 121
63 72 121
114 63 121
48 114 121
