108
1 0 0
0 1 0
0 0 1
0.0769231 0.923077 0
0.153846 0.846154 0
0.230769 0.769231 0
0.307692 0.692308 0
0.384615 0.615385 0
0.461538 0.538462 0
0.538462 0.461538 0
0.615385 0.384615 0
0.692308 0.307692 0
0.769231 0.230769 0
0.846154 0.153846 0
0.923077 0.0769231 0
0 0.0555555 0.944444
0 0.111111 0.888889
0 0.166667 0.833333
0 0.222222 0.777778
0 0.277778 0.722222
0 0.333333 0.666667
0 0.388889 0.611111
0 0.444444 0.555556
0 0.5 0.5
0 0.555556 0.444444
0 0.611111 0.388889
0 0.666667 0.333333
0 0.722222 0.277778
0 0.777778 0.222222
0 0.833333 0.166667
0 0.888889 0.111111
0 0.944444 0.0555556
0.909091 0 0.0909091
0.818182 0 0.181818
0.727273 0 0.272727
0.636364 0 0.363636
0.545455 0 0.454545
0.454545 0 0.545455
0.363636 0 0.636364
0.272727 0 0.727273
0.181818 0 0.818182
0.0909091 0 0.909091
0.65223 0.113795 0.233976
0.10782 0.479459 0.412721
0.297849 0.127699 0.574451
0.17294 0.602327 0.224733
0.449217 0.428203 0.122579
0.785601 0.0597809 0.154618
0.42553 0.0638296 0.51064
0.651546 0.273786 0.0746678
0.719279 0.191168 0.0895532
0.742075 0.122855 0.13507
0.395308 0.255408 0.349284
0.173714 0.245794 0.580492
0.274042 0.644833 0.0811248
0.301691 0.521709 0.1766
0.393638 0.121674 0.484687
0.187377 0.331477 0.481146
0.496988 0.235387 0.267625
0.183757 0.540393 0.27585
0.12398 0.409919 0.466101
0.871247 0.059168 0.069585
0.518086 0.0682869 0.413627
0.172282 0.189244 0.638474
0.235005 0.262234 0.50276
0.339526 0.0587676 0.601707
0.56418 0.258987 0.176833
0.535586 0.334505 0.129909
0.310918 0.467849 0.221233
0.0835712 0.37485 0.541578
0.103104 0.316522 0.580374
0.120974 0.144984 0.734042
0.151943 0.786019 0.062038
0.614461 0.181462 0.204076
0.237804 0.397193 0.365002
0.453702 0.334551 0.211746
0.412271 0.505463 0.0822656
0.136553 0.686724 0.176724
0.0900545 0.770951 0.138994
0.718655 0.0490154 0.232329
0.366508 0.212113 0.421379
0.22867 0.116616 0.654714
0.508939 0.171555 0.319506
0.0639128 0.8876 0.0484872
0.129928 0.0763995 0.793673
0.32983 0.400568 0.269602
0.204631 0.473203 0.322166
0.0821794 0.266815 0.651005
0.396876 0.315364 0.287761
0.243154 0.0618896 0.694957
0.292766 0.187928 0.519306
0.0790232 0.833572 0.0874043
0.204102 0.719109 0.0767894
0.825287 0.119277 0.0554357
0.602249 0.0784028 0.319348
0.364084 0.575218 0.0606973
0.447716 0.143499 0.408785
0.280576 0.331832 0.387592
0.0809632 0.605531 0.313506
0.58373 0.355233 0.0610373
0.42211 0.395644 0.182246
0.0778944 0.0510911 0.871015
0.519504 0.427855 0.0526411
0.0777952 0.6596 0.262604
0.270729 0.589625 0.139646
0.0895335 0.545943 0.364524
0.294309 0.279271 0.42642
0.0729934 0.218465 0.708541


3 1 31
15 2 41
24 23 43
33 32 47
37 36 48
12 11 49
13 12 50
12 49 50
42 47 51
7 6 54
44 48 56
55 45 59
23 22 60
43 23 60
0 14 61
32 0 61
47 32 61
51 47 61
36 35 62
48 36 62
56 48 62
38 37 65
37 48 65
48 44 65
50 49 66
66 49 67
46 55 68
55 59 68
22 21 69
57 60 69
60 22 69
21 20 70
69 21 70
53 64 70
64 57 70
57 69 70
18 17 71
5 4 72
42 51 73
51 50 73
50 66 73
66 58 73
43 60 74
66 67 75
9 8 76
55 46 76
28 27 77
29 28 78
28 77 78
34 33 79
33 47 79
47 42 79
44 63 81
63 71 81
65 44 81
58 52 82
42 73 82
73 58 82
52 80 82
4 3 83
3 31 83
31 30 83
17 16 84
71 17 84
40 39 84
68 59 86
85 68 86
43 74 86
74 85 86
20 19 87
63 53 87
53 70 87
70 20 87
52 58 88
58 66 88
66 75 88
75 85 88
85 74 88
39 38 89
38 65 89
65 81 89
84 39 89
81 71 89
71 84 89
44 56 90
53 63 90
63 44 90
64 53 90
80 64 90
30 29 91
29 78 91
78 72 91
83 30 91
72 4 91
4 83 91
6 5 92
5 72 92
54 6 92
72 78 92
77 54 92
78 77 92
14 13 93
13 50 93
50 51 93
51 61 93
61 14 93
35 34 94
62 35 94
79 42 94
34 79 94
42 82 94
8 7 95
7 54 95
76 8 95
56 62 96
82 80 96
80 90 96
90 56 96
62 94 96
94 82 96
60 57 97
74 60 97
52 88 97
88 74 97
26 25 98
59 45 98
11 10 99
46 67 99
49 11 99
67 49 99
67 46 100
75 67 100
46 68 100
68 85 100
85 75 100
16 15 101
15 41 101
41 40 101
40 84 101
84 16 101
10 9 102
9 76 102
76 46 102
46 99 102
99 10 102
27 26 103
45 77 103
77 27 103
26 98 103
98 45 103
54 77 104
77 45 104
95 54 104
45 55 104
55 76 104
76 95 104
25 24 105
24 43 105
43 86 105
86 59 105
59 98 105
98 25 105
57 64 106
64 80 106
97 57 106
80 52 106
52 97 106
19 18 107
18 71 107
71 63 107
63 87 107
87 19 107
