86
1 0 0
0 1 0
0 0 1
0.0769231 0.923077 0
0.153846 0.846154 0
0.230769 0.769231 0
0.307692 0.692308 0
0.384615 0.615385 0
0.461538 0.538462 0
0.538462 0.461538 0
0.615385 0.384615 0
0.692308 0.307692 0
0.769231 0.230769 0
0.846154 0.153846 0
0.923077 0.0769231 0
0 0.0769231 0.923077
0 0.153846 0.846154
0 0.230769 0.769231
0 0.307692 0.692308
0 0.384615 0.615385
0 0.461538 0.538462
0 0.538462 0.461538
0 0.615385 0.384615
0 0.692308 0.307692
0 0.769231 0.230769
0 0.846154 0.153846
0 0.923077 0.0769231
0.888889 0 0.111111
0.777778 0 0.222222
0.666667 0 0.333333
0.555556 0 0.444444
0.444444 0 0.555556
0.333333 0 0.666667
0.222222 0 0.777778
0.111111 0 0.888889
0.616809 0.119681 0.26351
0.0941346 0.490652 0.415213
0.251817 0.157234 0.590949
0.184669 0.605882 0.209448
0.491038 0.400423 0.108539
0.801424 0.0536893 0.144886
0.449636 0.0588796 0.491484
0.663941 0.252025 0.084034
0.744212 0.175598 0.0801893
0.394147 0.25441 0.351442
0.153138 0.254682 0.59218
0.266741 0.629247 0.104012
0.688507 0.0565606 0.254932
0.290876 0.539869 0.169255
0.194443 0.32749 0.478068
0.504537 0.233069 0.262394
0.1736 0.536513 0.289887
0.113865 0.406149 0.479986
0.575949 0.32772 0.0963314
0.549117 0.076029 0.374854
0.566137 0.263599 0.170264
0.0866477 0.332201 0.581151
0.144142 0.12946 0.726398
0.149 0.772253 0.0787472
0.272691 0.252492 0.474817
0.624234 0.186526 0.18924
0.0771045 0.846054 0.0768414
0.244651 0.395296 0.360053
0.454581 0.321891 0.223529
0.237905 0.0656967 0.696399
0.122327 0.694559 0.183114
0.100632 0.204448 0.69492
0.291215 0.465233 0.243552
0.492605 0.166769 0.340626
0.115297 0.0695062 0.815197
0.368471 0.401683 0.229846
0.318608 0.32813 0.353262
0.215949 0.708406 0.0756451
0.828575 0.102921 0.0685041
0.342157 0.0678729 0.58997
0.411675 0.478727 0.109598
0.367183 0.560024 0.0727927
0.724065 0.116149 0.159786
0.399999 0.124114 0.475887
0.0857684 0.622629 0.291603
0.071578 0.777498 0.150924
0.357371 0.193507 0.449121
0.898908 0.0416742 0.0594183
0.0713404 0.561291 0.367369
0.188163 0.458424 0.353413
0.0531787 0.0367162 0.910105


3 1 26
21 20 36
10 9 39
28 27 40
31 30 41
12 11 42
13 12 43
12 42 43
7 6 46
29 28 47
28 40 47
46 38 48
48 38 51
20 19 52
36 20 52
11 10 53
42 11 53
10 39 53
30 29 54
41 30 54
29 47 54
47 35 54
42 53 55
19 18 56
18 45 56
45 49 56
49 52 56
52 19 56
5 4 58
45 37 59
49 45 59
43 42 60
42 55 60
55 50 60
4 3 61
3 26 61
26 25 61
58 4 61
52 49 62
44 50 63
50 55 63
53 39 63
55 53 63
33 32 64
37 57 64
24 23 65
38 46 65
18 17 66
45 18 66
17 16 66
16 57 66
37 45 66
57 37 66
48 51 67
54 35 68
50 44 68
35 60 68
60 50 68
16 15 69
57 16 69
34 33 69
33 64 69
64 57 69
67 62 70
63 39 70
49 59 71
59 44 71
62 49 71
44 63 71
63 70 71
70 62 71
6 5 72
5 58 72
46 6 72
65 46 72
58 65 72
14 13 73
13 43 73
32 31 74
31 41 74
64 32 74
37 64 74
9 8 75
39 9 75
48 67 75
67 70 75
70 39 75
8 7 76
7 46 76
46 48 76
48 75 76
75 8 76
35 47 77
47 40 77
43 60 77
60 35 77
40 73 77
73 43 77
41 54 78
54 68 78
37 74 78
74 41 78
23 22 79
51 38 79
38 65 79
65 23 79
25 24 80
58 61 80
61 25 80
24 65 80
65 58 80
44 59 81
68 44 81
78 68 81
59 37 81
37 78 81
0 14 82
27 0 82
40 27 82
14 73 82
73 40 82
22 21 83
21 36 83
36 51 83
51 79 83
79 22 83
36 52 84
52 62 84
51 36 84
67 51 84
62 67 84
15 2 85
2 34 85
34 69 85
69 15 85
