80
1 0 0
0 1 0
0 0 1
0.0769231 0.923077 0
0.153846 0.846154 0
0.230769 0.769231 0
0.307692 0.692308 0
0.384615 0.615385 0
0.461538 0.538462 0
0.538462 0.461538 0
0.615385 0.384615 0
0.692308 0.307692 0
0.769231 0.230769 0
0.846154 0.153846 0
0.923077 0.0769231 0
0 0.0588235 0.941176
0 0.117647 0.882353
0 0.176471 0.823529
0 0.235294 0.764706
0 0.294118 0.705882
0 0.352941 0.647059
0 0.411765 0.588235
0 0.470588 0.529412
0 0.529412 0.470588
0 0.588235 0.411765
0 0.647059 0.352941
0 0.705882 0.294118
0 0.764706 0.235294
0 0.823529 0.176471
0 0.882353 0.117647
0 0.941176 0.0588235
0.875 0 0.125
0.75 0 0.25
0.625 0 0.375
0.5 0 0.5
0.375 0 0.625
0.25 0 0.75
0.125 0 0.875
0.620001 0.116634 0.263365
0.121984 0.495083 0.382933
0.291061 0.128361 0.580578
0.162042 0.616116 0.221841
0.456782 0.436667 0.106551
0.811729 0.063077 0.125194
0.446762 0.0675246 0.485713
0.620604 0.280642 0.0987543
0.750027 0.130613 0.11936
0.404206 0.25582 0.339975
0.1643 0.249321 0.586379
0.279923 0.628427 0.0916505
0.30985 0.516305 0.173845
0.206994 0.324284 0.468722
0.703422 0.202505 0.0940732
0.155965 0.548386 0.295649
0.14387 0.396215 0.459916
0.578812 0.0663493 0.354839
0.14097 0.202059 0.656971
0.327754 0.0621053 0.610141
0.529668 0.262638 0.207695
0.14036 0.128789 0.730851
0.593118 0.188904 0.217978
0.0958235 0.828391 0.075786
0.430672 0.346979 0.222349
0.234777 0.0517262 0.713497
0.148288 0.692792 0.15892
0.223469 0.418675 0.357856
0.716353 0.0505502 0.233097
0.316085 0.445281 0.238635
0.477296 0.181925 0.340779
0.432253 0.136781 0.430966
0.133919 0.759423 0.106658
0.327024 0.332678 0.340298
0.304078 0.234318 0.461605
0.116597 0.062345 0.821058
0.418885 0.507354 0.0737608
0.522237 0.36121 0.116552
0.11783 0.312624 0.569546
0.278886 0.185323 0.535792
0.312124 0.570257 0.117619
0.0633611 0.886723 0.0499154


3 1 30
15 2 37
23 22 39
24 23 39
26 25 41
10 9 42
0 14 43
31 0 43
34 33 44
12 11 45
14 13 46
43 14 46
38 43 46
8 7 49
7 6 49
13 12 52
12 45 52
46 13 52
25 24 53
41 25 53
24 39 53
50 41 53
22 21 54
21 51 54
33 32 55
44 33 55
19 18 56
48 19 56
35 34 57
34 44 57
44 40 57
52 45 58
18 17 59
56 18 59
40 56 59
17 16 59
57 40 59
38 46 60
58 47 60
46 52 60
52 58 60
5 4 61
29 28 61
58 45 62
36 35 63
35 57 63
57 59 63
49 6 64
27 26 64
26 41 64
41 49 64
39 22 65
22 54 65
32 31 66
31 43 66
43 38 66
38 55 66
55 32 66
42 50 67
50 53 67
53 39 67
39 65 67
65 62 67
38 60 68
60 47 68
40 44 69
44 55 69
55 38 69
38 68 69
5 61 70
61 28 70
6 5 70
64 6 70
28 27 70
27 64 70
51 47 71
54 51 71
47 58 71
58 62 71
62 65 71
65 54 71
47 51 72
68 47 72
69 68 72
16 15 73
15 37 73
37 36 73
36 63 73
59 16 73
63 59 73
9 8 74
42 9 74
50 42 74
11 10 75
10 42 75
45 11 75
62 45 75
42 67 75
67 62 75
20 19 76
19 48 76
21 20 76
51 21 76
48 72 76
72 51 76
48 56 77
56 40 77
40 69 77
69 72 77
72 48 77
8 49 78
74 8 78
49 41 78
41 50 78
50 74 78
4 3 79
3 30 79
30 29 79
29 61 79
61 4 79
