47
1 0 0
0 1 0
0 0 1
0.0769231 0.923077 0
0.153846 0.846154 0
0.230769 0.769231 0
0.307692 0.692308 0
0.384615 0.615385 0
0.461538 0.538462 0
0.538462 0.461538 0
0.615385 0.384615 0
0.692308 0.307692 0
0.769231 0.230769 0
0.846154 0.153846 0
0.923077 0.0769231 0
0 0.1 0.9
0 0.2 0.8
0 0.3 0.7
0 0.4 0.6
0 0.5 0.5
0 0.6 0.4
0 0.7 0.3
0 0.8 0.2
0 0.9 0.1
0.8 0 0.2
0.6 0 0.4
0.4 0 0.6
0.2 0 0.8
0.615152 0.104634 0.280214
0.290545 0.12495 0.584505
0.165495 0.603136 0.23137
0.400613 0.075872 0.523515
0.39625 0.249234 0.354516
0.236839 0.278809 0.484352
0.300072 0.501656 0.198272
0.150004 0.409433 0.440563
0.43139 0.357532 0.211078
0.573714 0.259326 0.166959
0.757778 0.0702916 0.17193
0.135254 0.688543 0.176203
0.330323 0.408806 0.260871
0.124578 0.0734021 0.80202
0.104045 0.763794 0.132161
0.163408 0.511952 0.32464
0.500705 0.17052 0.328775
0.164401 0.17002 0.665579
0.146161 0.31769 0.536149


3 1 23
4 3 23
22 4 23
0 14 24
13 12 28
26 25 28
7 6 30
20 19 30
27 26 31
29 27 31
26 28 31
8 7 34
18 17 35
10 9 36
32 10 36
33 32 36
11 10 37
10 32 37
12 11 37
14 13 38
24 14 38
25 24 38
13 28 38
28 25 38
6 5 39
21 20 39
20 30 39
30 6 39
9 8 40
8 34 40
34 35 40
36 9 40
33 36 40
15 2 41
2 27 41
27 29 41
5 4 42
4 22 42
22 21 42
21 39 42
39 5 42
7 30 43
34 7 43
30 19 43
19 18 43
18 35 43
35 34 43
28 12 44
12 37 44
31 28 44
29 31 44
32 29 44
37 32 44
16 15 45
33 16 45
29 32 45
32 33 45
15 41 45
41 29 45
17 16 46
16 33 46
35 17 46
33 40 46
40 35 46
