75
1 0 0
0 1 0
0 0 1
0.0769231 0.923077 0
0.153846 0.846154 0
0.230769 0.769231 0
0.307692 0.692308 0
0.384615 0.615385 0
0.461538 0.538462 0
0.538462 0.461538 0
0.615385 0.384615 0
0.692308 0.307692 0
0.769231 0.230769 0
0.846154 0.153846 0
0.923077 0.0769231 0
0 0.0625 0.9375
0 0.125 0.875
0 0.1875 0.8125
0 0.25 0.75
0 0.3125 0.6875
0 0.375 0.625
0 0.4375 0.5625
0 0.5 0.5
0 0.5625 0.4375
0 0.625 0.375
0 0.6875 0.3125
0 0.75 0.25
0 0.8125 0.1875
0 0.875 0.125
0 0.9375 0.0625
0.857143 0 0.142857
0.714286 0 0.285714
0.571429 0 0.428571
0.428571 0 0.571429
0.285714 0 0.714286
0.142857 0 0.857143
0.619323 0.115248 0.265429
0.130373 0.482568 0.387059
0.284133 0.138255 0.577612
0.169165 0.609627 0.221208
0.453966 0.419678 0.126357
0.809498 0.0613066 0.129196
0.420164 0.0689383 0.510898
0.626174 0.277742 0.0960834
0.749557 0.13039 0.120053
0.408029 0.262266 0.329705
0.152336 0.257938 0.589726
0.259838 0.638793 0.101369
0.343486 0.512514 0.144001
0.205899 0.313002 0.481099
0.706537 0.201702 0.0917614
0.159572 0.541728 0.2987
0.126135 0.407389 0.466476
0.564693 0.0650115 0.370296
0.156813 0.193743 0.649443
0.55357 0.25509 0.19134
0.139587 0.130895 0.729518
0.594413 0.188269 0.217318
0.435034 0.343856 0.22111
0.0988575 0.314869 0.586273
0.277579 0.0684041 0.654017
0.144088 0.68973 0.166182
0.257145 0.410354 0.332501
0.303279 0.452516 0.244204
0.474973 0.182719 0.342308
0.436506 0.133512 0.429982
0.0950416 0.825255 0.0797033
0.138899 0.0649502 0.796151
0.132309 0.756226 0.111465
0.297327 0.342964 0.35971
0.304114 0.214187 0.481699
0.706262 0.0485118 0.245226
0.557821 0.346434 0.095745
0.329659 0.575559 0.0947818
0.0644987 0.884007 0.0514943


3 1 29
15 2 35
23 22 37
25 24 39
10 9 40
0 14 41
30 0 41
33 32 42
12 11 43
14 13 44
41 14 44
36 41 44
19 18 46
7 6 47
9 8 48
40 9 48
13 12 50
44 13 50
12 43 50
24 23 51
39 24 51
23 37 51
48 39 51
22 21 52
37 22 52
21 20 52
20 49 52
32 31 53
42 32 53
18 17 54
46 18 54
50 43 55
17 16 56
38 54 56
54 17 56
36 44 57
55 45 57
44 50 57
50 55 57
55 43 58
45 55 58
20 19 59
49 20 59
19 46 59
46 49 59
34 33 60
33 42 60
42 38 60
38 56 60
47 6 61
26 25 61
25 39 61
39 47 61
37 52 62
51 37 63
40 48 63
48 51 63
37 62 63
58 40 63
62 58 63
36 57 64
57 45 64
38 42 65
42 53 65
53 36 65
36 64 65
5 4 66
28 27 66
16 15 67
15 35 67
35 34 67
34 60 67
56 16 67
60 56 67
6 5 68
61 6 68
27 26 68
26 61 68
5 66 68
66 27 68
49 45 69
45 58 69
58 62 69
52 49 69
62 52 69
46 54 70
54 38 70
45 49 70
64 45 70
49 46 70
38 65 70
65 64 70
31 30 71
30 41 71
41 36 71
36 53 71
53 31 71
11 10 72
10 40 72
40 58 72
43 11 72
58 43 72
8 7 73
7 47 73
47 39 73
39 48 73
48 8 73
4 3 74
3 29 74
29 28 74
28 66 74
66 4 74
