79
1 0 0
0 1 0
0 0 1
0.076923 0.923077 0
0.153846 0.846154 0
0.230769 0.769231 0
0.307692 0.692308 0
0.384615 0.615385 0
0.461538 0.538462 0
0.538462 0.461538 0
0.615385 0.384615 0
0.692308 0.307692 0
0.769231 0.230769 0
0.846154 0.153846 0
0.923077 0.0769231 0
0 0.0555556 0.944444
0 0.111111 0.888889
0 0.166667 0.833333
0 0.222222 0.777778
0 0.277778 0.722222
0 0.333333 0.666667
0 0.388889 0.611111
0 0.444444 0.555556
0 0.5 0.5
0 0.555556 0.444444
0 0.611111 0.388889
0 0.666667 0.333333
0 0.722222 0.277778
0 0.777778 0.222222
0 0.833333 0.166667
0 0.888889 0.111111
0 0.944444 0.0555556
0.875 0 0.125
0.75 0 0.25
0.625 0 0.375
0.5 0 0.5
0.375 0 0.625
0.25 0 0.75
0.125 0 0.875
0.607551 0.132591 0.259858
0.135879 0.491027 0.373094
0.237488 0.140102 0.62241
0.178171 0.596864 0.224966
0.461319 0.431268 0.107414
0.805 0.0640335 0.130967
0.428874 0.0702176 0.500908
0.619497 0.282317 0.0981859
0.744758 0.134156 0.121086
0.403711 0.262028 0.33426
0.677966 0.0615888 0.260445
0.171086 0.251644 0.577269
0.276863 0.621615 0.101522
0.331733 0.506442 0.161825
0.212561 0.322817 0.464622
0.159696 0.537885 0.302419
0.130232 0.401137 0.468631
0.701188 0.204117 0.0946949
0.320431 0.0631541 0.616415
0.529169 0.26414 0.206691
0.148648 0.127808 0.723544
0.0999278 0.825512 0.0745603
0.427878 0.348502 0.22362
0.186516 0.0680486 0.745436
0.149904 0.209293 0.640803
0.496609 0.129371 0.374021
0.225331 0.41897 0.355698
0.367191 0.218806 0.414003
0.574527 0.194503 0.23097
0.318135 0.444542 0.237322
0.163515 0.706176 0.130309
0.32401 0.334604 0.341386
0.521643 0.362403 0.115954
0.111144 0.0511359 0.837721
0.357265 0.547271 0.0954635
0.342079 0.156359 0.501562
0.546708 0.0668173 0.386474
0.142359 0.307685 0.549956
0.124666 0.666812 0.208521
0.135266 0.768835 0.095899


3 1 31
4 3 31
30 4 31
15 2 38
24 23 40
26 25 42
10 9 43
0 14 44
32 0 44
35 34 45
12 11 46
14 13 47
39 44 47
44 14 47
33 32 49
32 44 49
44 39 49
20 19 50
8 7 51
43 9 52
25 24 54
24 40 54
42 25 54
52 42 54
23 22 55
22 21 55
21 53 55
13 12 56
12 46 56
47 13 56
36 35 57
35 45 57
45 41 57
56 46 58
18 17 59
41 18 59
57 41 59
5 4 60
4 30 60
30 29 60
58 46 61
17 16 62
59 17 62
37 36 62
36 57 62
57 59 62
19 18 63
18 41 63
50 19 63
49 39 64
40 23 65
23 55 65
48 53 66
64 39 66
39 47 67
58 48 67
47 56 67
56 58 67
48 66 67
66 39 67
54 40 68
43 52 68
52 54 68
40 65 68
65 61 68
7 6 69
51 7 69
28 27 69
53 48 70
55 53 70
48 58 70
58 61 70
65 55 70
61 65 70
11 10 71
10 43 71
46 11 71
61 46 71
43 68 71
68 61 71
16 15 72
15 38 72
38 37 72
37 62 72
62 16 72
8 51 73
51 42 73
9 8 73
52 9 73
42 52 73
41 45 74
63 41 74
50 63 74
64 66 74
66 50 74
34 33 75
33 49 75
45 34 75
49 64 75
64 74 75
74 45 75
21 20 76
53 21 76
20 50 76
50 66 76
66 53 76
27 26 77
26 42 77
42 51 77
51 69 77
69 27 77
5 60 78
60 29 78
6 5 78
69 6 78
29 28 78
28 69 78
