37
1 0 0
0 1 0
0 0 1
0.076923 0.923077 0
0.153846 0.846154 0
0.230769 0.769231 0
0.307692 0.692308 0
0.384615 0.615385 0
0.461538 0.538462 0
0.538462 0.461538 0
0.615385 0.384615 0
0.692308 0.307692 0
0.769231 0.230769 0
0.846154 0.153846 0
0.923077 0.0769231 0
0 0.0909091 0.909091
0 0.181818 0.818182
0 0.272727 0.727273
0 0.363636 0.636364
0 0.454545 0.545455
0 0.545455 0.454545
0 0.636364 0.363636
0 0.727273 0.272727
0 0.818182 0.181818
0 0.909091 0.0909091
0.666667 0 0.333333
0.333333 0 0.666667
0.320532 0.148333 0.531134
0.168376 0.617853 0.213771
0.438741 0.0817622 0.479497
0.369572 0.261708 0.368719
0.256347 0.434952 0.308702
0.306319 0.357883 0.335798
0.60628 0.156054 0.237666
0.198165 0.531562 0.270274
0.664609 0.0673314 0.268059
0.137909 0.706043 0.156048


5 4 23
22 5 23
3 1 24
4 3 24
23 4 24
0 14 25
12 11 27
16 15 27
15 2 27
7 6 28
6 21 28
20 7 28
21 20 28
2 26 29
27 2 29
11 10 30
17 16 30
16 27 30
27 11 30
9 8 31
8 19 31
19 18 31
17 30 32
30 10 32
10 9 32
9 31 32
18 17 32
31 18 32
13 12 33
29 13 33
12 27 33
27 29 33
8 7 34
7 20 34
19 8 34
20 19 34
14 13 35
13 29 35
25 14 35
26 25 35
29 26 35
6 5 36
5 22 36
21 6 36
22 21 36
