129
1 0 0
0 1 0
0 0 1
0.076923 0.923077 0
0.153846 0.846154 0
0.230769 0.769231 0
0.307692 0.692308 0
0.384615 0.615385 0
0.461538 0.538462 0
0.538462 0.461538 0
0.615385 0.384615 0
0.692308 0.307692 0
0.769231 0.230769 0
0.846154 0.153846 0
0.923077 0.0769231 0
0 0.0714286 0.928571
0 0.142857 0.857143
0 0.214286 0.785714
0 0.285714 0.714286
0 0.357143 0.642857
0 0.428571 0.571429
0 0.5 0.5
0 0.571429 0.428571
0 0.642857 0.357143
0 0.714286 0.285714
0 0.785714 0.214286
0 0.857143 0.142857
0 0.928571 0.0714286
0.944444 0 0.0555556
0.888889 0 0.111111
0.833333 0 0.166667
0.777778 0 0.222222
0.722222 0 0.277778
0.666667 0 0.333333
0.611111 0 0.388889
0.555556 0 0.444444
0.5 0 0.5
0.444444 0 0.555556
0.388889 0 0.611111
0.333333 0 0.666667
0.277778 0 0.722222
0.222222 0 0.777778
0.166667 0 0.833333
0.111111 0 0.888889
0.0555555 0 0.944444
0.632747 0.124344 0.242908
0.101981 0.484827 0.413192
0.276892 0.145617 0.577491
0.152359 0.617473 0.230168
0.492115 0.407327 0.100558
0.799066 0.066451 0.134484
0.413648 0.0843009 0.502051
0.653732 0.273564 0.0727042
0.672021 0.142144 0.185834
0.745798 0.181512 0.0726898
0.399362 0.242475 0.358163
0.169421 0.267014 0.563565
0.271245 0.618754 0.110001
0.068092 0.118379 0.813529
0.319479 0.531136 0.149384
0.0437726 0.629031 0.327196
0.194171 0.31968 0.486148
0.486151 0.2417 0.272149
0.287217 0.494043 0.21874
0.172178 0.523538 0.304284
0.121292 0.392855 0.485853
0.343956 0.581693 0.0743506
0.573722 0.33703 0.0892477
0.884716 0.0640182 0.0512659
0.546914 0.0738432 0.379243
0.154402 0.187233 0.658365
0.262453 0.228891 0.508655
0.203872 0.684132 0.111996
0.601522 0.231374 0.167104
0.0726273 0.390988 0.536384
0.0768459 0.313911 0.609243
0.116236 0.147901 0.735863
0.560874 0.176678 0.262449
0.347692 0.247223 0.405086
0.167167 0.767089 0.0657436
0.0940314 0.811978 0.0939902
0.227734 0.406855 0.365412
0.438939 0.343434 0.217627
0.4167 0.445488 0.137811
0.252674 0.085743 0.661583
0.136371 0.709013 0.154616
0.337056 0.140402 0.522541
0.0734393 0.704129 0.222431
0.058644 0.783185 0.158171
0.708696 0.0630055 0.228298
0.496239 0.0805621 0.423199
0.489047 0.16972 0.341234
0.0450965 0.565595 0.389309
0.511122 0.332765 0.156113
0.430251 0.141824 0.427925
0.138187 0.0642056 0.797607
0.0682518 0.251786 0.679963
0.522452 0.432634 0.044914
0.346444 0.392799 0.260757
0.592796 0.0898489 0.317355
0.82313 0.107562 0.0693082
0.317998 0.33824 0.343762
0.174731 0.398193 0.427075
0.683016 0.193519 0.123464
0.0527115 0.486541 0.460747
0.408543 0.295758 0.295698
0.432212 0.506122 0.061666
0.224904 0.599487 0.175609
0.255608 0.6908 0.0535919
0.194442 0.0792589 0.726299
0.0531118 0.201487 0.745401
0.738834 0.102879 0.158287
0.0988984 0.556838 0.344264
0.364861 0.439859 0.19528
0.155688 0.47575 0.368562
0.052676 0.0617862 0.885538
0.524765 0.260413 0.214822
0.262026 0.443383 0.294591
0.322232 0.0612854 0.616482
0.265131 0.30435 0.430519
0.218936 0.534085 0.246979
0.367427 0.068444 0.564129
0.0494228 0.90395 0.0466273
0.215373 0.167159 0.617468
0.108965 0.854148 0.0368873
0.345853 0.189747 0.464401
0.0898178 0.629637 0.280545
0.665718 0.0522835 0.281999
0.0372488 0.859977 0.102774


0 14 28
15 2 44
30 29 50
31 30 50
37 36 51
11 10 52
12 11 54
11 52 54
17 16 58
24 23 60
56 61 65
7 6 66
57 59 66
52 10 67
14 13 68
28 14 68
29 28 68
35 34 69
56 47 71
61 56 71
45 53 73
52 67 73
21 20 74
56 65 74
20 19 75
74 20 75
70 56 75
56 74 75
45 73 77
5 4 79
66 59 83
40 39 84
72 79 85
79 80 85
71 47 86
25 24 87
48 85 87
85 80 88
26 25 88
25 87 88
87 85 88
32 31 89
53 45 89
36 35 90
35 69 90
77 62 91
90 69 91
23 22 92
60 23 92
67 49 93
73 67 93
49 83 93
83 82 93
51 36 94
36 90 94
55 78 94
90 91 94
91 55 94
43 42 95
58 43 95
42 41 95
76 58 95
19 18 96
75 19 96
70 75 96
76 70 96
9 8 97
10 9 97
67 10 97
49 67 97
34 33 99
69 34 99
45 77 99
77 91 99
91 69 99
13 12 100
12 54 100
50 29 100
29 68 100
68 13 100
54 50 100
78 55 101
46 65 102
65 61 102
54 52 103
52 73 103
73 53 103
22 21 104
65 46 104
21 74 104
74 65 104
46 92 104
92 22 104
55 91 105
91 62 105
62 82 105
82 98 105
98 101 105
101 55 105
8 7 106
7 66 106
83 49 106
66 83 106
49 97 106
97 8 106
59 57 107
63 59 107
57 72 107
72 85 107
85 48 107
6 5 108
57 66 108
66 6 108
72 57 108
5 79 108
79 72 108
70 76 109
41 40 109
40 84 109
84 70 109
76 95 109
95 41 109
18 17 110
17 58 110
58 76 110
76 96 110
96 18 110
31 50 111
89 31 111
53 89 111
103 53 111
50 54 111
54 103 111
60 92 112
92 46 112
59 63 113
63 98 113
82 83 113
98 82 113
83 59 113
81 64 114
102 81 114
46 102 114
112 46 114
64 112 114
16 15 115
15 44 115
44 43 115
43 58 115
58 16 115
62 77 116
82 62 116
93 82 116
77 73 116
73 93 116
64 81 117
81 101 117
98 63 117
101 98 117
39 38 118
47 84 118
84 39 118
61 71 119
78 101 119
101 81 119
81 102 119
102 61 119
63 107 120
107 48 120
117 63 120
48 64 120
64 117 120
38 37 121
37 51 121
51 86 121
118 38 121
86 47 121
47 118 121
3 1 122
1 27 122
47 56 123
84 47 123
56 70 123
70 84 123
4 3 124
79 4 124
80 79 124
3 122 124
122 80 124
86 51 125
51 94 125
94 78 125
71 86 125
119 71 125
78 119 125
24 60 126
87 24 126
64 48 126
112 64 126
48 87 126
60 112 126
33 32 127
32 89 127
89 45 127
45 99 127
99 33 127
27 26 128
26 88 128
88 80 128
80 122 128
122 27 128
