61
1 0 0
0 1 0
0 0 1
0.0769231 0.923077 0
0.153846 0.846154 0
0.230769 0.769231 0
0.307692 0.692308 0
0.384615 0.615385 0
0.461538 0.538462 0
0.538462 0.461538 0
0.615385 0.384615 0
0.692308 0.307692 0
0.769231 0.230769 0
0.846154 0.153846 0
0.923077 0.0769231 0
0 0.0526316 0.947368
0 0.105263 0.894737
0 0.157895 0.842105
0 0.210526 0.789474
0 0.263158 0.736842
0 0.315789 0.684211
0 0.368421 0.631579
0 0.421053 0.578947
0 0.473684 0.526316
0 0.526316 0.473684
0 0.578947 0.421053
0 0.631579 0.368421
0 0.68421 0.315789
0 0.736842 0.263158
0 0.789474 0.210526
0 0.842105 0.157895
0 0.894737 0.105263
0 0.947368 0.0526316
0.857143 0 0.142857
0.714286 0 0.285714
0.571429 0 0.428571
0.428571 0 0.571429
0.285714 0 0.714286
0.142857 0 0.857143
0.630863 0.119696 0.249441
0.327886 0.125318 0.546795
0.24292 0.582725 0.174355
0.707567 0.144716 0.147717
0.404678 0.243815 0.351507
0.523112 0.107397 0.369492
0.321663 0.514677 0.16366
0.460838 0.397897 0.141265
0.300002 0.229045 0.470953
0.540442 0.259324 0.200235
0.230027 0.396878 0.373095
0.232606 0.207198 0.560196
0.214981 0.639259 0.14576
0.487803 0.339685 0.172512
0.261786 0.0922657 0.645948
0.227405 0.458663 0.313932
0.184178 0.694642 0.12118
0.195352 0.0688753 0.735772
0.262771 0.498254 0.238975
0.133854 0.771901 0.0942448
0.242475 0.335757 0.421768
0.106978 0.0410752 0.851946


5 4 31
30 5 31
3 1 32
4 3 32
31 4 32
15 2 38
33 0 39
19 18 40
35 34 40
9 8 41
27 26 41
14 13 42
0 14 42
39 0 42
39 42 43
34 33 44
33 39 44
40 34 44
10 9 45
9 41 45
41 26 45
11 10 46
21 20 47
43 21 47
39 43 47
44 39 47
13 12 48
42 13 48
43 42 48
24 23 49
23 22 49
19 40 50
40 44 50
20 19 50
47 20 50
44 47 50
8 7 51
28 27 51
27 41 51
41 8 51
12 11 52
11 46 52
48 12 52
49 48 52
18 17 53
36 35 53
35 40 53
40 18 53
25 24 54
52 46 54
24 49 54
49 52 54
7 6 55
6 29 55
29 28 55
28 51 55
51 7 55
17 16 56
16 37 56
37 36 56
36 53 56
53 17 56
26 25 57
45 26 57
10 45 57
46 10 57
25 54 57
54 46 57
6 5 58
5 30 58
29 6 58
30 29 58
22 21 59
21 43 59
43 48 59
48 49 59
49 22 59
16 15 60
15 38 60
37 16 60
38 37 60
