162
1 0 0
0 1 0
0 0 1
0.0769231 0.923077 0
0.153846 0.846154 0
0.230769 0.769231 0
0.307692 0.692308 0
0.384615 0.615385 0
0.461538 0.538462 0
0.538462 0.461538 0
0.615385 0.384615 0
0.692308 0.307692 0
0.769231 0.230769 0
0.846154 0.153846 0
0.923077 0.0769231 0
0 0.0526316 0.947368
0 0.105263 0.894737
0 0.157895 0.842105
0 0.210526 0.789474
0 0.263158 0.736842
0 0.315789 0.68421
0 0.368421 0.631579
0 0.421053 0.578947
0 0.473684 0.526316
0 0.526316 0.473684
0 0.578947 0.421053
0 0.631579 0.368421
0 0.684211 0.315789
0 0.736842 0.263158
0 0.789474 0.210526
0 0.842105 0.157895
0 0.894737 0.105263
0 0.947368 0.0526316
0.944444 0 0.0555556
0.888889 0 0.111111
0.833333 0 0.166667
0.777778 0 0.222222
0.722222 0 0.277778
0.666667 0 0.333333
0.611111 0 0.388889
0.555556 0 0.444444
0.5 0 0.5
0.444444 0 0.555556
0.388889 0 0.611111
0.333333 0 0.666667
0.277778 0 0.722222
0.222222 0 0.777778
0.166667 0 0.833333
0.111111 0 0.888889
0.0555557 0 0.944444
0.632751 0.117508 0.249741
0.105453 0.497727 0.39682
0.269433 0.148777 0.58179
0.171292 0.594961 0.233747
0.490736 0.412473 0.0967906
0.778796 0.0785027 0.142701
0.431935 0.0591864 0.508878
0.782319 0.187353 0.0303276
0.650312 0.272559 0.077129
0.690577 0.116085 0.193337
0.394653 0.253107 0.352239
0.163815 0.244557 0.591628
0.277911 0.636329 0.0857605
0.0642017 0.137916 0.797882
0.31225 0.524728 0.163021
0.388182 0.124663 0.487155
0.181547 0.338426 0.480027
0.479079 0.252973 0.267948
0.273255 0.509233 0.217512
0.162532 0.54456 0.292908
0.118697 0.39845 0.482853
0.579166 0.343061 0.0777737
0.889227 0.0542565 0.0565167
0.526384 0.0789472 0.394669
0.15606 0.195386 0.648553
0.247367 0.611394 0.14124
0.253567 0.254708 0.491725
0.355369 0.585428 0.0592033
0.191776 0.698003 0.110221
0.245352 0.706299 0.0483483
0.589531 0.246947 0.163523
0.752958 0.143706 0.103336
0.10128 0.353969 0.544751
0.0631323 0.327073 0.609795
0.123793 0.132177 0.744029
0.481203 0.200648 0.318149
0.351238 0.245908 0.402854
0.165095 0.772977 0.0619288
0.608401 0.184927 0.206672
0.455279 0.387247 0.157473
0.093201 0.834607 0.0721924
0.233472 0.395393 0.371135
0.164348 0.414703 0.420949
0.0923804 0.782769 0.12485
0.42796 0.3417 0.230341
0.410861 0.505311 0.0838276
0.257134 0.0673161 0.67555
0.148797 0.679157 0.172046
0.0778991 0.694171 0.22793
0.237491 0.21474 0.54777
0.407211 0.291773 0.301016
0.106177 0.196875 0.696947
0.559834 0.316334 0.123833
0.482908 0.471413 0.0456794
0.309777 0.0712399 0.618983
0.181343 0.475112 0.343544
0.704696 0.0569732 0.238331
0.478844 0.0677932 0.453363
0.575006 0.122915 0.30208
0.0660888 0.886946 0.0469647
0.681332 0.165442 0.153226
0.0881445 0.262262 0.649594
0.422959 0.149093 0.427949
0.139026 0.0684893 0.792485
0.327482 0.423826 0.248692
0.316308 0.332192 0.3515
0.326881 0.214147 0.458972
0.102988 0.615397 0.281614
0.0776583 0.0716486 0.850693
0.559507 0.398147 0.0423459
0.362677 0.080687 0.556636
0.446265 0.174305 0.37943
0.200455 0.0644951 0.73505
0.52395 0.258149 0.217901
0.827503 0.123733 0.0487642
0.0522635 0.0430677 0.904669
0.104777 0.554588 0.340635
0.33226 0.555958 0.111782
0.36902 0.438854 0.192126
0.396634 0.470207 0.133159
0.312087 0.16637 0.521542
0.257607 0.317389 0.425003
0.418584 0.543454 0.0379619
0.598464 0.0589673 0.342569
0.233177 0.497127 0.269696
0.661521 0.224934 0.113545
0.269756 0.42081 0.309434
0.0776387 0.466629 0.455732
0.653429 0.0551491 0.291422
0.181959 0.129034 0.689007
0.638073 0.325798 0.0361297
0.179268 0.287869 0.532863
0.0557592 0.197935 0.746306
0.0472544 0.672445 0.2803
0.755571 0.0544218 0.190007
0.943612 0.0311911 0.0251972
0.226667 0.585785 0.187548
0.712513 0.253255 0.0342313
0.735891 0.195469 0.06864
0.22593 0.143496 0.630574
0.0484259 0.622639 0.328935
0.524674 0.12744 0.347885
0.350477 0.360538 0.288985
0.0478563 0.570431 0.381713
0.061719 0.759796 0.178485
0.505231 0.31811 0.176659
0.827614 0.0791431 0.0932431
0.316993 0.647588 0.035419
0.0427922 0.528252 0.428956
0.55282 0.185345 0.261835
0.045848 0.253242 0.70091
0.0495854 0.438474 0.511941


3 1 32
15 2 49
35 34 55
42 41 56
13 12 57
18 17 63
34 33 72
40 39 73
75 62 78
6 5 79
78 62 79
66 70 82
21 20 83
22 21 83
82 22 83
61 82 83
5 4 87
79 5 87
78 79 87
50 59 88
87 4 90
70 66 92
31 30 93
90 31 93
78 87 93
87 90 93
45 44 96
75 78 97
78 93 97
29 28 98
53 97 98
61 52 99
60 85 100
85 67 100
67 94 100
58 71 102
71 54 102
54 89 102
9 8 103
95 54 103
44 43 104
96 44 104
51 92 105
92 91 105
37 36 106
59 50 106
41 40 107
56 41 107
40 73 107
65 56 107
4 3 109
90 4 109
3 32 109
32 31 109
31 90 109
59 55 110
55 81 110
80 88 110
88 59 110
83 20 111
74 61 111
61 83 111
101 74 111
107 73 112
65 107 112
47 46 113
84 63 113
86 60 115
60 100 115
65 112 116
112 86 116
69 53 117
53 98 117
17 16 118
63 17 118
113 63 118
48 47 118
47 113 118
10 9 119
9 103 119
54 71 119
103 54 119
56 65 120
43 42 120
104 43 120
42 56 120
52 104 120
112 73 121
85 60 121
60 86 121
86 112 121
46 45 122
45 96 122
84 113 122
113 46 122
88 80 123
94 67 123
14 13 124
72 14 124
13 57 124
16 15 125
15 49 125
49 48 125
48 118 125
118 16 125
51 105 126
105 69 126
69 117 126
62 75 127
77 62 127
75 64 127
95 77 127
64 68 128
68 114 128
94 89 128
114 94 128
89 54 129
54 95 129
95 127 129
127 64 129
128 89 129
64 128 129
99 52 130
76 99 130
116 76 130
65 116 130
52 120 130
120 65 130
66 76 131
91 92 131
92 66 131
86 115 131
115 91 131
76 116 131
116 86 131
8 7 132
7 77 132
77 95 132
95 103 132
103 8 132
39 38 133
73 39 133
68 53 134
53 69 134
114 68 134
69 105 134
58 102 135
102 80 135
80 110 135
110 81 135
91 115 136
105 91 136
134 105 136
114 134 136
70 92 137
92 51 137
37 106 138
106 50 138
50 108 138
38 37 138
133 38 138
108 133 138
101 84 139
74 101 139
84 122 139
122 96 139
11 10 140
71 58 140
10 119 140
119 71 140
76 66 141
66 82 141
99 76 141
82 61 141
61 99 141
19 18 142
18 63 142
63 84 142
84 101 142
28 27 143
98 28 143
117 98 143
36 35 144
35 55 144
55 59 144
59 106 144
106 36 144
0 14 145
33 0 145
14 72 145
72 33 145
53 68 146
68 64 146
64 75 146
75 97 146
97 53 146
12 11 147
57 12 147
11 140 147
140 58 147
81 124 148
124 57 148
58 135 148
147 58 148
57 147 148
135 81 148
52 61 149
61 74 149
104 52 149
96 104 149
74 139 149
139 96 149
27 26 150
126 117 150
117 143 150
143 27 150
121 73 151
108 85 151
85 121 151
73 133 151
133 108 151
100 94 152
94 114 152
114 136 152
115 100 152
136 115 152
26 25 153
51 126 153
126 150 153
150 26 153
30 29 154
93 30 154
97 93 154
29 98 154
98 97 154
89 94 155
94 123 155
80 102 155
123 80 155
102 89 155
55 34 156
34 72 156
72 124 156
81 55 156
124 81 156
7 6 157
77 7 157
62 77 157
6 79 157
79 62 157
25 24 158
24 137 158
137 51 158
51 153 158
153 25 158
50 88 159
108 50 159
67 85 159
85 108 159
88 123 159
123 67 159
20 19 160
101 111 160
111 20 160
19 142 160
142 101 160
23 22 161
22 82 161
82 70 161
24 23 161
137 24 161
70 137 161
