135
1 0 0
0 1 0
0 0 1
0.076923 0.923077 0
0.153846 0.846154 0
0.230769 0.769231 0
0.307692 0.692308 0
0.384615 0.615385 0
0.461538 0.538462 0
0.538462 0.461538 0
0.615385 0.384615 0
0.692308 0.307692 0
0.769231 0.230769 0
0.846154 0.153846 0
0.923077 0.0769231 0
0 0.0625 0.9375
0 0.125 0.875
0 0.1875 0.8125
0 0.25 0.75
0 0.3125 0.6875
0 0.375 0.625
0 0.4375 0.5625
0 0.5 0.5
0 0.5625 0.4375
0 0.625 0.375
0 0.6875 0.3125
0 0.75 0.25
0 0.8125 0.1875
0 0.875 0.125
0 0.9375 0.0625
0.9375 0 0.0625
0.875 0 0.125
0.8125 0 0.1875
0.75 0 0.25
0.6875 0 0.3125
0.625 0 0.375
0.5625 0 0.4375
0.5 0 0.5
0.4375 0 0.5625
0.375 0 0.625
0.3125 0 0.6875
0.25 0 0.75
0.1875 0 0.8125
0.125 0 0.875
0.0625 0 0.9375
0.629831 0.116109 0.254061
0.112866 0.483607 0.403527
0.269695 0.136322 0.593983
0.15461 0.614465 0.230925
0.494328 0.406045 0.0996266
0.794479 0.0712201 0.1343
0.425523 0.0712397 0.503238
0.783981 0.173519 0.0425
0.657571 0.277833 0.0645954
0.681744 0.135006 0.18325
0.40767 0.242637 0.349692
0.170364 0.252455 0.57718
0.277926 0.630277 0.0917969
0.0617222 0.132921 0.805357
0.687778 0.0579371 0.254285
0.316972 0.5387 0.144329
0.188392 0.336301 0.475307
0.484413 0.238846 0.276742
0.159775 0.549517 0.290708
0.113988 0.407634 0.478379
0.582563 0.320742 0.096695
0.873544 0.0534166 0.0730391
0.539379 0.0850439 0.375577
0.155264 0.198473 0.646263
0.232261 0.260566 0.507173
0.355525 0.58447 0.0600048
0.190724 0.69344 0.115836
0.240446 0.708158 0.0513961
0.59262 0.243115 0.164265
0.284792 0.489644 0.225564
0.744241 0.149338 0.106421
0.068451 0.376948 0.554601
0.0807169 0.303837 0.615446
0.131838 0.134982 0.73318
0.347106 0.246825 0.406069
0.163551 0.772004 0.0644448
0.0893044 0.835541 0.0751542
0.240584 0.387334 0.372082
0.0903935 0.772451 0.137156
0.43685 0.342958 0.220192
0.407504 0.495589 0.0969071
0.254669 0.0484865 0.696845
0.144762 0.682178 0.173059
0.346593 0.135511 0.517896
0.077285 0.706115 0.2166
0.484857 0.466387 0.0487565
0.215085 0.115162 0.669753
0.300945 0.0632138 0.635841
0.581765 0.189929 0.228305
0.491712 0.0637563 0.444532
0.481831 0.17191 0.346259
0.618939 0.0666361 0.314425
0.512687 0.331309 0.156004
0.657731 0.222082 0.120187
0.424364 0.149391 0.426245
0.125733 0.0687032 0.805564
0.063222 0.253477 0.683301
0.346874 0.39297 0.260156
0.436557 0.409895 0.153548
0.32168 0.332786 0.345534
0.0538769 0.494931 0.451192
0.399616 0.310872 0.289512
0.101056 0.618158 0.280786
0.190865 0.473647 0.335488
0.228901 0.595701 0.175398
0.519317 0.26827 0.212413
0.0679985 0.194304 0.737698
0.107089 0.549728 0.343183
0.0500253 0.442048 0.507927
0.360989 0.0677209 0.57129
0.718458 0.224087 0.0574542
0.744917 0.055382 0.199701
0.320375 0.205011 0.474614
0.555811 0.146361 0.297829
0.830059 0.109489 0.0604518
0.0629336 0.0663916 0.870675
0.558095 0.397113 0.0447919
0.263275 0.306172 0.430553
0.270804 0.428132 0.301064
0.219877 0.52647 0.253653
0.367873 0.44724 0.184888
0.0470712 0.621377 0.331551
0.191107 0.0646068 0.744286
0.178885 0.404541 0.416574
0.0484031 0.560451 0.391146
0.142487 0.319908 0.537605
0.626056 0.337358 0.0365858
0.0582093 0.893922 0.0478683
0.250981 0.193219 0.5558
0.0474176 0.676291 0.276292


3 1 29
0 14 30
15 2 44
32 31 50
38 37 51
13 12 52
17 16 58
34 33 59
54 45 59
30 14 66
31 30 66
50 31 66
36 35 67
7 6 70
6 57 70
8 7 70
57 60 70
6 5 72
57 6 72
71 57 72
54 50 75
21 20 76
20 19 77
68 56 77
76 20 77
5 4 80
72 5 80
71 72 80
80 4 81
28 27 83
81 28 83
71 80 83
80 81 83
8 70 85
70 60 85
41 40 86
71 83 87
27 26 89
83 27 89
48 87 89
87 83 89
9 8 90
8 85 90
85 49 90
47 68 91
68 78 91
40 39 92
86 40 92
47 91 92
91 86 92
45 54 93
54 73 93
37 36 94
51 37 94
36 67 94
62 55 95
34 59 96
59 45 96
35 34 96
67 35 96
65 49 97
73 65 97
53 65 98
65 73 98
73 54 98
54 75 98
88 51 99
51 94 99
94 67 99
67 95 99
55 79 99
95 55 99
43 42 100
78 58 100
19 18 101
68 77 101
77 19 101
49 85 103
84 97 103
97 49 103
79 55 104
23 22 105
64 46 105
55 62 106
62 84 106
84 102 106
102 104 106
104 55 106
63 48 107
48 89 107
74 60 109
87 48 109
60 57 109
57 71 109
71 87 109
84 62 110
97 84 110
62 93 110
93 73 110
73 97 110
18 17 111
17 58 111
58 78 111
101 18 111
78 68 111
68 101 111
63 107 112
46 108 112
108 63 112
22 21 113
21 76 113
76 64 113
64 105 113
105 22 113
39 38 114
38 51 114
51 88 114
92 39 114
88 47 114
47 92 114
12 11 115
11 53 115
52 12 115
75 52 115
53 98 115
98 75 115
32 50 116
50 54 116
33 32 116
59 33 116
54 59 116
88 99 117
99 79 117
45 93 118
93 62 118
62 95 118
96 45 118
95 67 118
67 96 118
14 13 119
66 14 119
13 52 119
50 66 119
75 50 119
52 75 119
16 15 120
15 44 120
44 43 120
43 100 120
58 16 120
100 58 120
10 9 121
49 65 121
9 90 121
90 49 121
61 69 122
79 104 122
104 82 122
69 117 122
117 79 122
82 104 123
104 102 123
108 82 123
102 74 123
48 63 124
74 109 124
109 48 124
123 74 124
63 108 124
108 123 124
60 74 125
85 60 125
103 85 125
74 102 125
102 84 125
84 103 125
25 24 126
112 107 126
41 86 127
86 91 127
91 78 127
42 41 127
100 42 127
78 100 127
46 64 128
64 61 128
82 108 128
108 46 128
61 122 128
122 82 128
23 105 129
105 46 129
24 23 129
46 112 129
112 126 129
126 24 129
56 69 130
69 61 130
61 64 130
64 76 130
76 77 130
77 56 130
11 10 131
53 11 131
10 121 131
65 53 131
121 65 131
4 3 132
81 4 132
3 29 132
29 28 132
28 81 132
56 68 133
68 47 133
69 56 133
47 88 133
88 117 133
117 69 133
26 25 134
89 26 134
107 89 134
25 126 134
126 107 134
