125
1 0 0
0 1 0
0 0 1
0.076923 0.923077 0
0.153846 0.846154 0
0.230769 0.769231 0
0.307692 0.692308 0
0.384615 0.615385 0
0.461538 0.538462 0
0.538462 0.461538 0
0.615385 0.384615 0
0.692308 0.307692 0
0.769231 0.230769 0
0.846154 0.153846 0
0.923077 0.0769231 0
0 0.0769231 0.923077
0 0.153846 0.846154
0 0.230769 0.769231
0 0.307692 0.692308
0 0.384615 0.615385
0 0.461538 0.538462
0 0.538462 0.461538
0 0.615385 0.384615
0 0.692308 0.307692
0 0.769231 0.230769
0 0.846154 0.153846
0 0.923077 0.0769231
0.95 0 0.05
0.9 0 0.1
0.85 0 0.15
0.8 0 0.2
0.75 0 0.25
0.7 0 0.3
0.65 0 0.35
0.6 0 0.4
0.55 0 0.45
0.5 0 0.5
0.45 0 0.55
0.4 0 0.6
0.35 0 0.65
0.3 0 0.7
0.25 0 0.75
0.2 0 0.8
0.15 0 0.85
0.1 0 0.9
0.05 0 0.95
0.633708 0.104935 0.261357
0.102718 0.484935 0.412348
0.281179 0.137249 0.581572
0.151866 0.61913 0.229004
0.509218 0.376893 0.113888
0.793865 0.0786044 0.127531
0.668127 0.260412 0.0714609
0.675168 0.12691 0.197922
0.749194 0.181161 0.0696443
0.375144 0.282722 0.342134
0.162245 0.262432 0.575323
0.0639027 0.263438 0.67266
0.255659 0.661243 0.0830977
0.0528947 0.134456 0.812649
0.30924 0.534023 0.156737
0.428222 0.0790441 0.492734
0.182646 0.321373 0.495982
0.500692 0.214965 0.284343
0.266245 0.527613 0.206142
0.153591 0.550705 0.295704
0.122772 0.394064 0.483164
0.340893 0.585474 0.0736333
0.579743 0.343141 0.0771155
0.503195 0.447922 0.048884
0.528063 0.097077 0.37486
0.14675 0.193869 0.659381
0.253159 0.260461 0.48638
0.20225 0.667162 0.130589
0.342037 0.0685104 0.589453
0.587548 0.239963 0.172489
0.0725172 0.400479 0.527004
0.514077 0.289983 0.19594
0.128592 0.140347 0.731062
0.565633 0.18471 0.249657
0.357674 0.238283 0.404042
0.169069 0.775291 0.0556403
0.453875 0.400028 0.146098
0.106874 0.80579 0.0873365
0.218531 0.396692 0.384777
0.443764 0.343043 0.213193
0.241212 0.105121 0.653666
0.83207 0.09896 0.0689698
0.351596 0.122552 0.525852
0.075846 0.705881 0.218273
0.451296 0.127332 0.421373
0.460843 0.191099 0.348058
0.0535646 0.818833 0.127602
0.117895 0.0876982 0.794407
0.339371 0.409092 0.251538
0.645902 0.222091 0.132007
0.415684 0.304234 0.280083
0.292371 0.417487 0.290142
0.429315 0.500645 0.0700395
0.194643 0.0840152 0.721342
0.0592331 0.19716 0.743607
0.0659831 0.64023 0.293787
0.72745 0.122565 0.149985
0.300867 0.256388 0.442745
0.127399 0.517264 0.355336
0.0541575 0.502545 0.443297
0.58067 0.0967275 0.322602
0.377751 0.414922 0.207327
0.89328 0.0639139 0.0428062
0.2939 0.343391 0.36271
0.12373 0.715723 0.160547
0.0483001 0.0697019 0.881998
0.231441 0.451928 0.31663
0.219265 0.527303 0.253432
0.0756286 0.321792 0.60258
0.172222 0.400081 0.427698
0.0950767 0.0566657 0.848258
0.0423422 0.903851 0.0538063
0.377597 0.164353 0.45805
0.389469 0.470109 0.140422
0.0529315 0.582308 0.364761
0.694573 0.0546516 0.250775
0.28103 0.681073 0.0378973
0.194122 0.617387 0.188491
0.221656 0.226036 0.552308


0 14 27
15 2 45
33 32 46
30 29 51
11 10 52
12 11 54
11 52 54
19 18 57
17 16 59
37 36 61
56 62 66
7 6 67
58 60 67
10 9 68
52 10 68
9 8 69
50 68 69
68 9 69
35 34 70
60 58 73
64 60 73
39 38 74
48 39 74
46 53 75
68 50 75
21 20 76
56 66 76
75 50 77
71 57 78
77 63 79
46 75 79
75 77 79
5 4 81
58 5 81
4 3 81
73 58 81
77 50 82
81 3 83
73 81 83
63 77 85
77 82 85
40 39 86
39 48 86
41 40 86
56 71 86
29 28 87
51 29 87
13 12 87
12 54 87
54 51 87
38 37 88
37 61 88
72 48 88
48 74 88
74 38 88
25 24 89
65 49 89
36 35 90
35 70 90
61 36 90
55 80 90
70 63 91
55 90 91
90 70 91
26 25 92
25 89 92
43 42 93
42 78 93
60 64 94
52 68 95
68 75 95
75 53 95
63 85 96
91 63 96
55 91 96
94 55 96
94 64 97
55 94 97
8 7 98
69 8 98
7 67 98
50 69 98
82 50 98
42 41 99
78 42 99
71 78 99
41 86 99
86 71 99
18 17 100
57 18 100
78 57 100
93 78 100
17 59 100
59 93 100
24 23 101
89 24 101
65 89 101
31 30 102
53 31 102
30 51 102
51 54 102
54 52 102
52 95 102
95 53 102
84 72 103
72 88 103
84 65 104
65 101 104
22 21 105
66 47 105
21 76 105
76 66 105
33 46 106
46 79 106
34 33 106
70 34 106
63 70 106
79 63 106
60 94 107
94 96 107
96 85 107
14 13 108
27 14 108
28 27 108
13 87 108
87 28 108
80 55 109
55 97 109
84 103 109
103 80 109
73 83 110
83 92 110
89 49 110
92 89 110
16 15 111
15 45 111
45 44 111
59 16 111
65 84 112
84 109 112
109 97 112
97 64 113
112 97 113
49 65 113
65 112 113
20 19 114
76 20 114
19 57 114
57 71 114
71 56 114
56 76 114
47 66 115
66 62 115
62 72 115
72 84 115
84 104 115
104 47 115
44 43 116
43 93 116
93 59 116
59 111 116
111 44 116
3 1 117
1 26 117
83 3 117
26 92 117
92 83 117
88 61 118
61 90 118
90 80 118
80 103 118
103 88 118
82 98 119
98 67 119
67 60 119
60 107 119
85 82 119
107 85 119
23 22 120
101 23 120
47 104 120
104 101 120
22 105 120
105 47 120
32 31 121
31 53 121
46 32 121
53 46 121
6 5 122
5 58 122
58 67 122
67 6 122
73 110 123
110 49 123
64 73 123
113 64 123
49 113 123
62 56 124
48 72 124
72 62 124
56 86 124
86 48 124
