83
1 0 0
0 1 0
0 0 1
0.0769231 0.923077 0
0.153846 0.846154 0
0.230769 0.769231 0
0.307692 0.692308 0
0.384615 0.615385 0
0.461538 0.538462 0
0.538462 0.461538 0
0.615385 0.384615 0
0.692308 0.307692 0
0.769231 0.230769 0
0.846154 0.153846 0
0.923077 0.0769231 0
0 0.05 0.95
0 0.1 0.9
0 0.15 0.85
0 0.2 0.8
0 0.25 0.75
0 0.3 0.7
0 0.35 0.65
0 0.4 0.6
0 0.45 0.55
0 0.5 0.5
0 0.55 0.45
0 0.6 0.4
0 0.65 0.35
0 0.7 0.3
0 0.75 0.25
0 0.8 0.2
0 0.85 0.15
0 0.9 0.1
0 0.95 0.05
0.888889 0 0.111111
0.777778 0 0.222222
0.666667 0 0.333333
0.555556 0 0.444444
0.444444 0 0.555556
0.333333 0 0.666667
0.222222 0 0.777778
0.111111 0 0.888889
0.649361 0.105172 0.245467
0.289655 0.130354 0.579991
0.176536 0.606784 0.216681
0.484778 0.409135 0.106086
0.74892 0.117786 0.133294
0.389123 0.254685 0.356192
0.664522 0.0577306 0.277748
0.20572 0.23476 0.55952
0.271416 0.622792 0.105792
0.330792 0.507572 0.161636
0.384418 0.130122 0.48546
0.188986 0.343544 0.46747
0.640607 0.24653 0.112863
0.157524 0.543138 0.299338
0.815054 0.058959 0.125987
0.547393 0.33327 0.119338
0.554476 0.232377 0.213147
0.142235 0.129537 0.728228
0.245337 0.265496 0.489167
0.201296 0.399746 0.398958
0.412729 0.346354 0.240917
0.15978 0.208666 0.631554
0.191585 0.463447 0.344968
0.128803 0.677323 0.193874
0.172239 0.709257 0.118504
0.144923 0.0619571 0.79312
0.461518 0.137518 0.400964
0.358363 0.545957 0.09568
0.452416 0.186881 0.360703
0.327573 0.0753984 0.597029
0.341168 0.440232 0.2186
0.101771 0.830646 0.0675831
0.742606 0.165 0.0923939
0.459965 0.0629133 0.477122
0.357953 0.313501 0.328545
0.140883 0.773326 0.0857905
0.0965851 0.0408256 0.862589
0.142906 0.169401 0.687693
0.47974 0.452981 0.067279
0.564311 0.178762 0.256927
0.234451 0.0663935 0.699156


3 1 33
4 3 33
32 4 33
15 2 41
28 27 44
11 10 45
0 14 46
35 34 48
34 42 48
36 35 48
21 20 49
8 7 50
23 22 53
13 12 54
26 25 55
27 26 55
44 27 55
51 44 55
34 0 56
0 46 56
42 34 56
46 42 56
12 11 57
54 12 57
11 45 57
18 17 59
22 21 60
53 22 60
21 49 60
47 53 60
24 23 61
23 53 61
54 57 62
58 54 62
20 19 63
49 20 63
43 52 63
52 49 63
25 24 64
24 61 64
55 25 64
61 62 64
29 28 65
28 44 65
44 50 65
7 6 66
30 29 66
29 65 66
50 7 66
65 50 66
17 16 67
40 39 67
36 48 68
52 36 68
48 42 68
49 52 68
60 49 68
9 8 69
8 50 69
50 44 69
44 51 69
47 60 70
60 68 70
68 42 70
38 37 71
45 51 72
51 55 72
55 64 72
57 45 72
62 57 72
64 62 72
5 4 73
4 32 73
32 31 73
14 13 74
46 14 74
58 46 74
13 54 74
54 58 74
37 36 75
36 52 75
52 43 75
43 71 75
71 37 75
53 47 76
61 53 76
47 58 76
58 62 76
62 61 76
6 5 77
31 30 77
30 66 77
66 6 77
5 73 77
73 31 77
16 15 78
15 41 78
41 40 78
40 67 78
67 16 78
19 18 79
18 59 79
43 63 79
63 19 79
59 71 79
71 43 79
10 9 80
45 10 80
51 45 80
9 69 80
69 51 80
42 46 81
46 58 81
58 47 81
47 70 81
70 42 81
39 38 82
67 39 82
59 17 82
17 67 82
38 71 82
71 59 82
