45
1 0 0
0 1 0
0 0 1
0.0769231 0.923077 0
0.153846 0.846154 0
0.230769 0.769231 0
0.307692 0.692308 0
0.384615 0.615385 0
0.461538 0.538462 0
0.538462 0.461538 0
0.615385 0.384615 0
0.692308 0.307692 0
0.769231 0.230769 0
0.846154 0.153846 0
0.923077 0.0769231 0
0 0.333333 0.666667
0 0.666667 0.333333
0.928571 0 0.0714286
0.857143 0 0.142857
0.785714 0 0.214286
0.714286 0 0.285714
0.642857 0 0.357143
0.571429 0 0.428571
0.5 0 0.5
0.428571 0 0.571429
0.357143 0 0.642857
0.285714 0 0.714286
0.214286 0 0.785714
0.142857 0 0.857143
0.0714286 0 0.928571
0.0980931 0.49211 0.409797
0.172399 0.582644 0.244958
0.378026 0.306724 0.31525
0.169745 0.275924 0.554331
0.489471 0.238748 0.271781
0.25873 0.512754 0.228516
0.239534 0.276074 0.484392
0.594157 0.215397 0.190446
0.0610214 0.29718 0.641799
0.653037 0.181264 0.165699
0.0483844 0.753565 0.198051
0.432616 0.339168 0.228216
0.314009 0.280491 0.4055
0.0293289 0.140245 0.830426
0.739226 0.136536 0.124239


0 14 17
14 13 18
17 14 18
13 12 19
18 13 19
5 4 31
4 3 31
3 30 31
7 6 32
25 24 32
28 27 33
30 28 33
31 30 33
9 8 34
22 9 34
23 22 34
6 5 35
5 31 35
27 26 36
33 27 36
31 33 36
35 31 36
10 9 37
9 22 37
22 21 37
16 15 38
30 16 38
29 28 38
28 30 38
11 10 39
20 11 39
21 20 39
10 37 39
37 21 39
3 1 40
30 3 40
1 16 40
16 30 40
8 7 41
34 8 41
7 32 41
24 23 41
23 34 41
32 24 41
26 25 42
25 32 42
32 6 42
6 35 42
35 36 42
36 26 42
15 2 43
2 29 43
29 38 43
38 15 43
12 11 44
11 20 44
19 12 44
20 19 44
