53
1 0 0
0 1 0
0 0 1
0.076923 0.923077 0
0.153846 0.846154 0
0.230769 0.769231 0
0.307692 0.692308 0
0.384615 0.615385 0
0.461538 0.538462 0
0.538462 0.461538 0
0.615385 0.384615 0
0.692308 0.307692 0
0.769231 0.230769 0
0.846154 0.153846 0
0.923077 0.0769231 0
0 0.25 0.75
0 0.5 0.5
0 0.75 0.25
0.928571 0 0.0714286
0.857143 0 0.142857
0.785714 0 0.214286
0.714286 0 0.285714
0.642857 0 0.357143
0.571429 0 0.428571
0.5 0 0.5
0.428571 0 0.571429
0.357143 0 0.642857
0.285714 0 0.714286
0.214286 0 0.785714
0.142857 0 0.857143
0.0714285 0 0.928571
0.0992755 0.455244 0.445481
0.151097 0.584708 0.264195
0.0530465 0.30004 0.646913
0.729703 0.13823 0.132066
0.381877 0.283679 0.334444
0.166333 0.255561 0.578106
0.313102 0.521312 0.165586
0.505611 0.199075 0.295314
0.658173 0.186819 0.155008
0.23781 0.271709 0.490481
0.577604 0.227148 0.195248
0.439222 0.377654 0.183123
0.0631418 0.733738 0.203121
0.106166 0.199304 0.69453
0.23225 0.552677 0.215073
0.311612 0.296612 0.391776
0.0416975 0.555955 0.402348
0.813243 0.0904137 0.0963436
0.449113 0.162869 0.388018
0.304817 0.126975 0.568208
0.0340449 0.12358 0.842376
0.504443 0.367489 0.128068


0 14 18
14 13 19
18 14 19
4 3 32
16 15 33
12 11 34
20 12 34
21 20 34
26 25 35
29 28 36
32 31 36
7 6 37
35 7 37
6 5 37
24 23 38
11 10 39
22 21 39
21 34 39
34 11 39
28 27 40
36 28 40
32 36 40
10 9 41
23 22 41
38 23 41
22 39 41
39 10 41
8 7 42
7 35 42
3 1 43
1 17 43
31 32 43
32 3 43
30 29 44
33 30 44
31 33 44
36 31 44
29 36 44
5 4 45
4 32 45
32 40 45
37 5 45
26 35 46
35 37 46
37 45 46
45 40 46
17 16 47
16 33 47
33 31 47
31 43 47
43 17 47
13 12 48
12 20 48
19 13 48
20 19 48
25 24 49
35 25 49
42 35 49
24 38 49
38 42 49
27 26 50
26 46 50
40 27 50
46 40 50
15 2 51
2 30 51
30 33 51
33 15 51
9 8 52
38 41 52
41 9 52
8 42 52
42 38 52
