34
1 0 0
0 1 0
0 0 1
0.0769231 0.923077 0
0.153846 0.846154 0
0.230769 0.769231 0
0.307692 0.692308 0
0.384615 0.615385 0
0.461538 0.538462 0
0.538462 0.461538 0
0.615385 0.384615 0
0.692308 0.307692 0
0.769231 0.230769 0
0.846154 0.153846 0
0.923077 0.0769231 0
0 0.25 0.75
0 0.5 0.5
0 0.75 0.25
0.941176 0 0.0588235
0.882353 0 0.117647
0.823529 0 0.176471
0.764706 0 0.235294
0.705882 0 0.294118
0.647059 0 0.352941
0.588235 0 0.411765
0.529412 0 0.470588
0.470588 0 0.529412
0.411765 0 0.588235
0.352941 0 0.647059
0.294118 0 0.705882
0.235294 0 0.764706
0.176471 0 0.823529
0.117647 0 0.882353
0.0588235 0 0.941176


0 14 18
14 13 19
18 14 19
13 12 20
19 13 20
12 11 21
20 12 21
11 10 22
21 11 22
10 9 23
22 10 23
9 8 24
23 9 24
8 7 25
24 8 25
7 6 26
25 7 26
6 5 27
26 6 27
5 4 28
27 5 28
4 3 29
28 4 29
3 1 30
29 3 30
1 17 30
17 16 31
30 17 31
16 15 32
31 16 32
15 2 33
32 15 33
