66
1 0 0
0 1 0
0 0 1
0.076923 0.923077 0
0.153846 0.846154 0
0.230769 0.769231 0
0.307692 0.692308 0
0.384615 0.615385 0
0.461538 0.538462 0
0.538462 0.461538 0
0.615385 0.384615 0
0.692308 0.307692 0
0.769231 0.230769 0
0.846154 0.153846 0
0.923077 0.0769231 0
0 0.166667 0.833333
0 0.333333 0.666667
0 0.5 0.5
0 0.666667 0.333333
0 0.833333 0.166667
0.923077 0 0.0769231
0.846154 0 0.153846
0.769231 0 0.230769
0.692308 0 0.307692
0.615385 0 0.384615
0.538462 0 0.461538
0.461538 0 0.538462
0.384615 0 0.615385
0.307692 0 0.692308
0.230769 0 0.769231
0.153846 0 0.846154
0.0769231 0 0.923077
0.629833 0.127104 0.243064
0.100103 0.509414 0.390483
0.263776 0.163551 0.572673
0.142335 0.607496 0.250169
0.492002 0.385608 0.122391
0.788292 0.0991466 0.112561
0.398283 0.249233 0.352484
0.176475 0.261226 0.562299
0.280502 0.610955 0.108543
0.0546883 0.180346 0.764966
0.484877 0.244306 0.270816
0.644426 0.248256 0.107318
0.710904 0.14118 0.147917
0.566818 0.27552 0.157662
0.294818 0.469285 0.235897
0.0808005 0.353308 0.565892
0.121306 0.151969 0.726724
0.236761 0.360779 0.40246
0.0925561 0.772661 0.134783
0.372844 0.515546 0.11161
0.354648 0.132452 0.5129
0.427319 0.377498 0.195183
0.31307 0.292487 0.394443
0.452474 0.112695 0.434831
0.548024 0.122659 0.329317
0.160769 0.429663 0.409568
0.186446 0.698043 0.11551
0.0647238 0.662671 0.272605
0.357247 0.39044 0.252314
0.881738 0.0586682 0.0595943
0.195642 0.112371 0.691986
0.217974 0.54118 0.240846
0.0434424 0.536599 0.419959
0.0359971 0.885103 0.0788999


0 14 20
15 2 31
24 23 32
29 28 34
9 8 36
13 12 37
21 13 37
22 21 37
6 5 40
16 15 41
15 31 41
11 10 43
12 11 44
37 12 44
23 22 44
22 37 44
11 43 44
32 23 44
43 32 44
10 9 45
9 36 45
36 42 45
43 10 45
32 43 45
17 16 47
16 41 47
31 30 48
41 31 48
39 47 48
47 41 48
39 34 49
4 3 50
8 7 51
7 6 51
6 40 51
40 46 51
28 27 52
34 28 52
38 42 53
42 36 53
36 8 53
8 51 53
49 34 54
34 52 54
52 38 54
46 49 54
26 25 55
42 38 55
27 26 55
52 27 55
38 52 55
25 24 56
24 32 56
32 45 56
45 42 56
42 55 56
55 25 56
33 47 57
47 39 57
35 33 57
39 49 57
5 4 58
40 5 58
4 50 58
50 35 58
19 18 59
50 19 59
33 35 59
35 50 59
51 46 60
38 53 60
53 51 60
46 54 60
54 38 60
14 13 61
13 21 61
20 14 61
21 20 61
29 34 62
34 39 62
30 29 62
48 30 62
39 48 62
49 46 63
35 57 63
57 49 63
58 35 63
46 40 63
40 58 63
17 47 64
47 33 64
18 17 64
59 18 64
33 59 64
3 1 65
1 19 65
19 50 65
50 3 65
