68
1 0 0
0 1 0
0 0 1
0.0769231 0.923077 0
0.153846 0.846154 0
0.230769 0.769231 0
0.307692 0.692308 0
0.384615 0.615385 0
0.461538 0.538462 0
0.538462 0.461538 0
0.615385 0.384615 0
0.692308 0.307692 0
0.769231 0.230769 0
0.846154 0.153846 0
0.923077 0.0769231 0
0 0.166667 0.833333
0 0.333333 0.666667
0 0.5 0.5
0 0.666667 0.333333
0 0.833333 0.166667
0.9375 0 0.0625
0.875 0 0.125
0.8125 0 0.1875
0.75 0 0.25
0.6875 0 0.3125
0.625 0 0.375
0.5625 0 0.4375
0.5 0 0.5
0.4375 0 0.5625
0.375 0 0.625
0.3125 0 0.6875
0.25 0 0.75
0.1875 0 0.8125
0.125 0 0.875
0.0625 0 0.9375
0.632479 0.137945 0.229576
0.10666 0.454044 0.439297
0.27322 0.165619 0.561161
0.159762 0.610419 0.229819
0.505965 0.365653 0.128383
0.0537688 0.321315 0.624916
0.733387 0.143687 0.122926
0.39515 0.273559 0.331291
0.18613 0.264602 0.549268
0.277453 0.611209 0.111338
0.0589322 0.159036 0.782032
0.379855 0.140205 0.47994
0.483519 0.240394 0.276087
0.658252 0.231622 0.110127
0.583243 0.301181 0.115576
0.21128 0.635578 0.153142
0.121236 0.153929 0.724835
0.56249 0.180263 0.257248
0.22789 0.403011 0.369098
0.822122 0.0936154 0.0842631
0.0785553 0.760561 0.160884
0.294679 0.445797 0.259524
0.31845 0.253389 0.428161
0.427782 0.421822 0.150396
0.0493658 0.49069 0.459944
0.46925 0.127495 0.403255
0.351541 0.494727 0.153731
0.110941 0.309568 0.579491
0.140722 0.510582 0.348697
0.0602325 0.636947 0.30282
0.181063 0.12669 0.692247
0.133451 0.769142 0.0974072
0.693879 0.0976993 0.208421


0 14 20
14 13 21
20 14 21
15 2 34
25 24 35
30 29 37
31 30 37
9 8 39
17 16 40
12 11 41
22 12 41
23 22 41
31 37 43
6 5 44
16 15 45
15 34 45
34 33 45
40 16 45
29 28 46
28 42 46
11 10 48
41 11 48
10 9 49
9 39 49
35 48 49
48 10 49
5 4 50
44 5 50
33 32 51
40 45 51
45 33 51
26 25 52
47 26 52
39 47 52
25 35 52
35 49 52
49 39 52
43 37 53
50 38 53
13 12 54
12 22 54
21 13 54
22 21 54
3 1 55
1 19 55
44 50 56
50 53 56
37 29 57
29 46 57
53 37 57
46 42 57
42 56 57
56 53 57
8 7 58
39 8 58
47 39 58
42 47 58
18 17 59
17 40 59
28 27 60
42 28 60
27 26 60
26 47 60
47 42 60
44 56 61
56 42 61
7 6 61
58 7 61
6 44 61
42 58 61
40 51 62
43 36 62
36 59 62
59 40 62
53 38 63
36 43 63
43 53 63
38 55 63
19 18 64
55 19 64
18 59 64
59 36 64
36 63 64
63 55 64
32 31 65
31 43 65
43 62 65
51 32 65
62 51 65
4 3 66
38 50 66
50 4 66
3 55 66
55 38 66
24 23 67
23 41 67
41 48 67
35 24 67
48 35 67
