60
1 0 0
0 1 0
0 0 1
0.0769231 0.923077 0
0.153846 0.846154 0
0.230769 0.769231 0
0.307692 0.692308 0
0.384615 0.615385 0
0.461538 0.538462 0
0.538462 0.461538 0
0.615385 0.384615 0
0.692308 0.307692 0
0.769231 0.230769 0
0.846154 0.153846 0
0.923077 0.0769231 0
0 0.166667 0.833333
0 0.333333 0.666667
0 0.5 0.5
0 0.666667 0.333333
0 0.833333 0.166667
0.944444 0 0.0555556
0.888889 0 0.111111
0.833333 0 0.166667
0.777778 0 0.222222
0.722222 0 0.277778
0.666667 0 0.333333
0.611111 0 0.388889
0.555556 0 0.444444
0.5 0 0.5
0.444444 0 0.555556
0.388889 0 0.611111
0.333333 0 0.666667
0.277778 0 0.722222
0.222222 0 0.777778
0.166667 0 0.833333
0.111111 0 0.888889
0.0555556 0 0.944444
0.0957618 0.485521 0.418718
0.171051 0.557857 0.271092
0.386505 0.265052 0.348443
0.184193 0.355251 0.460556
0.489426 0.230726 0.279849
0.274013 0.516105 0.209882
0.138888 0.220158 0.640954
0.575762 0.249896 0.174342
0.358257 0.20986 0.431884
0.51019 0.312124 0.177686
0.267554 0.226193 0.506252
0.0868944 0.694408 0.218698
0.0829008 0.233153 0.683946
0.188877 0.647355 0.163768
0.40308 0.377847 0.219073
0.6921 0.182628 0.125273
0.636927 0.214129 0.148943
0.0467671 0.118107 0.835126
0.768883 0.12796 0.103156
0.276104 0.352271 0.371626
0.316988 0.53265 0.150363
0.061942 0.426929 0.511128
0.191244 0.193834 0.614922


0 14 20
14 13 21
20 14 21
13 12 22
21 13 22
15 2 36
19 18 37
29 28 39
27 26 41
28 27 41
5 4 42
34 33 43
9 8 44
26 25 44
30 29 45
29 39 45
39 42 45
8 7 46
7 41 46
41 26 46
26 44 46
44 8 46
31 30 47
32 31 47
40 32 47
38 40 47
3 1 48
38 3 48
1 19 48
19 37 48
37 40 48
40 38 48
17 16 49
16 35 49
35 34 49
34 43 49
4 3 50
3 38 50
42 4 50
7 6 51
41 7 51
39 28 51
28 41 51
11 10 52
23 11 52
24 23 52
10 9 53
25 24 53
9 44 53
44 25 53
24 52 53
52 10 53
16 15 54
15 36 54
35 16 54
36 35 54
12 11 55
11 23 55
22 12 55
23 22 55
30 45 56
47 30 56
45 42 56
42 50 56
38 47 56
50 38 56
6 5 57
5 42 57
42 39 57
39 51 57
51 6 57
18 17 58
37 18 58
43 37 58
17 49 58
49 43 58
33 32 59
32 40 59
40 37 59
37 43 59
43 33 59
