76
1 0 0
0 1 0
0 0 1
0.076923 0.923077 0
0.153846 0.846154 0
0.230769 0.769231 0
0.307692 0.692308 0
0.384615 0.615385 0
0.461538 0.538462 0
0.538462 0.461538 0
0.615385 0.384615 0
0.692308 0.307692 0
0.769231 0.230769 0
0.846154 0.153846 0
0.923077 0.0769231 0
0 0.142857 0.857143
0 0.285714 0.714286
0 0.428572 0.571429
0 0.571429 0.428571
0 0.714286 0.285714
0 0.857143 0.142857
0.933333 0 0.0666667
0.866667 0 0.133333
0.8 0 0.2
0.733333 0 0.266667
0.666667 0 0.333333
0.6 0 0.4
0.533333 0 0.466667
0.466667 0 0.533333
0.4 0 0.6
0.333333 0 0.666667
0.266667 0 0.733333
0.2 0 0.8
0.133333 0 0.866667
0.0666667 0 0.933333
0.624439 0.144366 0.231195
0.0928214 0.510693 0.396486
0.278524 0.119057 0.602419
0.141507 0.614668 0.243825
0.496488 0.378138 0.125374
0.404361 0.122051 0.473588
0.657622 0.237574 0.104804
0.738859 0.138355 0.122786
0.406091 0.252828 0.341082
0.164639 0.264832 0.570528
0.273298 0.633949 0.0927531
0.0632287 0.138085 0.798687
0.483219 0.245198 0.271583
0.277312 0.524288 0.1984
0.347467 0.534302 0.118231
0.582617 0.308142 0.109241
0.537072 0.109447 0.353481
0.202667 0.669677 0.127656
0.559733 0.203671 0.236595
0.0877603 0.37051 0.54173
0.131802 0.159737 0.708461
0.325551 0.262285 0.412163
0.240958 0.363789 0.395253
0.816304 0.0964251 0.0872709
0.0713407 0.80253 0.12613
0.213019 0.132931 0.65405
0.418357 0.380847 0.200795
0.879766 0.063141 0.0570933
0.0593931 0.271211 0.669396
0.344962 0.394751 0.260287
0.333233 0.138792 0.527975
0.164128 0.415541 0.420331
0.471006 0.124483 0.404511
0.421375 0.491492 0.0871325
0.0681222 0.676307 0.255571
0.243243 0.252984 0.503773
0.686635 0.104857 0.208508
0.0432473 0.600445 0.356308
0.282444 0.400074 0.317482
0.213713 0.509719 0.276568
0.131255 0.771347 0.0973974


0 14 21
15 2 34
26 25 35
31 30 37
9 8 39
29 28 40
11 10 41
12 11 42
11 41 42
24 23 42
6 5 45
16 15 46
15 34 46
34 33 46
7 6 49
6 45 49
45 48 49
10 9 50
9 39 50
35 41 50
41 10 50
27 26 51
5 4 52
45 5 52
48 45 52
39 47 53
50 39 53
26 35 53
51 26 53
35 50 53
47 51 53
18 17 54
36 18 54
33 32 55
46 33 55
44 54 55
40 43 56
13 12 58
23 22 58
12 42 58
42 23 58
3 1 59
1 20 59
32 31 60
31 37 60
44 55 60
55 32 60
47 39 61
43 47 61
14 13 62
21 14 62
22 21 62
13 58 62
58 22 62
17 16 63
54 17 63
16 46 63
46 55 63
55 54 63
49 48 64
56 43 64
43 61 64
61 49 64
30 29 65
37 30 65
29 40 65
40 56 65
36 54 66
54 44 66
38 36 66
28 27 67
40 28 67
43 40 67
47 43 67
27 51 67
51 47 67
8 7 68
39 8 68
61 39 68
7 49 68
49 61 68
36 38 69
20 19 69
59 20 69
38 59 69
44 60 70
60 37 70
56 57 70
65 56 70
37 65 70
57 66 70
66 44 70
25 24 71
35 25 71
41 35 71
24 42 71
42 41 71
19 18 72
18 36 72
36 69 72
69 19 72
57 56 73
56 64 73
64 48 73
48 52 74
52 38 74
38 66 74
66 57 74
73 48 74
57 73 74
4 3 75
3 59 75
38 52 75
59 38 75
52 4 75
