62
1 0 0
0 1 0
0 0 1
0.0769231 0.923077 0
0.153846 0.846154 0
0.230769 0.769231 0
0.307692 0.692308 0
0.384615 0.615385 0
0.461538 0.538462 0
0.538462 0.461538 0
0.615385 0.384615 0
0.692308 0.307692 0
0.769231 0.230769 0
0.846154 0.153846 0
0.923077 0.0769231 0
0 0.142857 0.857143
0 0.285714 0.714286
0 0.428571 0.571429
0 0.571428 0.428571
0 0.714286 0.285714
0 0.857143 0.142857
0.947368 0 0.0526316
0.894737 0 0.105263
0.842105 0 0.157895
0.789474 0 0.210526
0.736842 0 0.263158
0.684211 0 0.315789
0.631579 0 0.368421
0.578947 0 0.421053
0.526316 0 0.473684
0.473684 0 0.526316
0.421053 0 0.578947
0.368421 0 0.631579
0.315789 0 0.684211
0.263158 0 0.736842
0.210526 0 0.789474
0.157895 0 0.842105
0.105263 0 0.894737
0.0526316 0 0.947368
0.0894842 0.5344 0.376115
0.162997 0.583939 0.253064
0.379036 0.261784 0.35918
0.333629 0.500125 0.166246
0.19609 0.324173 0.479737
0.480997 0.257975 0.261028
0.270682 0.539576 0.189742
0.157563 0.183232 0.659205
0.638452 0.225282 0.136266
0.580713 0.250386 0.168901
0.521349 0.277782 0.200869
0.308934 0.298552 0.392514
0.264606 0.263026 0.472368
0.694689 0.189551 0.11576
0.0926541 0.660112 0.247234
0.0871122 0.232285 0.680603
0.436726 0.238873 0.3244
0.198085 0.622792 0.179123
0.770831 0.136579 0.0925902
0.39132 0.465256 0.143424
0.0775213 0.424775 0.497704
0.166967 0.266909 0.566124
0.0402319 0.109443 0.850326


0 14 21
14 13 22
21 14 22
13 12 23
22 13 23
15 2 38
20 19 39
3 1 40
31 30 41
6 5 42
34 33 43
29 28 44
5 4 45
41 42 45
42 5 45
35 34 46
10 9 47
26 25 47
9 8 48
27 26 48
26 47 48
47 9 48
8 7 49
7 44 49
28 27 49
44 28 49
27 48 49
48 8 49
32 31 50
31 41 50
41 45 50
33 32 51
43 33 51
40 43 51
32 50 51
50 40 51
11 10 52
24 11 52
25 24 52
10 47 52
47 25 52
1 20 53
40 1 53
20 39 53
39 43 53
43 40 53
17 16 54
16 37 54
37 36 54
18 17 54
36 35 54
35 46 54
30 29 55
41 30 55
42 41 55
29 44 55
4 3 56
3 40 56
45 4 56
40 50 56
50 45 56
12 11 57
11 24 57
23 12 57
24 23 57
7 6 58
44 7 58
6 42 58
42 55 58
55 44 58
19 18 59
39 19 59
18 54 59
54 46 59
34 43 60
43 39 60
46 34 60
39 59 60
59 46 60
16 15 61
15 38 61
37 16 61
38 37 61
