78
1 0 0
0 1 0
0 0 1
0.0769231 0.923077 0
0.153846 0.846154 0
0.230769 0.769231 0
0.307692 0.692308 0
0.384615 0.615385 0
0.461538 0.538462 0
0.538462 0.461538 0
0.615385 0.384615 0
0.692308 0.307692 0
0.769231 0.230769 0
0.846154 0.153846 0
0.923077 0.0769231 0
0 0.142857 0.857143
0 0.285714 0.714286
0 0.428572 0.571429
0 0.571429 0.428571
0 0.714286 0.285714
0 0.857143 0.142857
0.9375 0 0.0625
0.875 0 0.125
0.8125 0 0.1875
0.75 0 0.25
0.6875 0 0.3125
0.625 0 0.375
0.5625 0 0.4375
0.5 0 0.5
0.4375 0 0.5625
0.375 0 0.625
0.3125 0 0.6875
0.25 0 0.75
0.1875 0 0.8125
0.125 0 0.875
0.0625 0 0.9375
0.625291 0.142384 0.232325
0.105093 0.465104 0.429803
0.285819 0.123379 0.590802
0.15993 0.599128 0.240942
0.497047 0.377567 0.125386
0.657984 0.237423 0.104592
0.740834 0.140939 0.118226
0.400102 0.262373 0.337525
0.154218 0.293187 0.552595
0.0524534 0.278194 0.669353
0.28464 0.60535 0.110011
0.0603472 0.141363 0.79829
0.379049 0.146165 0.474786
0.483792 0.232935 0.283274
0.278387 0.501924 0.219688
0.357546 0.537528 0.104926
0.582767 0.312308 0.104925
0.206994 0.664324 0.128683
0.553137 0.23921 0.207653
0.0721521 0.387722 0.540126
0.126288 0.165939 0.707773
0.231458 0.388335 0.380207
0.810744 0.101618 0.0876381
0.0741297 0.787736 0.138134
0.508617 0.100252 0.391131
0.423541 0.373495 0.202963
0.312979 0.330705 0.356316
0.347293 0.425874 0.226833
0.10001 0.608425 0.291566
0.563269 0.116332 0.320399
0.223714 0.270218 0.506067
0.446739 0.130567 0.422694
0.21768 0.124741 0.657579
0.690957 0.108838 0.200204
0.0454986 0.714022 0.24048
0.42359 0.486803 0.0896069
0.161759 0.443097 0.395144
0.133168 0.765805 0.101028
0.892784 0.0605819 0.0466339
0.304408 0.201691 0.493901
0.0496506 0.577981 0.372369
0.233654 0.497298 0.269048


0 14 21
15 2 35
26 25 36
31 30 38
9 8 40
11 10 41
12 11 42
24 23 42
11 41 42
17 16 45
6 5 46
16 15 47
15 35 47
35 34 47
45 16 47
30 29 48
7 6 51
6 46 51
10 9 52
9 40 52
36 41 52
41 10 52
5 4 53
46 5 53
50 46 53
40 49 54
36 52 54
52 40 54
18 17 55
17 45 55
44 37 55
34 33 56
45 47 56
47 34 56
44 55 56
55 45 56
13 12 58
22 13 58
23 22 58
12 42 58
42 23 58
3 1 59
1 20 59
28 27 60
49 40 61
43 49 61
48 43 62
46 50 63
51 46 63
43 61 63
61 51 63
50 62 63
62 43 63
39 59 64
27 26 65
26 36 65
36 54 65
60 27 65
54 49 65
49 60 65
29 28 67
43 48 67
48 29 67
28 60 67
49 43 67
60 49 67
32 31 68
31 38 68
33 32 68
56 33 68
44 56 68
38 66 68
66 44 68
25 24 69
36 25 69
41 36 69
24 42 69
42 41 69
20 19 70
59 20 70
64 59 70
8 7 71
40 8 71
61 40 71
7 51 71
51 61 71
64 37 72
57 39 72
39 64 72
37 44 72
44 66 72
66 57 72
39 53 73
53 4 73
4 3 73
3 59 73
59 39 73
14 13 74
13 22 74
21 14 74
22 21 74
38 30 75
30 48 75
48 62 75
62 57 75
57 66 75
66 38 75
19 18 76
18 55 76
55 37 76
70 19 76
37 64 76
64 70 76
50 53 77
53 39 77
39 57 77
57 62 77
62 50 77
