72
1 0 0
0 1 0
0 0 1
0.076923 0.923077 0
0.153846 0.846154 0
0.230769 0.769231 0
0.307692 0.692308 0
0.384615 0.615385 0
0.461538 0.538462 0
0.538462 0.461538 0
0.615385 0.384615 0
0.692308 0.307692 0
0.769231 0.230769 0
0.846154 0.153846 0
0.923077 0.0769231 0
0 0.142857 0.857143
0 0.285714 0.714286
0 0.428571 0.571429
0 0.571429 0.428571
0 0.714286 0.285714
0 0.857143 0.142857
0.916667 0 0.0833333
0.833333 0 0.166667
0.75 0 0.25
0.666667 0 0.333333
0.583333 0 0.416667
0.5 0 0.5
0.416667 0 0.583333
0.333333 0 0.666667
0.25 0 0.75
0.166667 0 0.833333
0.0833333 0 0.916667
0.629122 0.115828 0.25505
0.101247 0.514971 0.383782
0.281748 0.128743 0.589509
0.170027 0.59868 0.231293
0.47307 0.400782 0.126148
0.0592759 0.361225 0.579499
0.716573 0.138177 0.14525
0.399907 0.235881 0.364211
0.172584 0.248021 0.579395
0.250486 0.632775 0.116739
0.32644 0.531441 0.142119
0.0511191 0.625136 0.323745
0.448235 0.114678 0.437088
0.483731 0.24784 0.268429
0.639364 0.250274 0.110362
0.537883 0.109092 0.353025
0.554355 0.326116 0.119529
0.120385 0.127135 0.75248
0.0753996 0.826485 0.0981153
0.225786 0.369192 0.405022
0.404171 0.492618 0.103211
0.360706 0.128212 0.511082
0.31474 0.276286 0.408973
0.389646 0.373543 0.236811
0.109 0.695584 0.195416
0.239308 0.23349 0.527202
0.103551 0.262865 0.633584
0.0498177 0.0863969 0.863785
0.181482 0.711043 0.107475
0.203018 0.114293 0.682689
0.821701 0.0858679 0.0924308
0.0517514 0.206647 0.741602
0.136013 0.375686 0.488301
0.573879 0.208999 0.217121
0.24225 0.512298 0.245452
0.172685 0.480082 0.347232
0.302751 0.412242 0.285007
0.0429098 0.752973 0.204117
0.0442397 0.493135 0.462625
0.0329453 0.910626 0.056429


0 14 21
25 24 32
29 28 34
9 8 36
17 16 37
12 11 38
24 23 38
32 24 38
6 5 41
7 6 42
6 41 42
19 18 43
27 26 44
39 44 45
11 10 46
32 38 46
38 11 46
26 25 47
44 26 47
45 44 47
25 32 47
10 9 48
9 36 48
36 45 48
46 10 48
31 30 49
4 3 50
8 7 52
7 42 52
36 8 52
28 27 53
34 28 53
27 44 53
44 39 53
34 53 54
53 39 54
39 45 55
45 36 55
36 52 55
54 39 55
52 42 55
33 35 56
43 33 56
4 50 56
51 40 57
34 54 57
54 51 57
49 40 58
15 2 59
2 31 59
31 49 59
35 41 60
41 5 60
5 4 60
4 56 60
56 35 60
29 34 61
30 29 61
49 30 61
40 49 61
34 57 61
57 40 61
14 13 62
21 14 62
22 21 62
13 12 62
12 38 62
23 22 62
38 23 62
16 15 63
37 16 63
58 37 63
49 58 63
59 49 63
15 59 63
33 37 64
40 51 64
37 58 64
58 40 64
32 46 65
46 48 65
47 32 65
45 47 65
48 45 65
41 35 66
42 41 66
35 33 67
33 64 67
64 51 67
51 66 67
66 35 67
54 55 68
55 42 68
51 54 68
66 51 68
42 66 68
20 19 69
50 20 69
19 43 69
43 56 69
56 50 69
18 17 70
17 37 70
37 33 70
33 43 70
43 18 70
3 1 71
1 20 71
20 50 71
50 3 71
