26
1 0 0
0 1 0
0 0 1
0.0769231 0.923077 0
0.153846 0.846154 0
0.230769 0.769231 0
0.307692 0.692308 0
0.384615 0.615385 0
0.461538 0.538462 0
0.538462 0.461538 0
0.615385 0.384615 0
0.692308 0.307692 0
0.769231 0.230769 0
0.846154 0.153846 0
0.923077 0.0769231 0
0 0.142857 0.857143
0 0.285714 0.714286
0 0.428571 0.571429
0 0.571429 0.428571
0 0.714286 0.285714
0 0.857143 0.142857
0.833333 0 0.166667
0.666667 0 0.333333
0.5 0 0.5
0.333333 0 0.666667
0.166667 0 0.833333


2 9 15
9 8 15
8 7 16
15 8 16
7 6 17
16 7 17
6 5 18
17 6 18
5 4 19
18 5 19
3 1 20
4 3 20
19 4 20
0 14 21
14 13 21
13 12 22
21 13 22
12 11 23
22 12 23
11 10 24
23 11 24
9 2 25
10 9 25
24 10 25
