78
1 0 0
0 1 0
0 0 1
0.076923 0.923077 0
0.153846 0.846154 0
0.230769 0.769231 0
0.307692 0.692308 0
0.384615 0.615385 0
0.461538 0.538462 0
0.538462 0.461538 0
0.615385 0.384615 0
0.692308 0.307692 0
0.769231 0.230769 0
0.846154 0.153846 0
0.923077 0.0769231 0
0 0.125 0.875
0 0.25 0.75
0 0.375 0.625
0 0.5 0.5
0 0.625 0.375
0 0.75 0.25
0 0.875 0.125
0.944444 0 0.0555556
0.888889 0 0.111111
0.833333 0 0.166667
0.777778 0 0.222222
0.722222 0 0.277778
0.666667 0 0.333333
0.611111 0 0.388889
0.555556 0 0.444444
0.5 0 0.5
0.444444 0 0.555556
0.388889 0 0.611111
0.333333 0 0.666667
0.277778 0 0.722222
0.222222 0 0.777778
0.166667 0 0.833333
0.111111 0 0.888889
0.0555556 0 0.944444
0.638337 0.127869 0.233793
0.100832 0.462632 0.436536
0.257143 0.15176 0.591098
0.160841 0.604013 0.235147
0.496807 0.389539 0.113654
0.681028 0.137971 0.181001
0.761663 0.146443 0.091894
0.3827 0.269842 0.347458
0.170816 0.245766 0.583418
0.289602 0.597192 0.113206
0.0499499 0.120224 0.829826
0.376719 0.14745 0.47583
0.198959 0.327134 0.473907
0.485627 0.26592 0.248453
0.299939 0.463821 0.23624
0.355318 0.548282 0.0964004
0.595367 0.288969 0.115663
0.203167 0.666729 0.130104
0.0725849 0.366139 0.561276
0.136464 0.1633 0.700236
0.571328 0.178901 0.249771
0.686687 0.212325 0.100987
0.095982 0.799559 0.104459
0.22776 0.395168 0.377073
0.426479 0.434882 0.138639
0.0743504 0.694912 0.230737
0.473503 0.161123 0.365375
0.310571 0.314336 0.375093
0.387891 0.385541 0.226568
0.300997 0.192763 0.50624
0.820619 0.110281 0.0691008
0.0706149 0.201413 0.727972
0.202861 0.116071 0.681068
0.544165 0.110379 0.345456
0.139211 0.515938 0.34485
0.437445 0.115332 0.447223
0.240876 0.48537 0.273754
0.0552872 0.615414 0.329299
0.899011 0.0600898 0.0408994


0 14 22
15 2 38
27 26 39
34 33 41
8 7 43
9 8 43
26 25 44
39 26 44
12 11 45
25 24 45
6 5 48
16 15 49
15 38 49
38 37 49
32 31 50
40 47 51
47 41 51
7 6 54
6 48 54
9 43 55
10 9 55
39 44 55
5 4 56
48 5 56
53 48 56
19 18 57
40 19 57
18 17 57
47 40 57
36 35 58
47 57 58
28 27 59
27 39 59
43 52 59
39 55 59
55 43 59
11 10 60
45 11 60
44 25 60
25 45 60
10 55 60
55 44 60
3 1 61
1 21 61
4 3 61
56 4 61
42 56 61
43 7 63
7 54 63
52 43 63
21 20 64
42 61 64
61 21 64
30 29 65
50 46 66
46 53 66
48 53 67
54 48 67
53 46 67
63 54 67
52 63 67
65 52 67
46 65 67
33 32 68
41 33 68
32 50 68
51 41 68
62 51 68
50 66 68
66 62 68
13 12 69
23 13 69
24 23 69
12 45 69
45 24 69
17 16 70
16 49 70
37 36 70
49 37 70
36 58 70
57 17 70
58 57 70
35 34 71
34 41 71
41 47 71
47 58 71
58 35 71
29 28 72
28 59 72
59 52 72
52 65 72
65 29 72
51 62 73
62 42 73
40 51 73
42 64 73
31 30 74
46 50 74
50 31 74
30 65 74
65 46 74
53 56 75
56 42 75
42 62 75
62 66 75
66 53 75
20 19 76
19 40 76
64 20 76
40 73 76
73 64 76
14 13 77
13 23 77
22 14 77
23 22 77
