41
1 0 0
0 1 0
0 0 1
0.0769231 0.923077 0
0.153846 0.846154 0
0.230769 0.769231 0
0.307692 0.692308 0
0.384615 0.615385 0
0.461538 0.538462 0
0.538462 0.461538 0
0.615385 0.384615 0
0.692308 0.307692 0
0.769231 0.230769 0
0.846154 0.153846 0
0.923077 0.0769231 0
0 0.125 0.875
0 0.25 0.75
0 0.375 0.625
0 0.5 0.5
0 0.625 0.375
0 0.75 0.25
0 0.875 0.125
0.833333 0 0.166667
0.666667 0 0.333333
0.5 0 0.5
0.333333 0 0.666667
0.166667 0 0.833333
0.653319 0.1087 0.237981
0.168205 0.543119 0.288676
0.323891 0.133123 0.542985
0.176359 0.258724 0.564917
0.493017 0.243723 0.26326
0.251511 0.479197 0.269292
0.13546 0.643259 0.221281
0.380265 0.293914 0.325822
0.518252 0.139401 0.342348
0.334007 0.40247 0.263523
0.153785 0.359238 0.486977
0.164612 0.133586 0.701802
0.811849 0.0577732 0.130378
0.0991982 0.728379 0.172423


3 1 21
4 3 21
20 4 21
0 14 22
13 12 27
23 13 27
24 23 27
7 6 28
18 17 28
26 25 29
16 15 30
11 10 31
8 7 32
7 28 32
28 17 32
6 5 33
19 18 33
18 28 33
28 6 33
10 9 34
31 10 34
29 31 34
12 11 35
27 12 35
25 24 35
24 27 35
11 31 35
29 25 35
31 29 35
9 8 36
8 32 36
30 34 36
34 9 36
17 16 37
32 17 37
16 30 37
30 36 37
36 32 37
2 26 38
26 29 38
15 2 38
30 15 38
29 34 38
34 30 38
14 13 39
13 23 39
22 14 39
23 22 39
5 4 40
4 20 40
20 19 40
19 33 40
33 5 40
