74
1 0 0
0 1 0
0 0 1
0.076923 0.923077 0
0.153846 0.846154 0
0.230769 0.769231 0
0.307692 0.692308 0
0.384615 0.615385 0
0.461538 0.538462 0
0.538462 0.461538 0
0.615385 0.384615 0
0.692308 0.307692 0
0.769231 0.230769 0
0.846154 0.153846 0
0.923077 0.0769231 0
0 0.125 0.875
0 0.25 0.75
0 0.375 0.625
0 0.5 0.5
0 0.625 0.375
0 0.75 0.25
0 0.875 0.125
0.916667 0 0.0833333
0.833333 0 0.166667
0.75 0 0.25
0.666667 0 0.333333
0.583333 0 0.416667
0.5 0 0.5
0.416667 0 0.583333
0.333333 0 0.666667
0.25 0 0.75
0.166667 0 0.833333
0.0833333 0 0.916667
0.639011 0.125816 0.235173
0.100117 0.489737 0.410146
0.265554 0.122277 0.612168
0.159735 0.594341 0.245925
0.482309 0.401267 0.116424
0.736487 0.122167 0.141346
0.397315 0.249856 0.352829
0.181363 0.211563 0.607074
0.0406638 0.304902 0.654434
0.253488 0.628278 0.118234
0.0612378 0.137044 0.801719
0.324523 0.541954 0.133523
0.446716 0.116962 0.436322
0.491424 0.2462 0.262376
0.634057 0.265582 0.100361
0.539381 0.111315 0.349304
0.251632 0.252841 0.495527
0.574334 0.219168 0.206498
0.0707153 0.382146 0.547139
0.129049 0.11867 0.75228
0.0776629 0.812439 0.109898
0.243111 0.381548 0.375342
0.823062 0.084293 0.0926445
0.426355 0.352955 0.220689
0.401985 0.47949 0.118525
0.348326 0.142176 0.509498
0.0800366 0.69329 0.226673
0.316222 0.285667 0.398111
0.16756 0.716752 0.115688
0.337819 0.398991 0.263189
0.24947 0.504043 0.246487
0.199831 0.0927983 0.707371
0.156254 0.352512 0.491234
0.0679776 0.585283 0.346739
0.554806 0.33643 0.108764
0.175136 0.475758 0.349107
0.698634 0.0618371 0.239529
0.0376315 0.0569423 0.905426
0.0937833 0.246991 0.659225
0.698411 0.208777 0.0928119
0.0339839 0.912234 0.0537824


0 14 22
26 25 33
30 29 35
9 8 37
17 16 41
6 5 42
16 15 43
7 6 44
6 42 44
28 27 45
39 45 46
11 10 47
27 26 48
45 27 48
26 33 48
46 45 48
40 35 49
33 47 50
46 48 50
48 33 50
18 17 51
34 18 51
17 41 51
32 31 52
43 32 52
4 3 53
21 20 53
14 13 55
22 14 55
23 22 55
13 12 55
12 38 55
24 23 55
38 24 55
39 46 56
46 37 56
8 7 57
7 44 57
37 8 57
56 37 57
29 28 58
28 45 58
35 29 58
45 39 58
49 35 58
20 19 59
53 20 59
54 49 60
49 58 60
58 39 60
5 4 61
36 42 61
42 5 61
59 36 61
4 53 61
53 59 61
54 60 62
39 56 62
60 39 62
56 57 62
57 44 62
42 36 63
44 42 63
54 62 63
62 44 63
31 30 64
52 31 64
30 35 64
35 40 64
40 52 64
40 49 65
49 54 65
34 51 65
19 18 66
18 34 66
59 19 66
34 36 66
36 59 66
10 9 67
9 37 67
47 10 67
50 47 67
37 46 67
46 50 67
36 34 68
63 36 68
54 63 68
34 65 68
65 54 68
25 24 69
24 38 69
33 25 69
38 33 69
15 2 70
2 32 70
32 43 70
43 15 70
41 16 71
16 43 71
52 40 71
43 52 71
40 65 71
51 41 71
65 51 71
12 11 72
38 12 72
33 38 72
47 33 72
11 47 72
3 1 73
1 21 73
21 53 73
53 3 73
