75
1 0 0
0 1 0
0 0 1
0.0769231 0.923077 0
0.153846 0.846154 0
0.230769 0.769231 0
0.307692 0.692308 0
0.384615 0.615385 0
0.461538 0.538462 0
0.538462 0.461538 0
0.615385 0.384615 0
0.692308 0.307692 0
0.769231 0.230769 0
0.846154 0.153846 0
0.923077 0.0769231 0
0 0.125 0.875
0 0.25 0.75
0 0.375 0.625
0 0.5 0.5
0 0.625 0.375
0 0.75 0.25
0 0.875 0.125
0.947368 0 0.0526316
0.894737 0 0.105263
0.842105 0 0.157895
0.789474 0 0.210526
0.736842 0 0.263158
0.684211 0 0.315789
0.631579 0 0.368421
0.578947 0 0.421053
0.526316 0 0.473684
0.473684 0 0.526316
0.421053 0 0.578947
0.368421 0 0.631579
0.31579 0 0.68421
0.263158 0 0.736842
0.210526 0 0.789474
0.157895 0 0.842105
0.105263 0 0.894737
0.0526316 0 0.947368
0.0904659 0.516748 0.392786
0.265467 0.162723 0.57181
0.158812 0.608142 0.233046
0.484016 0.389788 0.126196
0.664962 0.144427 0.190611
0.76668 0.144105 0.0892144
0.393536 0.24828 0.358184
0.174079 0.259234 0.566687
0.282622 0.607455 0.109923
0.187829 0.343479 0.468692
0.485373 0.258805 0.255823
0.300301 0.463052 0.236647
0.149995 0.19877 0.651236
0.190325 0.692172 0.117503
0.575809 0.274947 0.149244
0.0656818 0.311536 0.622782
0.126667 0.142726 0.730606
0.57093 0.163013 0.266058
0.329859 0.26917 0.40097
0.698442 0.18572 0.115838
0.086219 0.801114 0.112667
0.238563 0.360849 0.400589
0.407236 0.475937 0.116827
0.0765166 0.688604 0.23488
0.616305 0.293801 0.0898935
0.379047 0.415709 0.205244
0.470513 0.161905 0.367583
0.324941 0.164117 0.510942
0.0679942 0.175838 0.756168
0.824397 0.107334 0.0682695
0.146918 0.509756 0.343326
0.241102 0.485483 0.273415
0.0747169 0.41657 0.508713
0.407245 0.119822 0.472933
0.0464503 0.105303 0.848247


0 14 22
14 13 23
22 14 23
15 2 39
20 19 40
34 33 41
35 34 41
8 7 43
27 26 44
12 11 45
25 24 45
35 41 47
6 5 48
40 47 49
47 41 49
36 35 52
35 47 52
4 3 53
5 4 53
48 5 53
51 48 53
9 8 54
8 43 54
27 44 54
18 17 55
37 36 56
36 52 56
52 55 56
29 28 57
50 29 57
43 50 57
28 27 57
27 54 57
54 43 57
46 51 58
11 10 59
26 25 59
44 26 59
25 45 59
45 11 59
3 1 60
1 21 60
42 53 60
53 3 60
49 41 61
7 6 62
43 7 62
50 43 62
21 20 63
20 40 63
42 60 63
60 21 63
10 9 64
9 54 64
54 44 64
44 59 64
59 10 64
48 51 65
51 46 65
6 48 65
62 6 65
50 62 65
31 30 66
46 31 66
30 29 66
29 50 66
65 46 66
50 65 66
33 32 67
32 58 67
41 33 67
61 41 67
58 61 67
17 16 68
38 37 68
37 56 68
55 17 68
56 55 68
13 12 69
23 13 69
24 23 69
12 45 69
45 24 69
40 49 70
63 40 70
49 61 70
61 42 70
42 63 70
51 53 71
53 42 71
58 51 71
42 61 71
61 58 71
19 18 72
40 19 72
47 40 72
52 47 72
18 55 72
55 52 72
32 31 73
58 32 73
31 46 73
46 58 73
16 15 74
15 39 74
39 38 74
38 68 74
68 16 74
