80
1 0 0
0 1 0
0 0 1
0.076923 0.923077 0
0.153846 0.846154 0
0.230769 0.769231 0
0.307692 0.692308 0
0.384615 0.615385 0
0.461538 0.538462 0
0.538462 0.461538 0
0.615385 0.384615 0
0.692308 0.307692 0
0.769231 0.230769 0
0.846154 0.153846 0
0.923077 0.0769231 0
0 0.125 0.875
0 0.25 0.75
0 0.375 0.625
0 0.5 0.5
0 0.625 0.375
0 0.75 0.25
0 0.875 0.125
0.9375 0 0.0625
0.875 0 0.125
0.8125 0 0.1875
0.75 0 0.25
0.6875 0 0.3125
0.625 0 0.375
0.5625 0 0.4375
0.5 0 0.5
0.4375 0 0.5625
0.375 0 0.625
0.3125 0 0.6875
0.25 0 0.75
0.1875 0 0.8125
0.125 0 0.875
0.0625 0 0.9375
0.622923 0.130526 0.246551
0.110398 0.458909 0.430693
0.253779 0.170933 0.575288
0.148476 0.641156 0.210369
0.497207 0.379341 0.123452
0.662206 0.252823 0.0849711
0.675401 0.137493 0.187106
0.740669 0.142438 0.116894
0.402558 0.252307 0.345135
0.162451 0.265558 0.571991
0.272628 0.634754 0.0926181
0.0629589 0.128284 0.808757
0.0558849 0.607641 0.336474
0.386003 0.126486 0.487512
0.192311 0.337434 0.470254
0.48418 0.232933 0.282887
0.277854 0.522705 0.199441
0.347939 0.534428 0.117632
0.592186 0.294327 0.113487
0.196541 0.679113 0.124345
0.554008 0.240034 0.205958
0.0785496 0.35614 0.56531
0.129631 0.155736 0.714633
0.334941 0.258596 0.406462
0.092 0.80726 0.10074
0.224897 0.396037 0.379066
0.818439 0.0977949 0.0837658
0.509601 0.0995965 0.390803
0.07774 0.686926 0.235334
0.21584 0.108048 0.676111
0.419512 0.377742 0.202746
0.881453 0.0638321 0.054715
0.0591943 0.252706 0.6881
0.34498 0.394461 0.260559
0.046776 0.508774 0.44445
0.421941 0.492129 0.0859305
0.272 0.267148 0.460853
0.564294 0.116559 0.319148
0.151396 0.512933 0.335671
0.447993 0.126032 0.425974
0.282503 0.387091 0.330406
0.326209 0.127297 0.546495
0.21674 0.519606 0.263654


0 14 22
15 2 36
27 26 37
9 8 41
11 10 42
26 25 43
37 26 43
12 11 44
11 42 44
25 24 44
42 43 44
43 25 44
6 5 47
16 15 48
15 36 48
36 35 48
20 19 49
31 30 50
38 46 51
46 39 51
7 6 54
6 47 54
47 53 54
9 41 55
10 9 55
42 10 55
37 43 55
43 42 55
5 4 56
47 5 56
53 47 56
41 52 57
37 55 57
55 41 57
18 17 58
46 38 58
35 34 59
48 35 59
46 58 59
50 45 60
3 1 61
1 21 61
4 3 61
40 56 61
56 4 61
13 12 63
24 23 63
12 44 63
44 24 63
29 28 64
21 20 65
61 21 65
20 49 65
40 61 65
33 32 66
32 39 66
39 46 66
34 33 66
59 34 66
46 59 66
52 41 67
45 52 67
14 13 68
22 14 68
23 22 68
13 63 68
63 23 68
17 16 69
16 48 69
48 59 69
58 17 69
59 58 69
60 45 70
45 67 70
54 53 70
67 54 70
19 18 71
38 49 71
49 19 71
18 58 71
58 38 71
8 7 72
41 8 72
67 41 72
7 54 72
54 67 72
51 39 73
62 51 73
27 37 74
37 57 74
28 27 74
64 28 74
57 52 74
52 64 74
38 51 75
51 62 75
40 65 75
49 38 75
65 49 75
30 29 76
50 30 76
45 50 76
29 64 76
52 45 76
64 52 76
60 70 77
70 53 77
62 73 77
73 60 77
32 31 78
39 32 78
73 39 78
31 50 78
50 60 78
60 73 78
53 56 79
56 40 79
40 75 79
75 62 79
62 77 79
77 53 79
