62
1 0 0
0 1 0
0 0 1
0.076923 0.923077 0
0.153846 0.846154 0
0.230769 0.769231 0
0.307692 0.692308 0
0.384615 0.615385 0
0.461538 0.538462 0
0.538462 0.461538 0
0.615385 0.384615 0
0.692308 0.307692 0
0.769231 0.230769 0
0.846154 0.153846 0
0.923077 0.0769231 0
0 0.125 0.875
0 0.25 0.75
0 0.375 0.625
0 0.5 0.5
0 0.625 0.375
0 0.75 0.25
0 0.875 0.125
0.888889 0 0.111111
0.777778 0 0.222222
0.666667 0 0.333333
0.555556 0 0.444444
0.444444 0 0.555556
0.333333 0 0.666667
0.222222 0 0.777778
0.111111 0 0.888889
0.624796 0.100544 0.27466
0.0911361 0.487951 0.420913
0.276737 0.135006 0.588257
0.160869 0.624969 0.214162
0.42768 0.0892316 0.483089
0.738877 0.112183 0.14894
0.380376 0.272179 0.347445
0.161089 0.267135 0.571776
0.32128 0.4976 0.18112
0.481308 0.211212 0.30748
0.500177 0.347402 0.152421
0.257745 0.611571 0.130684
0.589857 0.281638 0.128505
0.101316 0.356253 0.542431
0.149278 0.147023 0.703698
0.256307 0.25087 0.492824
0.670161 0.206622 0.123218
0.0765447 0.812136 0.111319
0.223974 0.377333 0.398694
0.830884 0.0710444 0.098072
0.515435 0.0922441 0.392321
0.0786322 0.697818 0.22355
0.190913 0.489142 0.319944
0.42021 0.42374 0.156049
0.323519 0.368029 0.308452
0.0741307 0.215183 0.710686
0.0689531 0.589763 0.341284
0.187263 0.0766795 0.736058
0.147864 0.74793 0.104206
0.573339 0.181048 0.245613
0.0668708 0.0799324 0.853197
0.374427 0.143903 0.48167


3 1 21
0 14 22
25 24 30
18 17 31
28 27 32
27 26 34
13 12 35
24 23 35
30 24 35
8 7 38
10 9 40
36 39 40
6 5 41
5 33 41
7 6 41
38 7 41
11 10 42
10 40 42
40 39 42
17 16 43
31 17 43
32 36 45
37 44 45
44 32 45
12 11 46
30 35 46
35 12 46
11 42 46
4 3 47
3 21 47
21 20 47
43 37 48
37 45 48
14 13 49
22 14 49
23 22 49
13 35 49
35 23 49
26 25 50
34 26 50
25 30 50
39 34 50
20 19 51
47 20 51
33 31 52
41 33 52
38 41 52
48 38 52
31 43 52
43 48 52
8 38 53
9 8 53
40 9 53
36 40 53
45 36 54
48 45 54
38 48 54
53 38 54
36 53 54
37 43 55
43 16 55
16 15 55
44 37 55
19 18 56
18 31 56
31 33 56
33 51 56
51 19 56
29 28 57
28 32 57
32 44 57
5 4 58
4 47 58
47 51 58
33 5 58
51 33 58
30 46 59
46 42 59
50 30 59
42 39 59
39 50 59
15 2 60
2 29 60
44 55 60
55 15 60
29 57 60
57 44 60
32 27 61
27 34 61
36 32 61
34 39 61
39 36 61
