26
1 0 0
0 1 0
0 0 1
0.076923 0.923077 0
0.153846 0.846154 0
0.230769 0.769231 0
0.307692 0.692308 0
0.384615 0.615385 0
0.461538 0.538462 0
0.538462 0.461538 0
0.615385 0.384615 0
0.692308 0.307692 0
0.769231 0.230769 0
0.846154 0.153846 0
0.923077 0.0769231 0
0 0.125 0.875
0 0.25 0.75
0 0.375 0.625
0 0.5 0.5
0 0.625 0.375
0 0.75 0.25
0 0.875 0.125
0.8 0 0.2
0.6 0 0.4
0.4 0 0.6
0.2 0 0.8


2 10 15
10 9 15
9 8 16
15 9 16
8 7 17
16 8 17
7 6 18
17 7 18
6 5 19
18 6 19
5 4 20
19 5 20
3 1 21
4 3 21
20 4 21
0 14 22
14 13 22
13 12 23
22 13 23
12 11 24
23 12 24
10 2 25
11 10 25
24 11 25
