82
1 0 0
0 1 0
0 0 1
0.0769231 0.923077 0
0.153846 0.846154 0
0.230769 0.769231 0
0.307692 0.692308 0
0.384615 0.615385 0
0.461538 0.538462 0
0.538462 0.461538 0
0.615385 0.384615 0
0.692308 0.307692 0
0.769231 0.230769 0
0.846154 0.153846 0
0.923077 0.0769231 0
0 0.125 0.875
0 0.25 0.75
0 0.375 0.625
0 0.5 0.5
0 0.625 0.375
0 0.75 0.25
0 0.875 0.125
0.928571 0 0.0714286
0.857143 0 0.142857
0.785714 0 0.214286
0.714286 0 0.285714
0.642857 0 0.357143
0.571429 0 0.428571
0.5 0 0.5
0.428571 0 0.571429
0.357143 0 0.642857
0.285714 0 0.714286
0.214286 0 0.785714
0.142857 0 0.857143
0.0714287 0 0.928571
0.640214 0.119781 0.240005
0.0995796 0.500687 0.399734
0.290187 0.114154 0.595659
0.146622 0.603522 0.249856
0.487391 0.385959 0.12665
0.795175 0.0988432 0.105981
0.648769 0.242265 0.108965
0.390567 0.243332 0.366101
0.162874 0.253537 0.583588
0.271611 0.625072 0.103317
0.0574712 0.155343 0.787186
0.317357 0.513052 0.169591
0.434532 0.101408 0.46406
0.500988 0.225477 0.273535
0.572864 0.33627 0.0908664
0.713964 0.110408 0.175629
0.248381 0.247535 0.504084
0.348149 0.574742 0.077109
0.199545 0.675564 0.124892
0.568728 0.234143 0.197129
0.0804642 0.374172 0.545364
0.140465 0.125283 0.734252
0.0790723 0.826539 0.0943889
0.235016 0.383346 0.381638
0.430099 0.327241 0.24266
0.351245 0.144969 0.503787
0.508724 0.0936902 0.397586
0.0703475 0.723934 0.205718
0.219703 0.127683 0.652613
0.307959 0.311258 0.380784
0.727914 0.190094 0.0819923
0.873229 0.0651486 0.0616222
0.0979678 0.240409 0.661624
0.345102 0.390871 0.264027
0.251091 0.500708 0.2482
0.165174 0.378625 0.456201
0.418309 0.50968 0.0720115
0.572322 0.106115 0.321562
0.0589156 0.6041 0.336984
0.453345 0.185302 0.361353
0.392248 0.452418 0.155334
0.178422 0.490294 0.331284
0.0329747 0.91081 0.0562153
0.133209 0.734142 0.132648
0.0454269 0.282489 0.672084
0.0364619 0.0617262 0.901812
0.0921445 0.0660686 0.841787


0 14 22
26 25 35
31 30 37
9 8 39
13 12 40
24 23 40
11 10 41
6 5 44
16 15 45
29 28 47
10 9 49
9 39 49
41 10 49
25 24 50
24 40 50
35 25 50
41 35 50
7 6 52
6 44 52
44 46 52
5 4 53
44 5 53
35 41 54
41 49 54
39 48 54
49 39 54
18 17 55
36 18 55
33 32 56
4 3 57
48 39 59
30 29 60
29 47 60
37 30 60
47 42 60
51 37 60
28 27 61
47 28 61
21 20 62
57 21 62
32 31 63
31 37 63
37 51 63
51 43 63
43 56 63
56 32 63
58 51 64
51 60 64
60 42 64
12 11 65
11 41 65
41 50 65
40 12 65
50 40 65
14 13 66
22 14 66
23 22 66
13 40 66
40 23 66
43 55 67
56 43 67
45 56 67
42 59 68
64 42 68
46 44 69
44 53 69
53 38 69
68 46 69
58 64 69
64 68 69
36 55 70
55 43 70
43 51 70
51 58 70
8 7 71
7 52 71
39 8 71
27 26 72
26 35 72
35 54 72
61 27 72
54 48 72
48 61 72
19 18 73
18 36 73
20 19 73
62 20 73
36 38 73
38 62 73
48 59 74
59 42 74
42 47 74
47 61 74
61 48 74
59 39 75
39 71 75
52 46 75
71 52 75
46 68 75
68 59 75
58 69 76
69 38 76
38 36 76
36 70 76
70 58 76
3 1 77
1 21 77
21 57 77
57 3 77
53 4 78
4 57 78
38 53 78
62 38 78
57 62 78
17 16 79
16 45 79
45 67 79
55 17 79
67 55 79
15 2 80
2 34 80
45 15 80
34 33 81
33 56 81
56 45 81
45 80 81
80 34 81
