64
1 0 0
0 1 0
0 0 1
0.0769231 0.923077 0
0.153846 0.846154 0
0.230769 0.769231 0
0.307692 0.692308 0
0.384615 0.615385 0
0.461538 0.538462 0
0.538462 0.461538 0
0.615385 0.384615 0
0.692308 0.307692 0
0.769231 0.230769 0
0.846154 0.153846 0
0.923077 0.0769231 0
0 0.111111 0.888889
0 0.222222 0.777778
0 0.333333 0.666667
0 0.444444 0.555556
0 0.555556 0.444444
0 0.666667 0.333333
0 0.777778 0.222222
0 0.888889 0.111111
0.875 0 0.125
0.75 0 0.25
0.625 0 0.375
0.5 0 0.5
0.375 0 0.625
0.25 0 0.75
0.125 0 0.875
0.631546 0.1126 0.255855
0.0958911 0.497929 0.40618
0.266072 0.137983 0.595945
0.144982 0.590844 0.264174
0.807004 0.0700258 0.12297
0.437148 0.0773275 0.485524
0.394223 0.267986 0.337791
0.180463 0.275705 0.543832
0.704574 0.0585226 0.236903
0.326319 0.511443 0.162238
0.500182 0.244807 0.255011
0.637009 0.218684 0.144307
0.118501 0.388736 0.492762
0.477835 0.357721 0.164444
0.262539 0.596499 0.140962
0.734763 0.142865 0.122372
0.147263 0.149461 0.703277
0.252492 0.400638 0.34687
0.0822913 0.790521 0.127188
0.578902 0.305971 0.115127
0.397906 0.437267 0.164827
0.108139 0.681415 0.210446
0.325528 0.333675 0.340797
0.0789621 0.283955 0.637083
0.525842 0.155367 0.31879
0.195455 0.0683673 0.736178
0.202297 0.495342 0.30236
0.0763299 0.194741 0.72893
0.0821922 0.0651751 0.852633
0.21239 0.676603 0.111007
0.389646 0.16521 0.445145
0.277363 0.222515 0.500122
0.318298 0.0705737 0.611129
0.543571 0.0689768 0.387452


3 1 22
0 14 23
19 18 31
19 31 33
14 13 34
23 14 34
24 23 34
27 26 35
25 24 38
30 25 38
24 34 38
8 7 39
12 11 41
18 17 42
31 18 42
10 9 43
36 40 43
7 6 44
39 7 44
13 12 45
30 38 45
34 13 45
38 34 45
12 41 45
41 30 45
42 37 47
5 4 48
21 20 48
4 3 48
3 22 48
22 21 48
11 10 49
40 41 49
41 11 49
10 43 49
43 40 49
9 8 50
43 9 50
8 39 50
39 47 50
20 19 51
19 33 51
48 20 51
5 48 51
47 37 52
36 43 52
43 50 52
50 47 52
17 16 53
37 42 53
42 17 53
30 41 54
41 40 54
29 28 55
32 46 55
33 31 56
44 33 56
39 44 56
47 39 56
31 42 56
42 47 56
16 15 57
15 46 57
53 16 57
46 37 57
37 53 57
15 2 58
2 29 58
46 15 58
29 55 58
55 46 58
33 44 59
44 6 59
6 5 59
5 51 59
51 33 59
40 36 60
35 54 60
54 40 60
37 46 61
46 32 61
36 52 61
52 37 61
32 60 61
60 36 61
28 27 62
27 35 62
32 55 62
55 28 62
35 60 62
60 32 62
26 25 63
25 30 63
30 54 63
35 26 63
54 35 63
