89
1 0 0
0 1 0
0 0 1
0.0769231 0.923077 0
0.153846 0.846154 0
0.230769 0.769231 0
0.307692 0.692308 0
0.384615 0.615385 0
0.461538 0.538462 0
0.538462 0.461538 0
0.615385 0.384615 0
0.692308 0.307692 0
0.769231 0.230769 0
0.846154 0.153846 0
0.923077 0.0769231 0
0 0.111111 0.888889
0 0.222222 0.777778
0 0.333333 0.666667
0 0.444444 0.555556
0 0.555555 0.444444
0 0.666667 0.333333
0 0.777778 0.222222
0 0.888889 0.111111
0.941176 0 0.0588235
0.882353 0 0.117647
0.823529 0 0.176471
0.764706 0 0.235294
0.705882 0 0.294118
0.647059 0 0.352941
0.588235 0 0.411765
0.529412 0 0.470588
0.470588 0 0.529412
0.411765 0 0.588235
0.352941 0 0.647059
0.294118 0 0.705882
0.235294 0 0.764706
0.176471 0 0.823529
0.117647 0 0.882353
0.0588236 0 0.941176
0.631562 0.10973 0.258708
0.10369 0.478841 0.41747
0.26757 0.150931 0.5815
0.147549 0.645339 0.207112
0.500398 0.387657 0.111945
0.403415 0.102221 0.494363
0.65444 0.264987 0.0805735
0.0481042 0.333809 0.618087
0.663095 0.154473 0.182432
0.753843 0.178537 0.0676201
0.409459 0.262035 0.328506
0.18275 0.227725 0.589525
0.283043 0.607651 0.109305
0.0592736 0.117035 0.823691
0.189266 0.340163 0.470571
0.483824 0.266384 0.249792
0.26586 0.526473 0.207667
0.35722 0.534561 0.108219
0.586786 0.316091 0.0971232
0.196648 0.678668 0.124684
0.568609 0.236737 0.194655
0.0643286 0.418731 0.51694
0.118575 0.123732 0.757693
0.339842 0.257672 0.402487
0.27232 0.251221 0.476458
0.0929229 0.811052 0.0960249
0.236737 0.379847 0.383416
0.820895 0.0981555 0.0809495
0.432933 0.414966 0.152101
0.342096 0.127856 0.530048
0.0756321 0.712607 0.211761
0.499552 0.133219 0.367229
0.774979 0.0811601 0.143861
0.230836 0.105129 0.664035
0.568239 0.124475 0.307286
0.399387 0.379553 0.22106
0.0444101 0.548858 0.406732
0.336119 0.420259 0.243622
0.146069 0.525158 0.328773
0.060825 0.626683 0.312492
0.11415 0.254191 0.631659
0.883582 0.0641271 0.0522907
0.0581864 0.229228 0.712586
0.284711 0.401426 0.313863
0.127595 0.354202 0.518203
0.439775 0.128779 0.431446
0.213518 0.521293 0.265189
0.424209 0.508462 0.0673289
0.177049 0.116635 0.706316
0.714905 0.16165 0.123446


0 14 23
15 2 38
28 27 39
34 33 41
9 8 43
32 31 44
11 10 45
18 17 46
27 26 47
39 27 47
12 11 48
6 5 51
16 15 52
15 38 52
38 37 52
50 41 53
7 6 56
6 51 56
10 9 57
45 10 57
9 43 57
47 45 57
5 4 58
51 5 58
55 51 58
43 54 59
57 43 59
39 47 59
47 57 59
19 18 60
18 46 60
37 36 61
52 37 61
53 41 63
3 1 64
1 22 64
4 3 64
58 4 64
42 58 64
53 63 65
63 62 65
13 12 66
12 48 66
25 24 66
54 43 67
33 32 68
32 44 68
41 33 68
63 41 68
44 62 68
62 63 68
22 21 69
64 22 69
42 64 69
30 29 70
54 49 70
26 25 71
25 66 71
66 48 71
35 34 72
34 41 72
41 50 72
29 28 73
28 39 73
39 59 73
59 54 73
54 70 73
70 29 73
49 54 74
54 67 74
67 56 74
20 19 75
19 60 75
60 40 75
51 55 76
56 51 76
62 49 76
49 74 76
74 56 76
40 53 77
53 65 77
42 69 77
21 20 78
69 21 78
75 40 78
20 75 78
40 77 78
77 69 78
60 46 79
14 13 80
23 14 80
24 23 80
13 66 80
66 24 80
17 16 81
16 52 81
46 17 81
52 61 81
61 79 81
79 46 81
65 62 82
62 76 82
76 55 82
50 53 83
53 40 83
40 60 83
60 79 83
79 50 83
49 62 84
62 44 84
31 30 84
30 70 84
44 31 84
70 49 84
55 58 85
58 42 85
42 77 85
77 65 85
82 55 85
65 82 85
8 7 86
43 8 86
67 43 86
7 56 86
56 67 86
36 35 87
61 36 87
35 72 87
79 61 87
72 50 87
50 79 87
11 45 88
48 11 88
45 47 88
71 48 88
47 26 88
26 71 88
