88
1 0 0
0 1 0
0 0 1
0.076923 0.923077 0
0.153846 0.846154 0
0.230769 0.769231 0
0.307692 0.692308 0
0.384615 0.615385 0
0.461538 0.538462 0
0.538462 0.461538 0
0.615385 0.384615 0
0.692308 0.307692 0
0.769231 0.230769 0
0.846154 0.153846 0
0.923077 0.0769231 0
0 0.111111 0.888889
0 0.222222 0.777778
0 0.333333 0.666667
0 0.444444 0.555556
0 0.555556 0.444444
0 0.666667 0.333333
0 0.777778 0.222222
0 0.888889 0.111111
0.944444 0 0.0555556
0.888889 0 0.111111
0.833333 0 0.166667
0.777778 0 0.222222
0.722222 0 0.277778
0.666667 0 0.333333
0.611111 0 0.388889
0.555556 0 0.444444
0.5 0 0.5
0.444444 0 0.555556
0.388889 0 0.611111
0.333333 0 0.666667
0.277778 0 0.722222
0.222222 0 0.777778
0.166667 0 0.833333
0.111111 0 0.888889
0.0555555 0 0.944444
0.632058 0.133057 0.234885
0.111116 0.453802 0.435082
0.259326 0.153572 0.587103
0.163962 0.603688 0.232349
0.49229 0.403491 0.10422
0.66131 0.255318 0.0833726
0.0632115 0.300352 0.636437
0.66896 0.154464 0.176576
0.765222 0.143219 0.0915587
0.391461 0.244829 0.36371
0.166353 0.27683 0.556817
0.275478 0.629146 0.0953752
0.0520024 0.114219 0.833778
0.381319 0.135457 0.483224
0.191287 0.34234 0.466374
0.494001 0.256412 0.249588
0.270575 0.530659 0.198767
0.354559 0.542795 0.102646
0.590569 0.301388 0.108042
0.145133 0.202314 0.652554
0.198775 0.673386 0.127839
0.55546 0.24903 0.19551
0.0769351 0.390518 0.532547
0.128137 0.140937 0.730926
0.264829 0.258117 0.477054
0.0958788 0.804433 0.0996885
0.22193 0.409883 0.368186
0.822041 0.101729 0.0762299
0.428137 0.433585 0.138278
0.0769581 0.708952 0.21409
0.476108 0.154106 0.369786
0.217694 0.122163 0.660143
0.313167 0.284107 0.402725
0.582426 0.121282 0.296292
0.401955 0.356898 0.241147
0.139687 0.524053 0.33626
0.0610865 0.620554 0.31836
0.727159 0.128648 0.144193
0.439518 0.111085 0.449397
0.897157 0.059194 0.0436492
0.0556608 0.213104 0.731236
0.24767 0.474693 0.277637
0.0476806 0.53787 0.414449
0.326514 0.134009 0.539478
0.329469 0.485928 0.184603
0.544554 0.098688 0.356758
0.329498 0.382712 0.28779
0.104193 0.0928823 0.802925


0 14 23
15 2 39
28 27 40
35 34 42
8 7 44
9 8 44
11 10 45
18 17 46
40 27 47
12 11 48
26 25 48
6 5 51
16 15 52
15 39 52
39 38 52
33 32 53
41 50 54
50 42 54
7 6 57
6 51 57
9 44 58
10 9 58
45 10 58
40 47 58
47 45 58
5 4 60
51 5 60
56 51 60
44 55 61
40 58 61
58 44 61
19 18 62
18 46 62
50 41 62
46 59 62
59 50 62
37 36 63
36 59 63
59 46 63
54 42 64
3 1 65
1 22 65
4 3 65
60 4 65
43 60 65
54 64 66
13 12 67
24 13 67
25 24 67
12 48 67
48 25 67
44 7 68
7 57 68
55 44 68
22 21 69
65 22 69
43 65 69
31 30 70
35 42 71
42 50 71
36 35 71
59 36 71
50 59 71
53 49 72
66 64 72
29 28 73
28 40 73
40 61 73
61 55 73
55 68 74
68 57 74
49 70 74
70 55 74
66 43 75
41 54 75
54 66 75
43 69 75
21 20 76
69 21 76
41 75 76
75 69 76
27 26 77
47 27 77
45 47 77
11 45 77
48 11 77
26 48 77
32 31 78
53 32 78
49 53 78
31 70 78
70 49 78
14 13 79
13 24 79
23 14 79
24 23 79
17 16 80
16 52 80
46 17 80
63 46 80
56 60 81
60 43 81
43 66 81
66 72 81
20 19 82
19 62 82
62 41 82
41 76 82
76 20 82
34 33 83
42 34 83
64 42 83
33 53 83
53 72 83
72 64 83
51 56 84
57 51 84
74 57 84
55 70 85
70 30 85
30 29 85
29 73 85
73 55 85
56 81 86
72 49 86
81 72 86
84 56 86
49 74 86
74 84 86
38 37 87
37 63 87
63 80 87
52 38 87
80 52 87
