87
1 0 0
0 1 0
0 0 1
0.076923 0.923077 0
0.153846 0.846154 0
0.230769 0.769231 0
0.307692 0.692308 0
0.384615 0.615385 0
0.461538 0.538462 0
0.538462 0.461538 0
0.615385 0.384615 0
0.692308 0.307692 0
0.769231 0.230769 0
0.846154 0.153846 0
0.923077 0.0769231 0
0 0.111111 0.888889
0 0.222222 0.777778
0 0.333333 0.666667
0 0.444444 0.555556
0 0.555556 0.444444
0 0.666667 0.333333
0 0.777778 0.222222
0 0.888889 0.111111
0.947368 0 0.0526316
0.894737 0 0.105263
0.842105 0 0.157895
0.789474 0 0.210526
0.736842 0 0.263158
0.684211 0 0.315789
0.631579 0 0.368421
0.578947 0 0.421053
0.526316 0 0.473684
0.473684 0 0.526316
0.421053 0 0.578947
0.368421 0 0.631579
0.315789 0 0.684211
0.263158 0 0.736842
0.210526 0 0.789474
0.157895 0 0.842105
0.105263 0 0.894737
0.0526315 0 0.947369
0.621581 0.143418 0.235001
0.102629 0.484196 0.413176
0.272451 0.155182 0.572367
0.159266 0.611832 0.228902
0.483201 0.393929 0.122871
0.400564 0.126696 0.47274
0.661567 0.254466 0.0839671
0.671811 0.137358 0.190831
0.769328 0.139325 0.091347
0.387441 0.264573 0.347986
0.164118 0.28208 0.553802
0.287611 0.602885 0.109504
0.192474 0.343667 0.463859
0.484189 0.268097 0.247714
0.299263 0.464767 0.23597
0.355494 0.54976 0.0947457
0.598164 0.300443 0.101393
0.158426 0.178277 0.663297
0.190811 0.691999 0.117189
0.0757059 0.370439 0.553855
0.12751 0.136405 0.736085
0.556848 0.194278 0.248875
0.315932 0.29699 0.387078
0.270827 0.259091 0.470082
0.0866944 0.806009 0.107297
0.222927 0.411 0.366073
0.424688 0.43548 0.139833
0.239861 0.114812 0.645327
0.342873 0.135648 0.521479
0.0751828 0.710705 0.214113
0.480981 0.160934 0.358084
0.388106 0.387262 0.224632
0.823884 0.109646 0.0664697
0.139697 0.525748 0.334555
0.0483114 0.0994357 0.852253
0.0694237 0.163087 0.767489
0.0613244 0.632823 0.305852
0.723594 0.136112 0.140294
0.239542 0.4935 0.266958
0.558308 0.285471 0.15622
0.0654566 0.285061 0.649482
0.0682797 0.47397 0.45775
0.4523 0.111478 0.436222
0.900484 0.0609249 0.0385912
0.551238 0.111243 0.337519
0.522966 0.412318 0.0647159


0 14 23
15 2 40
29 28 41
35 34 43
8 7 45
33 32 46
11 10 47
28 27 48
41 28 48
12 11 49
26 25 49
6 5 52
42 51 53
51 43 53
7 6 56
6 52 56
10 9 57
47 10 57
41 48 57
48 47 57
37 36 58
4 3 59
5 4 59
52 5 59
55 52 59
19 18 60
58 51 60
38 37 61
37 58 61
29 41 62
45 54 62
46 50 63
50 55 63
53 43 64
3 1 65
1 22 65
44 59 65
59 3 65
53 64 66
64 63 66
45 7 67
7 56 67
54 45 67
36 35 68
35 43 68
43 51 68
51 58 68
58 36 68
34 33 69
33 46 69
46 63 69
63 64 69
43 34 69
64 43 69
22 21 70
44 65 70
65 22 70
31 30 71
52 55 72
56 52 72
55 50 72
54 67 72
67 56 72
50 71 72
71 54 72
13 12 73
24 13 73
25 24 73
12 49 73
49 25 73
42 53 74
53 66 74
66 44 74
44 70 74
16 15 75
15 40 75
40 39 75
17 16 76
16 75 76
39 38 76
75 39 76
38 61 76
21 20 77
20 42 77
42 74 77
70 21 77
74 70 77
27 26 78
48 27 78
47 48 78
11 47 78
49 11 78
26 49 78
55 59 79
59 44 79
44 66 79
63 55 79
66 63 79
41 57 80
45 62 80
62 41 80
18 17 81
60 18 81
58 60 81
61 58 81
17 76 81
76 61 81
20 19 82
42 20 82
19 60 82
51 42 82
60 51 82
32 31 83
46 32 83
50 46 83
31 71 83
71 50 83
14 13 84
13 24 84
23 14 84
24 23 84
30 29 85
29 62 85
62 54 85
54 71 85
71 30 85
9 8 86
8 45 86
45 80 86
57 9 86
80 57 86
