75
1 0 0
0 1 0
0 0 1
0.076923 0.923077 0
0.153846 0.846154 0
0.230769 0.769231 0
0.307692 0.692308 0
0.384615 0.615385 0
0.461538 0.538462 0
0.538462 0.461538 0
0.615385 0.384615 0
0.692308 0.307692 0
0.769231 0.230769 0
0.846154 0.153846 0
0.923077 0.0769231 0
0 0.111111 0.888889
0 0.222222 0.777778
0 0.333333 0.666667
0 0.444444 0.555556
0 0.555556 0.444444
0 0.666667 0.333333
0 0.777778 0.222222
0 0.888889 0.111111
0.909091 0 0.0909091
0.818182 0 0.181818
0.727273 0 0.272727
0.636364 0 0.363636
0.545455 0 0.454545
0.454545 0 0.545455
0.363636 0 0.636364
0.272727 0 0.727273
0.181818 0 0.818182
0.0909091 0 0.909091
0.649377 0.111398 0.239225
0.0892851 0.504902 0.405813
0.273834 0.121794 0.604373
0.145766 0.595297 0.258936
0.482435 0.421048 0.0965171
0.403767 0.0710393 0.525194
0.751973 0.116144 0.131884
0.38569 0.257814 0.356496
0.158867 0.268059 0.573073
0.672261 0.221197 0.106542
0.287154 0.620059 0.0927876
0.0628241 0.127785 0.809391
0.320265 0.52698 0.152755
0.496635 0.232187 0.271178
0.122532 0.397988 0.47948
0.567541 0.321154 0.111305
0.552261 0.103823 0.343916
0.269714 0.241007 0.489279
0.202386 0.677817 0.119797
0.583421 0.206563 0.210016
0.0715889 0.338488 0.589924
0.132458 0.125289 0.742253
0.1507 0.762853 0.0864478
0.0774231 0.819683 0.102894
0.229241 0.37067 0.400089
0.840651 0.0731597 0.0861895
0.444719 0.348457 0.206824
0.401111 0.479462 0.119427
0.0900862 0.703717 0.206197
0.178986 0.483192 0.337823
0.340439 0.39947 0.260091
0.460956 0.124294 0.414749
0.356909 0.158379 0.484712
0.209175 0.0752429 0.715582
0.0413485 0.0561965 0.902455
0.0671012 0.603868 0.329031
0.0736369 0.234808 0.691555
0.307016 0.320021 0.372963
0.26208 0.46681 0.27111
0.330935 0.0689014 0.600164
0.230262 0.565561 0.204177
0.203509 0.168888 0.627603


3 1 22
0 14 23
26 25 33
19 18 34
9 8 37
29 28 38
13 12 39
25 24 39
33 25 39
12 11 42
39 12 42
33 39 42
7 6 43
16 15 44
7 43 45
34 18 47
10 9 48
9 37 48
11 10 48
42 11 48
27 26 49
26 33 49
6 5 51
43 6 51
33 42 52
42 48 52
48 46 52
46 49 52
49 33 52
18 17 53
47 18 53
41 47 53
32 31 54
44 32 54
5 4 55
51 5 55
4 3 56
55 4 56
3 22 56
22 21 56
47 41 57
41 50 57
14 13 58
23 14 58
24 23 58
13 39 58
39 24 58
40 46 59
46 48 59
48 37 59
8 7 60
7 45 60
37 8 60
59 37 60
21 20 61
36 51 61
51 55 61
55 56 61
56 21 61
36 34 62
34 47 62
47 57 62
40 59 63
60 45 63
59 60 63
46 40 64
28 27 64
27 49 64
38 28 64
49 46 64
40 50 65
50 35 65
38 64 65
64 40 65
31 30 66
30 35 66
54 31 66
15 2 67
2 32 67
32 44 67
44 15 67
20 19 68
19 34 68
34 36 68
36 61 68
61 20 68
16 44 69
17 16 69
53 17 69
41 53 69
44 54 69
54 41 69
50 40 70
40 63 70
57 50 70
63 57 70
63 45 71
62 57 71
57 63 71
30 29 72
35 30 72
29 38 72
38 65 72
65 35 72
43 51 73
51 36 73
36 62 73
62 71 73
45 43 73
71 45 73
35 50 74
50 41 74
66 35 74
41 54 74
54 66 74
