69
1 0 0
0 1 0
0 0 1
0.0769231 0.923077 0
0.153846 0.846154 0
0.230769 0.769231 0
0.307692 0.692308 0
0.384615 0.615385 0
0.461538 0.538462 0
0.538462 0.461538 0
0.615385 0.384615 0
0.692308 0.307692 0
0.769231 0.230769 0
0.846154 0.153846 0
0.923077 0.0769231 0
0 0.111111 0.888889
0 0.222222 0.777778
0 0.333333 0.666667
0 0.444444 0.555556
0 0.555555 0.444444
0 0.666667 0.333333
0 0.777778 0.222222
0 0.888889 0.111111
0.888889 0 0.111111
0.777778 0 0.222222
0.666667 0 0.333333
0.555556 0 0.444444
0.444444 0 0.555556
0.333333 0 0.666667
0.222222 0 0.777778
0.111111 0 0.888889
0.627822 0.102472 0.269706
0.0944996 0.506304 0.399197
0.248536 0.154644 0.59682
0.158179 0.602579 0.239241
0.473542 0.426369 0.100089
0.411214 0.0715403 0.517245
0.73437 0.114428 0.151202
0.398361 0.276272 0.325366
0.176028 0.256935 0.567037
0.262967 0.606108 0.130925
0.310845 0.529962 0.159194
0.473078 0.22736 0.299562
0.654418 0.219672 0.12591
0.113513 0.382355 0.504132
0.52356 0.0787689 0.397671
0.827091 0.0677904 0.105119
0.538416 0.318519 0.143065
0.137927 0.147551 0.714523
0.149399 0.766734 0.0838676
0.281467 0.251712 0.466821
0.0759732 0.819521 0.104506
0.223641 0.364467 0.411892
0.0914562 0.705556 0.202988
0.407639 0.374192 0.218169
0.0838225 0.257412 0.658766
0.206403 0.4915 0.302096
0.317386 0.337091 0.345524
0.3944 0.488419 0.117181
0.190775 0.0710392 0.738186
0.0701461 0.605515 0.324339
0.369922 0.164936 0.465142
0.0714223 0.0742263 0.854351
0.561003 0.187137 0.25186
0.20046 0.6905 0.10904
0.057178 0.163603 0.779219
0.30075 0.070415 0.628835
0.309053 0.433765 0.257182
0.471644 0.142903 0.385454


3 1 22
0 14 23
26 25 31
19 18 32
9 8 35
28 27 36
13 12 37
25 24 37
31 25 37
7 6 40
7 40 41
12 11 43
31 37 43
37 12 43
18 17 44
32 18 44
27 26 45
36 27 45
26 31 45
14 13 46
23 14 46
24 23 46
13 37 46
37 24 46
10 9 47
9 35 47
38 42 47
11 10 47
43 11 47
33 39 48
5 4 49
39 33 50
4 3 51
3 22 51
22 21 51
49 4 51
44 39 52
39 50 52
21 20 53
49 51 53
51 21 53
38 47 54
47 35 54
17 16 55
39 44 55
44 17 55
48 39 55
34 32 56
40 34 56
41 40 56
32 44 56
44 52 56
50 38 57
38 54 57
52 50 57
8 7 58
7 41 58
35 8 58
54 35 58
30 29 59
33 48 59
20 19 60
19 32 60
32 34 60
34 53 60
53 20 60
42 38 61
38 50 61
50 33 61
15 2 62
2 30 62
30 59 62
59 48 62
31 43 63
45 31 63
43 47 63
47 42 63
6 5 64
40 6 64
34 40 64
5 49 64
49 53 64
53 34 64
16 15 65
48 55 65
55 16 65
15 62 65
62 48 65
29 28 66
59 29 66
33 59 66
61 33 66
28 36 66
36 61 66
41 56 67
56 52 67
52 57 67
58 41 67
57 54 67
54 58 67
36 45 68
42 61 68
61 36 68
45 63 68
63 42 68
