49
1 0 0
0 1 0
0 0 1
0.076923 0.923077 0
0.153846 0.846154 0
0.230769 0.769231 0
0.307692 0.692308 0
0.384615 0.615385 0
0.461538 0.538462 0
0.538462 0.461538 0
0.615385 0.384615 0
0.692308 0.307692 0
0.769231 0.230769 0
0.846154 0.153846 0
0.923077 0.0769231 0
0 0.111111 0.888889
0 0.222222 0.777778
0 0.333333 0.666667
0 0.444444 0.555556
0 0.555556 0.444444
0 0.666667 0.333333
0 0.777778 0.222222
0 0.888889 0.111111
0.833333 0 0.166667
0.666667 0 0.333333
0.5 0 0.5
0.333333 0 0.666667
0.166667 0 0.833333
0.651334 0.113627 0.23504
0.270487 0.128486 0.601027
0.166994 0.635264 0.197743
0.780389 0.0687655 0.150845
0.385084 0.252459 0.362457
0.172598 0.242581 0.584821
0.295884 0.492655 0.211461
0.474484 0.0945202 0.430996
0.132115 0.414771 0.453114
0.469993 0.371986 0.158021
0.572314 0.225482 0.202204
0.159527 0.129899 0.710574
0.393632 0.435559 0.17081
0.108976 0.750008 0.141016
0.238065 0.374189 0.387746
0.317577 0.0685386 0.613885
0.418908 0.16173 0.419362
0.16663 0.530938 0.302432
0.331081 0.331653 0.337266
0.100644 0.310808 0.588548
0.0587485 0.857468 0.0837832


3 1 22
0 14 23
13 12 28
25 24 28
6 5 30
20 19 30
14 13 31
23 14 31
24 23 31
13 28 31
28 24 31
16 15 33
8 7 34
26 25 35
25 28 35
18 17 36
10 9 37
32 10 37
11 10 38
10 32 38
12 11 38
28 12 38
35 28 38
15 2 39
2 27 39
27 29 39
33 15 39
29 32 39
32 33 39
9 8 40
8 34 40
37 9 40
5 4 41
4 21 41
21 20 41
20 30 41
30 5 41
34 36 42
40 34 42
27 26 43
29 27 43
26 35 43
32 29 44
38 32 44
35 38 44
43 35 44
29 43 44
7 6 45
6 30 45
19 18 45
30 19 45
34 7 45
18 36 45
36 34 45
33 32 46
32 37 46
42 33 46
37 40 46
40 42 46
17 16 47
16 33 47
33 42 47
36 17 47
42 36 47
4 3 48
3 22 48
21 4 48
22 21 48
