167
1 0 0
0 1 0
0 0 1
0.0714285 0.928571 0
0.142857 0.857143 0
0.214286 0.785714 0
0.285714 0.714286 0
0.357143 0.642857 0
0.428571 0.571429 0
0.5 0.5 0
0.571429 0.428571 0
0.642857 0.357143 0
0.714286 0.285714 0
0.785714 0.214286 0
0.857143 0.142857 0
0.928571 0.0714286 0
0 0.0555556 0.944444
0 0.111111 0.888889
0 0.166667 0.833333
0 0.222222 0.777778
0 0.277778 0.722222
0 0.333333 0.666667
0 0.388889 0.611111
0 0.444444 0.555556
0 0.5 0.5
0 0.555556 0.444444
0 0.611111 0.388889
0 0.666667 0.333333
0 0.722222 0.277778
0 0.777778 0.222222
0 0.833333 0.166667
0 0.888889 0.111111
0 0.944444 0.0555556
0.95 0 0.05
0.9 0 0.1
0.85 0 0.15
0.8 0 0.2
0.75 0 0.25
0.7 0 0.3
0.65 0 0.35
0.6 0 0.4
0.55 0 0.45
0.5 0 0.5
0.45 0 0.55
0.4 0 0.6
0.35 0 0.65
0.3 0 0.7
0.25 0 0.75
0.2 0 0.8
0.15 0 0.85
0.1 0 0.9
0.0500001 0 0.95
0.633384 0.117172 0.249445
0.106999 0.484183 0.408819
0.291803 0.123464 0.584733
0.167085 0.600541 0.232374
0.493156 0.410599 0.0962457
0.788609 0.0585241 0.152867
0.425515 0.0693152 0.50517
0.656527 0.27499 0.068483
0.668664 0.140574 0.190762
0.764473 0.168887 0.0666401
0.734904 0.129819 0.135277
0.390672 0.25734 0.351988
0.166622 0.242227 0.591151
0.273387 0.63891 0.0877031
0.0627563 0.142342 0.794902
0.827352 0.131094 0.0415544
0.68637 0.0597976 0.253832
0.334575 0.518971 0.146455
0.185704 0.337844 0.476452
0.492731 0.233022 0.274247
0.271128 0.520986 0.207885
0.161571 0.543689 0.29474
0.112412 0.40745 0.480138
0.337675 0.5717 0.090625
0.583024 0.328127 0.0888493
0.879369 0.0577672 0.0628634
0.54064 0.0684156 0.390944
0.153754 0.197442 0.648804
0.266655 0.59134 0.142005
0.249823 0.250091 0.500086
0.201399 0.684327 0.114275
0.243109 0.707899 0.0489922
0.335575 0.0560885 0.608336
0.587345 0.242724 0.169931
0.0706961 0.375877 0.553426
0.0530215 0.327879 0.6191
0.122548 0.133485 0.743967
0.567091 0.165723 0.267187
0.464173 0.210638 0.325189
0.328875 0.268053 0.403072
0.165812 0.777823 0.0563646
0.601218 0.184598 0.214184
0.455393 0.386487 0.15812
0.0756938 0.844056 0.0802499
0.230171 0.388297 0.381531
0.16921 0.409946 0.420844
0.820561 0.0812239 0.0982147
0.52967 0.250461 0.219868
0.0684134 0.795721 0.135865
0.439837 0.335015 0.225149
0.407797 0.500921 0.0912812
0.271482 0.0758292 0.652689
0.129184 0.699195 0.171621
0.331922 0.148376 0.519702
0.0739227 0.691793 0.234285
0.23767 0.208314 0.554016
0.412932 0.299786 0.287282
0.108299 0.198089 0.693613
0.544975 0.32373 0.131295
0.492809 0.459593 0.0475974
0.176083 0.475829 0.348088
0.482837 0.0727785 0.444384
0.623316 0.0725046 0.304179
0.104599 0.258145 0.637257
0.641716 0.229766 0.128518
0.440326 0.134251 0.425423
0.132092 0.0700462 0.797862
0.341306 0.408992 0.249702
0.735934 0.0637857 0.20028
0.0436281 0.0517797 0.904592
0.306548 0.343529 0.349923
0.324995 0.216336 0.458669
0.107539 0.612606 0.279855
0.0721408 0.0761679 0.851691
0.248851 0.312635 0.438514
0.0540502 0.761087 0.184862
0.292577 0.412088 0.295334
0.582914 0.370854 0.046232
0.705363 0.200552 0.0940847
0.539966 0.132633 0.327401
0.20271 0.618466 0.178824
0.188638 0.0639074 0.747454
0.470602 0.150966 0.378432
0.0560878 0.205286 0.738626
0.506343 0.314576 0.179081
0.0529699 0.646485 0.300545
0.0989612 0.557244 0.343795
0.0502142 0.439607 0.510179
0.371047 0.437435 0.191518
0.217201 0.161174 0.621625
0.40699 0.458809 0.134201
0.722806 0.238375 0.038819
0.409292 0.551076 0.0396313
0.050854 0.269422 0.679724
0.23605 0.492208 0.271742
0.158963 0.309547 0.53149
0.399048 0.135053 0.465899
0.107236 0.857618 0.0351462
0.186705 0.124284 0.689012
0.110655 0.30547 0.583875
0.0490837 0.548432 0.402484
0.322905 0.6349 0.0421951
0.890483 0.0819875 0.027529
0.0523277 0.489427 0.458246
0.374533 0.0669141 0.558553
0.663951 0.304699 0.0313492
0.048021 0.915182 0.0367969
0.133811 0.755328 0.11086
0.392552 0.197383 0.410065
0.350186 0.344001 0.305813
0.244616 0.427322 0.328062
0.0410903 0.604456 0.354454
0.241426 0.0508632 0.707711
0.279717 0.324892 0.395391
0.59441 0.0499849 0.355605


0 15 33
16 2 51
36 35 57
43 42 58
19 18 66
14 13 67
13 61 67
38 37 68
60 52 68
34 33 77
41 40 78
72 69 80
69 75 80
75 65 80
80 65 82
6 5 83
82 65 83
45 44 84
23 22 86
22 21 87
86 22 87
5 4 92
83 5 92
82 83 92
52 60 93
60 85 93
89 52 93
32 31 95
53 74 97
74 70 97
61 62 98
62 57 98
67 61 98
35 34 98
34 77 98
57 35 98
77 67 98
93 85 99
71 89 99
89 93 99
31 30 100
95 31 100
71 99 101
75 69 102
46 45 103
45 84 103
84 54 103
29 28 106
55 104 106
54 105 107
105 81 107
63 90 108
90 71 108
71 101 108
76 56 110
56 94 110
10 9 111
102 56 111
53 97 112
97 96 112
42 41 113
58 42 113
41 78 113
39 38 114
38 68 114
68 52 114
52 89 114
79 64 115
109 79 115
60 62 116
85 60 116
59 76 116
76 110 116
110 85 116
49 48 118
88 66 118
108 101 119
37 36 120
36 57 120
57 62 120
62 60 120
60 68 120
68 37 120
17 16 121
16 51 121
51 50 121
91 63 122
81 105 123
73 55 124
55 106 124
49 118 125
118 66 125
18 17 125
17 121 125
66 18 125
50 49 125
121 50 125
70 81 126
96 97 126
97 70 126
81 123 126
123 91 126
30 29 127
100 30 127
29 106 127
104 100 127
106 104 127
11 10 129
76 59 129
56 76 129
111 56 129
10 111 129
59 116 130
62 61 130
116 62 130
89 71 131
71 90 131
114 89 131
55 72 132
72 80 132
104 55 132
80 82 132
82 104 132
48 47 133
88 118 133
118 48 133
113 78 134
117 113 134
90 63 134
78 131 134
131 90 134
20 19 135
19 66 135
66 88 135
88 109 135
94 101 136
101 99 136
110 94 136
99 85 136
85 110 136
28 27 137
106 28 137
124 106 137
53 112 138
112 73 138
73 124 138
124 137 138
24 23 139
23 86 139
86 74 139
69 72 140
72 119 140
101 94 140
119 101 140
64 79 141
103 54 141
54 107 141
107 64 141
94 56 142
56 102 142
140 94 142
102 69 142
69 140 142
13 12 143
61 13 143
59 130 143
130 61 143
8 7 144
75 102 144
9 8 144
111 9 144
102 111 144
21 20 145
87 21 145
115 87 145
109 115 145
20 135 145
135 109 145
72 55 146
55 73 146
119 72 146
128 119 146
73 112 146
70 74 147
74 86 147
64 107 147
81 70 147
107 81 147
58 113 148
113 117 148
105 58 148
123 105 148
4 3 149
92 4 149
95 92 149
79 109 150
109 88 150
88 133 150
103 141 150
141 79 150
86 87 151
87 115 151
115 64 151
64 147 151
147 86 151
26 25 152
53 138 152
7 6 153
65 75 153
6 83 153
83 65 153
75 144 153
144 7 153
15 14 154
14 67 154
67 77 154
33 15 154
77 33 154
74 53 155
25 24 155
24 139 155
139 74 155
53 152 155
152 25 155
44 43 156
43 58 156
58 105 156
84 44 156
54 84 156
105 54 156
12 11 157
11 129 157
129 59 157
59 143 157
143 12 157
3 1 158
1 32 158
149 3 158
32 95 158
95 149 158
82 92 159
92 95 159
95 100 159
100 104 159
104 82 159
63 91 160
91 123 160
117 134 160
134 63 160
123 148 160
148 117 160
63 108 161
122 63 161
108 119 161
119 128 161
128 122 161
112 96 162
96 122 162
122 128 162
128 146 162
146 112 162
27 26 163
137 27 163
138 137 163
26 152 163
152 138 163
47 46 164
133 47 164
150 133 164
46 103 164
103 150 164
91 122 165
122 96 165
96 126 165
126 91 165
40 39 166
78 40 166
39 114 166
114 131 166
131 78 166
