159
1 0 0
0 1 0
0 0 1
0.0714287 0.928571 0
0.142857 0.857143 0
0.214286 0.785714 0
0.285714 0.714286 0
0.357143 0.642857 0
0.428572 0.571428 0
0.5 0.5 0
0.571429 0.428571 0
0.642857 0.357143 0
0.714286 0.285714 0
0.785714 0.214286 0
0.857143 0.142857 0
0.928571 0.0714286 0
0 0.0625 0.9375
0 0.125 0.875
0 0.1875 0.8125
0 0.25 0.75
0 0.3125 0.6875
0 0.375 0.625
0 0.4375 0.5625
0 0.5 0.5
0 0.5625 0.4375
0 0.625 0.375
0 0.6875 0.3125
0 0.75 0.25
0 0.8125 0.1875
0 0.875 0.125
0 0.9375 0.0625
0.95 0 0.05
0.9 0 0.1
0.85 0 0.15
0.8 0 0.2
0.75 0 0.25
0.7 0 0.3
0.65 0 0.35
0.6 0 0.4
0.55 0 0.45
0.5 0 0.5
0.45 0 0.55
0.4 0 0.6
0.35 0 0.65
0.3 0 0.7
0.25 0 0.75
0.2 0 0.8
0.15 0 0.85
0.1 0 0.9
0.0500001 0 0.95
0.639456 0.113305 0.247238
0.102701 0.48933 0.407969
0.275842 0.132169 0.591989
0.157852 0.609091 0.233058
0.498105 0.400516 0.101378
0.781348 0.0844312 0.134221
0.427529 0.0758246 0.496647
0.652632 0.281832 0.065536
0.671863 0.137491 0.190645
0.768899 0.163475 0.0676262
0.384102 0.259915 0.355983
0.171886 0.239703 0.588411
0.271315 0.624622 0.104062
0.0495499 0.144196 0.806254
0.823626 0.136321 0.040053
0.307809 0.538506 0.153685
0.188908 0.323493 0.487599
0.490631 0.233784 0.275584
0.289684 0.491748 0.218568
0.162587 0.53703 0.300383
0.111682 0.408606 0.479711
0.343203 0.566181 0.0906161
0.582027 0.333683 0.0842898
0.88391 0.066864 0.0492259
0.545209 0.0660267 0.388765
0.151617 0.197226 0.651157
0.252981 0.250533 0.496487
0.199186 0.685906 0.114908
0.241731 0.707124 0.0511455
0.334611 0.0738102 0.591578
0.590633 0.223109 0.186258
0.0768298 0.373203 0.549967
0.0487504 0.334972 0.616278
0.133906 0.14532 0.720774
0.570373 0.170837 0.25879
0.331198 0.260529 0.408274
0.165524 0.777096 0.0573802
0.437259 0.410527 0.152214
0.0903966 0.834607 0.0749967
0.238159 0.375851 0.38599
0.524135 0.257252 0.218613
0.0725896 0.796294 0.131116
0.441612 0.337232 0.221156
0.41782 0.490001 0.0921797
0.276511 0.0717927 0.651696
0.13333 0.6951 0.17157
0.353174 0.125283 0.521542
0.0794882 0.68928 0.231232
0.454125 0.204465 0.34141
0.560632 0.309679 0.129689
0.467219 0.484824 0.0479572
0.219135 0.159252 0.621613
0.701719 0.060378 0.237903
0.492425 0.0684182 0.439157
0.0396842 0.247955 0.712361
0.618059 0.0768235 0.305118
0.603929 0.360248 0.0358235
0.641169 0.229682 0.129149
0.426092 0.154345 0.419563
0.831937 0.0766354 0.0914277
0.126151 0.0820949 0.791754
0.354624 0.395949 0.249427
0.0435376 0.0558873 0.900575
0.301788 0.349357 0.348854
0.17051 0.401682 0.427808
0.312447 0.216367 0.471187
0.413052 0.299161 0.287787
0.107408 0.612708 0.279883
0.0788566 0.0702063 0.850937
0.248199 0.311978 0.439823
0.287139 0.42634 0.286522
0.225831 0.448499 0.32567
0.713886 0.187031 0.0990822
0.224873 0.596436 0.178691
0.744922 0.0626174 0.19246
0.1858 0.0651749 0.749025
0.0502268 0.651771 0.298003
0.0737572 0.179208 0.747035
0.100169 0.559293 0.340537
0.367982 0.440138 0.19188
0.161569 0.472533 0.365899
0.538475 0.13574 0.325785
0.224546 0.518621 0.256833
0.146457 0.316674 0.53687
0.051082 0.500256 0.448662
0.0815841 0.245287 0.673129
0.107071 0.857723 0.0352059
0.209887 0.0985535 0.691559
0.0479997 0.44333 0.50867
0.222433 0.227348 0.550219
0.0445252 0.916235 0.0392398
0.487848 0.131345 0.380807
0.715431 0.135801 0.148767
0.391412 0.565265 0.0433232
0.112072 0.28724 0.600688
0.374108 0.490462 0.13543
0.539884 0.41458 0.0455359
0.134085 0.753499 0.112417
0.710817 0.249327 0.0398562
0.31572 0.639433 0.044847
0.376965 0.160811 0.462224
0.044029 0.582001 0.37397
0.390146 0.0549591 0.554895
0.348793 0.344678 0.306529
0.0378119 0.874244 0.0879441
0.29629 0.167393 0.536317
0.507368 0.324895 0.167737
0.594403 0.0513704 0.354227
0.0493039 0.768553 0.182143


0 15 31
16 2 49
34 33 55
41 40 56
19 18 63
18 17 63
14 13 64
13 59 64
62 65 71
15 14 73
31 15 73
32 31 73
14 64 73
39 38 74
6 5 78
77 62 78
43 42 79
50 58 80
21 20 82
22 21 82
81 22 82
50 80 84
5 4 86
78 5 86
77 78 86
67 84 90
84 80 90
67 90 92
87 54 93
44 43 94
43 79 94
79 52 94
53 95 97
72 54 99
9 8 100
93 54 100
61 75 101
94 52 101
36 35 102
50 36 102
58 50 102
40 39 103
56 40 103
39 74 103
20 19 104
37 36 105
36 50 105
50 84 105
11 10 106
57 11 106
72 57 106
80 58 107
57 72 107
72 99 107
99 80 107
60 85 108
56 103 108
98 60 108
33 32 109
55 33 109
59 55 109
64 59 109
32 73 109
73 64 109
47 46 110
17 16 112
16 49 112
49 48 112
85 60 113
89 85 113
51 70 114
70 66 114
67 92 116
92 111 116
98 67 116
60 98 116
69 53 117
53 97 117
48 47 118
47 110 118
110 63 118
112 48 118
63 17 118
17 112 118
66 76 119
89 114 119
114 66 119
85 89 119
115 85 119
76 115 119
111 68 120
89 113 121
113 120 121
55 59 122
57 107 122
65 62 123
62 77 123
68 65 123
77 95 123
95 53 123
34 55 124
35 34 124
102 35 124
58 102 124
46 45 125
83 110 125
110 46 125
27 26 126
97 27 126
117 97 126
19 63 127
104 19 127
63 110 127
110 83 127
69 117 128
117 126 128
65 68 129
68 111 129
92 87 129
111 92 129
114 89 130
89 121 130
121 69 130
69 128 130
51 114 130
128 51 130
84 67 131
67 98 131
105 84 131
53 69 132
120 68 132
69 121 132
121 120 132
68 123 132
123 53 132
66 70 133
70 81 133
24 23 134
70 51 134
82 20 135
20 104 135
83 75 135
104 127 135
127 83 135
4 3 136
86 4 136
88 86 136
45 44 137
44 94 137
75 83 137
83 125 137
125 45 137
94 101 137
101 75 137
23 22 138
22 81 138
81 70 138
70 134 138
134 23 138
61 101 139
101 52 139
133 61 139
76 66 139
66 133 139
3 1 140
1 30 140
88 136 140
136 3 140
103 74 141
98 108 141
108 103 141
74 131 141
131 98 141
107 58 142
122 107 142
55 122 142
124 55 142
58 124 142
8 7 143
71 93 143
93 100 143
100 8 143
75 61 144
81 82 144
61 133 144
133 81 144
82 135 144
135 75 144
71 65 145
65 129 145
93 71 145
87 93 145
129 87 145
54 72 146
10 9 146
9 100 146
100 54 146
72 106 146
106 10 146
77 86 147
86 88 147
88 91 147
91 95 147
95 77 147
12 11 148
11 57 148
13 12 148
59 13 148
57 122 148
122 59 148
7 6 149
62 71 149
78 62 149
6 78 149
71 143 149
143 7 149
108 85 150
85 115 150
96 56 150
115 96 150
56 108 150
26 25 151
126 26 151
51 128 151
128 126 151
25 24 151
24 134 151
134 51 151
42 41 152
41 56 152
56 96 152
79 42 152
96 79 152
116 111 153
113 60 153
60 116 153
111 120 153
120 113 153
30 29 154
29 91 154
91 88 154
88 140 154
140 30 154
52 79 155
79 96 155
96 115 155
115 76 155
76 139 155
139 52 155
87 92 156
92 90 156
90 80 156
80 99 156
54 87 156
99 54 156
38 37 157
37 105 157
74 38 157
105 131 157
131 74 157
29 28 158
91 29 158
28 27 158
27 97 158
95 91 158
97 95 158
