71
1 0 0
0 1 0
0 0 1
0.0714285 0.928571 0
0.142857 0.857143 0
0.214286 0.785714 0
0.285714 0.714286 0
0.357143 0.642857 0
0.428571 0.571429 0
0.5 0.5 0
0.571429 0.428571 0
0.642857 0.357143 0
0.714286 0.285714 0
0.785714 0.214286 0
0.857143 0.142857 0
0.928571 0.0714286 0
0 0.0555556 0.944444
0 0.111111 0.888889
0 0.166667 0.833333
0 0.222222 0.777778
0 0.277778 0.722222
0 0.333333 0.666667
0 0.388889 0.611111
0 0.444444 0.555556
0 0.5 0.5
0 0.555556 0.444444
0 0.611111 0.388889
0 0.666667 0.333333
0 0.722222 0.277778
0 0.777778 0.222222
0 0.833333 0.166667
0 0.888889 0.111111
0 0.944444 0.0555556
0.833333 0 0.166667
0.666667 0 0.333333
0.5 0 0.5
0.333333 0 0.666667
0.166667 0 0.833333
0.641152 0.11757 0.241279
0.28052 0.130606 0.588875
0.1719 0.594275 0.233825
0.438656 0.422862 0.138481
0.429705 0.0690787 0.501217
0.812403 0.0498957 0.137702
0.435093 0.247122 0.317784
0.623115 0.0649769 0.311908
0.203434 0.246947 0.549619
0.214706 0.639012 0.146282
0.329034 0.507535 0.163431
0.204476 0.313915 0.481609
0.54691 0.344474 0.108615
0.597467 0.239265 0.163268
0.659393 0.1648 0.175807
0.187044 0.101776 0.711181
0.196676 0.393359 0.409965
0.448797 0.329175 0.222029
0.402439 0.209793 0.387768
0.211 0.478885 0.310115
0.407455 0.144783 0.447762
0.169993 0.706168 0.12384
0.132717 0.764082 0.103201
0.332422 0.404994 0.262585
0.150038 0.0546657 0.795297
0.147222 0.54816 0.304618
0.361873 0.311851 0.326276
0.172378 0.199649 0.627973
0.315735 0.0448831 0.639382
0.0920669 0.838925 0.0690077
0.331485 0.563341 0.105174
0.626149 0.279349 0.0945019
0.120852 0.164735 0.714413


3 1 32
4 3 32
31 4 32
16 2 37
27 26 40
11 10 41
35 34 42
0 15 43
15 38 43
33 0 43
34 33 45
42 34 45
33 43 45
43 38 45
21 20 46
8 7 47
28 27 47
27 40 47
10 9 48
41 10 48
22 21 49
21 46 49
12 11 50
11 41 50
14 13 51
15 14 52
38 15 52
14 51 52
51 44 52
18 17 53
42 39 53
23 22 54
22 49 54
24 23 54
44 49 56
49 46 56
38 52 56
52 44 56
25 24 57
41 48 57
39 42 58
42 45 58
45 38 58
38 56 58
56 46 58
7 6 59
29 28 59
28 47 59
47 7 59
6 5 60
5 30 60
30 29 60
29 59 60
59 6 60
54 55 61
55 50 61
24 54 61
57 24 61
50 41 61
41 57 61
17 16 62
16 37 62
37 36 62
53 17 62
26 25 63
40 26 63
48 40 63
25 57 63
57 48 63
49 44 64
54 49 64
55 54 64
44 51 64
51 55 64
20 19 65
46 20 65
58 46 65
39 58 65
36 35 66
35 42 66
42 53 66
53 62 66
62 36 66
5 4 67
4 31 67
30 5 67
31 30 67
9 8 68
8 47 68
47 40 68
40 48 68
48 9 68
13 12 69
51 13 69
55 51 69
12 50 69
50 55 69
19 18 70
18 53 70
53 39 70
39 65 70
65 19 70
