166
1 0 0
0 1 0
0 0 1
0.0714285 0.928571 0
0.142857 0.857143 0
0.214286 0.785714 0
0.285714 0.714286 0
0.357143 0.642857 0
0.428571 0.571429 0
0.5 0.5 0
0.571429 0.428571 0
0.642857 0.357143 0
0.714286 0.285714 0
0.785714 0.214286 0
0.857143 0.142857 0
0.928571 0.0714286 0
0 0.0555556 0.944444
0 0.111111 0.888889
0 0.166667 0.833333
0 0.222222 0.777778
0 0.277778 0.722222
0 0.333333 0.666667
0 0.388889 0.611111
0 0.444444 0.555556
0 0.5 0.5
0 0.555556 0.444444
0 0.611111 0.388889
0 0.666667 0.333333
0 0.722222 0.277778
0 0.777778 0.222222
0 0.833333 0.166667
0 0.888889 0.111111
0 0.944444 0.0555556
0.947368 0 0.0526316
0.894737 0 0.105263
0.842105 0 0.157895
0.789474 0 0.210526
0.736842 0 0.263158
0.684211 0 0.315789
0.631579 0 0.368421
0.578947 0 0.421053
0.526316 0 0.473684
0.473684 0 0.526316
0.421053 0 0.578947
0.368421 0 0.631579
0.315789 0 0.684211
0.263158 0 0.736842
0.210526 0 0.789474
0.157895 0 0.842105
0.105263 0 0.894737
0.0526315 0 0.947369
0.6365 0.11567 0.24783
0.110451 0.493788 0.395761
0.289867 0.121691 0.588441
0.166806 0.60151 0.231684
0.493606 0.410008 0.0963861
0.810413 0.0576065 0.131981
0.423033 0.0652854 0.511681
0.670718 0.256053 0.0732293
0.6821 0.129003 0.188897
0.746787 0.181792 0.0714207
0.74025 0.129566 0.130184
0.391202 0.257466 0.351332
0.169122 0.244263 0.586614
0.27316 0.639145 0.0876949
0.0504068 0.132062 0.817531
0.817489 0.144811 0.0377002
0.334228 0.518856 0.146916
0.37517 0.132427 0.492402
0.187261 0.332849 0.47989
0.492502 0.233886 0.273612
0.270496 0.521904 0.2076
0.161794 0.544849 0.293357
0.11562 0.396073 0.488306
0.337437 0.572124 0.0904391
0.591858 0.324759 0.0833835
0.893312 0.0453892 0.0612992
0.555617 0.0707628 0.37362
0.155935 0.196038 0.648027
0.265665 0.592068 0.142267
0.255971 0.248486 0.495543
0.201268 0.684805 0.113927
0.242356 0.708632 0.0490117
0.340966 0.0543261 0.604708
0.576338 0.25663 0.167032
0.0680867 0.377204 0.554709
0.0534177 0.327603 0.61898
0.136308 0.12637 0.737322
0.568064 0.166373 0.265563
0.463048 0.211982 0.32497
0.329195 0.267031 0.403774
0.162272 0.781882 0.0558462
0.609833 0.187095 0.203073
0.456083 0.385825 0.158093
0.0774172 0.840787 0.0817958
0.232877 0.389547 0.377576
0.161828 0.414598 0.423574
0.530222 0.249984 0.219793
0.068786 0.795351 0.135863
0.439935 0.334776 0.225289
0.408043 0.500685 0.0912715
0.270832 0.0662727 0.662895
0.12881 0.699622 0.171568
0.074248 0.691916 0.233836
0.241093 0.201076 0.557831
0.41268 0.30015 0.28717
0.103949 0.197161 0.69889
0.547259 0.323974 0.128767
0.49103 0.461974 0.0469966
0.181592 0.474452 0.343957
0.700282 0.0540413 0.245677
0.504519 0.0671248 0.428356
0.617894 0.0732944 0.308811
0.105281 0.257709 0.63701
0.648638 0.222558 0.128804
0.427099 0.127347 0.445554
0.823533 0.0928711 0.0835954
0.130843 0.0762774 0.79288
0.338837 0.409458 0.251705
0.045445 0.0511243 0.903431
0.310199 0.336804 0.352998
0.332532 0.210283 0.457185
0.107638 0.613104 0.279258
0.0811927 0.0660973 0.85271
0.24838 0.313208 0.438413
0.0540131 0.761348 0.184639
0.572851 0.383018 0.0441307
0.534628 0.14245 0.322922
0.758806 0.0596313 0.181563
0.202261 0.618926 0.178812
0.200739 0.0631552 0.736106
0.470508 0.151283 0.378209
0.0535427 0.647027 0.299431
0.0988098 0.560073 0.341118
0.0519918 0.437823 0.510185
0.370527 0.437398 0.192075
0.407373 0.458213 0.134414
0.722597 0.243547 0.033856
0.310844 0.165585 0.523571
0.937334 0.0369134 0.0257524
0.408807 0.551893 0.0392999
0.0498593 0.271961 0.67818
0.235232 0.497234 0.267535
0.140596 0.325754 0.53365
0.270377 0.419309 0.310314
0.0691721 0.477222 0.453606
0.185127 0.128185 0.686688
0.0431568 0.226392 0.730452
0.221146 0.156112 0.622741
0.0499966 0.549453 0.40055
0.322867 0.635397 0.0417364
0.505953 0.315451 0.178596
0.0855324 0.874065 0.040403
0.1341 0.755189 0.11071
0.363082 0.0863379 0.550581
0.395334 0.199776 0.40489
0.346105 0.34696 0.306935
0.0366997 0.935875 0.0274249
0.470697 0.0508692 0.478434
0.109737 0.306661 0.583602
0.878266 0.0892788 0.0324557
0.0410594 0.606643 0.352297
0.654048 0.310145 0.0358072
0.279008 0.32412 0.396872
0.0749703 0.162598 0.762431
0.197909 0.272541 0.52955


16 2 50
35 34 56
43 42 57
19 18 65
18 17 65
14 13 66
13 60 66
34 33 76
40 39 77
71 67 79
67 74 79
74 64 79
79 64 81
6 5 82
81 64 82
44 43 83
23 22 85
22 21 86
85 22 86
5 4 91
82 5 91
81 82 91
51 59 92
88 51 92
32 31 94
73 69 96
92 84 97
70 88 97
88 92 97
31 30 98
94 31 98
70 97 99
74 67 100
46 45 101
45 44 101
44 83 101
83 53 101
29 28 103
54 102 103
62 89 105
89 70 105
70 99 105
75 55 107
55 93 107
10 9 108
100 55 108
52 96 109
96 95 109
38 37 110
37 36 110
59 51 110
41 40 111
40 77 111
39 38 112
77 39 112
51 88 112
38 110 112
110 51 112
78 63 113
106 78 113
59 61 114
60 58 114
61 60 114
58 75 114
84 92 114
92 59 114
75 107 114
107 84 114
68 57 115
60 61 116
61 56 116
66 60 116
56 34 116
34 76 116
48 47 117
105 99 118
17 16 119
16 50 119
50 49 119
90 62 120
68 115 121
72 54 122
54 103 122
49 48 123
48 117 123
117 65 123
119 49 123
65 17 123
17 119 123
69 80 124
95 96 124
96 69 124
80 121 124
121 90 124
30 29 125
98 30 125
102 98 125
29 103 125
103 102 125
11 10 126
55 75 126
108 55 126
10 108 126
88 70 127
70 89 127
77 112 127
112 88 127
36 35 128
35 56 128
56 61 128
61 59 128
59 110 128
110 36 128
54 71 129
71 79 129
102 54 129
79 81 129
81 102 129
47 46 130
46 101 130
87 117 130
117 47 130
111 77 131
89 62 131
115 111 131
77 127 131
127 89 131
28 27 132
103 28 132
122 103 132
52 109 133
109 72 133
72 122 133
122 132 133
24 23 134
23 85 134
85 73 134
67 71 135
71 118 135
99 93 135
118 99 135
93 55 136
55 100 136
135 93 136
100 67 136
67 135 136
13 12 137
60 13 137
58 60 137
104 53 138
80 104 138
68 121 138
121 80 138
0 15 139
33 0 139
76 33 139
8 7 140
74 100 140
9 8 140
108 9 140
100 108 140
21 20 141
86 21 141
113 86 141
106 113 141
71 54 142
54 72 142
118 71 142
72 109 142
69 73 143
73 85 143
109 95 144
142 109 144
95 120 144
118 142 144
73 96 145
96 52 145
25 24 145
24 134 145
134 73 145
78 106 146
106 87 146
87 130 146
130 101 146
20 19 147
106 141 147
141 20 147
101 53 148
63 78 148
104 63 148
53 104 148
78 146 148
146 101 148
26 25 149
52 133 149
25 145 149
145 52 149
7 6 150
64 74 150
6 82 150
82 64 150
74 140 150
140 7 150
93 99 151
99 97 151
107 93 151
97 84 151
84 107 151
4 3 152
91 4 152
94 91 152
32 94 152
81 91 153
91 94 153
94 98 153
98 102 153
102 81 153
43 57 154
83 43 154
57 68 154
68 138 154
53 83 154
138 53 154
90 121 155
121 115 155
62 90 155
131 62 155
115 131 155
62 105 156
120 62 156
105 118 156
118 144 156
144 120 156
3 1 157
1 32 157
32 152 157
152 3 157
42 41 158
57 42 158
41 111 158
111 115 158
115 57 158
86 113 159
113 63 159
85 86 159
143 85 159
63 143 159
15 14 160
14 66 160
66 116 160
116 76 160
76 139 160
139 15 160
27 26 161
132 27 161
133 132 161
26 149 161
149 133 161
12 11 162
75 58 162
11 126 162
126 75 162
58 137 162
137 12 162
90 120 163
124 90 163
120 95 163
95 124 163
65 117 164
117 87 164
19 65 164
147 19 164
87 106 164
106 147 164
80 69 165
69 143 165
63 104 165
143 63 165
104 80 165
