162
1 0 0
0 1 0
0 0 1
0.0714285 0.928571 0
0.142857 0.857143 0
0.214286 0.785714 0
0.285714 0.714286 0
0.357143 0.642857 0
0.428571 0.571429 0
0.5 0.5 0
0.571429 0.428571 0
0.642857 0.357143 0
0.714286 0.285714 0
0.785714 0.214286 0
0.857143 0.142857 0
0.928571 0.0714286 0
0 0.0588236 0.941176
0 0.117647 0.882353
0 0.176471 0.823529
0 0.235294 0.764706
0 0.294118 0.705882
0 0.352941 0.647059
0 0.411765 0.588235
0 0.470588 0.529412
0 0.529412 0.470588
0 0.588235 0.411765
0 0.647059 0.352941
0 0.705882 0.294118
0 0.764706 0.235294
0 0.823529 0.176471
0 0.882353 0.117647
0 0.941176 0.0588235
0.95 0 0.05
0.9 0 0.1
0.85 0 0.15
0.8 0 0.2
0.75 0 0.25
0.7 0 0.3
0.65 0 0.35
0.6 0 0.4
0.55 0 0.45
0.5 0 0.5
0.45 0 0.55
0.4 0 0.6
0.35 0 0.65
0.3 0 0.7
0.25 0 0.75
0.2 0 0.8
0.15 0 0.85
0.1 0 0.9
0.05 0 0.95
0.635338 0.115807 0.248855
0.10104 0.492206 0.406754
0.279615 0.132144 0.588241
0.15395 0.611451 0.234599
0.488623 0.406756 0.104621
0.788793 0.0600097 0.151197
0.427961 0.0758934 0.496146
0.64694 0.278493 0.0745669
0.0514163 0.334372 0.614211
0.678237 0.12737 0.194393
0.754171 0.187973 0.0578558
0.735119 0.132575 0.132306
0.394012 0.249906 0.356082
0.165197 0.243017 0.591786
0.279094 0.624708 0.0961983
0.0611491 0.14438 0.794471
0.821252 0.138363 0.0403849
0.687804 0.0575653 0.254631
0.320313 0.531375 0.148312
0.0478281 0.631673 0.320499
0.190052 0.322856 0.487092
0.493459 0.234882 0.271659
0.283749 0.503717 0.212534
0.161876 0.537885 0.300239
0.110583 0.412255 0.477162
0.347335 0.561395 0.0912696
0.580809 0.33322 0.0859713
0.882708 0.0674832 0.0498089
0.542414 0.0692457 0.38834
0.143828 0.196831 0.659342
0.255476 0.592938 0.151586
0.261859 0.240895 0.497246
0.201811 0.682248 0.115941
0.242824 0.706842 0.0503348
0.335224 0.0670187 0.597757
0.575464 0.256054 0.168481
0.0681698 0.384253 0.547577
0.120378 0.148748 0.730874
0.570326 0.165983 0.26369
0.464428 0.212048 0.323525
0.333236 0.25872 0.408044
0.164525 0.778295 0.0571799
0.441875 0.396058 0.162067
0.0747468 0.843645 0.0816082
0.237808 0.376848 0.385345
0.168331 0.405342 0.426327
0.531972 0.250437 0.217591
0.0697854 0.782332 0.147882
0.442279 0.334981 0.22274
0.416118 0.498558 0.0853241
0.272352 0.0753693 0.652278
0.138537 0.691419 0.170044
0.331448 0.141382 0.52717
0.0820275 0.700297 0.217676
0.230714 0.220999 0.548288
0.557592 0.315077 0.127331
0.466512 0.486278 0.0472098
0.489261 0.0714163 0.439322
0.624711 0.0726916 0.302598
0.641303 0.224874 0.133824
0.424195 0.151532 0.424273
0.81985 0.0852074 0.0949422
0.131356 0.0730751 0.795569
0.0677583 0.25458 0.677662
0.353362 0.398139 0.248499
0.73771 0.0624534 0.199836
0.0435716 0.0537378 0.902691
0.302529 0.349183 0.348289
0.315657 0.219944 0.464399
0.414015 0.300414 0.285571
0.10256 0.617293 0.280147
0.0735521 0.0760759 0.850372
0.248208 0.31224 0.439552
0.286216 0.428626 0.285158
0.225583 0.449313 0.325104
0.206078 0.604516 0.189406
0.188948 0.064959 0.746093
0.476665 0.147366 0.375969
0.0540709 0.208113 0.737816
0.101017 0.556278 0.342705
0.0506885 0.454007 0.495304
0.107031 0.310143 0.582826
0.370267 0.438047 0.191685
0.214119 0.163848 0.622032
0.540256 0.413823 0.0459209
0.160741 0.474212 0.365047
0.540913 0.135232 0.323855
0.222735 0.520165 0.2571
0.39548 0.473192 0.131328
0.147668 0.318335 0.533997
0.379317 0.156768 0.463915
0.391429 0.565987 0.042584
0.103043 0.86012 0.0368373
0.194798 0.117764 0.687439
0.684126 0.279203 0.0366702
0.0517346 0.509649 0.438616
0.0438845 0.919811 0.036304
0.61053 0.185317 0.204153
0.504614 0.326236 0.169151
0.318076 0.638357 0.0435664
0.0489245 0.683358 0.267717
0.386957 0.0588797 0.554163
0.700783 0.211448 0.0877692
0.133286 0.754896 0.111818
0.612925 0.350102 0.0369738
0.0473702 0.574541 0.378089
0.34901 0.344998 0.305993
0.594003 0.0528682 0.353129
0.106102 0.264854 0.629044
0.0387608 0.766642 0.194597
0.243441 0.0483497 0.708209


0 15 32
16 2 50
35 34 56
42 41 57
22 21 59
13 12 61
19 18 66
14 13 67
13 61 67
37 36 68
60 51 68
27 26 70
65 69 76
15 14 78
14 67 78
32 15 78
33 32 78
40 39 79
69 65 81
73 69 81
81 65 83
6 5 84
83 65 84
44 43 85
23 22 87
22 59 87
5 4 92
84 5 92
83 84 92
31 30 94
52 75 96
75 71 96
72 89 97
30 29 98
94 30 98
72 97 99
45 44 101
44 85 101
85 53 101
53 85 103
54 102 104
102 98 104
82 71 105
53 103 105
103 82 105
77 55 106
9 8 107
100 55 107
41 40 108
57 41 108
40 79 108
38 37 109
37 68 109
68 51 109
51 89 109
60 62 110
58 77 110
77 106 110
106 86 110
63 91 111
57 108 111
61 62 112
62 56 112
56 34 112
67 61 112
34 33 112
33 78 112
78 67 112
48 47 113
88 66 113
21 20 114
59 21 114
88 80 114
36 35 116
35 56 116
56 62 116
62 60 116
60 68 116
68 36 116
17 16 117
16 50 117
50 49 117
91 63 118
95 91 118
82 103 119
90 72 120
72 99 120
63 90 120
99 115 120
74 54 121
54 104 121
18 17 122
66 18 122
49 48 122
48 113 122
113 66 122
117 49 122
17 117 122
71 82 123
95 96 123
96 71 123
91 95 123
119 91 123
82 119 123
115 73 124
95 118 125
118 124 125
73 81 126
102 54 126
81 83 126
83 102 126
47 46 127
88 113 127
113 47 127
108 79 128
111 108 128
90 63 128
63 111 128
19 66 129
66 88 129
20 19 129
114 20 129
88 114 129
74 121 130
121 70 130
24 23 131
23 87 131
87 75 131
87 59 132
69 73 133
73 115 133
99 93 133
115 99 133
101 53 134
64 80 134
53 105 134
105 64 134
10 9 135
9 107 135
55 77 135
107 55 135
52 96 136
96 95 136
95 125 136
130 52 136
125 74 136
74 130 136
89 72 137
72 90 137
109 89 137
90 128 137
128 79 137
54 74 138
124 73 138
74 125 138
125 124 138
73 126 138
126 54 138
93 55 139
55 100 139
76 69 139
100 76 139
133 93 139
69 133 139
71 75 140
75 87 140
64 105 140
105 71 140
132 64 140
87 132 140
111 91 141
91 119 141
103 57 141
119 103 141
57 111 141
8 7 142
76 100 142
100 107 142
107 8 142
4 3 143
92 4 143
94 92 143
80 88 144
88 127 144
101 134 144
134 80 144
12 11 145
61 12 145
25 24 146
24 131 146
75 52 146
131 75 146
3 1 147
1 31 147
143 3 147
31 94 147
94 143 147
51 60 148
89 51 148
86 97 148
97 89 148
60 110 148
110 86 148
93 99 149
99 97 149
55 93 149
106 55 149
97 86 149
86 106 149
7 6 150
65 76 150
6 84 150
84 65 150
76 142 150
142 7 150
28 27 151
104 28 151
27 70 151
70 121 151
121 104 151
43 42 152
85 43 152
103 85 152
42 57 152
57 103 152
62 61 153
58 110 153
110 62 153
61 145 153
145 58 153
83 92 154
92 94 154
94 98 154
98 102 154
102 83 154
77 58 155
11 10 155
10 135 155
135 77 155
58 145 155
145 11 155
26 25 156
52 130 156
70 26 156
130 70 156
25 146 156
146 52 156
120 115 157
118 63 157
63 120 157
115 124 157
124 118 157
39 38 158
79 39 158
38 109 158
109 137 158
137 79 158
59 114 159
114 80 159
132 59 159
80 64 159
64 132 159
29 28 160
28 104 160
98 29 160
104 98 160
46 45 161
45 101 161
101 144 161
127 46 161
144 127 161
