57
1 0 0
0 1 0
0 0 1
0.0714285 0.928571 0
0.142857 0.857143 0
0.214286 0.785714 0
0.285714 0.714286 0
0.357143 0.642857 0
0.428571 0.571429 0
0.5 0.5 0
0.571429 0.428571 0
0.642857 0.357143 0
0.714286 0.285714 0
0.785714 0.214286 0
0.857143 0.142857 0
0.928571 0.0714286 0
0 0.0714286 0.928571
0 0.142857 0.857143
0 0.214286 0.785714
0 0.285714 0.714286
0 0.357143 0.642857
0 0.428571 0.571429
0 0.5 0.5
0 0.571429 0.428571
0 0.642857 0.357143
0 0.714286 0.285714
0 0.785714 0.214286
0 0.857143 0.142857
0 0.928571 0.0714286
0.75 0 0.25
0.5 0 0.5
0.25 0 0.75
0.609728 0.111391 0.278881
0.290831 0.131785 0.577383
0.196679 0.598457 0.204864
0.380122 0.0631263 0.556752
0.79983 0.0467044 0.153465
0.406721 0.254944 0.338334
0.188754 0.245924 0.565322
0.305611 0.523288 0.171101
0.224356 0.316219 0.459425
0.601369 0.251879 0.146752
0.459734 0.386203 0.154063
0.166107 0.675387 0.158506
0.597234 0.188483 0.214284
0.246 0.389086 0.364914
0.476626 0.320392 0.202982
0.185246 0.469103 0.345651
0.378398 0.449951 0.171651
0.611553 0.0448048 0.343642
0.162916 0.0933897 0.743694
0.130187 0.738147 0.131666
0.159859 0.0421421 0.797999
0.159225 0.184445 0.65633
0.374557 0.185701 0.439742
0.0880129 0.819545 0.0924423
0.136568 0.535465 0.327966


3 1 28
4 3 28
27 4 28
15 14 32
8 7 34
24 23 34
31 30 35
32 33 35
0 15 36
29 0 36
15 32 36
19 18 38
9 8 39
8 34 39
20 19 40
19 38 40
38 37 40
13 12 41
11 10 42
7 6 43
25 24 43
24 34 43
34 7 43
14 13 44
32 14 44
13 41 44
41 37 44
21 20 45
20 40 45
12 11 46
41 12 46
37 41 46
11 42 46
40 37 46
42 45 46
45 40 46
22 21 47
21 45 47
10 9 48
9 39 48
39 47 48
42 10 48
45 42 48
47 45 48
30 29 49
29 36 49
32 35 49
36 32 49
35 30 49
17 16 50
33 17 50
35 33 50
6 5 51
5 26 51
26 25 51
25 43 51
43 6 51
16 2 52
2 31 52
50 16 52
31 35 52
35 50 52
18 17 53
17 33 53
38 18 53
33 32 54
32 44 54
37 38 54
38 53 54
53 33 54
44 37 54
5 4 55
4 27 55
26 5 55
27 26 55
23 22 56
34 23 56
39 34 56
22 47 56
47 39 56
