139
1 0 0
0 1 0
0 0 1
0.0714285 0.928571 0
0.142857 0.857143 0
0.214286 0.785714 0
0.285714 0.714286 0
0.357143 0.642857 0
0.428571 0.571429 0
0.5 0.5 0
0.571429 0.428571 0
0.642857 0.357143 0
0.714286 0.285714 0
0.785714 0.214286 0
0.857143 0.142857 0
0.928571 0.0714286 0
0 0.0666668 0.933333
0 0.133333 0.866667
0 0.2 0.8
0 0.266667 0.733333
0 0.333333 0.666667
0 0.4 0.6
0 0.466667 0.533333
0 0.533333 0.466667
0 0.6 0.4
0 0.666667 0.333333
0 0.733333 0.266667
0 0.8 0.2
0 0.866667 0.133333
0 0.933333 0.0666667
0.941176 0 0.0588235
0.882353 0 0.117647
0.823529 0 0.176471
0.764706 0 0.235294
0.705882 0 0.294118
0.647059 0 0.352941
0.588235 0 0.411765
0.529412 0 0.470588
0.470588 0 0.529412
0.411765 0 0.588235
0.352941 0 0.647059
0.294118 0 0.705882
0.235294 0 0.764706
0.176471 0 0.823529
0.117647 0 0.882353
0.0588235 0 0.941176
0.63243 0.114463 0.253107
0.0983002 0.482774 0.418926
0.283794 0.12784 0.588365
0.155297 0.613175 0.231528
0.4913 0.407816 0.100884
0.806212 0.0566069 0.137181
0.414215 0.0724163 0.513369
0.659227 0.268673 0.0721001
0.0447184 0.340304 0.614978
0.681013 0.133367 0.18562
0.746606 0.18998 0.063414
0.747505 0.12275 0.129745
0.407298 0.243307 0.349394
0.177222 0.254127 0.568651
0.270929 0.625671 0.1034
0.0594269 0.134502 0.806071
0.316301 0.53427 0.149428
0.193203 0.330269 0.476528
0.474581 0.245158 0.280261
0.157976 0.543642 0.298383
0.115953 0.401367 0.48268
0.33778 0.576454 0.0857664
0.579555 0.331067 0.0893781
0.879526 0.0677502 0.0527241
0.545113 0.0797816 0.375106
0.141211 0.201204 0.657585
0.25312 0.242471 0.50441
0.195976 0.688926 0.115098
0.241052 0.707798 0.0511499
0.345856 0.0655056 0.588639
0.603289 0.228847 0.167864
0.289573 0.489144 0.221283
0.0679116 0.377603 0.554485
0.119718 0.144149 0.736134
0.556455 0.184232 0.259313
0.34786 0.247873 0.404267
0.164684 0.775425 0.0598902
0.076383 0.849757 0.0738597
0.227407 0.390565 0.382029
0.159731 0.417177 0.423092
0.439009 0.340415 0.220576
0.404696 0.50048 0.0948239
0.268768 0.0735174 0.657715
0.138184 0.68848 0.173336
0.335186 0.145888 0.518926
0.0729782 0.699847 0.227175
0.0636282 0.77908 0.157292
0.472039 0.478303 0.0496575
0.704219 0.0588151 0.236966
0.494267 0.0588527 0.446881
0.491469 0.169913 0.338618
0.622166 0.0603653 0.317469
0.515203 0.327463 0.157335
0.0930083 0.285077 0.621915
0.42464 0.149198 0.426162
0.124568 0.0690197 0.806412
0.347212 0.393522 0.259265
0.438529 0.408077 0.153394
0.817791 0.0964866 0.085722
0.319241 0.335614 0.345144
0.684019 0.194723 0.121258
0.397979 0.311884 0.290137
0.105838 0.614737 0.279425
0.329195 0.206903 0.463903
0.209231 0.469884 0.320884
0.226715 0.595429 0.177856
0.0658131 0.238891 0.695296
0.200738 0.0594223 0.739839
0.051466 0.649641 0.298893
0.0927764 0.560052 0.347172
0.0546233 0.460794 0.484582
0.370256 0.444552 0.185192
0.0488484 0.196442 0.75471
0.522752 0.260846 0.216402
0.132386 0.325309 0.542306
0.270687 0.431069 0.298243
0.0613059 0.0680824 0.870612
0.190941 0.123513 0.685546
0.0478662 0.536585 0.415549
0.0360647 0.928965 0.0349707
0.123714 0.758429 0.117857
0.271744 0.297897 0.430359
0.220512 0.525415 0.254072
0.155051 0.48094 0.364009
0.816917 0.145181 0.0379025
0.214355 0.165573 0.620072
0.566138 0.122595 0.311268
0.311922 0.646194 0.0418849
0.376044 0.58465 0.0393056
0.0388542 0.602509 0.358637
0.249467 0.195994 0.554539
0.54814 0.408359 0.0435012
0.753983 0.0595662 0.186451


0 15 30
16 2 45
32 31 51
39 38 52
12 11 53
21 20 54
13 12 56
12 53 56
18 17 61
60 62 67
53 11 68
15 14 69
30 15 69
31 30 69
36 35 70
63 59 72
6 5 74
73 60 74
40 39 75
39 52 75
46 55 76
53 68 76
22 21 78
21 54 78
46 76 80
5 4 82
73 74 82
74 5 82
4 3 83
82 4 83
29 28 83
47 66 85
66 63 85
63 84 85
67 62 87
41 40 88
40 75 88
75 48 88
48 75 90
75 52 90
27 26 91
49 89 91
28 27 92
83 28 92
27 91 92
91 89 92
9 8 93
8 87 93
87 50 93
34 33 94
46 34 94
55 46 94
38 37 95
52 38 95
37 36 95
36 70 95
64 58 96
80 64 96
35 34 97
34 46 97
70 35 97
68 50 98
76 68 98
71 59 99
78 54 99
90 52 100
58 81 100
52 95 100
96 58 100
95 70 100
70 96 100
44 43 101
79 61 101
50 87 103
86 98 103
98 50 103
56 57 104
57 51 104
51 31 104
31 69 104
81 58 105
55 57 106
56 53 106
57 56 106
53 76 106
76 55 106
58 64 107
64 86 107
86 102 107
102 105 107
105 58 107
65 49 108
49 91 108
72 90 109
90 100 109
100 81 109
62 60 111
60 73 111
77 62 111
73 89 111
89 49 111
79 71 112
20 19 112
71 99 112
54 20 112
99 54 112
42 41 113
41 88 113
43 42 113
101 43 113
79 101 113
26 25 114
91 26 114
108 91 114
65 108 115
108 114 115
23 22 116
66 47 116
22 78 116
78 66 116
87 62 117
103 87 117
62 77 117
77 102 117
102 86 117
86 103 117
19 18 118
112 19 118
18 61 118
61 79 118
79 112 118
64 80 119
86 64 119
98 86 119
80 76 119
76 98 119
59 63 120
63 66 120
66 78 120
78 99 120
99 59 120
102 77 121
84 105 121
110 84 121
105 102 121
17 16 122
16 45 122
45 44 122
61 17 122
44 101 122
101 61 122
71 79 123
79 113 123
113 88 123
24 23 124
47 115 124
23 116 124
116 47 124
3 1 125
1 29 125
29 83 125
83 3 125
73 82 126
89 73 126
82 83 126
83 92 126
92 89 126
63 72 127
84 63 127
81 105 127
105 84 127
72 109 127
109 81 127
49 65 128
65 110 128
77 111 128
111 49 128
110 121 128
121 77 128
47 85 129
85 84 129
84 110 129
115 47 129
110 65 129
65 115 129
14 13 130
13 56 130
56 104 130
69 14 130
104 69 130
59 71 131
71 123 131
88 48 131
123 88 131
80 96 132
96 70 132
46 80 132
97 46 132
70 97 132
7 6 133
60 67 133
6 74 133
74 60 133
8 7 134
67 87 134
87 8 134
7 133 134
133 67 134
25 24 135
114 25 135
115 114 135
24 124 135
124 115 135
48 90 136
90 72 136
131 48 136
72 59 136
59 131 136
11 10 137
68 11 137
50 68 137
10 9 137
9 93 137
93 50 137
33 32 138
32 51 138
51 57 138
94 33 138
57 55 138
55 94 138
