143
1 0 0
0 1 0
0 0 1
0.0714285 0.928571 0
0.142857 0.857143 0
0.214286 0.785714 0
0.285714 0.714286 0
0.357143 0.642857 0
0.428571 0.571429 0
0.5 0.5 0
0.571429 0.428571 0
0.642857 0.357143 0
0.714286 0.285714 0
0.785714 0.214286 0
0.857143 0.142857 0
0.928571 0.0714286 0
0 0.0555556 0.944444
0 0.111111 0.888889
0 0.166667 0.833333
0 0.222222 0.777778
0 0.277778 0.722222
0 0.333333 0.666667
0 0.388889 0.611111
0 0.444444 0.555556
0 0.5 0.5
0 0.555556 0.444444
0 0.611111 0.388889
0 0.666667 0.333333
0 0.722222 0.277778
0 0.777778 0.222222
0 0.833333 0.166667
0 0.888889 0.111111
0 0.944444 0.0555556
0.933333 0 0.0666667
0.866667 0 0.133333
0.8 0 0.2
0.733333 0 0.266667
0.666667 0 0.333333
0.6 0 0.4
0.533333 0 0.466667
0.466667 0 0.533333
0.4 0 0.6
0.333333 0 0.666667
0.266667 0 0.733333
0.2 0 0.8
0.133333 0 0.866667
0.0666667 0 0.933333
0.77843 0.0559983 0.165572
0.63182 0.116939 0.251241
0.107592 0.49779 0.394618
0.279505 0.121906 0.598589
0.167185 0.605665 0.22715
0.484526 0.411303 0.104171
0.414634 0.0574108 0.527956
0.664607 0.259561 0.0758326
0.692324 0.120345 0.187331
0.76037 0.172265 0.067365
0.74409 0.123394 0.132516
0.396696 0.257642 0.345662
0.172893 0.246954 0.580153
0.280306 0.635833 0.0838613
0.324996 0.516806 0.158197
0.384594 0.123322 0.492084
0.176321 0.334469 0.48921
0.477356 0.235146 0.287498
0.182479 0.538565 0.278956
0.126556 0.402391 0.471053
0.580295 0.330198 0.0895068
0.492888 0.459881 0.0472309
0.882402 0.049622 0.0679757
0.550854 0.0752907 0.373856
0.143727 0.197506 0.658768
0.25806 0.25818 0.48376
0.36051 0.581471 0.0580183
0.194137 0.688263 0.1176
0.34277 0.0550255 0.602205
0.591699 0.259976 0.148324
0.301964 0.475897 0.222138
0.0827053 0.375072 0.542223
0.0784056 0.319938 0.601656
0.148387 0.127953 0.72366
0.552219 0.181679 0.266102
0.156768 0.769895 0.0733369
0.0793587 0.835189 0.0854522
0.230085 0.400572 0.369344
0.152643 0.429695 0.417662
0.0748122 0.785642 0.139546
0.440719 0.339553 0.219728
0.40101 0.505943 0.0930473
0.256828 0.0712561 0.671916
0.0702423 0.708395 0.221363
0.715169 0.0551068 0.229724
0.373812 0.213933 0.412254
0.222551 0.620012 0.157437
0.174417 0.476923 0.34866
0.31288 0.282798 0.404322
0.479416 0.172363 0.348221
0.443961 0.131099 0.42494
0.640111 0.0590397 0.300849
0.0616025 0.889322 0.0490755
0.511369 0.332068 0.156564
0.0809153 0.262877 0.656208
0.132296 0.0694191 0.798285
0.350065 0.391796 0.258139
0.314068 0.345281 0.340651
0.41104 0.307888 0.281072
0.414638 0.404385 0.180976
0.282351 0.181546 0.536103
0.674825 0.192243 0.132932
0.247798 0.7034 0.0488022
0.566446 0.388331 0.0452225
0.19916 0.0578166 0.743024
0.516117 0.262659 0.221223
0.0670803 0.0874822 0.845437
0.490266 0.0536698 0.456064
0.843827 0.109082 0.047091
0.609907 0.188359 0.201734
0.0707201 0.205495 0.723785
0.0996461 0.560249 0.340105
0.0549529 0.440949 0.504098
0.0895102 0.637849 0.27264
0.390968 0.46136 0.147672
0.057242 0.0475895 0.895168
0.813105 0.0835379 0.103357
0.209942 0.136633 0.653425
0.435051 0.526105 0.0388446
0.242826 0.55663 0.200544
0.346229 0.186326 0.467445
0.259599 0.440091 0.30031
0.0689029 0.144382 0.786716
0.111506 0.732497 0.155997
0.156139 0.303025 0.540836
0.0527028 0.61735 0.329947
0.0504765 0.546692 0.402832
0.72665 0.235455 0.0378951
0.563785 0.121617 0.314597
0.215073 0.183921 0.601006
0.22967 0.343848 0.426482
0.304054 0.57087 0.125076
0.143917 0.664778 0.191305
0.0637171 0.485223 0.45106
0.642705 0.320976 0.0363194
0.343954 0.10613 0.549915


3 1 32
0 15 33
16 2 46
35 34 47
41 40 53
14 13 56
55 47 57
10 9 68
34 33 69
33 15 69
38 37 70
8 7 73
7 60 73
42 41 75
41 53 75
54 67 76
23 22 78
63 66 78
22 21 79
78 22 79
5 4 82
82 4 83
31 30 83
30 29 86
82 83 86
83 30 86
52 68 88
42 75 89
75 50 89
43 42 89
29 28 90
36 35 91
35 47 91
47 55 91
55 48 91
60 74 93
49 85 94
85 84 94
72 92 95
92 58 95
81 64 96
64 58 96
58 92 96
70 96 97
96 92 97
70 37 98
37 36 98
36 91 98
91 48 98
4 3 99
83 4 99
3 32 99
32 31 99
31 83 99
67 52 100
76 67 100
21 20 101
79 21 101
71 59 101
59 79 101
45 44 102
95 58 104
58 64 105
104 58 105
87 103 105
103 104 105
87 100 106
100 52 106
77 103 106
103 87 106
72 59 107
56 54 108
57 56 108
55 57 108
54 76 108
7 6 109
60 7 109
74 60 109
6 5 109
5 82 109
82 74 109
11 10 110
52 67 110
10 68 110
68 52 110
43 89 111
89 80 111
44 43 111
102 44 111
80 102 111
64 81 112
76 100 112
100 87 112
87 105 112
105 64 112
18 17 113
45 102 113
40 39 114
53 40 114
39 38 114
38 70 114
62 53 114
97 62 114
70 97 114
15 14 115
69 15 115
14 56 115
48 55 116
81 48 116
108 76 116
55 108 116
76 112 116
112 81 116
20 19 117
80 71 117
71 101 117
101 20 117
49 94 118
94 65 118
24 23 119
23 78 119
78 66 119
28 27 120
90 28 120
65 51 120
118 65 120
61 77 121
77 106 121
52 88 121
106 52 121
88 61 121
17 16 122
113 17 122
16 46 122
46 45 122
45 113 122
47 34 123
34 69 123
57 47 123
56 57 123
115 56 123
69 115 123
89 50 124
71 80 124
80 89 124
9 8 125
8 73 125
73 88 125
68 9 125
88 68 125
77 61 126
51 65 126
65 77 126
93 51 126
62 97 127
97 92 127
107 62 127
92 72 127
72 107 127
77 65 128
65 94 128
103 77 128
94 84 128
84 104 128
104 103 128
102 80 129
18 113 129
113 102 129
19 18 129
117 19 129
80 117 129
74 82 130
82 86 130
86 29 130
29 90 130
59 72 131
72 63 131
79 59 131
63 78 131
78 79 131
27 26 132
26 118 132
118 120 132
120 27 132
26 25 133
118 26 133
49 118 133
13 12 134
12 54 134
54 56 134
56 13 134
96 70 135
70 98 135
48 81 135
98 48 135
81 96 135
50 107 136
107 59 136
124 50 136
59 71 136
71 124 136
66 63 137
85 66 137
84 85 137
63 72 137
72 95 137
95 104 137
104 84 137
73 60 138
61 88 138
88 73 138
60 93 138
93 126 138
126 61 138
51 93 139
90 120 139
120 51 139
130 90 139
93 74 139
74 130 139
25 24 140
24 119 140
85 49 140
66 85 140
119 66 140
49 133 140
133 25 140
12 11 141
54 12 141
67 54 141
11 110 141
110 67 141
53 62 142
50 75 142
75 53 142
62 107 142
107 50 142
