56
1 0 0
0 1 0
0 0 1
0.0714285 0.928571 0
0.142857 0.857143 0
0.214286 0.785714 0
0.285714 0.714286 0
0.357143 0.642857 0
0.428571 0.571429 0
0.5 0.5 0
0.571429 0.428571 0
0.642857 0.357143 0
0.714286 0.285714 0
0.785714 0.214286 0
0.857143 0.142857 0
0.928571 0.0714286 0
0 0.0666667 0.933333
0 0.133333 0.866667
0 0.2 0.8
0 0.266667 0.733333
0 0.333333 0.666667
0 0.4 0.6
0 0.466667 0.533333
0 0.533333 0.466667
0 0.6 0.4
0 0.666667 0.333333
0 0.733333 0.266667
0 0.8 0.2
0 0.866667 0.133333
0 0.933333 0.0666667
0.75 0 0.25
0.5 0 0.5
0.25 0 0.75
0.602822 0.120948 0.27623
0.269138 0.137037 0.593825
0.199238 0.606655 0.194107
0.749126 0.0537948 0.197079
0.464735 0.0645221 0.470743
0.389776 0.259666 0.350558
0.169284 0.257354 0.573362
0.302701 0.52846 0.168839
0.217155 0.327805 0.45504
0.42274 0.402043 0.175217
0.166853 0.682974 0.150173
0.464718 0.327134 0.208148
0.183758 0.0918934 0.724349
0.58886 0.192899 0.218241
0.231514 0.396433 0.372052
0.208621 0.473425 0.317954
0.125382 0.745951 0.128668
0.33207 0.191192 0.476737
0.584305 0.257782 0.157913
0.235884 0.0414627 0.722653
0.395537 0.462847 0.141616
0.140714 0.54856 0.310727
0.0875622 0.826473 0.085965


3 1 29
4 3 29
28 4 29
16 2 32
15 14 33
18 17 34
8 7 35
25 24 35
0 15 36
30 0 36
15 33 36
31 30 37
30 36 37
33 34 37
36 33 37
19 18 39
20 19 39
9 8 40
8 35 40
21 20 41
20 39 41
39 38 41
11 10 42
7 6 43
26 25 43
25 35 43
35 7 43
12 11 44
41 38 44
11 42 44
17 16 45
34 17 45
37 34 45
14 13 46
33 14 46
22 21 47
21 41 47
41 44 47
44 42 47
23 22 48
22 47 48
47 42 48
6 5 49
5 27 49
27 26 49
26 43 49
43 6 49
18 34 50
39 18 50
34 33 50
33 46 50
38 39 50
46 38 50
13 12 51
12 44 51
44 38 51
38 46 51
46 13 51
16 32 52
45 16 52
32 31 52
31 37 52
37 45 52
10 9 53
9 40 53
40 48 53
42 10 53
48 42 53
24 23 54
35 24 54
40 35 54
23 48 54
48 40 54
5 4 55
4 28 55
27 5 55
28 27 55
