83
1 0 0
0 1 0
0 0 1
0.0714285 0.928571 0
0.142857 0.857143 0
0.214286 0.785714 0
0.285714 0.714286 0
0.357143 0.642857 0
0.428571 0.571429 0
0.5 0.5 0
0.571429 0.428571 0
0.642857 0.357143 0
0.714286 0.285714 0
0.785714 0.214286 0
0.857143 0.142857 0
0.928571 0.0714286 0
0 0.0909091 0.909091
0 0.181818 0.818182
0 0.272727 0.727273
0 0.363636 0.636364
0 0.454545 0.545455
0 0.545455 0.454545
0 0.636364 0.363636
0 0.727273 0.272727
0 0.818182 0.181818
0 0.909091 0.0909091
0.9 0 0.1
0.8 0 0.2
0.7 0 0.3
0.6 0 0.4
0.5 0 0.5
0.4 0 0.6
0.3 0 0.7
0.2 0 0.8
0.1 0 0.9
0.63411 0.101764 0.264125
0.109162 0.502116 0.388722
0.303931 0.136269 0.559801
0.156138 0.603005 0.240857
0.47145 0.414594 0.113955
0.806214 0.0682753 0.125511
0.416229 0.0766873 0.507084
0.64585 0.271534 0.0826154
0.740315 0.135556 0.124129
0.383046 0.253256 0.363698
0.161721 0.258771 0.579508
0.263597 0.613051 0.123352
0.0586537 0.139787 0.801559
0.300173 0.510361 0.189466
0.192137 0.334079 0.473784
0.490133 0.244685 0.265182
0.104476 0.404417 0.491108
0.552355 0.329814 0.117831
0.529173 0.0816347 0.389192
0.266037 0.244217 0.489746
0.19078 0.692775 0.116445
0.0843465 0.315807 0.599846
0.131635 0.135091 0.733274
0.553151 0.165498 0.281351
0.649489 0.184913 0.165597
0.0700743 0.842874 0.0870517
0.434216 0.333046 0.232737
0.401519 0.496304 0.102177
0.0865208 0.687112 0.226367
0.226783 0.429445 0.343772
0.32057 0.0621757 0.617255
0.43399 0.153445 0.412566
0.355339 0.418217 0.226444
0.130416 0.769578 0.100006
0.309907 0.335389 0.354704
0.0972271 0.0614542 0.841319
0.213999 0.0772574 0.708743
0.579947 0.242986 0.177066
0.20875 0.527669 0.263581
0.0724025 0.595038 0.332559
0.0870413 0.218262 0.694697
0.713224 0.214827 0.0719488
0.343168 0.190261 0.466571
0.349548 0.573028 0.0774238
0.706777 0.0549726 0.23825
0.195424 0.176172 0.628405
0.868172 0.0742327 0.0575956
0.0548719 0.769899 0.175229


3 1 25
0 15 26
21 20 36
10 9 39
27 26 40
31 30 41
12 11 42
14 13 43
40 14 43
7 6 46
17 16 47
20 19 51
36 20 51
11 10 52
10 39 52
42 11 52
30 29 53
29 35 53
41 30 53
49 45 54
6 5 55
38 46 55
46 6 55
19 18 56
51 19 56
45 49 56
49 51 56
53 35 58
35 43 59
58 35 59
4 3 60
3 25 60
25 24 60
44 50 61
50 52 61
52 39 61
9 8 62
39 9 62
23 22 63
38 55 63
36 51 64
51 49 64
32 31 65
31 41 65
41 37 65
37 41 66
50 44 66
58 50 66
41 53 66
53 58 66
62 48 67
61 39 67
39 62 67
48 64 67
5 4 68
4 60 68
55 5 68
63 55 68
49 54 69
54 44 69
64 49 69
67 64 69
44 61 69
61 67 69
16 2 70
2 34 70
47 16 70
34 33 70
57 47 70
33 32 71
32 65 71
65 37 71
57 70 71
70 33 71
42 52 72
52 50 72
50 58 72
58 59 72
59 42 72
38 36 73
46 38 73
48 46 73
36 64 73
64 48 73
22 21 74
21 36 74
36 38 74
38 63 74
63 22 74
18 17 75
17 47 75
45 56 75
56 18 75
47 57 75
13 12 76
12 42 76
42 59 76
43 13 76
59 43 76
44 54 77
54 37 77
37 66 77
66 44 77
8 7 78
7 46 78
46 48 78
48 62 78
62 8 78
29 28 79
35 29 79
28 27 79
27 40 79
43 35 79
40 43 79
37 54 80
54 45 80
57 71 80
71 37 80
45 75 80
75 57 80
15 14 81
14 40 81
26 15 81
40 26 81
24 23 82
60 24 82
68 60 82
23 63 82
63 68 82
