84
1 0 0
0 1 0
0 0 1
0.0714285 0.928571 0
0.142857 0.857143 0
0.214286 0.785714 0
0.285714 0.714286 0
0.357143 0.642857 0
0.428571 0.571429 0
0.5 0.5 0
0.571429 0.428571 0
0.642857 0.357143 0
0.714286 0.285714 0
0.785714 0.214286 0
0.857143 0.142857 0
0.928571 0.0714286 0
0 0.0833334 0.916667
0 0.166667 0.833333
0 0.25 0.75
0 0.333333 0.666667
0 0.416667 0.583333
0 0.5 0.5
0 0.583333 0.416667
0 0.666667 0.333333
0 0.75 0.25
0 0.833333 0.166667
0 0.916667 0.0833333
0.888889 0 0.111111
0.777778 0 0.222222
0.666667 0 0.333333
0.555556 0 0.444444
0.444444 0 0.555556
0.333333 0 0.666667
0.222222 0 0.777778
0.111111 0 0.888889
0.639193 0.100039 0.260768
0.0857034 0.497055 0.417241
0.268422 0.136932 0.594646
0.165508 0.620189 0.214303
0.475962 0.405648 0.11839
0.817183 0.0659497 0.116867
0.411887 0.0704132 0.5177
0.745508 0.127862 0.12663
0.387034 0.254618 0.358348
0.164673 0.256608 0.578719
0.690973 0.233408 0.0756194
0.265374 0.634275 0.10035
0.319326 0.501246 0.179428
0.194912 0.326626 0.478461
0.491599 0.237931 0.27047
0.156811 0.543819 0.29937
0.125171 0.404748 0.470081
0.572748 0.335343 0.0919084
0.537173 0.0736217 0.389206
0.188942 0.699016 0.112042
0.589362 0.256952 0.153686
0.159218 0.122286 0.718497
0.563855 0.1679 0.268244
0.268826 0.257863 0.473311
0.068849 0.853397 0.0777536
0.234981 0.391816 0.373203
0.452936 0.324146 0.222919
0.0833609 0.314889 0.60175
0.278459 0.0710038 0.650537
0.088598 0.687673 0.223729
0.0927978 0.205251 0.701951
0.717609 0.0572362 0.225155
0.453276 0.160343 0.386381
0.343566 0.410538 0.245896
0.107443 0.774743 0.117814
0.3154 0.329653 0.354947
0.0827288 0.0628307 0.85444
0.405683 0.519901 0.0744161
0.216112 0.470708 0.31318
0.0772125 0.598567 0.32422
0.364353 0.123315 0.512332
0.670761 0.179111 0.150128
0.331935 0.192975 0.47509
0.340475 0.574831 0.0846938
0.173998 0.0529428 0.77306
0.0601665 0.129054 0.810779
0.409961 0.459879 0.130161
0.211854 0.190476 0.59767
0.245675 0.558707 0.195618


3 1 26
0 15 27
21 20 36
22 21 36
10 9 39
15 14 40
27 15 40
28 27 40
32 31 41
14 13 42
40 14 42
13 12 45
7 6 46
36 20 51
11 10 52
10 39 52
12 11 52
30 29 53
29 35 53
31 30 53
41 31 53
6 5 54
38 46 54
46 6 54
45 12 55
12 52 55
53 35 57
55 49 57
48 44 58
4 3 59
3 26 59
26 25 59
51 48 60
43 49 61
52 39 61
49 55 61
55 52 61
19 18 62
44 48 62
20 19 62
51 20 62
48 51 62
33 32 63
32 41 63
37 56 63
24 23 64
38 54 64
18 17 65
44 62 65
62 18 65
29 28 66
35 29 66
42 35 66
28 40 66
40 42 66
49 43 67
57 49 67
41 53 67
53 57 67
61 39 68
5 4 69
4 59 69
25 24 69
59 25 69
24 64 69
54 5 69
64 54 69
48 58 70
60 48 70
58 43 70
68 60 70
43 61 70
61 68 70
16 2 71
2 34 71
9 8 72
50 36 73
36 51 73
51 60 73
60 68 73
68 47 73
23 22 74
22 36 74
36 50 74
50 38 74
38 64 74
64 23 74
37 63 75
63 41 75
41 67 75
42 13 76
13 45 76
35 42 76
57 35 76
45 55 76
55 57 76
43 58 77
37 75 77
67 43 77
75 67 77
8 7 78
7 46 78
72 8 78
47 72 78
33 63 79
63 56 79
34 33 79
71 34 79
56 71 79
56 65 80
65 17 80
17 16 80
16 71 80
71 56 80
39 9 81
9 72 81
47 68 81
72 47 81
68 39 81
56 37 82
58 44 82
44 65 82
65 56 82
37 77 82
77 58 82
46 38 83
38 50 83
50 73 83
73 47 83
78 46 83
47 78 83
