105
1 0 0
0 1 0
0 0 1
0.0714285 0.928571 0
0.142857 0.857143 0
0.214286 0.785714 0
0.285714 0.714286 0
0.357143 0.642857 0
0.428571 0.571429 0
0.5 0.5 0
0.571429 0.428571 0
0.642857 0.357143 0
0.714286 0.285714 0
0.785714 0.214286 0
0.857143 0.142857 0
0.928571 0.0714286 0
0 0.1 0.9
0 0.2 0.8
0 0.3 0.7
0 0.4 0.6
0 0.5 0.5
0 0.6 0.4
0 0.7 0.3
0 0.8 0.2
0 0.9 0.1
0.95 0 0.05
0.9 0 0.1
0.85 0 0.15
0.8 0 0.2
0.75 0 0.25
0.7 0 0.3
0.65 0 0.35
0.6 0 0.4
0.55 0 0.45
0.5 0 0.5
0.45 0 0.55
0.4 0 0.6
0.35 0 0.65
0.3 0 0.7
0.25 0 0.75
0.2 0 0.8
0.15 0 0.85
0.1 0 0.9
0.05 0 0.95
0.620411 0.129658 0.24993
0.0942399 0.505452 0.400308
0.26285 0.150437 0.586714
0.161577 0.584499 0.253924
0.495485 0.408569 0.0959457
0.791847 0.0846485 0.123504
0.665606 0.259361 0.0750331
0.664799 0.153244 0.181957
0.392921 0.270013 0.337066
0.172797 0.254977 0.572226
0.0546272 0.254269 0.691104
0.267983 0.637701 0.0943163
0.0444354 0.122074 0.833491
0.380337 0.12208 0.497583
0.187857 0.333839 0.478304
0.487855 0.246885 0.26526
0.751322 0.182505 0.0661731
0.275544 0.514137 0.210318
0.353793 0.548737 0.0974701
0.581178 0.331973 0.0868494
0.529885 0.107455 0.36266
0.147481 0.206621 0.645899
0.206473 0.655935 0.137592
0.825098 0.109286 0.0656164
0.580903 0.258702 0.160395
0.0804372 0.360127 0.559435
0.531723 0.264546 0.20373
0.129858 0.134152 0.73599
0.351182 0.256817 0.392
0.261346 0.248823 0.489831
0.0777259 0.847098 0.0751759
0.219079 0.409231 0.37169
0.441857 0.400462 0.15768
0.0844588 0.695228 0.220313
0.455222 0.204006 0.340772
0.223472 0.118978 0.657551
0.571826 0.126052 0.302122
0.400454 0.370386 0.229161
0.330763 0.114926 0.554312
0.337422 0.386097 0.27648
0.0526569 0.484316 0.463027
0.158597 0.448588 0.392815
0.0541048 0.634761 0.311134
0.732648 0.119201 0.148151
0.431932 0.131158 0.43691
0.219023 0.535073 0.245904
0.494405 0.0861152 0.41948
0.905924 0.0554484 0.0386279
0.412785 0.519522 0.0676933
0.1192 0.385251 0.495549
0.28461 0.382604 0.332787
0.191612 0.0883144 0.720074
0.329544 0.498053 0.172404
0.137614 0.704079 0.158307
0.0803292 0.281013 0.638658
0.128859 0.555662 0.315479
0.0832353 0.130297 0.786468
0.306289 0.244386 0.449325
0.137733 0.795246 0.0670206
0.195348 0.748429 0.0562228
0.0523727 0.817828 0.129799


0 15 25
16 2 43
31 30 44
38 37 46
9 8 48
28 27 49
11 10 50
12 11 50
30 29 51
44 30 51
19 18 54
6 5 55
17 16 56
16 43 56
43 42 56
18 17 56
36 35 57
53 46 58
13 12 60
12 50 60
7 6 62
6 55 62
10 9 63
9 48 63
50 10 63
51 50 63
33 32 64
61 55 66
14 13 67
26 14 67
27 26 67
49 27 67
13 60 67
60 49 67
63 48 68
44 51 68
51 63 68
20 19 69
65 53 69
68 48 70
44 68 70
41 40 71
58 46 73
3 1 74
58 73 75
59 70 76
70 48 76
64 59 78
39 38 79
38 46 79
46 53 79
53 65 79
32 31 80
31 44 80
44 70 80
64 32 80
59 64 80
70 59 80
76 62 81
59 76 81
78 59 81
52 78 81
37 36 82
36 57 82
46 37 82
73 46 82
72 52 83
52 81 83
21 20 84
20 69 84
45 21 84
45 58 85
58 75 85
22 21 86
21 45 86
23 22 86
77 23 86
29 28 87
50 51 87
51 29 87
28 49 87
49 60 87
60 50 87
35 34 88
57 35 88
52 72 88
72 57 88
78 52 88
61 66 89
47 75 89
34 33 90
33 64 90
64 78 90
78 88 90
88 34 90
15 14 91
14 26 91
25 15 91
26 25 91
8 7 92
7 62 92
62 76 92
48 8 92
76 48 92
53 58 93
58 45 93
45 84 93
69 53 93
84 69 93
89 75 94
72 83 94
83 61 94
61 89 94
40 39 95
65 71 95
71 40 95
39 79 95
79 65 95
55 61 96
62 55 96
81 62 96
61 83 96
83 81 96
77 47 97
47 89 97
89 66 97
19 54 98
69 19 98
65 69 98
54 71 98
71 65 98
75 47 99
85 75 99
47 77 99
45 85 99
86 45 99
77 86 99
54 18 100
18 56 100
42 41 100
56 42 100
41 71 100
71 54 100
57 72 101
73 82 101
82 57 101
72 94 101
75 73 101
94 75 101
4 3 102
3 74 102
97 66 102
74 97 102
5 4 103
55 5 103
66 55 103
4 102 103
102 66 103
1 24 104
74 1 104
24 23 104
23 77 104
77 97 104
97 74 104
