111
1 0 0
0 1 0
0 0 1
0.0714287 0.928571 0
0.142857 0.857143 0
0.214286 0.785714 0
0.285714 0.714286 0
0.357143 0.642857 0
0.428572 0.571428 0
0.5 0.5 0
0.571429 0.428571 0
0.642857 0.357143 0
0.714286 0.285714 0
0.785714 0.214286 0
0.857143 0.142857 0
0.928571 0.0714286 0
0 0.0833333 0.916667
0 0.166667 0.833333
0 0.25 0.75
0 0.333333 0.666667
0 0.416667 0.583333
0 0.5 0.5
0 0.583333 0.416667
0 0.666667 0.333333
0 0.75 0.25
0 0.833333 0.166667
0 0.916667 0.0833333
0.928571 0 0.0714286
0.857143 0 0.142857
0.785714 0 0.214286
0.714286 0 0.285714
0.642857 0 0.357143
0.571429 0 0.428571
0.5 0 0.5
0.428571 0 0.571429
0.357143 0 0.642857
0.285714 0 0.714286
0.214286 0 0.785714
0.142857 0 0.857143
0.0714287 0 0.928571
0.635038 0.102444 0.262517
0.0982391 0.491215 0.410546
0.283627 0.14617 0.570204
0.144592 0.628871 0.226537
0.481798 0.411973 0.106229
0.789325 0.0756284 0.135046
0.417387 0.0779881 0.504625
0.653122 0.268528 0.0783504
0.0484762 0.353147 0.598376
0.735125 0.182401 0.0824738
0.400753 0.276868 0.322379
0.170385 0.253333 0.576282
0.278995 0.628733 0.092272
0.0550111 0.131578 0.813411
0.328736 0.511722 0.159542
0.181392 0.337256 0.481352
0.496896 0.246979 0.256125
0.156378 0.532905 0.310717
0.118193 0.406239 0.475568
0.353308 0.574927 0.0717654
0.572448 0.346239 0.0813129
0.707705 0.124119 0.168176
0.869435 0.0626375 0.0679275
0.551999 0.0788714 0.36913
0.13621 0.19863 0.66516
0.246243 0.249745 0.504012
0.195011 0.673107 0.131882
0.57973 0.252724 0.167546
0.128753 0.130993 0.740254
0.569714 0.169417 0.260869
0.159907 0.772085 0.0680086
0.0750363 0.842222 0.0827415
0.241049 0.360813 0.398138
0.444268 0.340137 0.215596
0.414893 0.501101 0.084006
0.274265 0.0693028 0.656433
0.35363 0.131322 0.515048
0.0704892 0.688914 0.240597
0.0541014 0.774943 0.170956
0.291071 0.462508 0.246421
0.316228 0.280281 0.403492
0.468882 0.102661 0.428457
0.482336 0.173318 0.344346
0.516966 0.317452 0.165581
0.086904 0.273255 0.639841
0.720133 0.0607453 0.219121
0.366286 0.395529 0.238184
0.109761 0.337787 0.552452
0.0900255 0.0667973 0.843177
0.317292 0.20287 0.479839
0.228309 0.459722 0.311969
0.1202 0.732738 0.147062
0.189432 0.0645643 0.746004
0.310119 0.370789 0.319092
0.0560363 0.431215 0.512749
0.0580981 0.21364 0.728262
0.350003 0.0648717 0.585126
0.0736237 0.591636 0.33474
0.812795 0.127607 0.0595982
0.649675 0.188879 0.161446
0.394494 0.182175 0.423331
0.227964 0.71676 0.0552757
0.232092 0.560661 0.207247
0.20874 0.154548 0.636712
0.408144 0.432156 0.1597
0.167063 0.435481 0.397455
0.669858 0.0451418 0.285
0.0444384 0.52004 0.435521
0.0348704 0.039691 0.925439
0.0344623 0.925711 0.0398262
0.527547 0.425523 0.0469298


0 15 27
29 28 45
34 33 46
12 11 47
20 19 48
13 12 49
12 47 49
7 6 52
17 16 53
8 7 59
7 52 59
52 54 59
11 10 60
47 11 60
45 49 61
15 14 62
27 15 62
28 27 62
45 28 62
32 31 63
31 40 63
33 32 63
55 51 65
47 60 67
63 40 69
67 56 69
5 4 70
4 3 71
26 25 71
70 4 71
55 65 72
50 56 73
9 8 74
44 9 74
8 59 74
59 54 74
36 35 75
24 23 77
25 24 78
24 77 78
71 25 78
72 65 80
46 33 81
33 63 81
63 69 82
69 56 82
56 50 82
81 63 82
56 67 83
73 56 83
60 44 83
44 73 83
67 60 83
48 19 84
64 51 84
30 29 85
29 45 85
45 61 85
61 40 85
50 73 86
54 79 86
51 55 87
55 58 87
48 84 87
84 51 87
53 16 88
39 38 88
68 53 88
65 42 89
42 76 89
80 65 89
43 66 91
77 43 91
66 70 91
78 77 91
70 71 91
71 78 91
38 37 92
37 36 92
36 75 92
68 88 92
88 38 92
80 50 93
50 86 93
86 79 93
72 80 93
79 90 93
90 72 93
21 20 94
20 48 94
58 41 94
48 87 94
87 58 94
18 17 95
17 53 95
53 68 95
68 64 95
19 18 95
84 19 95
64 84 95
35 34 96
34 46 96
42 75 96
75 35 96
76 42 96
46 76 96
23 22 97
41 57 97
77 23 97
57 43 97
43 77 97
14 13 98
13 49 98
49 45 98
45 62 98
62 14 98
49 47 99
61 49 99
40 61 99
47 67 99
67 69 99
69 40 99
76 46 100
46 81 100
81 82 100
82 50 100
50 80 100
80 89 100
89 76 100
6 5 101
52 6 101
66 52 101
5 70 101
70 66 101
54 52 102
79 54 102
43 57 102
52 66 102
66 43 102
57 90 102
90 79 102
51 64 103
42 65 103
65 51 103
75 42 103
64 68 103
68 92 103
92 75 103
74 54 104
54 86 104
73 44 104
86 73 104
44 74 104
58 55 105
55 72 105
57 41 105
90 57 105
41 58 105
72 90 105
31 30 106
40 31 106
30 85 106
85 40 106
22 21 107
21 94 107
94 41 107
41 97 107
97 22 107
16 2 108
2 39 108
39 88 108
88 16 108
3 1 109
1 26 109
26 71 109
71 3 109
10 9 110
9 44 110
44 60 110
60 10 110
