120
1 0 0
0 1 0
0 0 1
0.0714285 0.928571 0
0.142857 0.857143 0
0.214286 0.785714 0
0.285714 0.714286 0
0.357143 0.642857 0
0.428571 0.571429 0
0.5 0.5 0
0.571429 0.428571 0
0.642857 0.357143 0
0.714286 0.285714 0
0.785714 0.214286 0
0.857143 0.142857 0
0.928571 0.0714286 0
0 0.0833334 0.916667
0 0.166667 0.833333
0 0.25 0.75
0 0.333333 0.666667
0 0.416667 0.583333
0 0.5 0.5
0 0.583333 0.416667
0 0.666667 0.333333
0 0.75 0.25
0 0.833333 0.166667
0 0.916667 0.0833333
0.9375 0 0.0625
0.875 0 0.125
0.8125 0 0.1875
0.75 0 0.25
0.6875 0 0.3125
0.625 0 0.375
0.5625 0 0.4375
0.5 0 0.5
0.4375 0 0.5625
0.375 0 0.625
0.3125 0 0.6875
0.25 0 0.75
0.1875 0 0.8125
0.125 0 0.875
0.0625001 0 0.9375
0.63336 0.123379 0.243261
0.100782 0.502121 0.397097
0.265139 0.155619 0.579242
0.15296 0.626015 0.221025
0.483014 0.410157 0.106829
0.794273 0.0784594 0.127267
0.414524 0.072249 0.513227
0.672215 0.255103 0.0726822
0.0470301 0.335457 0.617513
0.685366 0.122822 0.191812
0.751551 0.181129 0.0673203
0.721476 0.149071 0.129453
0.404699 0.236296 0.359005
0.173934 0.265615 0.560451
0.271815 0.628248 0.0999368
0.0530606 0.160917 0.786022
0.325428 0.516611 0.157961
0.194245 0.342472 0.463283
0.473114 0.25186 0.275026
0.177412 0.537567 0.285021
0.123528 0.400685 0.475788
0.339824 0.581702 0.0784732
0.580159 0.331251 0.0885897
0.882854 0.0620177 0.0551285
0.544382 0.0841888 0.371429
0.146587 0.189892 0.66352
0.26235 0.236049 0.501601
0.198204 0.673937 0.127858
0.58535 0.234592 0.180058
0.280417 0.491364 0.228219
0.0751311 0.385046 0.539822
0.115227 0.135832 0.748941
0.553006 0.177132 0.269861
0.329384 0.241977 0.428639
0.162227 0.768656 0.0691172
0.0849822 0.836747 0.0782706
0.230335 0.389789 0.379876
0.433018 0.345006 0.221975
0.400679 0.514969 0.0843526
0.260317 0.0732445 0.666439
0.128523 0.720643 0.150834
0.341794 0.133903 0.524303
0.0806585 0.69331 0.226031
0.459682 0.114829 0.425489
0.48873 0.16811 0.34316
0.510621 0.310806 0.178572
0.0666838 0.240332 0.692985
0.343253 0.412107 0.24464
0.696488 0.0546266 0.248886
0.417887 0.418657 0.163456
0.314048 0.343729 0.342223
0.0529039 0.491407 0.455689
0.822802 0.11267 0.0645275
0.109157 0.58427 0.306573
0.0745226 0.079552 0.845925
0.229103 0.573841 0.197056
0.190904 0.0823544 0.726741
0.0479835 0.658116 0.2939
0.321115 0.069216 0.609669
0.162333 0.462592 0.375074
0.461173 0.489199 0.0496286
0.74577 0.062291 0.191939
0.0523158 0.579364 0.36832
0.243568 0.459076 0.297356
0.521301 0.428662 0.0500366
0.388346 0.166624 0.445029
0.209838 0.151912 0.63825
0.608802 0.0749255 0.316273
0.232609 0.713468 0.0539229
0.106183 0.284038 0.609778
0.392709 0.317812 0.289479
0.64482 0.209879 0.145301
0.0532619 0.791656 0.155082
0.141037 0.0583058 0.800657
0.265881 0.309731 0.424388
0.0353809 0.921748 0.0428711
0.308364 0.652734 0.0389017
0.510306 0.0515273 0.438167


0 15 27
16 2 41
29 28 47
35 34 48
36 35 48
12 11 49
20 19 50
13 12 52
12 49 52
52 49 53
47 52 53
18 17 57
55 59 62
56 58 63
11 10 64
49 11 64
15 14 65
27 15 65
28 27 65
33 32 66
55 44 68
59 55 68
21 20 72
20 50 72
55 62 72
42 70 74
5 4 76
4 3 77
76 4 77
8 7 80
7 63 80
63 58 80
38 37 81
45 69 82
69 76 82
76 77 82
36 48 83
68 44 83
75 68 83
45 82 84
48 34 85
66 74 86
74 60 86
60 54 86
54 85 86
85 66 86
64 46 87
70 64 87
60 74 87
74 70 87
79 60 87
19 18 88
50 19 88
73 67 88
18 57 88
57 73 88
58 71 89
31 30 90
42 31 90
51 42 90
80 58 91
46 80 91
79 87 91
87 46 91
58 89 91
89 79 91
75 54 92
22 21 93
62 43 93
21 72 93
72 62 93
14 13 94
13 52 94
52 47 94
65 14 94
47 28 94
28 65 94
61 45 95
45 84 95
17 16 96
57 17 96
16 41 96
41 40 96
73 57 96
45 61 97
69 45 97
58 56 97
71 58 97
56 69 97
39 38 98
67 73 98
38 81 98
24 23 99
84 24 99
95 84 99
37 36 100
81 37 100
44 81 100
36 83 100
83 44 100
43 62 101
62 59 101
59 78 101
61 95 101
95 43 101
9 8 102
8 80 102
80 46 102
30 29 103
29 47 103
47 53 103
53 51 103
51 90 103
90 30 103
22 93 104
93 43 104
23 22 104
99 23 104
43 95 104
95 99 104
78 92 105
89 71 105
92 89 105
71 97 105
97 61 105
61 101 105
101 78 105
10 9 106
46 64 106
64 10 106
9 102 106
102 46 106
75 83 107
83 48 107
54 75 107
85 54 107
48 85 107
44 55 108
55 67 108
81 44 108
67 98 108
98 81 108
32 31 109
31 42 109
66 32 109
42 74 109
74 66 109
6 5 110
69 56 110
5 76 110
76 69 110
67 55 111
55 72 111
72 50 111
50 88 111
88 67 111
54 60 112
60 79 112
79 89 112
89 92 112
92 54 112
51 53 113
53 49 113
42 51 113
70 42 113
49 64 113
64 70 113
26 25 114
77 26 114
82 77 114
25 24 114
24 84 114
84 82 114
40 39 115
73 96 115
96 40 115
39 98 115
98 73 115
59 68 116
78 59 116
68 75 116
75 92 116
92 78 116
3 1 117
1 26 117
26 77 117
77 3 117
7 6 118
63 7 118
56 63 118
6 110 118
110 56 118
34 33 119
85 34 119
33 66 119
66 85 119
