98
1 0 0
0 1 0
0 0 1
0.0714285 0.928571 0
0.142857 0.857143 0
0.214286 0.785714 0
0.285714 0.714286 0
0.357143 0.642857 0
0.428571 0.571429 0
0.5 0.5 0
0.571429 0.428571 0
0.642857 0.357143 0
0.714286 0.285714 0
0.785714 0.214286 0
0.857143 0.142857 0
0.928571 0.0714286 0
0 0.1 0.9
0 0.2 0.8
0 0.3 0.7
0 0.4 0.6
0 0.5 0.5
0 0.6 0.4
0 0.7 0.3
0 0.8 0.2
0 0.9 0.1
0.923077 0 0.0769231
0.846154 0 0.153846
0.769231 0 0.230769
0.692308 0 0.307692
0.615385 0 0.384615
0.538462 0 0.461538
0.461538 0 0.538462
0.384615 0 0.615385
0.307692 0 0.692308
0.230769 0 0.769231
0.153846 0 0.846154
0.0769231 0 0.923077
0.629954 0.0885731 0.281473
0.102478 0.485862 0.41166
0.277264 0.137635 0.585101
0.157691 0.61061 0.231699
0.48996 0.41093 0.0991098
0.810678 0.073391 0.115931
0.416865 0.0804274 0.502708
0.650712 0.267358 0.08193
0.0548719 0.338932 0.606196
0.741217 0.111844 0.146939
0.406144 0.261915 0.331941
0.164345 0.253303 0.582352
0.283677 0.624468 0.0918548
0.0537607 0.147857 0.798382
0.322416 0.511456 0.166128
0.0466285 0.630995 0.322376
0.191867 0.32647 0.481663
0.494379 0.238925 0.266696
0.130139 0.381258 0.488603
0.57712 0.340307 0.0825733
0.5516 0.0797325 0.368667
0.254735 0.243088 0.502176
0.198568 0.685153 0.116279
0.579682 0.246861 0.173458
0.12748 0.147618 0.724901
0.564006 0.165134 0.270859
0.145135 0.767907 0.0869581
0.656621 0.170548 0.172831
0.071588 0.83345 0.094962
0.236809 0.379045 0.384145
0.438557 0.338359 0.223084
0.413827 0.500024 0.0861487
0.340762 0.143653 0.515584
0.0891666 0.705553 0.20528
0.175451 0.492552 0.331998
0.256911 0.065232 0.677857
0.701472 0.073839 0.224689
0.322299 0.272138 0.405564
0.789547 0.147075 0.0633782
0.873001 0.0600195 0.0669798
0.517147 0.315761 0.167092
0.104811 0.270057 0.625133
0.339054 0.385066 0.275879
0.259549 0.471929 0.268522
0.723359 0.201495 0.0751459
0.0818526 0.0734507 0.844697
0.473527 0.149057 0.377416
0.0523202 0.4394 0.50828
0.209413 0.158244 0.632343
0.103283 0.580981 0.315736
0.190815 0.0753226 0.733862
0.354475 0.575191 0.0703346
0.32511 0.064218 0.610672
0.0474736 0.539986 0.412541
0.0544005 0.234724 0.710875
0.401882 0.430365 0.167753
0.230844 0.570704 0.198452
0.0346575 0.0442054 0.921137
0.488108 0.0575811 0.454311
0.391975 0.1776 0.430424
0.0329358 0.922053 0.0450116


0 15 25
29 28 37
10 9 41
27 26 42
32 31 43
12 11 44
19 18 45
27 42 46
7 6 49
17 16 50
22 21 52
48 53 55
11 10 56
44 11 56
10 41 56
30 29 57
29 37 57
53 48 58
6 5 59
49 6 59
44 56 60
60 54 62
57 37 62
5 4 63
59 5 63
44 60 64
60 62 64
62 37 64
4 3 65
63 4 65
24 23 65
55 53 66
53 58 66
47 54 67
9 8 68
41 9 68
58 39 69
23 22 70
22 52 70
40 59 70
59 63 70
63 65 70
65 23 70
38 55 71
55 66 71
34 33 72
28 27 73
27 46 73
37 28 73
46 64 73
64 37 73
66 58 74
58 69 74
14 13 75
42 14 75
46 42 75
15 14 76
14 42 76
25 15 76
26 25 76
42 26 76
56 41 77
54 60 77
60 56 77
41 67 77
67 54 77
48 55 78
55 45 78
61 48 78
66 74 79
47 67 79
74 47 79
71 66 80
66 79 80
79 51 80
13 12 81
12 44 81
44 64 81
64 46 81
46 75 81
75 13 81
50 16 82
36 35 82
61 50 82
54 47 83
57 62 83
62 54 83
20 19 84
55 38 84
19 45 84
45 55 84
39 58 85
58 48 85
48 61 85
72 39 85
40 70 86
70 52 86
38 71 86
71 40 86
35 34 87
34 72 87
61 82 87
82 35 87
72 85 87
85 61 87
7 49 88
49 51 88
8 7 88
68 8 88
51 68 88
33 32 89
69 39 89
32 43 89
43 69 89
39 72 89
72 33 89
21 20 90
20 84 90
84 38 90
38 86 90
52 21 90
86 52 90
18 17 91
17 50 91
45 18 91
78 45 91
50 61 91
61 78 91
67 41 92
41 68 92
79 67 92
68 51 92
51 79 92
49 59 93
59 40 93
51 49 93
80 51 93
40 71 93
71 80 93
16 2 94
2 36 94
36 82 94
82 16 94
31 30 95
43 31 95
83 43 95
30 57 95
57 83 95
69 43 96
47 74 96
74 69 96
43 83 96
83 47 96
3 1 97
1 24 97
24 65 97
65 3 97
