114
1 0 0
0 1 0
0 0 1
0.0714285 0.928571 0
0.142857 0.857143 0
0.214286 0.785714 0
0.285714 0.714286 0
0.357143 0.642857 0
0.428571 0.571429 0
0.5 0.5 0
0.571429 0.428571 0
0.642857 0.357143 0
0.714286 0.285714 0
0.785714 0.214286 0
0.857143 0.142857 0
0.928571 0.0714286 0
0 0.090909 0.909091
0 0.181818 0.818182
0 0.272727 0.727273
0 0.363636 0.636364
0 0.454545 0.545455
0 0.545455 0.454545
0 0.636364 0.363636
0 0.727273 0.272727
0 0.818182 0.181818
0 0.909091 0.0909091
0.947368 0 0.0526316
0.894737 0 0.105263
0.842105 0 0.157895
0.789474 0 0.210526
0.736842 0 0.263158
0.684211 0 0.315789
0.631579 0 0.368421
0.578947 0 0.421053
0.526316 0 0.473684
0.473684 0 0.526316
0.421053 0 0.578947
0.368421 0 0.631579
0.315789 0 0.684211
0.263158 0 0.736842
0.210526 0 0.789474
0.157895 0 0.842105
0.105263 0 0.894737
0.0526316 0 0.947368
0.627075 0.106309 0.266616
0.0940398 0.512235 0.393725
0.284887 0.127054 0.588058
0.149496 0.625114 0.22539
0.478533 0.43419 0.0872768
0.79579 0.0803373 0.123873
0.418654 0.0807464 0.5006
0.669361 0.237405 0.0932347
0.672645 0.126364 0.200991
0.751396 0.17897 0.069634
0.382767 0.268037 0.349197
0.186248 0.237085 0.576667
0.270375 0.626585 0.10304
0.0567894 0.161543 0.781668
0.821195 0.126419 0.0523862
0.319948 0.515496 0.164556
0.045585 0.609006 0.345409
0.188669 0.33937 0.471961
0.490784 0.231137 0.278079
0.270398 0.527036 0.202567
0.338163 0.575292 0.0865452
0.598967 0.329019 0.0720141
0.525793 0.10899 0.365216
0.128513 0.225989 0.645497
0.25214 0.246315 0.501546
0.201679 0.652715 0.145606
0.591772 0.246264 0.161964
0.0850676 0.354039 0.560894
0.51382 0.30299 0.18319
0.131301 0.12089 0.747809
0.559113 0.177123 0.263763
0.325216 0.275938 0.398846
0.0880741 0.833916 0.0780095
0.234233 0.385675 0.380092
0.448801 0.33383 0.217368
0.404128 0.51138 0.0844929
0.250405 0.0972663 0.652329
0.344676 0.140207 0.515117
0.0730817 0.711869 0.215049
0.456433 0.200175 0.343392
0.45825 0.114594 0.427156
0.125103 0.729968 0.144929
0.0653349 0.24714 0.687525
0.341247 0.406209 0.252544
0.15071 0.457127 0.392163
0.293844 0.398669 0.307487
0.116443 0.399789 0.483768
0.198452 0.108984 0.692564
0.167657 0.521726 0.310617
0.0998798 0.0742797 0.82584
0.733128 0.110293 0.156579
0.885325 0.0685967 0.0460787
0.289421 0.265243 0.445336
0.0942304 0.60502 0.30075
0.0503062 0.516742 0.432951
0.382883 0.43846 0.178657
0.143343 0.791878 0.0647789
0.0551605 0.810726 0.134113
0.220032 0.52152 0.258448
0.389024 0.173132 0.437845
0.413086 0.313751 0.273162
0.0510124 0.0795755 0.869412
0.0510807 0.338829 0.61009
0.848212 0.0564817 0.0953061
0.537227 0.383572 0.0792005
0.588125 0.0773335 0.334541
0.44492 0.403826 0.151254
0.0423751 0.455741 0.501884
0.214006 0.732615 0.0533786
0.0380916 0.905337 0.0565715


0 15 26
16 2 43
32 31 44
38 37 46
9 8 48
29 28 49
36 35 50
12 11 51
31 30 52
44 31 52
13 12 53
12 51 53
18 17 57
14 13 58
13 53 58
53 49 58
23 22 60
59 56 63
7 6 64
6 56 64
56 59 64
11 10 65
51 11 65
34 33 66
55 46 68
61 55 68
63 56 69
44 52 70
52 51 70
51 65 70
67 55 71
41 40 73
62 66 74
72 62 74
44 70 74
70 72 74
61 68 77
62 72 78
8 7 79
7 64 79
48 8 79
39 38 80
38 46 80
46 55 80
37 36 81
36 50 81
46 37 81
68 46 81
24 23 82
66 62 83
35 34 84
50 35 84
83 54 84
34 66 84
66 83 84
47 69 85
82 47 85
19 18 86
18 57 86
57 73 86
73 67 86
59 63 87
61 77 88
75 54 89
54 87 89
87 63 89
77 75 89
55 61 90
71 55 90
61 88 90
88 45 90
67 73 91
73 40 91
40 39 91
39 80 91
55 67 91
80 55 91
88 77 92
42 41 93
41 73 93
73 57 93
30 29 94
52 30 94
51 52 94
29 49 94
49 53 94
53 51 94
15 14 95
26 15 95
27 26 95
14 58 95
75 77 96
77 68 96
68 81 96
81 75 96
23 60 97
82 23 97
60 45 97
47 82 97
92 47 97
45 88 97
88 92 97
22 21 98
45 60 98
60 22 98
90 45 98
64 59 99
79 64 99
59 87 99
4 3 100
3 76 100
85 69 100
76 85 100
25 24 101
24 82 101
82 85 101
85 76 101
63 69 102
69 47 102
47 92 102
89 63 102
77 89 102
92 77 102
54 75 103
75 81 103
81 50 103
50 84 103
84 54 103
62 78 104
83 62 104
54 83 104
87 54 104
78 99 104
99 87 104
17 16 105
16 43 105
43 42 105
42 93 105
57 17 105
93 57 105
20 19 106
71 20 106
67 71 106
86 67 106
19 86 106
28 27 107
49 28 107
58 49 107
27 95 107
95 58 107
10 9 108
65 10 108
9 48 108
70 65 108
48 72 108
72 70 108
33 32 109
66 33 109
32 44 109
44 74 109
74 66 109
72 48 110
78 72 110
48 79 110
79 99 110
99 78 110
21 20 111
20 71 111
98 21 111
71 90 111
90 98 111
6 5 112
56 6 112
69 56 112
5 4 112
4 100 112
100 69 112
3 1 113
76 3 113
1 25 113
25 101 113
101 76 113
