49
1 0 0
0 1 0
0 0 1
0.0714287 0.928571 0
0.142857 0.857143 0
0.214286 0.785714 0
0.285714 0.714286 0
0.357143 0.642857 0
0.428572 0.571428 0
0.5 0.5 0
0.571429 0.428571 0
0.642857 0.357143 0
0.714286 0.285714 0
0.785714 0.214286 0
0.857143 0.142857 0
0.928571 0.0714286 0
0 0.0666667 0.933333
0 0.133333 0.866667
0 0.2 0.8
0 0.266667 0.733333
0 0.333333 0.666667
0 0.4 0.6
0 0.466667 0.533333
0 0.533333 0.466667
0 0.6 0.4
0 0.666667 0.333333
0 0.733333 0.266667
0 0.8 0.2
0 0.866667 0.133333
0 0.933333 0.0666667
0.666667 0 0.333333
0.333333 0 0.666667
0.61656 0.111501 0.271939
0.293345 0.14049 0.566165
0.447914 0.0636063 0.48848
0.377585 0.268743 0.353673
0.277897 0.515442 0.20666
0.211046 0.614937 0.174017
0.172508 0.685649 0.141843
0.480718 0.327778 0.191505
0.527796 0.18407 0.288134
0.361326 0.39184 0.246834
0.237704 0.212099 0.550197
0.728603 0.0472855 0.224112
0.242727 0.345762 0.41151
0.220787 0.453603 0.325611
0.211035 0.0748804 0.714085
0.14445 0.0311353 0.824415
0.122367 0.757511 0.120122


5 4 28
27 5 28
3 1 29
4 3 29
28 4 29
15 14 32
18 17 33
31 30 34
32 33 34
13 12 35
20 19 35
10 9 36
9 8 36
8 24 36
24 23 36
8 7 37
7 25 37
24 8 37
25 24 37
7 6 38
6 26 38
25 7 38
26 25 38
12 11 39
35 12 39
14 13 40
13 35 40
32 14 40
33 32 40
11 10 41
39 11 41
19 18 42
35 19 42
40 35 42
18 33 42
33 40 42
0 15 43
30 0 43
34 30 43
15 32 43
32 34 43
21 20 44
20 35 44
35 39 44
39 41 44
41 21 44
10 36 45
23 22 45
36 23 45
41 10 45
22 21 45
21 41 45
17 16 46
33 17 46
34 33 46
31 34 46
16 2 47
2 31 47
31 46 47
46 16 47
6 5 48
5 27 48
26 6 48
27 26 48
