162
1 0 0
0 1 0
0 0 1
0.0714285 0.928571 0
0.142857 0.857143 0
0.214286 0.785714 0
0.285714 0.714286 0
0.357143 0.642857 0
0.428571 0.571429 0
0.5 0.5 0
0.571429 0.428571 0
0.642857 0.357143 0
0.714286 0.285714 0
0.785714 0.214286 0
0.857143 0.142857 0
0.928571 0.0714286 0
0 0.0588235 0.941176
0 0.117647 0.882353
0 0.176471 0.823529
0 0.235294 0.764706
0 0.294118 0.705882
0 0.352941 0.647059
0 0.411765 0.588235
0 0.470588 0.529412
0 0.529412 0.470588
0 0.588235 0.411765
0 0.647059 0.352941
0 0.705882 0.294118
0 0.764706 0.235294
0 0.823529 0.176471
0 0.882353 0.117647
0 0.941177 0.0588235
0.947368 0 0.0526316
0.894737 0 0.105263
0.842105 0 0.157895
0.789474 0 0.210526
0.736842 0 0.263158
0.684211 0 0.315789
0.631579 0 0.368421
0.578947 0 0.421053
0.526316 0 0.473684
0.473684 0 0.526316
0.421053 0 0.578947
0.368421 0 0.631579
0.315789 0 0.684211
0.263158 0 0.736842
0.210526 0 0.789474
0.157895 0 0.842105
0.105263 0 0.894737
0.0526316 0 0.947368
0.644387 0.099437 0.256176
0.107405 0.491008 0.401586
0.287017 0.118357 0.594626
0.155939 0.610915 0.233146
0.486647 0.41505 0.0983032
0.805676 0.0514929 0.142831
0.411295 0.0756946 0.513011
0.651492 0.283435 0.0650723
0.0505006 0.335281 0.614219
0.680548 0.129499 0.189954
0.76333 0.171083 0.0655867
0.73679 0.131804 0.131405
0.399049 0.243631 0.35732
0.16818 0.240568 0.591252
0.273642 0.63765 0.0887081
0.0588154 0.142734 0.798451
0.822775 0.137813 0.0394126
0.327603 0.51631 0.156087
0.0478064 0.633895 0.318299
0.183525 0.339176 0.477299
0.494538 0.231448 0.274014
0.286065 0.499508 0.214427
0.159104 0.547623 0.293273
0.110842 0.413298 0.47586
0.339997 0.563569 0.0964344
0.579487 0.334285 0.0862282
0.881857 0.0677295 0.0504136
0.556938 0.0683509 0.374711
0.155907 0.195854 0.648239
0.246888 0.251753 0.501359
0.204237 0.680059 0.115704
0.2414 0.709152 0.0494489
0.575324 0.25664 0.168035
0.0693845 0.383392 0.547224
0.122069 0.133443 0.744487
0.570874 0.163615 0.265511
0.354949 0.238623 0.406428
0.162522 0.780586 0.0568928
0.45481 0.388027 0.157163
0.08358 0.826856 0.0895645
0.236924 0.388573 0.374503
0.169327 0.411744 0.41893
0.532168 0.248175 0.219657
0.0707433 0.780611 0.148646
0.442847 0.333278 0.223875
0.414188 0.500604 0.0852076
0.256424 0.0725894 0.670987
0.141329 0.688344 0.170327
0.326007 0.149806 0.524187
0.0813689 0.702101 0.21653
0.237847 0.207283 0.554871
0.107306 0.198837 0.693857
0.544789 0.325658 0.129553
0.465624 0.488301 0.0460744
0.183992 0.473354 0.342654
0.708273 0.0519166 0.23981
0.505719 0.0652291 0.429052
0.467898 0.203985 0.328117
0.609182 0.0748405 0.315978
0.10325 0.259765 0.636985
0.64003 0.226369 0.133602
0.428973 0.139529 0.431497
0.818371 0.0908242 0.0908045
0.135763 0.0697695 0.794467
0.352767 0.397048 0.250185
0.0452647 0.0531586 0.901577
0.31361 0.333049 0.35334
0.307838 0.232654 0.459509
0.416324 0.295975 0.287701
0.0998093 0.622046 0.278145
0.0769901 0.073375 0.849635
0.237252 0.32213 0.440618
0.275942 0.426316 0.297741
0.213486 0.597899 0.188615
0.197461 0.0648859 0.737653
0.357499 0.0631632 0.579337
0.105356 0.554826 0.339818
0.0507656 0.454513 0.494721
0.108415 0.307562 0.584023
0.373149 0.434658 0.192193
0.538605 0.416117 0.0452774
0.0494427 0.274788 0.67577
0.270096 0.585592 0.144312
0.221577 0.516948 0.261475
0.396576 0.471955 0.131469
0.537067 0.138906 0.324026
0.158376 0.310181 0.531443
0.390587 0.566513 0.0429003
0.181748 0.129688 0.688564
0.0540894 0.208668 0.737243
0.220114 0.156568 0.623318
0.746386 0.0686576 0.184956
0.053137 0.509372 0.437491
0.611734 0.183281 0.204985
0.506494 0.315229 0.178277
0.467962 0.0544884 0.477549
0.317565 0.639256 0.0431797
0.4793 0.141117 0.379583
0.0444958 0.689895 0.26561
0.0921237 0.869217 0.0386592
0.708842 0.252606 0.0385526
0.316222 0.0494767 0.634302
0.0373783 0.931335 0.031287
0.375727 0.159344 0.46493
0.048686 0.574466 0.376848
0.349691 0.343423 0.306886
0.0391881 0.767094 0.193718
0.135281 0.751245 0.113474
0.286582 0.307516 0.405902
0.702075 0.204476 0.0934489
0.0397197 0.889168 0.0711119
0.604847 0.358853 0.0363006


0 15 32
16 2 49
34 33 55
35 34 55
42 41 56
22 21 58
19 18 65
14 13 66
13 60 66
27 26 68
15 14 76
14 66 76
32 15 76
33 32 76
39 38 77
6 5 81
80 64 81
23 22 83
22 58 83
5 4 87
81 5 87
80 81 87
51 73 91
73 69 91
70 85 92
30 29 93
89 30 93
70 92 94
45 44 96
53 97 99
97 93 99
52 98 100
98 79 100
75 54 102
54 88 102
9 8 103
95 54 103
51 91 104
91 90 104
37 36 105
50 37 105
36 35 105
59 50 105
40 39 106
39 77 106
38 37 108
37 50 108
77 38 108
50 85 108
78 63 109
101 78 109
59 61 110
57 75 110
75 102 110
102 82 110
62 86 111
60 61 112
61 55 112
66 60 112
55 33 112
33 76 112
76 66 112
47 46 113
84 65 113
17 16 115
16 49 115
49 48 115
86 62 116
79 98 117
70 94 118
62 107 118
107 70 118
94 114 118
72 53 119
53 99 119
18 17 120
65 18 120
48 47 120
47 113 120
113 65 120
115 48 120
17 115 120
90 91 121
91 69 121
69 79 121
79 117 121
114 71 122
104 90 122
90 116 122
80 97 123
97 53 123
46 45 124
45 96 124
84 113 124
113 46 124
43 42 125
98 52 125
42 56 125
56 98 125
51 104 126
104 72 126
72 119 126
119 68 126
24 23 127
23 83 127
83 73 127
83 58 128
58 109 128
109 63 128
67 71 129
71 114 129
94 88 129
114 94 129
54 75 130
10 9 130
9 103 130
103 54 130
21 20 131
58 21 131
109 58 131
101 109 131
67 74 132
74 64 132
64 80 132
80 123 132
71 67 132
123 71 132
53 72 133
122 71 133
72 104 133
104 122 133
71 123 133
123 53 133
88 54 134
54 95 134
74 67 134
95 74 134
129 88 134
67 129 134
85 70 135
70 107 135
108 85 135
77 108 135
79 69 136
69 73 136
73 83 136
63 100 136
100 79 136
128 63 136
83 128 136
8 7 137
74 95 137
95 103 137
103 8 137
124 96 138
78 101 138
101 84 138
84 124 138
19 65 139
65 84 139
84 101 139
20 19 139
131 20 139
101 131 139
63 78 140
96 52 140
52 100 140
100 63 140
78 138 140
138 96 140
35 55 141
55 61 141
61 59 141
59 105 141
105 35 141
25 24 142
24 127 142
73 51 142
127 73 142
50 59 143
85 50 143
82 92 143
92 85 143
59 110 143
110 82 143
88 94 144
94 92 144
102 88 144
92 82 144
82 102 144
41 40 145
56 41 145
40 106 145
106 111 145
111 56 145
7 6 146
64 74 146
6 81 146
81 64 146
74 137 146
137 7 146
106 77 147
111 106 147
107 62 147
62 111 147
77 135 147
135 107 147
28 27 148
99 28 148
27 68 148
68 119 148
119 99 148
4 3 149
87 4 149
89 87 149
12 11 150
11 57 150
13 12 150
60 13 150
44 43 151
96 44 151
52 96 151
43 125 151
125 52 151
3 1 152
1 31 152
149 3 152
98 56 153
56 111 153
117 98 153
111 86 153
86 117 153
26 25 154
68 26 154
126 68 154
51 126 154
25 142 154
142 51 154
118 114 155
116 62 155
62 118 155
114 122 155
122 116 155
29 28 156
28 99 156
93 29 156
99 93 156
80 87 157
87 89 157
89 93 157
93 97 157
97 80 157
86 116 158
117 86 158
121 117 158
116 90 158
90 121 158
61 60 159
110 61 159
57 110 159
150 57 159
60 150 159
31 30 160
30 89 160
152 31 160
89 149 160
149 152 160
57 11 161
75 57 161
11 10 161
10 130 161
130 75 161
