138
1 0 0
0 1 0
0 0 1
0.0714285 0.928571 0
0.142857 0.857143 0
0.214286 0.785714 0
0.285714 0.714286 0
0.357143 0.642857 0
0.428571 0.571429 0
0.5 0.5 0
0.571429 0.428571 0
0.642857 0.357143 0
0.714286 0.285714 0
0.785714 0.214286 0
0.857143 0.142857 0
0.928571 0.0714286 0
0 0.0769233 0.923077
0 0.153846 0.846154
0 0.230769 0.769231
0 0.307692 0.692308
0 0.384615 0.615385
0 0.461538 0.538462
0 0.538462 0.461538
0 0.615385 0.384615
0 0.692308 0.307692
0 0.769231 0.230769
0 0.846154 0.153846
0 0.923077 0.0769231
0.95 0 0.05
0.9 0 0.1
0.85 0 0.15
0.8 0 0.2
0.75 0 0.25
0.7 0 0.3
0.65 0 0.35
0.6 0 0.4
0.55 0 0.45
0.5 0 0.5
0.45 0 0.55
0.4 0 0.6
0.35 0 0.65
0.3 0 0.7
0.25 0 0.75
0.2 0 0.8
0.15 0 0.85
0.1 0 0.9
0.05 0 0.95
0.635475 0.102921 0.261604
0.0971355 0.493472 0.409393
0.282655 0.128831 0.588514
0.149102 0.623853 0.227045
0.50241 0.384975 0.112615
0.784201 0.0850917 0.130707
0.417555 0.0728042 0.50964
0.656766 0.280289 0.062945
0.665725 0.138123 0.196152
0.769814 0.167366 0.0628193
0.371919 0.287921 0.34016
0.15518 0.275939 0.568881
0.0439767 0.299432 0.656592
0.275565 0.633461 0.0909748
0.0533588 0.135484 0.811158
0.8247 0.134472 0.0408278
0.316939 0.519923 0.163138
0.187666 0.332162 0.480171
0.489816 0.239501 0.270683
0.272605 0.511387 0.216007
0.16871 0.517718 0.313572
0.115831 0.402567 0.481602
0.340694 0.573068 0.0862376
0.582229 0.332219 0.0855518
0.540496 0.081193 0.378311
0.15005 0.190141 0.659809
0.260399 0.243175 0.496426
0.204864 0.681642 0.113495
0.343365 0.0656512 0.590984
0.587054 0.239887 0.173059
0.089341 0.360343 0.550316
0.513636 0.291946 0.194418
0.133812 0.131733 0.734455
0.564557 0.179767 0.255676
0.352502 0.244926 0.402573
0.16196 0.775879 0.0621613
0.447638 0.398008 0.154354
0.0923661 0.832794 0.07484
0.225388 0.375752 0.398861
0.447832 0.332944 0.219224
0.409086 0.506322 0.0845917
0.261671 0.0700563 0.668272
0.341627 0.132212 0.526161
0.0709385 0.721789 0.207273
0.46461 0.186299 0.34909
0.495228 0.0819295 0.422842
0.131065 0.725985 0.14295
0.884449 0.0667223 0.0488283
0.0547761 0.82075 0.124474
0.429032 0.145026 0.425942
0.120617 0.0873603 0.792023
0.525744 0.423605 0.0506508
0.341665 0.408036 0.250299
0.651974 0.216304 0.131722
0.412535 0.311727 0.275738
0.154568 0.445252 0.40018
0.29184 0.416999 0.291161
0.714684 0.190077 0.0952395
0.594144 0.0767888 0.329068
0.196824 0.0849909 0.718185
0.0602598 0.201627 0.738114
0.0505858 0.659229 0.290185
0.726864 0.100776 0.17236
0.30134 0.254201 0.444458
0.102963 0.554275 0.342762
0.698235 0.0603143 0.241451
0.0947598 0.288401 0.61684
0.0504004 0.509852 0.439747
0.464681 0.485752 0.0495668
0.383383 0.436782 0.179834
0.293539 0.3436 0.362861
0.0480123 0.0696643 0.882323
0.371595 0.166544 0.461861
0.83578 0.0727224 0.091498
0.233985 0.445746 0.320268
0.532872 0.14906 0.318068
0.230854 0.717127 0.0520188
0.21912 0.52629 0.25459
0.212019 0.15517 0.63281
0.0462145 0.445143 0.508643
0.0944562 0.0584759 0.847068
0.0399403 0.907151 0.0529085
0.0470197 0.587103 0.365877
0.220318 0.224673 0.555009
0.201536 0.614287 0.184177
0.254066 0.593741 0.152193
0.0929297 0.223453 0.683618
0.106775 0.617242 0.275983
0.0403659 0.377392 0.582243
0.610354 0.354564 0.0350812
0.113065 0.85361 0.0333243


0 15 28
16 2 46
34 33 47
31 30 52
39 38 53
38 37 53
12 11 54
13 12 56
20 19 59
18 17 61
14 13 62
13 56 62
58 64 68
7 6 69
6 60 69
60 63 69
36 35 71
40 39 75
49 40 75
70 51 76
47 55 76
58 68 77
76 51 78
78 65 80
47 76 80
76 78 80
5 4 82
78 51 83
64 73 85
65 78 86
78 83 86
8 7 87
7 69 87
83 51 87
41 40 88
40 49 88
42 41 88
39 53 89
75 39 89
73 49 89
49 75 89
26 25 90
37 36 92
36 71 92
71 91 92
74 82 93
82 84 93
90 50 93
15 14 94
28 15 94
29 28 94
14 62 94
27 26 95
26 90 95
90 93 95
93 84 95
57 81 96
91 57 96
53 37 96
37 92 96
92 91 96
44 43 97
43 79 97
10 9 98
70 10 98
51 70 98
63 66 99
54 70 100
70 76 100
76 55 100
65 86 101
91 65 101
57 91 101
99 57 101
48 68 102
68 64 102
64 85 102
85 67 102
99 66 103
57 99 103
12 54 104
56 12 104
52 56 104
54 100 104
35 34 105
71 35 105
34 47 105
47 80 105
43 42 106
79 43 106
72 79 106
42 88 106
19 18 107
18 61 107
59 19 107
61 97 107
97 79 107
25 24 108
90 25 108
32 31 109
31 52 109
52 104 109
100 55 109
104 100 109
85 73 110
73 89 110
48 102 111
102 67 111
33 32 112
47 33 112
55 47 112
32 109 112
109 55 112
72 58 113
58 77 113
23 22 114
68 48 114
8 87 115
87 51 115
9 8 115
98 9 115
51 98 115
69 63 116
86 83 116
83 87 116
87 69 116
63 99 116
99 101 116
101 86 116
81 57 117
57 103 117
85 110 117
110 81 117
17 16 118
16 46 118
46 45 118
61 17 118
89 53 119
53 96 119
96 81 119
81 110 119
110 89 119
30 29 120
52 30 120
56 52 120
62 56 120
29 94 120
94 62 120
67 85 121
85 117 121
117 103 121
65 91 122
91 71 122
71 105 122
80 65 122
105 80 122
6 5 123
60 6 123
74 60 123
5 82 123
82 74 123
50 67 124
67 121 124
103 66 124
121 103 124
88 49 125
58 72 125
72 106 125
106 88 125
22 21 126
114 22 126
77 68 126
68 114 126
45 44 127
44 97 127
97 61 127
61 118 127
118 45 127
3 1 128
1 27 128
84 3 128
27 95 128
95 84 128
24 23 129
108 24 129
48 111 129
111 108 129
23 114 129
114 48 129
49 73 130
64 58 130
73 64 130
58 125 130
125 49 130
74 93 131
93 50 131
124 66 131
50 124 131
63 60 132
60 74 132
66 63 132
74 131 132
131 66 132
79 72 133
59 107 133
107 79 133
72 113 133
113 59 133
50 90 134
90 108 134
67 50 134
111 67 134
108 111 134
21 20 135
20 59 135
59 113 135
113 77 135
77 126 135
126 21 135
11 10 136
54 11 136
10 70 136
70 54 136
4 3 137
3 84 137
82 4 137
84 82 137
