118
1 0 0
0 1 0
0 0 1
0.0714285 0.928571 0
0.142857 0.857143 0
0.214286 0.785714 0
0.285714 0.714286 0
0.357143 0.642857 0
0.428571 0.571429 0
0.5 0.5 0
0.571429 0.428571 0
0.642857 0.357143 0
0.714286 0.285714 0
0.785714 0.214286 0
0.857143 0.142857 0
0.928571 0.0714286 0
0 0.0625 0.9375
0 0.125 0.875
0 0.1875 0.8125
0 0.25 0.75
0 0.3125 0.6875
0 0.375 0.625
0 0.4375 0.5625
0 0.5 0.5
0 0.5625 0.4375
0 0.625 0.375
0 0.6875 0.3125
0 0.75 0.25
0 0.8125 0.1875
0 0.875 0.125
0 0.9375 0.0625
0.916667 0 0.0833333
0.833333 0 0.166667
0.75 0 0.25
0.666667 0 0.333333
0.583333 0 0.416667
0.5 0 0.5
0.416667 0 0.583333
0.333333 0 0.666667
0.25 0 0.75
0.166667 0 0.833333
0.0833333 0 0.916667
0.637744 0.117662 0.244593
0.102941 0.487774 0.409285
0.293569 0.128062 0.57837
0.15594 0.618347 0.225713
0.492258 0.397334 0.110409
0.816841 0.0569925 0.126166
0.410957 0.0690235 0.52002
0.657239 0.257279 0.0854819
0.750003 0.178584 0.0714127
0.746197 0.122756 0.131047
0.389202 0.260468 0.35033
0.171031 0.253823 0.575146
0.281792 0.633936 0.0842724
0.0673983 0.129774 0.802828
0.657228 0.0564605 0.286311
0.318254 0.529166 0.152579
0.0738429 0.62646 0.299697
0.366811 0.139872 0.493317
0.178669 0.326376 0.494956
0.487417 0.254227 0.258356
0.15404 0.544245 0.301716
0.131271 0.405806 0.462922
0.590891 0.334545 0.0745634
0.89564 0.0469305 0.0574291
0.569259 0.0603895 0.370352
0.171786 0.185768 0.642446
0.255334 0.252335 0.492331
0.184491 0.680598 0.134911
0.327182 0.059149 0.613669
0.580349 0.240763 0.178888
0.274832 0.481955 0.243213
0.0779079 0.379413 0.542679
0.146308 0.126738 0.726955
0.567054 0.179628 0.253318
0.175802 0.763322 0.0608761
0.662776 0.173084 0.16414
0.0837985 0.824852 0.0913499
0.209753 0.391967 0.39828
0.442975 0.332248 0.224777
0.0878666 0.314967 0.597167
0.410591 0.515 0.0744089
0.239837 0.0569224 0.703241
0.0855061 0.693819 0.220675
0.363845 0.204905 0.431251
0.483581 0.454003 0.0624159
0.231639 0.111857 0.656504
0.192662 0.470786 0.336552
0.473491 0.18467 0.341839
0.462394 0.118887 0.418719
0.0608431 0.886089 0.0530682
0.526122 0.315897 0.157982
0.150805 0.0643015 0.784893
0.0791551 0.25429 0.666555
0.352317 0.397957 0.249726
0.314627 0.344271 0.341102
0.434573 0.388999 0.176428
0.271278 0.192156 0.536566
0.103999 0.756792 0.139208
0.558719 0.395007 0.0462735
0.0718642 0.193566 0.73457
0.829115 0.107579 0.0633062
0.28471 0.295639 0.419651
0.068764 0.568092 0.363144
0.0743244 0.0631314 0.862544
0.0599166 0.444886 0.495197
0.502082 0.0492081 0.44871
0.253369 0.690778 0.0558523
0.347024 0.578265 0.0747111
0.388744 0.457902 0.153354
0.250605 0.598032 0.151364
0.229068 0.551294 0.219638
0.396387 0.315863 0.287751
0.0479765 0.758212 0.193811
0.725014 0.0754922 0.199494
0.55956 0.116772 0.323669
0.268036 0.420076 0.311888


3 1 30
16 2 41
24 23 43
32 31 47
37 36 48
13 12 49
14 13 50
13 49 50
18 17 55
34 33 56
26 25 58
44 48 59
45 58 62
12 11 64
49 12 64
0 15 65
31 0 65
47 31 65
35 34 66
34 56 66
60 53 68
38 37 70
37 48 70
48 44 70
22 21 73
60 63 73
71 61 75
5 4 76
6 5 76
50 49 77
49 71 77
51 50 77
75 42 77
71 75 77
76 4 78
29 28 78
63 60 79
43 63 79
21 20 81
73 21 81
53 60 81
60 73 81
9 8 82
39 38 83
38 70 83
27 26 84
26 58 84
58 45 84
45 69 84
10 9 86
9 82 86
44 67 87
67 74 87
70 44 87
83 70 87
74 83 87
62 43 88
72 62 88
43 79 88
61 52 89
75 61 89
52 85 89
59 48 90
85 59 90
89 85 90
4 3 91
78 4 91
3 30 91
30 29 91
29 78 91
49 64 92
71 49 92
61 71 92
80 61 92
64 46 92
74 55 93
40 39 93
39 83 93
83 74 93
20 19 94
67 53 94
53 81 94
81 20 94
80 92 97
92 46 97
95 80 97
53 67 98
67 44 98
68 53 98
44 59 98
59 85 98
85 68 98
76 78 99
78 28 99
69 76 99
84 69 99
11 10 100
64 11 100
46 64 100
10 86 100
86 46 100
19 18 101
18 55 101
55 74 101
94 19 101
74 67 101
67 94 101
51 47 102
14 50 102
50 51 102
15 14 102
65 15 102
47 65 102
68 85 103
85 52 103
60 68 103
52 96 103
79 60 103
96 79 103
25 24 104
58 25 104
62 58 104
24 43 104
43 62 104
17 16 105
16 41 105
41 40 105
40 93 105
55 17 105
93 55 105
23 22 106
43 23 106
63 43 106
22 73 106
73 63 106
36 35 107
35 66 107
48 36 107
90 48 107
66 90 107
7 6 108
54 7 108
69 54 108
6 76 108
76 69 108
8 7 109
7 54 109
82 8 109
57 82 109
46 86 110
97 46 110
82 57 110
86 82 110
57 72 110
72 95 110
95 97 110
54 69 111
69 45 111
57 109 111
109 54 111
72 57 112
57 111 112
45 62 112
111 45 112
62 72 112
52 61 113
61 80 113
96 52 113
80 95 113
95 96 113
28 27 114
99 28 114
27 84 114
84 99 114
33 32 115
32 47 115
47 51 115
42 56 115
56 33 115
51 77 115
77 42 115
56 42 116
66 56 116
42 75 116
75 89 116
89 90 116
90 66 116
72 88 117
95 72 117
88 79 117
79 96 117
96 95 117
