122
1 0 0
0 1 0
0 0 1
0.0714285 0.928571 0
0.142857 0.857143 0
0.214286 0.785714 0
0.285714 0.714286 0
0.357143 0.642857 0
0.428571 0.571429 0
0.5 0.5 0
0.571429 0.428571 0
0.642857 0.357143 0
0.714286 0.285714 0
0.785714 0.214286 0
0.857143 0.142857 0
0.928571 0.0714286 0
0 0.0666667 0.933333
0 0.133333 0.866667
0 0.2 0.8
0 0.266667 0.733333
0 0.333333 0.666667
0 0.4 0.6
0 0.466667 0.533333
0 0.533333 0.466667
0 0.6 0.4
0 0.666667 0.333333
0 0.733333 0.266667
0 0.8 0.2
0 0.866667 0.133333
0 0.933333 0.0666667
0.923077 0 0.0769231
0.846154 0 0.153846
0.769231 0 0.230769
0.692308 0 0.307692
0.615385 0 0.384615
0.538462 0 0.461538
0.461538 0 0.538462
0.384615 0 0.615385
0.307692 0 0.692308
0.230769 0 0.769231
0.153846 0 0.846154
0.076923 0 0.923077
0.634909 0.11108 0.254011
0.108565 0.505236 0.386199
0.286837 0.123923 0.589241
0.143899 0.620781 0.23532
0.4843 0.413903 0.101797
0.797251 0.0600363 0.142713
0.420146 0.0723582 0.507496
0.655749 0.265879 0.0783719
0.0511283 0.346468 0.602403
0.745844 0.190141 0.0640146
0.745912 0.126477 0.127611
0.398799 0.245334 0.355866
0.172167 0.260078 0.567755
0.278435 0.622383 0.0991828
0.0633048 0.136509 0.800187
0.68953 0.0472537 0.263216
0.31853 0.537936 0.143534
0.359583 0.137715 0.502702
0.197403 0.324889 0.477708
0.486547 0.254147 0.259306
0.178086 0.531998 0.289916
0.128588 0.398474 0.472938
0.576366 0.339991 0.0836438
0.871425 0.0487599 0.0798152
0.548952 0.0596628 0.391386
0.150631 0.197781 0.651588
0.250741 0.257582 0.491677
0.353711 0.579698 0.0665917
0.185441 0.676527 0.138032
0.579798 0.253045 0.167157
0.283141 0.490448 0.226411
0.1318 0.136301 0.7319
0.567953 0.180609 0.251438
0.166745 0.767845 0.0654103
0.661091 0.176215 0.162695
0.0895161 0.824959 0.0855248
0.224011 0.386113 0.389876
0.438064 0.333803 0.228134
0.414127 0.506461 0.0794126
0.270417 0.0728322 0.656751
0.0830767 0.713933 0.20299
0.488342 0.460722 0.0509366
0.185686 0.46686 0.347453
0.301927 0.300302 0.397771
0.482805 0.180621 0.336573
0.464984 0.116524 0.418492
0.509315 0.325223 0.165463
0.0824441 0.27217 0.645386
0.138414 0.0678343 0.793751
0.352879 0.402423 0.244698
0.113957 0.333485 0.552558
0.432514 0.391872 0.175614
0.247985 0.699485 0.0525296
0.353231 0.057998 0.588771
0.117453 0.751975 0.130572
0.328948 0.217016 0.454036
0.309065 0.365649 0.325286
0.488769 0.0497873 0.461444
0.0679089 0.203536 0.728555
0.0790476 0.587374 0.333579
0.826386 0.10943 0.0641842
0.0652571 0.65954 0.275203
0.208542 0.067379 0.724079
0.407693 0.180745 0.411563
0.0697427 0.0677937 0.862464
0.207175 0.135614 0.657211
0.230287 0.577857 0.191856
0.256735 0.443874 0.299391
0.379552 0.460322 0.160126
0.0463296 0.54215 0.411521
0.147465 0.440217 0.412318
0.0564513 0.406894 0.536655
0.0608414 0.473353 0.465806
0.38701 0.314035 0.298955
0.623278 0.0525773 0.324145
0.0521347 0.793386 0.154479
0.716255 0.0857797 0.197965
0.553963 0.117279 0.328758
0.250701 0.189402 0.559897
0.0597378 0.885031 0.0552315


3 1 29
0 15 30
16 2 41
32 31 47
12 11 49
21 20 50
14 13 51
13 12 51
12 49 51
18 17 56
33 32 57
11 10 64
10 46 64
49 11 64
30 15 65
31 30 65
47 31 65
35 34 66
60 54 68
8 7 69
7 55 69
55 58 69
49 64 71
71 61 74
5 4 75
51 49 76
49 71 76
52 51 76
74 42 76
71 74 76
75 4 77
63 60 78
9 8 80
8 69 80
69 58 80
27 26 82
45 70 82
10 9 83
46 10 83
9 80 83
80 46 83
62 43 84
60 68 85
78 60 85
61 53 86
74 61 86
59 48 87
61 71 88
79 61 88
64 46 88
71 64 88
20 19 89
50 20 89
67 54 89
40 39 90
73 56 90
54 60 92
60 63 92
50 89 92
89 54 92
79 88 93
88 46 93
91 79 93
7 6 94
55 7 94
70 55 94
6 5 94
5 75 94
75 70 94
37 36 95
36 48 95
48 59 95
59 44 95
38 37 95
81 38 95
44 81 95
70 75 96
82 70 96
75 77 96
53 85 97
85 68 97
78 85 98
36 35 99
48 36 99
87 48 99
35 66 99
66 87 99
19 18 100
73 67 100
18 56 100
56 73 100
67 89 100
89 19 100
25 24 101
43 62 101
62 45 101
14 51 102
51 52 102
15 14 102
65 15 102
52 47 102
47 65 102
26 25 103
82 26 103
45 82 103
25 101 103
101 45 103
39 38 104
38 81 104
90 39 104
73 90 104
86 53 105
87 86 105
59 87 105
97 59 105
53 97 105
17 16 106
56 17 106
90 56 106
16 41 106
41 40 106
40 90 106
81 44 107
67 73 107
73 104 107
104 81 107
58 55 108
55 70 108
70 45 108
72 58 108
45 62 108
62 72 108
72 62 109
62 84 109
91 72 109
98 91 109
84 78 109
78 98 109
58 72 110
72 91 110
91 93 110
80 58 110
46 80 110
93 46 110
24 23 111
43 101 111
101 24 111
84 43 112
63 78 112
78 84 112
22 21 113
21 50 113
50 92 113
92 63 113
43 111 114
111 23 114
23 22 114
112 43 114
63 112 114
22 113 114
113 63 114
53 61 115
61 79 115
85 53 115
98 85 115
79 91 115
91 98 115
34 33 116
33 57 116
66 34 116
57 42 116
28 27 117
77 28 117
96 77 117
27 82 117
82 96 117
32 47 118
57 32 118
47 52 118
42 57 118
52 76 118
76 42 118
42 74 119
74 86 119
86 87 119
87 66 119
116 42 119
66 116 119
54 67 120
68 54 120
44 59 120
59 97 120
97 68 120
67 107 120
107 44 120
4 3 121
77 4 121
3 29 121
29 28 121
28 77 121
