142
1 0 0
0 1 0
0 0 1
0.0714285 0.928571 0
0.142857 0.857143 0
0.214286 0.785714 0
0.285714 0.714286 0
0.357143 0.642857 0
0.428571 0.571429 0
0.5 0.5 0
0.571429 0.428571 0
0.642857 0.357143 0
0.714286 0.285714 0
0.785714 0.214286 0
0.857143 0.142857 0
0.928571 0.0714286 0
0 0.0714286 0.928571
0 0.142857 0.857143
0 0.214286 0.785714
0 0.285714 0.714286
0 0.357143 0.642857
0 0.428572 0.571429
0 0.5 0.5
0 0.571429 0.428571
0 0.642857 0.357143
0 0.714286 0.285714
0 0.785714 0.214286
0 0.857143 0.142857
0 0.928571 0.0714286
0.95 0 0.05
0.9 0 0.1
0.85 0 0.15
0.8 0 0.2
0.75 0 0.25
0.7 0 0.3
0.65 0 0.35
0.6 0 0.4
0.55 0 0.45
0.5 0 0.5
0.45 0 0.55
0.4 0 0.6
0.35 0 0.65
0.3 0 0.7
0.25 0 0.75
0.2 0 0.8
0.15 0 0.85
0.1 0 0.9
0.05 0 0.95
0.637295 0.113659 0.249046
0.0953622 0.489804 0.414834
0.282721 0.128192 0.589086
0.153386 0.616419 0.230195
0.481835 0.408325 0.109839
0.785017 0.084197 0.130786
0.416359 0.0744143 0.509227
0.658079 0.280212 0.0617089
0.0451238 0.343694 0.611182
0.668474 0.136788 0.194738
0.770474 0.165584 0.0639419
0.382964 0.271411 0.345626
0.152927 0.279209 0.567864
0.274855 0.621711 0.103434
0.0546744 0.129125 0.8162
0.825017 0.131778 0.0432051
0.32023 0.518665 0.161105
0.0435969 0.636231 0.320172
0.184637 0.327586 0.487777
0.49198 0.235883 0.272137
0.279643 0.50146 0.218896
0.166712 0.51939 0.313899
0.121123 0.397499 0.481379
0.342094 0.569544 0.0883617
0.590673 0.323059 0.0862684
0.534885 0.0802558 0.384859
0.146111 0.194774 0.659115
0.261896 0.232075 0.506029
0.203814 0.684527 0.111659
0.243248 0.705955 0.0507964
0.3436 0.0648363 0.591564
0.595383 0.229491 0.175127
0.0711402 0.385561 0.543299
0.514865 0.295836 0.189298
0.121877 0.153416 0.724707
0.566901 0.179314 0.253785
0.338287 0.26132 0.400393
0.162188 0.772102 0.0657099
0.446103 0.395641 0.158257
0.0857855 0.826684 0.0875305
0.242093 0.377729 0.380178
0.44789 0.332215 0.219895
0.401181 0.49045 0.10837
0.26062 0.0711055 0.668274
0.136021 0.713909 0.15007
0.341909 0.131118 0.526973
0.0862691 0.706972 0.206759
0.466695 0.183417 0.349889
0.493432 0.0820154 0.424552
0.615548 0.0710654 0.313387
0.606103 0.35826 0.0356367
0.884551 0.0660114 0.0494373
0.0444601 0.566626 0.388914
0.0587196 0.805779 0.135501
0.427694 0.145433 0.426873
0.126761 0.0846649 0.788574
0.0668485 0.25575 0.677401
0.52806 0.416696 0.0552441
0.340941 0.399136 0.259922
0.837483 0.0686576 0.093859
0.308268 0.353245 0.338488
0.653298 0.215256 0.131446
0.0525326 0.485497 0.46197
0.412778 0.310133 0.27709
0.160729 0.437294 0.401977
0.281384 0.437512 0.281104
0.715507 0.189524 0.0949691
0.224345 0.600899 0.174756
0.190925 0.0868874 0.722188
0.0603245 0.189258 0.750418
0.727533 0.1 0.172467
0.297996 0.252277 0.449727
0.0994633 0.551608 0.348928
0.384255 0.422831 0.192914
0.210185 0.159565 0.63025
0.548013 0.124841 0.327146
0.69922 0.0600334 0.240747
0.100129 0.285413 0.614458
0.45501 0.494964 0.0500264
0.0399297 0.709166 0.250905
0.0486824 0.0668613 0.884456
0.236677 0.445239 0.318085
0.220027 0.527179 0.252794
0.226748 0.332754 0.440498
0.219145 0.22697 0.553885
0.0945885 0.626503 0.278909
0.0487805 0.910994 0.0402255
0.386384 0.571396 0.0422195
0.0365216 0.775762 0.187717
0.54272 0.334868 0.122412
0.368743 0.170636 0.46062
0.0961073 0.0564628 0.84743
0.104883 0.858545 0.0365725
0.316595 0.641317 0.0420873


0 15 29
16 2 47
32 31 53
40 39 54
39 38 54
12 11 55
21 20 56
13 12 58
18 17 62
14 13 63
13 58 63
25 24 65
60 66 70
61 64 71
37 36 73
6 5 77
76 61 77
41 40 78
50 41 78
48 57 79
22 21 80
21 56 80
60 70 80
81 67 83
48 79 83
79 81 83
5 4 85
76 77 85
77 5 85
81 52 86
67 81 89
81 86 89
86 52 90
71 64 90
42 41 91
41 50 91
43 42 91
76 85 92
85 87 92
40 54 93
78 40 93
75 50 93
50 78 93
51 92 94
38 37 96
37 73 96
73 95 96
35 34 97
34 48 97
36 35 97
48 83 97
11 10 98
55 11 98
72 55 98
15 14 99
29 15 99
30 29 99
14 63 99
24 23 100
65 24 100
28 27 101
87 28 101
92 87 101
94 92 101
59 84 102
54 38 102
38 96 102
95 59 102
96 95 102
45 44 103
20 19 104
56 20 104
82 74 104
10 9 105
72 98 105
98 10 105
64 68 106
31 30 107
53 31 107
58 53 107
63 58 107
30 99 107
99 63 107
84 59 108
59 106 108
88 84 108
79 57 109
55 72 109
72 79 109
23 22 110
70 49 110
22 80 110
80 70 110
49 100 110
100 23 110
67 89 111
59 95 111
95 67 111
106 59 111
49 70 112
70 66 112
88 69 112
106 68 113
108 106 113
12 55 114
58 12 114
53 58 114
55 109 114
64 61 115
68 64 115
61 76 115
76 92 115
92 51 115
44 43 116
74 82 116
43 91 116
82 103 116
103 44 116
19 18 117
18 62 117
62 103 117
103 82 117
82 104 117
104 19 117
33 32 118
32 53 118
53 114 118
109 57 118
114 109 118
84 88 119
75 93 119
65 100 120
100 49 120
49 112 120
112 69 120
89 86 121
86 90 121
90 64 121
64 106 121
106 111 121
111 89 121
91 50 122
60 74 122
74 116 122
116 91 122
83 67 123
67 95 123
95 73 123
73 36 123
36 97 123
97 83 123
34 33 124
48 34 124
57 48 124
33 118 124
118 57 124
74 60 125
60 80 125
80 56 125
56 104 125
104 74 125
9 8 126
90 52 126
52 105 126
105 9 126
26 25 127
25 65 127
17 16 128
16 47 128
47 46 128
62 17 128
69 88 129
88 108 129
108 113 129
113 68 130
68 115 130
115 51 130
51 69 130
69 129 130
129 113 130
88 112 131
112 66 131
66 75 131
75 119 131
119 88 131
50 75 132
66 60 132
75 66 132
60 122 132
122 50 132
69 51 133
120 69 133
51 94 133
94 127 133
65 120 133
127 65 133
3 1 134
1 28 134
28 87 134
8 7 135
71 90 135
90 126 135
126 8 135
27 26 136
101 27 136
94 101 136
26 127 136
127 94 136
52 81 137
79 72 137
81 79 137
72 105 137
105 52 137
93 54 138
54 102 138
102 84 138
84 119 138
119 93 138
46 45 139
45 103 139
103 62 139
62 128 139
128 46 139
4 3 140
85 4 140
87 85 140
3 134 140
134 87 140
7 6 141
61 71 141
77 61 141
6 77 141
71 135 141
135 7 141
