63
1 0 0
0 1 0
0 0 1
0.0714287 0.928571 0
0.142857 0.857143 0
0.214286 0.785714 0
0.285714 0.714286 0
0.357143 0.642857 0
0.428572 0.571428 0
0.5 0.5 0
0.571429 0.428571 0
0.642857 0.357143 0
0.714286 0.285714 0
0.785714 0.214286 0
0.857143 0.142857 0
0.928571 0.0714286 0
0 0.0625 0.9375
0 0.125 0.875
0 0.1875 0.8125
0 0.25 0.75
0 0.3125 0.6875
0 0.375 0.625
0 0.4375 0.5625
0 0.5 0.5
0 0.5625 0.4375
0 0.625 0.375
0 0.6875 0.3125
0 0.75 0.25
0 0.8125 0.1875
0 0.875 0.125
0 0.9375 0.0625
0.8 0 0.2
0.6 0 0.4
0.4 0 0.6
0.2 0 0.8
0.618694 0.117196 0.26411
0.267843 0.139083 0.593073
0.193432 0.606003 0.200565
0.413962 0.417883 0.168155
0.792637 0.058369 0.148995
0.398728 0.0635094 0.537762
0.394569 0.249491 0.35594
0.198884 0.251144 0.549972
0.336525 0.511346 0.152129
0.196521 0.3195 0.483979
0.180681 0.19715 0.622169
0.174327 0.676338 0.149335
0.57808 0.258624 0.163296
0.503894 0.336506 0.159601
0.165866 0.103841 0.730293
0.623175 0.184328 0.192497
0.241036 0.386513 0.372451
0.222041 0.0486705 0.729289
0.183178 0.476705 0.340117
0.766837 0.117421 0.115742
0.404639 0.17845 0.416911
0.0926271 0.823077 0.0842955
0.122772 0.771066 0.106163
0.388598 0.311531 0.299871
0.616478 0.055364 0.328158
0.288387 0.62094 0.090673
0.145287 0.556183 0.29853
0.464831 0.110789 0.424381


3 1 30
4 3 30
29 4 30
16 2 34
26 25 37
11 10 38
0 15 39
31 0 39
33 32 40
20 19 42
9 8 43
8 37 43
10 9 43
38 10 43
21 20 44
20 42 44
42 41 44
19 18 45
18 36 45
42 19 45
7 6 46
6 27 46
27 26 46
26 37 46
13 12 47
12 11 48
47 12 48
11 38 48
18 17 49
36 18 49
40 36 49
14 13 50
13 47 50
47 41 50
22 21 51
21 44 51
48 38 51
17 16 52
49 17 52
16 34 52
34 33 52
33 40 52
40 49 52
24 23 53
38 43 53
23 22 53
22 51 53
51 38 53
15 14 54
35 39 54
39 15 54
14 50 54
50 35 54
41 42 55
45 36 55
42 45 55
35 50 55
50 41 55
5 4 56
4 29 56
29 28 56
6 5 57
27 6 57
28 27 57
5 56 57
56 28 57
44 41 58
41 47 58
47 48 58
48 51 58
51 44 58
32 31 59
31 39 59
40 32 59
39 35 59
8 7 60
37 8 60
7 46 60
46 37 60
25 24 61
37 25 61
43 37 61
24 53 61
53 43 61
35 55 62
55 36 62
59 35 62
36 40 62
40 59 62
