112
1 0 0
0 1 0
0 0 1
0.0714285 0.928571 0
0.142857 0.857143 0
0.214286 0.785714 0
0.285714 0.714286 0
0.357143 0.642857 0
0.428571 0.571429 0
0.5 0.5 0
0.571429 0.428571 0
0.642857 0.357143 0
0.714286 0.285714 0
0.785714 0.214286 0
0.857143 0.142857 0
0.928571 0.0714286 0
0 0.0625 0.9375
0 0.125 0.875
0 0.1875 0.8125
0 0.25 0.75
0 0.3125 0.6875
0 0.375 0.625
0 0.4375 0.5625
0 0.5 0.5
0 0.5625 0.4375
0 0.625 0.375
0 0.6875 0.3125
0 0.75 0.25
0 0.8125 0.1875
0 0.875 0.125
0 0.9375 0.0625
0.909091 0 0.0909091
0.818182 0 0.181818
0.727273 0 0.272727
0.636364 0 0.363636
0.545455 0 0.454545
0.454545 0 0.545455
0.363636 0 0.636364
0.272727 0 0.727273
0.181818 0 0.818182
0.0909091 0 0.909091
0.624625 0.109563 0.265812
0.106211 0.490209 0.403581
0.293237 0.12357 0.583193
0.150818 0.616887 0.232295
0.482934 0.391453 0.125613
0.808564 0.0570816 0.134355
0.43362 0.0708296 0.49555
0.659585 0.258769 0.0816463
0.753602 0.17872 0.0676781
0.718565 0.125618 0.155817
0.400233 0.254108 0.345659
0.168605 0.256896 0.5745
0.276727 0.642068 0.0812053
0.0666654 0.132717 0.800618
0.307375 0.526029 0.166596
0.371146 0.139003 0.489851
0.175528 0.328679 0.495793
0.500584 0.229773 0.269643
0.186722 0.537563 0.275715
0.130595 0.407034 0.462371
0.594793 0.332639 0.0725674
0.893253 0.0471438 0.0596035
0.550162 0.0745561 0.375282
0.168327 0.189782 0.641891
0.258779 0.252872 0.488349
0.18467 0.669554 0.145776
0.355056 0.0547132 0.590231
0.567863 0.250666 0.181471
0.0819451 0.319593 0.598462
0.142939 0.1316 0.725462
0.155068 0.785034 0.0598976
0.601187 0.179151 0.219663
0.0800202 0.826599 0.0933808
0.212137 0.391299 0.396565
0.432359 0.34813 0.219511
0.40585 0.516831 0.0773185
0.253053 0.0691265 0.677821
0.0873894 0.692446 0.220165
0.723733 0.0555013 0.220765
0.481228 0.454444 0.0643282
0.197096 0.467575 0.335329
0.287397 0.470095 0.242508
0.505043 0.167753 0.327204
0.060651 0.886488 0.0528611
0.152704 0.0683484 0.778948
0.0778797 0.256424 0.665696
0.372211 0.40014 0.227649
0.33775 0.341065 0.321185
0.273008 0.192045 0.534948
0.666864 0.199804 0.133332
0.460233 0.126647 0.41312
0.105819 0.750925 0.143256
0.559996 0.392087 0.0479173
0.0712044 0.195258 0.733538
0.0856514 0.578366 0.335982
0.824617 0.107701 0.0676817
0.6505 0.0450454 0.304455
0.372091 0.203212 0.424697
0.0668372 0.643901 0.289262
0.0781783 0.0614551 0.860367
0.0604257 0.44587 0.493705
0.391718 0.457798 0.150484
0.279088 0.41346 0.307452
0.289843 0.295291 0.414865
0.342924 0.580352 0.0767233
0.530699 0.312382 0.156919
0.245398 0.589562 0.165041
0.0722613 0.383496 0.544243
0.224183 0.713739 0.0620774
0.210252 0.130763 0.658986
0.452298 0.290494 0.257208


3 1 30
16 2 40
24 23 42
32 31 46
36 35 47
13 12 48
14 13 49
13 48 49
7 6 53
18 17 54
43 47 56
12 11 61
48 12 61
0 15 62
31 0 62
46 31 62
35 34 63
47 35 63
57 52 65
37 36 67
36 47 67
47 43 67
21 20 69
52 57 69
5 4 71
41 50 72
68 58 72
71 4 73
29 28 73
60 57 74
42 60 74
9 8 76
38 37 77
37 67 77
67 43 77
27 26 78
44 66 78
33 32 79
32 46 79
46 50 79
50 41 79
10 9 80
9 76 80
59 42 81
42 74 81
55 59 82
59 81 82
58 51 83
63 41 83
41 72 83
72 58 83
4 3 84
3 30 84
30 29 84
29 73 84
73 4 84
70 54 85
39 38 85
38 77 85
77 70 85
20 19 86
64 52 86
52 69 86
69 20 86
75 45 87
75 87 88
52 64 89
64 43 89
65 52 89
43 56 89
49 48 90
48 68 90
68 72 90
50 49 90
72 50 90
56 47 91
47 63 91
63 83 91
71 73 92
73 28 92
28 27 92
27 78 92
78 66 92
11 10 93
61 11 93
45 61 93
10 80 93
80 45 93
19 18 94
70 64 94
18 54 94
54 70 94
64 86 94
86 19 94
25 24 95
24 42 95
42 59 95
59 44 95
50 46 96
14 49 96
49 50 96
15 14 96
62 15 96
46 62 96
34 33 97
41 63 97
63 34 97
33 79 97
79 41 97
65 89 98
89 56 98
56 91 98
83 51 98
91 83 98
44 78 99
78 26 99
26 25 99
25 95 99
95 44 99
17 16 100
16 40 100
40 39 100
39 85 100
54 17 100
85 54 100
23 22 101
42 23 101
60 42 101
76 55 102
80 76 102
45 80 102
87 45 102
55 82 102
82 87 102
82 81 103
87 82 103
81 74 103
74 88 103
88 87 103
57 65 104
51 88 104
74 57 104
88 74 104
65 98 104
98 51 104
8 7 105
7 53 105
76 8 105
55 76 105
48 61 106
68 48 106
61 45 106
45 75 106
44 59 107
59 55 107
53 66 107
66 44 107
105 53 107
55 105 107
22 21 108
57 60 108
69 57 108
21 69 108
60 101 108
101 22 108
53 6 109
66 53 109
6 5 109
5 71 109
92 66 109
71 92 109
43 64 110
64 70 110
70 77 110
77 43 110
51 58 111
58 68 111
75 88 111
88 51 111
68 106 111
106 75 111
