80
1 0 0
0 1 0
0 0 1
0.0714287 0.928571 0
0.142857 0.857143 0
0.214286 0.785714 0
0.285714 0.714286 0
0.357143 0.642857 0
0.428572 0.571428 0
0.5 0.5 0
0.571429 0.428571 0
0.642857 0.357143 0
0.714286 0.285714 0
0.785714 0.214286 0
0.857143 0.142857 0
0.928571 0.0714286 0
0 0.0588235 0.941176
0 0.117647 0.882353
0 0.176471 0.823529
0 0.235294 0.764706
0 0.294118 0.705882
0 0.352941 0.647059
0 0.411765 0.588235
0 0.470588 0.529412
0 0.529412 0.470588
0 0.588235 0.411765
0 0.647059 0.352941
0 0.705882 0.294118
0 0.764706 0.235294
0 0.823529 0.176471
0 0.882353 0.117647
0 0.941176 0.0588235
0.857143 0 0.142857
0.714286 0 0.285714
0.571429 0 0.428571
0.428571 0 0.571429
0.285714 0 0.714286
0.142857 0 0.857143
0.632633 0.115086 0.252281
0.132985 0.483765 0.38325
0.295624 0.12636 0.578017
0.154607 0.609878 0.235515
0.481915 0.410786 0.107299
0.805367 0.0614689 0.133164
0.427035 0.0645867 0.508378
0.718254 0.189893 0.0918524
0.722076 0.137586 0.140337
0.390786 0.269298 0.339916
0.669612 0.0583919 0.271996
0.17039 0.24218 0.587429
0.270061 0.62643 0.103508
0.286872 0.527698 0.18543
0.182854 0.328686 0.48846
0.627884 0.261165 0.110951
0.146662 0.538086 0.315252
0.139183 0.397536 0.46328
0.556015 0.336775 0.10721
0.135958 0.196501 0.667541
0.566148 0.226583 0.207268
0.138258 0.128318 0.733424
0.0952269 0.824469 0.0803041
0.442696 0.321512 0.235792
0.279324 0.0662803 0.654396
0.129404 0.69307 0.177526
0.469803 0.126226 0.403972
0.239532 0.414741 0.345727
0.515117 0.184677 0.300206
0.300824 0.464626 0.234549
0.139203 0.0633233 0.797474
0.132728 0.759038 0.108234
0.294894 0.343996 0.361111
0.322997 0.231114 0.445888
0.35159 0.551946 0.096464
0.425736 0.47794 0.0963241
0.56434 0.0499435 0.385716
0.136799 0.295898 0.567303
0.301894 0.179115 0.518992
0.397001 0.39195 0.211049
0.233709 0.689742 0.0765487
0.0540673 0.901008 0.0449251


3 1 31
16 2 37
24 23 39
26 25 41
27 26 41
11 10 42
0 15 43
32 0 43
35 34 44
14 13 45
15 14 46
43 15 46
38 43 46
14 45 46
33 32 48
32 43 48
43 38 48
20 19 49
8 7 50
22 21 52
13 12 53
45 13 53
25 24 54
24 39 54
41 25 54
51 41 54
23 22 55
22 52 55
12 11 56
53 12 56
11 42 56
19 18 57
49 19 57
46 45 58
45 53 58
18 17 59
40 57 59
57 18 59
5 4 60
4 30 60
30 29 60
53 56 61
47 58 61
58 53 61
36 35 62
35 44 62
44 40 62
40 59 62
28 27 63
27 41 63
41 50 63
40 44 64
48 38 64
39 23 65
23 55 65
38 46 66
46 58 66
58 47 66
64 38 66
51 54 67
54 39 67
39 65 67
17 16 68
16 37 68
37 36 68
36 62 68
59 17 68
62 59 68
6 5 69
29 28 69
5 60 69
60 29 69
28 63 69
52 47 70
47 61 70
55 52 70
61 65 70
65 55 70
47 52 71
66 47 71
64 66 71
9 8 72
8 50 72
50 41 72
41 51 72
10 9 73
42 10 73
51 67 73
67 42 73
9 72 73
72 51 73
34 33 74
33 48 74
44 34 74
48 64 74
64 44 74
21 20 75
20 49 75
52 21 75
49 71 75
71 52 75
49 57 76
57 40 76
40 64 76
64 71 76
71 49 76
56 42 77
61 56 77
65 61 77
42 67 77
67 65 77
7 6 78
50 7 78
63 50 78
6 69 78
69 63 78
4 3 79
3 31 79
30 4 79
31 30 79
