72
1 0 0
0 1 0
0 0 1
0.0714285 0.928571 0
0.142857 0.857143 0
0.214286 0.785714 0
0.285714 0.714286 0
0.357143 0.642857 0
0.428571 0.571429 0
0.5 0.5 0
0.571429 0.428571 0
0.642857 0.357143 0
0.714286 0.285714 0
0.785714 0.214286 0
0.857143 0.142857 0
0.928571 0.0714286 0
0 0.0909091 0.909091
0 0.181818 0.818182
0 0.272727 0.727273
0 0.363636 0.636364
0 0.454545 0.545455
0 0.545455 0.454545
0 0.636364 0.363636
0 0.727273 0.272727
0 0.818182 0.181818
0 0.909091 0.0909091
0.875 0 0.125
0.75 0 0.25
0.625 0 0.375
0.5 0 0.5
0.375 0 0.625
0.25 0 0.75
0.125 0 0.875
0.633034 0.113851 0.253115
0.0971245 0.512291 0.390584
0.280889 0.138872 0.580239
0.158904 0.592734 0.248363
0.46799 0.413164 0.118846
0.808221 0.0661675 0.125611
0.425418 0.0673835 0.507198
0.734678 0.137043 0.128278
0.392766 0.249573 0.357661
0.186504 0.258952 0.554543
0.251386 0.617897 0.130717
0.0812312 0.138176 0.780593
0.700811 0.057105 0.242084
0.317625 0.525156 0.157219
0.209783 0.347005 0.443212
0.503133 0.245703 0.251164
0.64221 0.232414 0.125376
0.118794 0.414637 0.466569
0.548537 0.331096 0.120367
0.552979 0.169933 0.277089
0.18117 0.0840689 0.734761
0.0933167 0.784625 0.122058
0.429106 0.328621 0.242273
0.0942274 0.314231 0.591542
0.136086 0.688225 0.175689
0.240125 0.434183 0.325692
0.315442 0.0735862 0.610972
0.529251 0.0864989 0.384251
0.0634581 0.860978 0.0755639
0.338875 0.404672 0.256453
0.29489 0.213293 0.491817
0.407635 0.486275 0.10609
0.304614 0.302644 0.392742
0.415805 0.156339 0.427856
0.0757915 0.0584777 0.865731
0.0822463 0.224939 0.692815
0.202254 0.513449 0.284296
0.0753672 0.598456 0.326176
0.177821 0.176632 0.645546


3 1 25
0 15 26
21 20 34
10 9 37
15 14 38
26 15 38
27 26 38
30 29 39
14 13 40
38 14 40
7 6 43
17 16 44
28 27 45
33 28 45
40 33 45
27 38 45
38 40 45
8 7 46
7 43 46
13 12 49
40 13 49
33 40 49
12 11 49
20 19 50
34 20 50
11 10 51
10 37 51
48 49 51
49 11 51
33 49 52
49 48 52
32 31 53
5 4 54
24 23 54
51 37 55
41 48 55
48 51 55
19 18 56
42 47 56
47 50 56
50 19 56
23 22 57
36 43 57
43 6 57
6 5 57
5 54 57
54 23 57
50 47 58
31 30 59
30 39 59
35 53 59
53 31 59
29 28 60
28 33 60
39 29 60
33 52 60
4 3 61
3 25 61
25 24 61
24 54 61
54 4 61
46 58 62
58 47 62
55 37 62
9 8 64
8 46 64
37 9 64
62 37 64
46 62 64
41 55 65
55 62 65
62 47 65
63 41 65
47 42 65
42 63 65
48 41 66
52 48 66
35 59 66
59 39 66
39 60 66
60 52 66
41 63 66
63 35 66
16 2 67
2 32 67
32 53 67
44 16 67
53 44 67
18 17 68
17 44 68
42 56 68
56 18 68
36 34 69
43 36 69
46 43 69
58 46 69
34 50 69
50 58 69
22 21 70
21 34 70
34 36 70
36 57 70
57 22 70
44 53 71
53 35 71
35 63 71
63 42 71
42 68 71
68 44 71
