99
1 0 0
0 1 0
0 0 1
0.0714285 0.928571 0
0.142857 0.857143 0
0.214286 0.785714 0
0.285714 0.714286 0
0.357143 0.642857 0
0.428571 0.571429 0
0.5 0.5 0
0.571429 0.428571 0
0.642857 0.357143 0
0.714286 0.285714 0
0.785714 0.214286 0
0.857143 0.142857 0
0.928571 0.0714286 0
0 0.0769231 0.923077
0 0.153846 0.846154
0 0.230769 0.769231
0 0.307692 0.692308
0 0.384615 0.615385
0 0.461539 0.538462
0 0.538462 0.461538
0 0.615385 0.384615
0 0.692308 0.307692
0 0.769231 0.230769
0 0.846154 0.153846
0 0.923077 0.0769231
0.909091 0 0.0909091
0.818182 0 0.181818
0.727273 0 0.272727
0.636364 0 0.363636
0.545455 0 0.454545
0.454545 0 0.545455
0.363636 0 0.636364
0.272727 0 0.727273
0.181818 0 0.818182
0.090909 0 0.909091
0.632609 0.111692 0.255699
0.0912865 0.484728 0.423985
0.258923 0.158696 0.582381
0.140297 0.616445 0.243258
0.477174 0.409106 0.113721
0.80052 0.0699066 0.129574
0.44968 0.0649143 0.485405
0.666754 0.259431 0.0738153
0.75731 0.164143 0.0785469
0.395993 0.264823 0.339184
0.169086 0.252315 0.578599
0.280226 0.622696 0.097078
0.317689 0.529699 0.152612
0.0594632 0.639614 0.300922
0.194114 0.326465 0.47942
0.489298 0.246007 0.264694
0.155465 0.537948 0.306587
0.1361 0.403472 0.460427
0.577215 0.337804 0.0849814
0.551937 0.0735083 0.374555
0.14829 0.190812 0.660898
0.256384 0.254441 0.489175
0.196431 0.670688 0.132881
0.580615 0.248633 0.170752
0.0859194 0.332326 0.581754
0.159233 0.12087 0.719897
0.550123 0.165861 0.284016
0.155817 0.762097 0.0820853
0.652456 0.183465 0.164079
0.0760288 0.847557 0.076414
0.23124 0.393816 0.374945
0.429563 0.329775 0.240662
0.848124 0.0883534 0.0635227
0.413563 0.506202 0.0802351
0.266044 0.0698174 0.664139
0.0894124 0.704226 0.206361
0.0664743 0.781607 0.151919
0.721224 0.0553369 0.223439
0.291778 0.449789 0.258432
0.471543 0.123005 0.405452
0.127684 0.0574041 0.814912
0.0751492 0.251768 0.673082
0.377545 0.393197 0.229258
0.311674 0.331493 0.356833
0.716903 0.117654 0.165443
0.197275 0.470341 0.332384
0.372434 0.139499 0.488067
0.064482 0.107764 0.827754
0.354828 0.0686021 0.57657
0.438979 0.187767 0.373254
0.332903 0.222469 0.444628
0.5143 0.314862 0.170838
0.354202 0.577501 0.0682971
0.643807 0.0488003 0.307393
0.0686157 0.176774 0.754611
0.230971 0.558908 0.210122
0.0756029 0.569627 0.35477
0.381771 0.457068 0.161161
0.204179 0.0500467 0.745775
0.0562908 0.0460298 0.897679
0.0581916 0.414209 0.527599


3 1 27
0 15 28
22 21 39
10 9 42
29 28 43
33 32 44
13 12 45
12 11 45
14 13 46
13 45 46
7 6 49
24 23 51
11 10 56
10 42 56
45 11 56
32 31 57
44 32 57
40 48 58
48 40 59
52 48 59
49 6 60
45 56 61
20 19 62
48 52 62
52 55 62
40 58 63
57 38 64
61 53 64
5 4 65
6 5 65
60 6 65
46 45 66
45 61 66
61 64 66
64 38 66
4 3 67
3 27 67
27 26 67
65 4 67
55 52 68
47 53 69
15 14 70
28 15 70
43 28 70
14 46 70
46 43 70
9 8 71
42 9 71
35 34 72
40 63 72
25 24 73
24 51 73
51 41 73
41 60 73
60 65 73
26 25 74
67 26 74
65 67 74
25 73 74
73 65 74
30 29 75
29 43 75
44 57 77
57 64 77
37 36 78
19 18 79
58 48 79
48 62 79
62 19 79
69 42 80
52 59 81
68 52 81
47 69 81
69 80 81
76 68 81
80 76 81
43 46 82
75 43 82
46 66 82
66 38 82
38 75 82
54 39 83
39 55 83
55 68 83
68 76 83
44 77 84
17 16 85
78 63 85
34 33 86
33 44 86
44 84 86
72 34 86
40 72 86
84 40 86
53 47 87
64 53 87
77 64 87
84 77 87
47 81 88
81 59 88
59 40 88
40 84 88
84 87 88
87 47 88
56 42 89
42 69 89
53 61 89
69 53 89
61 56 89
8 7 90
7 49 90
49 50 90
50 71 90
71 8 90
38 57 91
57 31 91
31 30 91
30 75 91
75 38 91
58 79 92
79 18 92
18 17 92
17 85 92
63 58 92
85 63 92
50 49 93
41 54 93
49 60 93
60 41 93
76 50 93
54 83 93
83 76 93
23 22 94
22 39 94
39 54 94
51 23 94
41 51 94
54 41 94
42 71 95
80 42 95
71 50 95
50 76 95
76 80 95
36 35 96
35 72 96
78 36 96
72 63 96
63 78 96
16 2 97
2 37 97
85 16 97
37 78 97
78 85 97
21 20 98
39 21 98
55 39 98
20 62 98
62 55 98
