77
1 0 0
0 1 0
0 0 1
0.0714287 0.928571 0
0.142857 0.857143 0
0.214286 0.785714 0
0.285714 0.714286 0
0.357143 0.642857 0
0.428572 0.571428 0
0.5 0.5 0
0.571429 0.428571 0
0.642857 0.357143 0
0.714286 0.285714 0
0.785714 0.214286 0
0.857143 0.142857 0
0.928571 0.0714286 0
0 0.0769231 0.923077
0 0.153846 0.846154
0 0.230769 0.769231
0 0.307692 0.692308
0 0.384615 0.615385
0 0.461538 0.538462
0 0.538462 0.461538
0 0.615385 0.384615
0 0.692308 0.307692
0 0.769231 0.230769
0 0.846154 0.153846
0 0.923077 0.0769231
0.857143 0 0.142857
0.714286 0 0.285714
0.571429 0 0.428571
0.428571 0 0.571429
0.285714 0 0.714286
0.142857 0 0.857143
0.642206 0.115147 0.242646
0.112739 0.491544 0.395718
0.272071 0.135383 0.592545
0.161223 0.615323 0.223454
0.490711 0.408803 0.100486
0.791402 0.067928 0.14067
0.400947 0.0615045 0.537549
0.40442 0.25825 0.33733
0.173018 0.262845 0.564137
0.672046 0.238362 0.0895915
0.270289 0.617114 0.112598
0.328336 0.522869 0.148794
0.198072 0.341012 0.460916
0.113788 0.407107 0.479105
0.531452 0.085168 0.38338
0.601491 0.294316 0.104193
0.748942 0.140435 0.110623
0.545735 0.242325 0.21194
0.132135 0.122511 0.745353
0.0987798 0.783027 0.118193
0.475435 0.329033 0.195531
0.257372 0.0752259 0.667402
0.136646 0.695769 0.167584
0.131537 0.195876 0.672587
0.244984 0.436081 0.318935
0.304706 0.202892 0.492402
0.494166 0.173261 0.332573
0.152901 0.0565422 0.790557
0.372104 0.395512 0.232384
0.319681 0.340066 0.340254
0.205394 0.539406 0.2552
0.383815 0.459936 0.156249
0.656947 0.0523188 0.290735
0.0561214 0.884112 0.0597667
0.405665 0.133139 0.461197
0.276705 0.277624 0.445671
0.084802 0.572806 0.342392
0.0913332 0.330041 0.578626
0.904582 0.0309624 0.0644558
0.0709528 0.641594 0.287454
0.649666 0.181552 0.168782
0.0725825 0.265803 0.661614
0.183383 0.740536 0.0760805


3 1 27
16 2 33
22 21 35
11 10 38
10 9 38
15 14 39
29 28 39
31 30 40
32 31 40
13 12 43
7 6 44
8 7 44
9 8 45
8 44 45
21 20 47
35 21 47
40 30 48
12 11 49
43 12 49
14 13 50
34 39 50
39 14 50
43 49 51
17 16 52
5 4 53
4 26 53
26 25 53
11 38 54
49 11 54
41 51 54
51 49 54
32 40 55
40 36 55
36 52 55
37 44 56
44 6 56
25 24 56
53 25 56
18 17 57
17 52 57
52 36 57
47 46 58
35 47 58
42 57 59
57 36 59
48 34 60
51 41 60
41 59 60
16 33 61
52 16 61
33 32 61
32 55 61
55 52 61
54 38 62
41 54 63
54 62 63
58 46 63
62 58 63
44 37 64
45 44 64
35 58 64
58 45 64
38 9 65
9 45 65
62 38 65
45 58 65
58 62 65
29 39 66
39 34 66
30 29 66
48 30 66
34 48 66
4 3 67
3 27 67
26 4 67
27 26 67
36 40 68
40 48 68
48 60 68
59 36 68
60 59 68
42 59 69
59 41 69
41 63 69
46 42 69
63 46 69
23 22 70
22 35 70
35 64 70
64 37 70
20 19 71
42 46 71
46 47 71
47 20 71
0 15 72
28 0 72
15 39 72
39 28 72
24 23 73
37 56 73
56 24 73
23 70 73
70 37 73
13 43 74
50 13 74
34 50 74
43 51 74
51 60 74
60 34 74
19 18 75
18 57 75
57 42 75
42 71 75
71 19 75
6 5 76
56 6 76
5 53 76
53 56 76
