42
1 0 0
0 1 0
0 0 1
0.0714287 0.928571 0
0.142857 0.857143 0
0.214286 0.785714 0
0.285714 0.714286 0
0.357143 0.642857 0
0.428572 0.571428 0
0.5 0.5 0
0.571429 0.428571 0
0.642857 0.357143 0
0.714286 0.285714 0
0.785714 0.214286 0
0.857143 0.142857 0
0.928571 0.0714286 0
0 0.0714286 0.928571
0 0.142857 0.857143
0 0.214286 0.785714
0 0.285714 0.714286
0 0.357143 0.642857
0 0.428571 0.571429
0 0.5 0.5
0 0.571429 0.428571
0 0.642857 0.357143
0 0.714286 0.285714
0 0.785714 0.214286
0 0.857143 0.142857
0 0.928571 0.0714286
0.5 0 0.5
0.507499 0.121799 0.370702
0.381851 0.0650224 0.553127
0.386186 0.243579 0.370235
0.298413 0.39062 0.310968
0.570445 0.18005 0.249505
0.272975 0.460535 0.26649
0.36362 0.319833 0.316547
0.189066 0.605898 0.205036
0.719982 0.0322084 0.247809
0.242764 0.522688 0.234548
0.283084 0.178358 0.538559
0.154958 0.677958 0.167083


6 5 26
25 6 26
5 4 27
26 5 27
3 1 28
4 3 28
27 4 28
15 14 30
16 2 31
2 29 31
17 16 31
30 17 31
15 30 31
13 12 32
19 18 32
11 10 33
21 20 33
14 13 34
30 14 34
13 32 34
10 9 35
22 21 35
21 33 35
33 10 35
12 11 36
20 19 36
19 32 36
32 12 36
11 33 36
33 20 36
8 7 37
7 24 37
23 8 37
24 23 37
0 15 38
29 0 38
15 31 38
31 29 38
9 8 39
8 23 39
23 22 39
22 35 39
35 9 39
18 17 40
17 30 40
30 34 40
32 18 40
34 32 40
7 6 41
6 25 41
24 7 41
25 24 41
