125
1 0 0
0 1 0
0 0 1
0.0714287 0.928571 0
0.142857 0.857143 0
0.214286 0.785714 0
0.285714 0.714286 0
0.357143 0.642857 0
0.428572 0.571428 0
0.5 0.5 0
0.571429 0.428571 0
0.642857 0.357143 0
0.714286 0.285714 0
0.785714 0.214286 0
0.857143 0.142857 0
0.928571 0.0714286 0
0 0.0833334 0.916667
0 0.166667 0.833333
0 0.25 0.75
0 0.333333 0.666667
0 0.416667 0.583333
0 0.5 0.5
0 0.583333 0.416667
0 0.666667 0.333333
0 0.75 0.25
0 0.833333 0.166667
0 0.916667 0.0833333
0.947368 0 0.0526316
0.894737 0 0.105263
0.842105 0 0.157895
0.789474 0 0.210526
0.736842 0 0.263158
0.684211 0 0.315789
0.631579 0 0.368421
0.578947 0 0.421053
0.526316 0 0.473684
0.473684 0 0.526316
0.421053 0 0.578947
0.368421 0 0.631579
0.315789 0 0.684211
0.263158 0 0.736842
0.210526 0 0.789474
0.157895 0 0.842105
0.105263 0 0.894737
0.0526315 0 0.947369
0.631981 0.116405 0.251614
0.0981916 0.501716 0.400093
0.272901 0.15003 0.577068
0.156326 0.617959 0.225715
0.491495 0.384557 0.123948
0.787266 0.0856222 0.127111
0.410074 0.0802133 0.509713
0.659515 0.277349 0.0631364
0.0459987 0.323978 0.630023
0.677581 0.128206 0.194212
0.76089 0.178091 0.0610189
0.375176 0.275024 0.3498
0.171815 0.264825 0.56336
0.273645 0.62248 0.103875
0.0545863 0.150676 0.794737
0.820072 0.126054 0.0538735
0.687251 0.0549957 0.257753
0.325554 0.513627 0.160819
0.187345 0.34004 0.472615
0.492086 0.228834 0.27908
0.273789 0.528728 0.197483
0.122095 0.398976 0.478928
0.339232 0.578237 0.082531
0.585692 0.333257 0.081051
0.53816 0.0964173 0.365422
0.149854 0.189907 0.660239
0.250196 0.248396 0.501408
0.205167 0.651811 0.143022
0.586484 0.241005 0.17251
0.0717663 0.382699 0.545535
0.517319 0.283177 0.199503
0.117039 0.141835 0.741126
0.56293 0.172171 0.264899
0.337635 0.263004 0.399361
0.164964 0.769886 0.0651501
0.0978005 0.834052 0.0681476
0.229051 0.365547 0.405402
0.441249 0.349418 0.209333
0.4088 0.515588 0.0756125
0.262642 0.0757 0.661658
0.333342 0.15341 0.513248
0.073786 0.710259 0.215955
0.457856 0.194956 0.347187
0.0484915 0.235456 0.716052
0.455162 0.115362 0.429476
0.12785 0.729345 0.142804
0.883352 0.065632 0.0510158
0.525388 0.419945 0.0546675
0.354385 0.40323 0.242385
0.0531639 0.490996 0.45584
0.417281 0.299099 0.28362
0.114329 0.575687 0.309984
0.15745 0.451449 0.391101
0.288938 0.423326 0.287736
0.712056 0.178611 0.109333
0.204818 0.481859 0.313322
0.0492359 0.656589 0.294175
0.104736 0.0727074 0.822557
0.298393 0.258992 0.442615
0.198918 0.087612 0.71347
0.396048 0.448751 0.155201
0.0534616 0.0711899 0.875349
0.10401 0.283576 0.612414
0.465064 0.484292 0.0506436
0.288027 0.355147 0.356826
0.740121 0.0767877 0.183091
0.0564097 0.814218 0.129373
0.376954 0.177132 0.445914
0.607945 0.0744438 0.317611
0.222739 0.543571 0.23369
0.211449 0.156255 0.632296
0.357939 0.0722829 0.569778
0.052793 0.577769 0.369438
0.317038 0.0605873 0.622374
0.0405874 0.904006 0.0554066
0.228735 0.711719 0.0595465
0.844923 0.055178 0.0998994
0.643457 0.226155 0.130388
0.15883 0.0624919 0.778678
0.0887298 0.232102 0.679168


0 15 27
16 2 44
30 29 50
37 36 51
12 11 52
20 19 53
13 12 55
18 17 59
14 13 60
13 55 60
55 50 60
32 31 61
31 54 61
45 32 61
54 45 61
62 58 65
57 63 66
7 6 67
6 58 67
58 62 67
11 10 68
52 11 68
34 33 69
35 34 69
57 47 71
63 57 71
65 58 72
68 49 73
45 54 73
21 20 74
20 53 74
57 66 74
73 49 75
64 69 77
75 64 77
45 73 77
73 75 77
5 4 79
4 3 80
79 4 80
63 71 81
75 49 82
64 75 82
8 7 83
7 67 83
40 39 84
71 47 85
25 24 86
69 64 87
19 18 88
18 59 88
59 76 88
53 19 88
36 35 89
51 36 89
87 56 89
35 69 89
69 87 89
48 72 90
72 79 90
79 80 90
86 48 90
15 14 91
27 15 91
28 27 91
14 60 91
10 9 92
68 10 92
49 68 92
62 65 93
22 21 94
66 46 94
21 74 94
74 66 94
64 82 95
87 64 95
56 87 95
93 56 95
82 93 95
48 86 96
46 66 97
66 63 97
63 81 97
96 46 97
93 65 98
56 93 98
12 52 99
55 12 99
50 55 99
97 81 100
48 96 100
96 97 100
24 23 101
86 24 101
96 86 101
43 42 102
76 59 102
81 71 103
71 85 103
41 40 104
70 76 104
40 84 104
82 49 105
49 83 105
67 62 105
83 67 105
62 93 105
93 82 105
17 16 106
16 44 106
44 43 106
59 17 106
43 102 106
102 59 106
74 53 107
70 57 107
57 74 107
9 8 108
92 9 108
8 83 108
83 49 108
49 92 108
78 56 109
56 98 109
98 100 109
100 81 109
81 103 109
103 78 109
31 30 110
54 31 110
30 50 110
50 99 110
99 54 110
26 25 111
90 80 111
25 86 111
86 90 111
85 51 112
56 78 112
89 56 112
51 89 112
78 103 112
103 85 112
33 32 113
32 45 113
45 77 113
69 33 113
77 69 113
65 72 114
72 48 114
48 100 114
98 65 114
100 98 114
47 57 115
84 47 115
57 70 115
70 104 115
104 84 115
38 37 116
37 51 116
51 85 116
85 47 116
23 22 117
22 94 117
94 46 117
101 23 117
46 96 117
96 101 117
39 38 118
47 84 118
84 39 118
38 116 118
116 47 118
3 1 119
1 26 119
80 3 119
26 111 119
111 80 119
6 5 120
58 6 120
5 79 120
72 58 120
79 72 120
29 28 121
50 29 121
60 50 121
28 91 121
91 60 121
73 54 122
52 68 122
68 73 122
54 99 122
99 52 122
42 41 123
76 102 123
102 42 123
41 104 123
104 76 123
53 88 124
107 53 124
76 70 124
70 107 124
88 76 124
