59
1 0 0
0 1 0
0 0 1
0.0714287 0.928571 0
0.142857 0.857143 0
0.214286 0.785714 0
0.285714 0.714286 0
0.357143 0.642857 0
0.428572 0.571428 0
0.5 0.5 0
0.571429 0.428571 0
0.642857 0.357143 0
0.714286 0.285714 0
0.785714 0.214286 0
0.857143 0.142857 0
0.928571 0.0714286 0
0 0.0555556 0.944444
0 0.111111 0.888889
0 0.166667 0.833333
0 0.222222 0.777778
0 0.277778 0.722222
0 0.333333 0.666667
0 0.388889 0.611111
0 0.444444 0.555556
0 0.5 0.5
0 0.555556 0.444444
0 0.611111 0.388889
0 0.666667 0.333333
0 0.722222 0.277778
0 0.777778 0.222222
0 0.833333 0.166667
0 0.888889 0.111111
0 0.944444 0.0555556
0.8 0 0.2
0.6 0 0.4
0.4 0 0.6
0.2 0 0.8
0.583484 0.122973 0.293543
0.309063 0.139276 0.551662
0.360385 0.265569 0.374046
0.631253 0.0682406 0.300506
0.21654 0.639316 0.144144
0.276669 0.522433 0.200899
0.307585 0.227443 0.464972
0.279689 0.0658212 0.654489
0.569538 0.244342 0.18612
0.634123 0.165117 0.20076
0.276178 0.381109 0.342713
0.332 0.451504 0.216496
0.235173 0.198123 0.566704
0.471909 0.365548 0.162543
0.234164 0.58764 0.178196
0.440526 0.0705509 0.488924
0.174701 0.0465867 0.778712
0.159274 0.711987 0.128739
0.265938 0.338981 0.395081
0.212482 0.437608 0.34991
0.521973 0.303892 0.174135
0.124709 0.777173 0.0981177


5 4 31
30 5 31
3 1 32
4 3 32
31 4 32
16 2 36
0 15 37
19 18 38
22 21 39
33 0 40
0 37 40
37 38 40
8 7 41
7 28 41
28 27 41
10 9 42
26 25 42
21 20 43
39 21 43
18 17 44
35 34 44
14 13 45
15 14 46
37 15 46
43 37 46
39 43 46
14 45 46
45 39 46
11 10 48
25 24 48
10 42 48
42 25 48
20 19 49
19 38 49
43 20 49
38 37 49
37 43 49
12 11 50
11 48 50
9 8 51
27 26 51
8 41 51
41 27 51
26 42 51
42 9 51
34 33 52
33 40 52
40 38 52
44 34 52
38 18 52
18 44 52
17 16 53
16 36 53
36 35 53
35 44 53
44 17 53
7 6 54
6 29 54
28 7 54
29 28 54
22 39 55
39 45 55
23 22 55
47 23 55
24 23 56
23 47 56
47 50 56
48 24 56
50 48 56
13 12 57
45 13 57
12 50 57
50 47 57
55 45 57
47 55 57
6 5 58
5 30 58
29 6 58
30 29 58
