44
1 0 0
0 1 0
0 0 1
0.0714287 0.928571 0
0.142857 0.857143 0
0.214286 0.785714 0
0.285714 0.714286 0
0.357143 0.642857 0
0.428572 0.571428 0
0.5 0.5 0
0.571429 0.428571 0
0.642857 0.357143 0
0.714286 0.285714 0
0.785714 0.214286 0
0.857143 0.142857 0
0.928571 0.0714286 0
0 0.0625 0.9375
0 0.125 0.875
0 0.1875 0.8125
0 0.25 0.75
0 0.3125 0.6875
0 0.375 0.625
0 0.4375 0.5625
0 0.5 0.5
0 0.5625 0.4375
0 0.625 0.375
0 0.6875 0.3125
0 0.75 0.25
0 0.8125 0.1875
0 0.875 0.125
0 0.9375 0.0625
0.666667 0 0.333333
0.333333 0 0.666667
0.6361 0.101831 0.262069
0.291059 0.13344 0.575501
0.429066 0.0611212 0.509813
0.386464 0.262636 0.3509
0.277694 0.483213 0.239092
0.358445 0.348903 0.292652
0.213324 0.628387 0.158289
0.35761 0.186954 0.455436
0.313224 0.420954 0.265822
0.226269 0.564379 0.209352
0.165906 0.697442 0.136652


6 5 28
27 6 28
5 4 29
28 5 29
3 1 30
4 3 30
29 4 30
16 2 32
15 14 33
0 15 33
18 17 34
17 16 35
16 32 35
32 31 35
31 0 35
0 33 35
34 17 35
33 34 35
14 13 36
20 19 36
13 12 36
21 20 36
10 9 37
9 24 37
24 23 37
12 11 38
22 21 38
21 36 38
36 12 38
8 7 39
7 26 39
25 8 39
26 25 39
33 14 40
19 18 40
18 34 40
34 33 40
14 36 40
36 19 40
11 10 41
23 22 41
10 37 41
37 23 41
22 38 41
38 11 41
9 8 42
8 25 42
24 9 42
25 24 42
7 6 43
6 27 43
26 7 43
27 26 43
