35
1 0 0
0 1 0
0 0 1
0.0714285 0.928571 0
0.142857 0.857143 0
0.214286 0.785714 0
0.285714 0.714286 0
0.357143 0.642857 0
0.428571 0.571429 0
0.5 0.5 0
0.571429 0.428571 0
0.642857 0.357143 0
0.714286 0.285714 0
0.785714 0.214286 0
0.857143 0.142857 0
0.928571 0.0714286 0
0.928571 0 0.0714286
0.857143 0 0.142857
0.785714 0 0.214286
0.714286 0 0.285714
0.642857 0 0.357143
0.571429 0 0.428571
0.5 0 0.5
0.428571 0 0.571429
0.357143 0 0.642857
0.285714 0 0.714286
0.214286 0 0.785714
0.142857 0 0.857143
0.0714286 0 0.928571
0.0348527 0.445655 0.519492
0.106322 0.446441 0.447236
0.178051 0.38927 0.43268
0.249063 0.374446 0.376491
0.320916 0.344339 0.334744
0.392628 0.300472 0.3069


0 15 16
15 14 17
16 15 17
14 13 18
17 14 18
13 12 19
18 13 19
12 11 20
19 12 20
11 10 21
20 11 21
10 9 22
21 10 22
9 8 23
22 9 23
1 2 29
2 28 29
3 1 29
28 3 29
4 3 30
3 28 30
27 4 30
28 27 30
5 4 31
4 27 31
26 5 31
27 26 31
6 5 32
5 26 32
25 6 32
26 25 32
7 6 33
6 25 33
24 7 33
25 24 33
8 7 34
7 24 34
23 8 34
24 23 34
