126
1 0 0
0 1 0
0 0 1
0.0714285 0.928571 0
0.142857 0.857143 0
0.214286 0.785714 0
0.285714 0.714286 0
0.357143 0.642857 0
0.428571 0.571429 0
0.5 0.5 0
0.571429 0.428571 0
0.642857 0.357143 0
0.714286 0.285714 0
0.785714 0.214286 0
0.857143 0.142857 0
0.928571 0.0714286 0
0 0.0666667 0.933333
0 0.133333 0.866667
0 0.2 0.8
0 0.266667 0.733333
0 0.333333 0.666667
0 0.4 0.6
0 0.466667 0.533333
0 0.533333 0.466667
0 0.6 0.4
0 0.666667 0.333333
0 0.733333 0.266667
0 0.8 0.2
0 0.866667 0.133333
0 0.933333 0.0666667
0.928571 0 0.0714286
0.857143 0 0.142857
0.785714 0 0.214286
0.714286 0 0.285714
0.642857 0 0.357143
0.571429 0 0.428571
0.5 0 0.5
0.428571 0 0.571429
0.357143 0 0.642857
0.285714 0 0.714286
0.214286 0 0.785714
0.142857 0 0.857143
0.0714285 0 0.928571
0.637895 0.11415 0.247955
0.104701 0.485668 0.409632
0.288939 0.12756 0.583501
0.146118 0.618008 0.235874
0.478574 0.411213 0.110213
0.790927 0.0608678 0.148205
0.427431 0.0632604 0.509309
0.65646 0.26466 0.0788808
0.0574644 0.336373 0.606162
0.750201 0.185544 0.0642546
0.751451 0.12733 0.121219
0.395792 0.25987 0.344338
0.170974 0.249812 0.579214
0.279039 0.622763 0.0981984
0.0626746 0.136524 0.800802
0.31948 0.537632 0.142888
0.924039 0.0391611 0.0367997
0.369242 0.127767 0.50299
0.198775 0.341223 0.460001
0.488348 0.252694 0.258958
0.193604 0.530059 0.276337
0.104953 0.40988 0.485167
0.575526 0.331762 0.092712
0.547222 0.0743641 0.378414
0.148293 0.196319 0.655388
0.24825 0.257198 0.494552
0.354049 0.579968 0.065983
0.185908 0.675374 0.138719
0.352707 0.0642693 0.583023
0.579328 0.252136 0.168536
0.286313 0.489007 0.22468
0.0655054 0.385638 0.548856
0.131595 0.135236 0.733169
0.567345 0.181752 0.250903
0.167029 0.767203 0.065768
0.659775 0.180134 0.160091
0.089027 0.823563 0.0874095
0.23689 0.385737 0.377372
0.440874 0.333647 0.22548
0.84288 0.0965425 0.0605771
0.414856 0.506625 0.0785181
0.276289 0.06597 0.657741
0.0834062 0.709693 0.206901
0.0546127 0.788109 0.157278
0.714212 0.0515655 0.234223
0.368593 0.205662 0.425746
0.494528 0.457031 0.0484406
0.176566 0.474858 0.348576
0.298018 0.296514 0.405468
0.480894 0.173641 0.345464
0.450282 0.121348 0.42837
0.508635 0.323952 0.167413
0.0839086 0.269652 0.64644
0.133778 0.0678279 0.798394
0.355014 0.401059 0.243927
0.401056 0.315398 0.283547
0.431412 0.391634 0.176954
0.248776 0.698465 0.052759
0.119688 0.747956 0.132356
0.203846 0.0658035 0.73035
0.322486 0.350824 0.32669
0.497935 0.0524657 0.449599
0.0676752 0.203503 0.728822
0.108156 0.560199 0.331646
0.0681597 0.648622 0.283218
0.635069 0.0566793 0.308251
0.260477 0.440897 0.298626
0.0669847 0.0681334 0.864882
0.0485099 0.544606 0.406884
0.869939 0.0408474 0.0892132
0.207724 0.132202 0.660074
0.232349 0.577773 0.189878
0.379136 0.460241 0.160622
0.162329 0.420648 0.417023
0.306657 0.185009 0.508334
0.0501635 0.482327 0.46751
0.566171 0.119757 0.314073
0.707576 0.103353 0.189071
0.230197 0.192077 0.577726
0.553806 0.395064 0.0511301
0.043767 0.605789 0.350444
0.0592343 0.885057 0.0557085
0.137405 0.316849 0.545745


3 1 29
16 2 42
32 31 48
37 36 49
12 11 50
21 20 51
14 13 52
13 12 52
12 50 52
18 17 57
0 15 59
30 0 59
50 11 65
35 34 66
8 7 69
7 56 69
56 58 69
38 37 71
37 49 71
49 60 71
60 45 71
50 65 72
22 21 74
64 22 74
21 51 74
72 62 76
5 4 77
52 50 78
53 52 78
50 72 78
72 76 78
76 43 78
77 4 79
53 48 82
14 52 82
52 53 82
15 14 82
59 15 82
9 8 83
8 69 83
69 58 83
39 38 84
38 71 84
71 45 84
27 26 85
46 70 85
28 27 86
79 28 86
27 85 86
33 32 87
32 48 87
10 9 89
9 83 89
83 47 89
61 68 91
80 61 91
68 88 91
88 54 91
62 54 92
76 62 92
54 88 92
60 49 93
66 92 93
88 60 93
92 88 93
62 72 94
81 62 94
65 47 94
72 65 94
20 19 95
51 20 95
67 55 95
41 40 96
75 57 96
54 62 98
62 81 98
81 97 98
81 94 99
94 47 99
97 81 99
7 6 100
56 7 100
70 56 100
6 5 100
5 77 100
77 70 100
70 77 101
85 70 101
86 85 101
77 79 101
79 86 101
40 39 102
39 84 102
75 96 102
96 40 102
80 91 103
98 97 103
91 54 103
54 98 103
36 35 104
35 66 104
49 36 104
93 49 104
66 93 104
19 18 105
18 57 105
57 75 105
75 67 105
67 95 105
95 19 105
63 46 106
44 90 106
90 63 106
26 25 107
85 26 107
46 85 107
106 46 107
34 33 108
66 34 108
33 87 108
87 43 108
73 63 109
63 90 109
90 80 109
97 73 109
80 103 109
103 97 109
17 16 110
16 42 110
42 41 110
41 96 110
57 17 110
96 57 110
24 23 111
44 106 111
31 30 112
30 59 112
59 82 112
48 31 112
82 48 112
84 45 113
67 75 113
75 102 113
102 84 113
58 56 114
46 63 114
56 70 114
70 46 114
63 73 114
73 58 114
58 73 115
73 97 115
97 99 115
47 83 115
99 47 115
83 58 115
44 64 116
64 61 116
61 80 116
80 90 116
90 44 116
45 60 117
60 88 117
88 68 117
23 22 118
22 64 118
64 44 118
44 111 118
111 23 118
76 92 119
92 66 119
43 76 119
108 43 119
66 108 119
48 53 120
87 48 120
53 78 120
78 43 120
43 87 120
113 45 121
55 67 121
67 113 121
45 117 121
68 55 121
117 68 121
11 10 122
65 11 122
47 65 122
10 89 122
89 47 122
25 24 123
106 107 123
107 25 123
24 111 123
111 106 123
4 3 124
79 4 124
3 29 124
29 28 124
28 79 124
55 68 125
68 61 125
74 51 125
61 64 125
64 74 125
51 95 125
95 55 125
