76
1 0 0
0 1 0
0 0 1
0.0714285 0.928571 0
0.142857 0.857143 0
0.214286 0.785714 0
0.285714 0.714286 0
0.357143 0.642857 0
0.428571 0.571429 0
0.5 0.5 0
0.571429 0.428571 0
0.642857 0.357143 0
0.714286 0.285714 0
0.785714 0.214286 0
0.857143 0.142857 0
0.928571 0.0714286 0
0 0.0526316 0.947368
0 0.105263 0.894737
0 0.157895 0.842105
0 0.210526 0.789474
0 0.263158 0.736842
0 0.315789 0.684211
0 0.368421 0.631579
0 0.421053 0.578947
0 0.473684 0.526316
0 0.526316 0.473684
0 0.578947 0.421053
0 0.631579 0.368421
0 0.684211 0.315789
0 0.736842 0.263158
0 0.789474 0.210526
0 0.842105 0.157895
0 0.894737 0.105263
0 0.947368 0.0526316
0.857143 0 0.142857
0.714286 0 0.285714
0.571429 0 0.428571
0.428571 0 0.571429
0.285714 0 0.714286
0.142857 0 0.857143
0.593399 0.125033 0.281568
0.266216 0.135467 0.598316
0.170802 0.607192 0.222006
0.410822 0.44278 0.146398
0.603811 0.289872 0.106318
0.706082 0.132451 0.161467
0.418986 0.256215 0.324798
0.644914 0.0652912 0.289794
0.18991 0.239217 0.570873
0.252691 0.634841 0.112467
0.346445 0.514576 0.138979
0.201791 0.325175 0.473034
0.189764 0.53956 0.270676
0.185118 0.387255 0.427627
0.586298 0.246229 0.167474
0.154003 0.128562 0.717435
0.407988 0.340542 0.25147
0.153672 0.29561 0.550719
0.48853 0.0700312 0.441439
0.214732 0.428909 0.356359
0.401686 0.213675 0.384639
0.345432 0.0657061 0.588862
0.460608 0.374982 0.16441
0.16316 0.712412 0.124428
0.802391 0.0594236 0.138185
0.398584 0.149209 0.452207
0.608656 0.19099 0.200354
0.213326 0.479381 0.307293
0.190209 0.0690251 0.740766
0.0901987 0.842935 0.066866
0.357686 0.313379 0.328935
0.170213 0.198597 0.631191
0.332873 0.567337 0.09979
0.130022 0.0415129 0.828465
0.131552 0.772199 0.0962483
0.120569 0.675412 0.204019


3 1 33
4 3 33
32 4 33
16 2 39
28 27 42
11 10 43
13 12 44
15 14 45
35 34 47
21 20 48
8 7 49
10 9 50
43 10 50
23 22 51
27 26 52
42 27 52
50 42 52
43 50 52
24 23 53
23 51 53
14 13 54
13 44 54
19 18 55
41 19 55
54 44 56
22 21 57
51 22 57
21 48 57
36 35 58
35 47 58
25 24 59
24 53 59
53 56 59
40 45 60
57 48 60
46 51 60
51 57 60
37 36 61
41 55 61
36 58 61
58 41 61
12 11 62
44 12 62
11 43 62
56 44 62
59 56 62
7 6 63
30 29 63
49 7 63
34 0 64
0 15 64
15 45 64
45 40 64
40 47 64
47 34 64
47 40 65
58 47 65
41 58 65
40 60 65
60 48 65
45 14 66
14 54 66
54 46 66
46 60 66
60 45 66
26 25 67
52 26 67
43 52 67
25 59 67
59 62 67
62 43 67
18 17 68
55 18 68
38 37 68
37 61 68
61 55 68
5 4 69
4 32 69
31 5 69
32 31 69
51 46 70
53 51 70
56 53 70
46 54 70
54 56 70
20 19 71
19 41 71
48 20 71
41 65 71
65 48 71
9 8 72
8 49 72
49 42 72
42 50 72
50 9 72
17 16 73
16 39 73
39 38 73
38 68 73
68 17 73
6 5 74
5 31 74
31 30 74
30 63 74
63 6 74
29 28 75
28 42 75
42 49 75
49 63 75
63 29 75
