143
1 0 0
0 1 0
0 0 1
0.0714285 0.928571 0
0.142857 0.857143 0
0.214286 0.785714 0
0.285714 0.714286 0
0.357143 0.642857 0
0.428571 0.571429 0
0.5 0.5 0
0.571429 0.428571 0
0.642857 0.357143 0
0.714286 0.285714 0
0.785714 0.214286 0
0.857143 0.142857 0
0.928571 0.0714286 0
0 0.0588236 0.941176
0 0.117647 0.882353
0 0.176471 0.823529
0 0.235294 0.764706
0 0.294118 0.705882
0 0.352941 0.647059
0 0.411765 0.588235
0 0.470588 0.529412
0 0.529412 0.470588
0 0.588235 0.411765
0 0.647059 0.352941
0 0.705882 0.294118
0 0.764706 0.235294
0 0.82353 0.176471
0 0.882353 0.117647
0 0.941177 0.0588235
0.933333 0 0.0666667
0.866667 0 0.133333
0.8 0 0.2
0.733333 0 0.266667
0.666667 0 0.333333
0.6 0 0.4
0.533333 0 0.466667
0.466667 0 0.533333
0.4 0 0.6
0.333333 0 0.666667
0.266667 0 0.733333
0.2 0 0.8
0.133333 0 0.866667
0.0666667 0 0.933333
0.791864 0.0483534 0.159782
0.631272 0.115979 0.252749
0.105971 0.493825 0.400204
0.282263 0.126876 0.590861
0.150859 0.615568 0.233573
0.494233 0.398735 0.107032
0.41841 0.0627848 0.518805
0.655643 0.274939 0.0694185
0.680576 0.130533 0.188891
0.771911 0.162881 0.0652075
0.744293 0.11381 0.141897
0.396853 0.25576 0.347387
0.160727 0.254263 0.58501
0.0414326 0.302278 0.65629
0.285155 0.625597 0.0892484
0.316297 0.535589 0.148114
0.927441 0.0377879 0.0347713
0.384137 0.134443 0.48142
0.186631 0.340827 0.472542
0.476859 0.235334 0.287807
0.185173 0.531146 0.283681
0.116825 0.394595 0.488579
0.581866 0.33147 0.0866641
0.539546 0.0820962 0.378357
0.148966 0.194005 0.657029
0.249863 0.259354 0.490782
0.357998 0.578349 0.0636521
0.199004 0.685454 0.115541
0.344767 0.0558049 0.599428
0.591846 0.260253 0.1479
0.281122 0.484646 0.234232
0.0783079 0.372252 0.54944
0.136682 0.134283 0.729035
0.552016 0.18155 0.266434
0.158464 0.769922 0.0716143
0.0896741 0.835879 0.0744465
0.231353 0.398959 0.369689
0.158307 0.417636 0.424056
0.818867 0.0801384 0.100995
0.0727126 0.79824 0.129047
0.441788 0.338365 0.219847
0.0780644 0.319258 0.602678
0.395826 0.514335 0.0898391
0.269721 0.0663706 0.663909
0.0759535 0.697444 0.226603
0.228286 0.196095 0.575619
0.718917 0.0601998 0.220883
0.370884 0.203596 0.425519
0.481951 0.460879 0.0571696
0.229228 0.610339 0.160433
0.173161 0.476337 0.350502
0.315074 0.279004 0.405922
0.478628 0.172189 0.349184
0.451418 0.119305 0.429277
0.633874 0.0551076 0.311018
0.0611186 0.888749 0.050132
0.512914 0.329623 0.157463
0.133262 0.0689206 0.797817
0.351141 0.395271 0.253588
0.316118 0.344238 0.339644
0.411748 0.307753 0.2805
0.427351 0.39648 0.176168
0.678775 0.195975 0.125251
0.249699 0.701065 0.0492356
0.559255 0.393901 0.0468445
0.200031 0.0677723 0.732196
0.51572 0.262612 0.221667
0.0647588 0.0900442 0.845197
0.499331 0.047573 0.453096
0.0622668 0.202546 0.735187
0.06371 0.644723 0.291567
0.0844954 0.565582 0.349923
0.409292 0.462008 0.128699
0.260088 0.438118 0.301794
0.862149 0.0935161 0.0443351
0.209287 0.134363 0.65635
0.0642965 0.471572 0.464132
0.0459577 0.53516 0.418882
0.0735531 0.136783 0.789663
0.233884 0.553641 0.212475
0.0536744 0.051219 0.895107
0.120836 0.728777 0.150388
0.309848 0.178237 0.511915
0.0509932 0.762546 0.186461
0.722943 0.231395 0.0456621
0.348152 0.107753 0.544095
0.563633 0.121289 0.315078
0.148836 0.317703 0.533461
0.243003 0.335799 0.421198
0.608307 0.189843 0.20185
0.11538 0.594508 0.290112
0.154877 0.664722 0.180401
0.881821 0.0390082 0.0791705
0.0850648 0.252495 0.66244
0.432906 0.528349 0.0387455
0.353552 0.454972 0.191476
0.0504649 0.427981 0.521554


3 1 31
16 2 45
34 33 46
40 39 52
12 11 53
14 13 55
21 20 59
0 15 62
32 0 62
53 11 68
8 7 72
7 60 72
60 61 72
41 40 74
40 52 74
53 68 75
5 4 80
80 4 81
67 64 83
55 56 84
56 46 84
46 33 84
30 29 85
81 30 85
80 81 85
22 21 87
77 22 87
21 59 87
72 61 88
42 41 89
41 74 89
74 49 89
28 27 90
58 70 91
71 58 91
35 34 92
34 46 92
54 47 92
46 56 92
56 54 92
10 9 94
61 60 95
60 73 95
48 83 96
83 82 96
71 93 97
93 57 97
65 57 98
79 65 98
57 93 98
63 52 99
69 98 99
93 63 99
98 93 99
36 35 100
37 36 100
69 37 100
35 92 100
92 47 100
4 3 101
81 4 101
3 31 101
31 30 101
30 81 101
68 51 102
75 68 102
44 43 103
97 57 105
57 65 106
105 57 106
86 104 106
104 105 106
86 102 107
102 51 107
104 86 107
54 56 108
53 75 108
56 55 108
7 6 109
60 7 109
73 60 109
6 5 109
5 80 109
80 73 109
11 10 110
68 11 110
51 68 110
10 94 110
94 51 110
42 89 111
43 42 111
103 43 111
78 103 111
65 79 112
75 102 112
102 86 112
86 106 112
106 65 112
18 17 113
44 103 113
39 38 114
52 39 114
38 37 114
37 69 114
99 52 114
69 99 114
20 19 115
19 18 115
78 70 115
27 26 116
50 90 116
90 27 116
48 96 117
96 66 117
26 25 117
116 26 117
51 94 118
94 88 118
107 51 118
88 61 118
76 66 119
66 96 119
96 82 119
104 76 119
82 105 119
105 104 119
15 14 120
62 15 120
14 55 120
55 84 120
89 49 121
70 78 121
49 91 121
91 70 121
78 111 121
111 89 121
24 23 122
67 83 122
83 48 122
25 24 123
48 117 123
117 25 123
24 122 123
122 48 123
18 113 124
103 78 124
113 103 124
78 115 124
115 18 124
50 66 125
66 76 125
95 50 125
76 61 125
61 95 125
17 16 126
113 17 126
16 45 126
45 44 126
44 113 126
73 80 127
80 85 127
91 49 128
71 91 128
63 93 128
93 71 128
29 28 129
85 29 129
127 85 129
28 90 129
90 127 129
13 12 130
12 53 130
55 13 130
53 108 130
108 55 130
52 63 131
49 74 131
74 52 131
63 128 131
128 49 131
79 98 132
98 69 132
47 79 132
100 47 132
69 100 132
58 71 133
71 64 133
64 67 133
67 77 133
77 87 133
87 58 133
82 83 134
83 64 134
64 71 134
71 97 134
97 105 134
105 82 134
47 54 135
79 47 135
54 108 135
108 75 135
75 112 135
112 79 135
66 50 136
50 116 136
116 117 136
117 66 136
90 50 137
127 90 137
50 95 137
95 73 137
73 127 137
33 32 138
84 33 138
32 62 138
62 120 138
120 84 138
70 58 139
58 87 139
87 59 139
59 20 139
20 115 139
115 70 139
9 8 140
8 72 140
72 88 140
88 94 140
94 9 140
76 104 141
104 107 141
61 76 141
118 61 141
107 118 141
23 22 142
22 77 142
77 67 142
67 122 142
122 23 142
