40
1 0 0
0 1 0
0 0 1
0.0714285 0.928571 0
0.142857 0.857143 0
0.214286 0.785714 0
0.285714 0.714286 0
0.357143 0.642857 0
0.428571 0.571429 0
0.5 0.5 0
0.571429 0.428571 0
0.642857 0.357143 0
0.714286 0.285714 0
0.785714 0.214286 0
0.857143 0.142857 0
0.928571 0.0714286 0
0 0.0666667 0.933333
0 0.133333 0.866667
0 0.2 0.8
0 0.266667 0.733333
0 0.333333 0.666667
0 0.4 0.6
0 0.466667 0.533333
0 0.533333 0.466667
0 0.6 0.4
0 0.666667 0.333333
0 0.733333 0.266667
0 0.8 0.2
0 0.866667 0.133333
0 0.933333 0.0666667
0.5 0 0.5
0.474414 0.131196 0.394391
0.480972 0.065461 0.453567
0.387676 0.261274 0.35105
0.441735 0.197837 0.360428
0.354061 0.348178 0.297762
0.316583 0.402902 0.280514
0.26655 0.48206 0.25139
0.221706 0.550701 0.227593
0.204128 0.619296 0.176576


7 6 26
25 7 26
6 5 27
26 6 27
5 4 28
27 5 28
3 1 29
4 3 29
28 4 29
16 2 30
15 14 31
18 17 31
0 15 32
30 0 32
17 16 32
16 30 32
15 31 32
31 17 32
13 12 33
12 20 33
20 19 33
18 31 34
31 14 34
14 13 34
13 33 34
19 18 34
33 19 34
12 11 35
20 12 35
21 20 35
11 10 36
10 22 36
22 21 36
21 35 36
35 11 36
10 9 37
9 23 37
22 10 37
23 22 37
9 8 38
8 24 38
23 9 38
24 23 38
8 7 39
7 25 39
24 8 39
25 24 39
