149
1 0 0
0 1 0
0 0 1
0.0714285 0.928571 0
0.142857 0.857143 0
0.214286 0.785714 0
0.285714 0.714286 0
0.357143 0.642857 0
0.428571 0.571429 0
0.5 0.5 0
0.571429 0.428571 0
0.642857 0.357143 0
0.714286 0.285714 0
0.785714 0.214286 0
0.857143 0.142857 0
0.928571 0.0714286 0
0 0.0588235 0.941177
0 0.117647 0.882353
0 0.176471 0.823529
0 0.235294 0.764706
0 0.294118 0.705882
0 0.352941 0.647059
0 0.411765 0.588235
0 0.470588 0.529412
0 0.529412 0.470588
0 0.588235 0.411765
0 0.647059 0.352941
0 0.705882 0.294118
0 0.764706 0.235294
0 0.823529 0.176471
0 0.882353 0.117647
0 0.941177 0.0588235
0.941176 0 0.0588235
0.882353 0 0.117647
0.823529 0 0.176471
0.764706 0 0.235294
0.705882 0 0.294118
0.647059 0 0.352941
0.588235 0 0.411765
0.529412 0 0.470588
0.470588 0 0.529412
0.411765 0 0.588235
0.352941 0 0.647059
0.294118 0 0.705882
0.235294 0 0.764706
0.176471 0 0.823529
0.117647 0 0.882353
0.0588235 0 0.941177
0.626976 0.117911 0.255113
0.0980373 0.489809 0.412154
0.285623 0.127173 0.587204
0.155471 0.615915 0.228614
0.495002 0.404585 0.100413
0.804293 0.0554193 0.140288
0.437921 0.0606433 0.501436
0.668772 0.270319 0.0609098
0.683348 0.126001 0.190651
0.747795 0.180468 0.071737
0.740559 0.124905 0.134536
0.401988 0.255593 0.342419
0.160035 0.246694 0.593271
0.0429489 0.296766 0.660285
0.274491 0.625806 0.0997037
0.0639355 0.126988 0.809076
0.327403 0.527056 0.145541
0.379147 0.132297 0.488556
0.196422 0.34112 0.462458
0.472515 0.248785 0.2787
0.281172 0.500374 0.218454
0.169769 0.539305 0.290926
0.119347 0.400079 0.480573
0.358131 0.575536 0.0663331
0.588747 0.320226 0.0910271
0.88847 0.0551207 0.0564092
0.546664 0.080489 0.372847
0.152697 0.197804 0.649499
0.250929 0.253196 0.495875
0.187917 0.698205 0.113879
0.240962 0.707921 0.051117
0.336973 0.0562395 0.606787
0.581811 0.259709 0.15848
0.0740575 0.383418 0.542525
0.129679 0.123987 0.746334
0.550422 0.183249 0.266329
0.338143 0.264267 0.39759
0.160371 0.775841 0.0637878
0.088495 0.835923 0.0755817
0.231503 0.385632 0.382865
0.16093 0.42035 0.418719
0.088519 0.782772 0.128709
0.435117 0.344458 0.220425
0.0786762 0.322627 0.598697
0.411852 0.491017 0.097131
0.268341 0.0748753 0.656784
0.134126 0.693168 0.172705
0.072824 0.690798 0.236378
0.212973 0.0592328 0.727794
0.233396 0.21141 0.555194
0.10727 0.191896 0.700833
0.492475 0.458635 0.0488898
0.227128 0.603019 0.169853
0.17277 0.474624 0.352606
0.696903 0.0579651 0.245132
0.503497 0.0594032 0.4371
0.483391 0.173438 0.343171
0.629898 0.0611518 0.30895
0.509652 0.333996 0.156352
0.0971732 0.254153 0.648674
0.658348 0.212647 0.129005
0.440739 0.132161 0.4271
0.817459 0.0911668 0.0913745
0.145163 0.0638334 0.791003
0.338314 0.400574 0.261112
0.421556 0.424262 0.154182
0.315187 0.341006 0.343807
0.336928 0.207327 0.455746
0.395759 0.315897 0.288344
0.108217 0.612997 0.278786
0.0560883 0.757613 0.186298
0.525153 0.259067 0.21578
0.563106 0.390041 0.0468535
0.102134 0.558829 0.339037
0.0563604 0.45571 0.48793
0.309402 0.167852 0.522745
0.0532349 0.048145 0.89862
0.0590606 0.888507 0.0524324
0.0529445 0.641291 0.305765
0.253137 0.449571 0.297293
0.184874 0.129189 0.685937
0.563599 0.123992 0.312409
0.1605 0.306359 0.533141
0.754099 0.0566686 0.189232
0.608619 0.187834 0.203546
0.0562077 0.183919 0.759873
0.271491 0.30052 0.427988
0.314549 0.644144 0.0413075
0.358822 0.442027 0.199151
0.729141 0.236743 0.0341162
0.0454221 0.523825 0.430753
0.21611 0.163646 0.620244
0.217907 0.541491 0.240602
0.835831 0.126595 0.0375741
0.363179 0.0867634 0.550057
0.402042 0.20034 0.397618
0.431137 0.527856 0.0410074
0.0501703 0.579203 0.370626
0.945813 0.0291471 0.0250399
0.0848427 0.0673399 0.847817
0.0476727 0.243787 0.70854


3 1 31
16 2 47
34 33 53
40 39 54
41 40 54
12 11 55
21 20 61
18 17 63
8 7 71
62 64 71
55 11 72
33 32 73
38 37 74
6 5 78
77 62 78
42 41 79
23 22 81
5 4 85
77 78 85
78 5 85
85 4 86
49 70 88
70 66 88
66 87 88
30 29 89
86 30 89
77 85 89
85 86 89
22 21 91
81 22 91
21 61 91
71 64 92
43 42 93
42 79 93
79 50 93
77 89 94
28 27 95
51 94 95
44 43 96
43 93 96
10 9 99
92 52 99
64 62 100
68 64 100
62 77 100
77 94 100
94 51 100
49 88 101
88 87 101
36 35 102
56 48 102
39 38 103
38 74 103
54 39 103
67 59 104
83 67 104
37 36 105
74 37 105
36 102 105
102 48 105
72 52 106
80 72 106
75 60 107
60 91 107
91 61 107
98 75 107
57 55 108
58 57 108
56 58 108
55 72 108
72 80 108
65 54 109
54 103 109
103 74 109
74 104 109
57 58 110
58 53 110
53 33 110
33 73 110
82 63 111
45 44 111
44 96 111
96 82 111
92 64 113
52 92 113
90 106 113
106 52 113
84 59 114
65 109 115
59 67 116
67 90 116
90 112 116
112 114 116
114 59 116
69 51 117
51 95 117
29 28 118
89 29 118
28 95 118
94 89 118
95 94 118
67 83 119
80 106 119
90 67 119
106 90 119
11 10 120
72 11 120
52 72 120
10 99 120
99 52 120
49 101 121
101 69 121
69 117 121
24 23 122
70 49 122
23 81 122
81 70 122
97 50 123
76 97 123
115 76 123
65 115 123
17 16 124
16 47 124
47 46 124
4 3 125
86 4 125
3 31 125
31 30 125
30 86 125
27 26 126
95 27 126
117 95 126
121 117 126
112 68 127
69 101 127
101 87 127
87 114 127
114 112 127
82 96 128
96 93 128
75 98 128
98 82 128
83 104 129
104 74 129
48 83 129
105 48 129
74 105 129
76 66 130
66 70 130
70 81 130
81 91 130
91 60 130
60 97 130
97 76 130
35 34 131
34 53 131
53 58 131
58 56 131
56 102 131
102 35 131
48 56 132
83 48 132
56 108 132
108 80 132
80 119 132
119 83 132
19 18 133
18 63 133
63 82 133
82 98 133
66 76 134
87 66 134
84 114 134
114 87 134
76 115 134
115 84 134
62 71 135
71 7 135
7 6 135
6 78 135
78 62 135
64 68 136
113 64 136
68 112 136
112 90 136
90 113 136
13 12 137
57 13 137
12 55 137
55 57 137
25 24 138
24 122 138
122 49 138
60 75 139
97 60 139
50 97 139
75 128 139
93 50 139
128 93 139
51 69 140
68 100 140
100 51 140
69 127 140
127 68 140
14 13 141
13 57 141
15 14 141
73 15 141
57 110 141
110 73 141
41 54 142
79 41 142
54 65 142
50 79 142
123 50 142
65 123 142
59 84 143
104 59 143
109 104 143
84 115 143
115 109 143
8 71 144
71 92 144
9 8 144
99 9 144
92 99 144
26 25 145
121 126 145
126 26 145
49 121 145
138 49 145
25 138 145
0 15 146
32 0 146
15 73 146
73 32 146
46 45 147
45 111 147
111 63 147
124 46 147
63 17 147
17 124 147
61 20 148
98 107 148
107 61 148
20 19 148
19 133 148
133 98 148
