106
1 0 0
0 1 0
0 0 1
0.0714287 0.928571 0
0.142857 0.857143 0
0.214286 0.785714 0
0.285714 0.714286 0
0.357143 0.642857 0
0.428572 0.571428 0
0.5 0.5 0
0.571429 0.428571 0
0.642857 0.357143 0
0.714286 0.285714 0
0.785714 0.214286 0
0.857143 0.142857 0
0.928571 0.0714286 0
0 0.0588235 0.941176
0 0.117647 0.882353
0 0.176471 0.823529
0 0.235294 0.764706
0 0.294118 0.705882
0 0.352941 0.647059
0 0.411765 0.588235
0 0.470588 0.529412
0 0.529412 0.470588
0 0.588235 0.411765
0 0.647059 0.352941
0 0.705882 0.294118
0 0.764706 0.235294
0 0.823529 0.176471
0 0.882353 0.117647
0 0.941176 0.0588235
0.9 0 0.1
0.8 0 0.2
0.7 0 0.3
0.6 0 0.4
0.5 0 0.5
0.4 0 0.6
0.3 0 0.7
0.2 0 0.8
0.1 0 0.9
0.62326 0.113223 0.263516
0.103042 0.487415 0.409543
0.296945 0.124693 0.578362
0.180546 0.605145 0.214309
0.491351 0.399784 0.108865
0.781701 0.062451 0.155848
0.423431 0.0721584 0.504411
0.65918 0.261685 0.0791348
0.725686 0.183619 0.0906953
0.722229 0.127482 0.150288
0.399399 0.254546 0.346055
0.175097 0.25379 0.571113
0.267679 0.632325 0.0999964
0.68741 0.0511973 0.261393
0.282851 0.532773 0.184376
0.3954 0.131444 0.473156
0.181182 0.327472 0.491346
0.486009 0.251795 0.262196
0.157365 0.53986 0.302775
0.107527 0.41017 0.482304
0.576039 0.335332 0.0886294
0.549957 0.0707313 0.379312
0.168672 0.183307 0.648022
0.343493 0.0496886 0.606819
0.579101 0.248358 0.172541
0.281683 0.482481 0.235836
0.131284 0.128762 0.739954
0.170429 0.765053 0.064518
0.609352 0.182826 0.207822
0.259809 0.256895 0.483296
0.0929024 0.827009 0.0800887
0.22753 0.391547 0.380924
0.465272 0.33175 0.202978
0.0908084 0.307876 0.601315
0.147689 0.682942 0.169369
0.0908763 0.761113 0.148011
0.891981 0.04393 0.0640891
0.368281 0.208623 0.423096
0.473842 0.463667 0.0624911
0.496639 0.184579 0.318782
0.0612446 0.888837 0.0499182
0.124458 0.072759 0.802783
0.346822 0.407882 0.245296
0.213724 0.464405 0.321871
0.275777 0.191936 0.532287
0.215677 0.703179 0.0811445
0.483454 0.13644 0.380105
0.392968 0.523647 0.0833848
0.23191 0.105688 0.662402
0.826295 0.104423 0.0692821
0.0824701 0.601632 0.315898
0.0770155 0.364664 0.55832
0.386805 0.464704 0.148491
0.366083 0.327432 0.306485
0.300539 0.578761 0.1207
0.295646 0.299651 0.404703
0.0832888 0.249018 0.667694
0.0831799 0.0491302 0.86769
0.514872 0.0389773 0.446151
0.0785938 0.658676 0.262731
0.0708194 0.192379 0.736801
0.0631759 0.123661 0.813163
0.226249 0.0539121 0.719839
0.553457 0.301076 0.145467
0.0610263 0.717166 0.221808


3 1 31
16 2 40
24 23 42
25 24 42
11 10 45
33 32 46
13 12 48
14 13 49
13 48 49
41 46 50
8 7 53
34 33 54
33 46 54
46 41 54
43 47 56
25 42 59
55 44 59
23 22 60
42 23 60
12 11 61
48 12 61
11 45 61
35 34 62
34 54 62
54 41 62
56 47 62
38 37 64
37 36 64
36 47 64
47 43 64
49 48 65
55 59 66
6 5 68
41 50 69
65 58 69
50 49 69
49 65 69
57 52 70
5 4 71
68 5 71
30 29 71
60 57 72
42 60 72
61 45 73
58 65 73
21 20 74
52 57 74
44 53 75
29 28 76
68 71 76
71 29 76
0 15 77
32 0 77
46 32 77
10 9 79
45 10 79
41 69 80
58 51 80
69 58 80
51 78 80
4 3 81
3 31 81
31 30 81
30 71 81
71 4 81
73 45 83
59 42 84
66 59 84
42 72 84
72 83 84
83 66 84
43 56 85
52 63 85
63 43 85
70 52 85
56 78 85
78 70 85
7 6 86
53 7 86
75 53 86
6 68 86
68 76 86
76 75 86
56 62 87
78 56 87
80 78 87
62 41 87
41 80 87
9 8 88
79 9 88
43 63 89
63 67 89
64 43 89
15 14 90
14 49 90
49 50 90
77 15 90
50 46 90
46 77 90
26 25 91
25 59 91
59 44 91
57 60 92
60 22 92
22 21 92
21 74 92
74 57 92
55 66 93
45 79 93
66 83 93
83 45 93
79 88 93
88 55 93
51 58 94
58 73 94
73 83 94
83 72 94
53 44 95
44 55 95
8 53 95
88 8 95
55 88 95
57 70 96
70 78 96
78 51 96
51 94 96
72 57 96
94 72 96
20 19 97
63 52 97
52 74 97
74 20 97
17 16 98
82 17 98
16 40 98
40 39 98
39 82 98
36 35 99
47 36 99
35 62 99
62 47 99
44 75 100
27 26 100
26 91 100
91 44 100
19 18 101
18 67 101
67 63 101
63 97 101
97 19 101
18 17 102
67 18 102
17 82 102
82 67 102
39 38 103
82 39 103
38 64 103
64 89 103
67 82 103
89 67 103
48 61 104
65 48 104
61 73 104
73 65 104
28 27 105
75 76 105
76 28 105
27 100 105
100 75 105
