105
1 0 0
0 1 0
0 0 1
0.0714287 0.928571 0
0.142857 0.857143 0
0.214286 0.785714 0
0.285714 0.714286 0
0.357143 0.642857 0
0.428572 0.571428 0
0.5 0.5 0
0.571429 0.428571 0
0.642857 0.357143 0
0.714286 0.285714 0
0.785714 0.214286 0
0.857143 0.142857 0
0.928571 0.0714286 0
0 0.090909 0.909091
0 0.181818 0.818182
0 0.272727 0.727273
0 0.363636 0.636364
0 0.454545 0.545455
0 0.545455 0.454545
0 0.636364 0.363636
0 0.727273 0.272727
0 0.818182 0.181818
0 0.909091 0.0909091
0.928571 0 0.0714286
0.857143 0 0.142857
0.785714 0 0.214286
0.714286 0 0.285714
0.642857 0 0.357143
0.571429 0 0.428571
0.5 0 0.5
0.428571 0 0.571429
0.357143 0 0.642857
0.285714 0 0.714286
0.214286 0 0.785714
0.142857 0 0.857143
0.0714286 0 0.928571
0.626576 0.104844 0.268579
0.089482 0.49928 0.411238
0.279748 0.143432 0.57682
0.156134 0.615442 0.228425
0.490967 0.410576 0.0984574
0.78483 0.0758196 0.139351
0.415364 0.0677946 0.516841
0.655721 0.263987 0.0802918
0.751651 0.17164 0.0767089
0.403946 0.261564 0.33449
0.172402 0.258235 0.569362
0.0520689 0.289319 0.658612
0.281293 0.628441 0.0902656
0.0547342 0.133615 0.811651
0.329436 0.511616 0.158948
0.18024 0.328088 0.491672
0.497636 0.244316 0.258048
0.136409 0.410535 0.453055
0.577687 0.339954 0.0823587
0.702678 0.118137 0.179185
0.549601 0.0780078 0.372391
0.260007 0.240288 0.499706
0.355827 0.576787 0.0673864
0.198333 0.669442 0.132225
0.57985 0.250954 0.169196
0.129022 0.12234 0.748639
0.56928 0.169221 0.261499
0.162153 0.768722 0.0691247
0.0823615 0.839068 0.0785709
0.234301 0.376126 0.389573
0.444759 0.338421 0.21682
0.416051 0.500936 0.0830126
0.26055 0.0801736 0.659276
0.851163 0.0810672 0.0677696
0.350172 0.142484 0.507345
0.08078 0.688016 0.231204
0.120094 0.227986 0.65192
0.0952004 0.336677 0.568122
0.180512 0.492755 0.326733
0.278101 0.455884 0.266015
0.311328 0.289767 0.398905
0.444404 0.126576 0.42902
0.0455882 0.576403 0.378009
0.51811 0.316462 0.165428
0.732692 0.052337 0.214971
0.36609 0.393565 0.240346
0.0780659 0.0679507 0.853983
0.19902 0.0655218 0.735458
0.320396 0.358857 0.320747
0.0466086 0.64742 0.305971
0.339103 0.0606967 0.600201
0.0531929 0.433747 0.513061
0.201845 0.164206 0.633948
0.104916 0.582807 0.312277
0.236283 0.561898 0.201819
0.061078 0.206081 0.732841
0.123674 0.727732 0.148594
0.409651 0.432349 0.158
0.35661 0.204981 0.438409
0.229384 0.714898 0.0557175
0.676147 0.0553599 0.268493
0.492126 0.166866 0.341008
0.0499273 0.787842 0.162231
0.0332257 0.0405161 0.926258
0.0341272 0.923007 0.0428661
0.650515 0.187271 0.162214


0 15 26
10 9 43
28 27 44
33 32 45
12 11 46
14 13 47
13 12 47
12 46 47
19 18 50
7 6 51
17 16 52
11 10 57
46 11 57
10 43 57
44 47 58
31 30 59
30 39 59
32 31 59
54 49 60
8 7 61
7 51 61
51 53 61
46 57 63
59 39 65
63 55 65
5 4 66
4 3 67
66 4 67
56 54 68
54 60 68
48 55 69
9 8 70
43 9 70
8 61 70
61 53 70
15 14 72
26 15 72
27 26 72
44 27 72
14 47 72
47 44 72
60 41 73
19 50 76
49 54 76
54 56 76
50 75 76
75 49 76
40 56 77
56 68 77
77 68 78
68 60 79
45 32 80
32 59 80
73 45 80
22 21 81
21 40 81
57 43 82
63 57 82
55 63 82
69 55 82
43 69 82
29 28 83
28 44 83
44 58 83
48 69 84
53 78 84
52 16 85
38 37 85
37 64 85
64 52 85
37 36 86
64 37 86
36 35 86
35 71 86
78 68 87
68 79 87
84 78 87
79 48 87
48 84 87
23 22 88
74 23 88
22 81 88
34 33 89
33 45 89
35 34 89
71 35 89
41 71 89
73 41 89
45 73 89
21 20 90
40 21 90
56 40 90
20 19 90
19 76 90
76 56 90
41 60 91
60 49 91
71 41 91
49 75 91
86 71 91
75 64 91
64 86 91
40 77 92
77 42 92
81 40 92
42 74 92
74 88 92
88 81 92
53 51 93
78 53 93
51 62 93
62 42 93
42 77 93
77 78 93
18 17 94
17 52 94
50 18 94
75 50 94
52 64 94
64 75 94
42 62 95
74 42 95
62 66 95
66 67 95
69 43 96
43 70 96
84 69 96
70 53 96
53 84 96
60 73 97
79 60 97
48 79 97
73 80 97
80 48 97
6 5 98
51 6 98
62 51 98
5 66 98
66 62 98
30 29 99
39 30 99
29 83 99
58 39 99
83 58 99
59 65 100
65 55 100
55 48 100
48 80 100
80 59 100
25 24 101
67 25 101
24 23 101
23 74 101
95 67 101
74 95 101
16 2 102
2 38 102
38 85 102
85 16 102
3 1 103
1 25 103
25 67 103
67 3 103
47 46 104
58 47 104
39 58 104
46 63 104
63 65 104
65 39 104
