77
1 0 0
0 1 0
0 0 1
0.0714287 0.928571 0
0.142857 0.857143 0
0.214286 0.785714 0
0.285714 0.714286 0
0.357143 0.642857 0
0.428572 0.571428 0
0.5 0.5 0
0.571429 0.428571 0
0.642857 0.357143 0
0.714286 0.285714 0
0.785714 0.214286 0
0.857143 0.142857 0
0.928571 0.0714286 0
0 0.0909091 0.909091
0 0.181818 0.818182
0 0.272727 0.727273
0 0.363636 0.636364
0 0.454545 0.545454
0 0.545455 0.454545
0 0.636364 0.363636
0 0.727273 0.272727
0 0.818182 0.181818
0 0.909091 0.0909091
0.888889 0 0.111111
0.777778 0 0.222222
0.666667 0 0.333333
0.555556 0 0.444444
0.444444 0 0.555556
0.333333 0 0.666667
0.222222 0 0.777778
0.111111 0 0.888889
0.642622 0.105984 0.251394
0.096873 0.512358 0.390769
0.27889 0.143988 0.577123
0.156148 0.602152 0.2417
0.469237 0.416309 0.114455
0.816839 0.0659853 0.117176
0.413715 0.0638248 0.52246
0.747411 0.130589 0.122
0.386459 0.251051 0.362489
0.159174 0.259863 0.580962
0.262603 0.610714 0.126683
0.0758464 0.139423 0.784731
0.302106 0.509379 0.188516
0.193529 0.332819 0.473652
0.498648 0.24465 0.256702
0.614677 0.266087 0.119236
0.116457 0.414622 0.468921
0.536961 0.0743795 0.38866
0.188756 0.693617 0.117627
0.542204 0.336029 0.121767
0.0848936 0.317891 0.597215
0.567039 0.173678 0.259284
0.173549 0.0863149 0.740136
0.262581 0.242758 0.494661
0.0681824 0.849515 0.0823024
0.430532 0.33223 0.237238
0.0880538 0.680195 0.231752
0.241755 0.420823 0.337422
0.305007 0.0760642 0.618929
0.683124 0.199212 0.117664
0.424305 0.147004 0.428691
0.357189 0.417236 0.225574
0.106292 0.770175 0.123533
0.404496 0.497423 0.0980809
0.198862 0.511851 0.289287
0.0718457 0.596351 0.331803
0.0784849 0.227405 0.69411
0.309334 0.331602 0.359065
0.343415 0.191111 0.465474
0.0696801 0.0619627 0.868357
0.71794 0.0560537 0.226007
0.351853 0.572045 0.0761021
0.169618 0.179243 0.651139


3 1 25
0 15 26
21 20 35
10 9 38
15 14 39
26 15 39
27 26 39
31 30 40
14 13 41
39 14 41
7 6 44
17 16 45
12 11 49
20 19 50
35 20 50
29 28 51
28 34 51
30 29 51
40 30 51
6 5 52
37 44 52
44 6 52
11 10 53
10 38 53
48 49 53
49 11 53
19 18 54
43 47 54
47 50 54
50 19 54
49 48 55
51 34 55
33 32 56
47 43 57
4 3 58
3 25 58
25 24 58
53 38 59
42 48 59
48 53 59
23 22 60
37 52 60
50 47 61
32 31 62
31 40 62
36 56 62
56 32 62
13 12 63
12 49 63
41 13 63
34 41 63
55 34 63
49 55 63
48 42 64
55 48 64
40 51 64
51 55 64
36 62 64
62 40 64
46 61 65
59 38 65
5 4 66
4 58 66
24 23 66
58 24 66
52 5 66
60 52 66
23 60 66
9 8 67
38 9 67
65 38 67
46 65 67
37 35 68
44 37 68
46 44 68
61 46 68
35 50 68
50 61 68
22 21 69
21 35 69
35 37 69
37 60 69
60 22 69
18 17 70
17 45 70
43 54 70
54 18 70
57 42 71
42 59 71
47 57 71
59 65 71
61 47 71
65 61 71
42 57 72
57 36 72
36 64 72
64 42 72
16 2 73
2 33 73
45 16 73
33 56 73
56 45 73
28 27 74
34 28 74
41 34 74
27 39 74
39 41 74
8 7 75
7 44 75
44 46 75
46 67 75
67 8 75
56 36 76
45 56 76
36 57 76
57 43 76
43 70 76
70 45 76
