121
1 0 0
0 1 0
0 0 1
0.0714285 0.928571 0
0.142857 0.857143 0
0.214286 0.785714 0
0.285714 0.714286 0
0.357143 0.642857 0
0.428571 0.571429 0
0.5 0.5 0
0.571429 0.428571 0
0.642857 0.357143 0
0.714286 0.285714 0
0.785714 0.214286 0
0.857143 0.142857 0
0.928571 0.0714286 0
0 0.0769231 0.923077
0 0.153846 0.846154
0 0.230769 0.769231
0 0.307692 0.692308
0 0.384615 0.615385
0 0.461538 0.538462
0 0.538462 0.461538
0 0.615385 0.384615
0 0.692308 0.307692
0 0.769231 0.230769
0 0.846154 0.153846
0 0.923077 0.0769231
0.933333 0 0.0666667
0.866667 0 0.133333
0.8 0 0.2
0.733333 0 0.266667
0.666667 0 0.333333
0.6 0 0.4
0.533333 0 0.466667
0.466667 0 0.533333
0.4 0 0.6
0.333333 0 0.666667
0.266667 0 0.733333
0.2 0 0.8
0.133333 0 0.866667
0.0666667 0 0.933333
0.641217 0.112233 0.246549
0.104726 0.493484 0.40179
0.26857 0.15009 0.58134
0.16553 0.602329 0.232141
0.482754 0.414404 0.102842
0.802538 0.0631777 0.134284
0.410705 0.0771983 0.512097
0.653096 0.266232 0.0806714
0.730884 0.197187 0.0719285
0.74361 0.126994 0.129396
0.403789 0.237683 0.358528
0.179702 0.24754 0.572758
0.279615 0.633724 0.0866609
0.0616909 0.147101 0.791208
0.319374 0.518373 0.162254
0.0467754 0.631466 0.321759
0.184413 0.335618 0.479969
0.484452 0.251314 0.264234
0.153593 0.531977 0.31443
0.116622 0.412653 0.470725
0.351974 0.575876 0.0721504
0.571993 0.346526 0.0814806
0.870599 0.064104 0.0652967
0.537814 0.0805808 0.381605
0.138299 0.20109 0.660611
0.271578 0.23122 0.497202
0.200367 0.683519 0.116114
0.340678 0.0666395 0.592683
0.578577 0.249792 0.171631
0.0853541 0.362893 0.551753
0.130537 0.141387 0.728076
0.569682 0.161127 0.269191
0.328306 0.255459 0.416235
0.152237 0.769533 0.0782306
0.659389 0.175684 0.164927
0.0742363 0.846984 0.0787798
0.2331 0.384108 0.382793
0.437579 0.33833 0.224091
0.404955 0.500634 0.0944108
0.268584 0.0711687 0.660247
0.135131 0.692609 0.17226
0.337436 0.138571 0.523993
0.0612665 0.701021 0.237712
0.0681746 0.77354 0.158286
0.297192 0.467239 0.235569
0.450578 0.130044 0.419378
0.721491 0.0749866 0.203522
0.490367 0.168348 0.341285
0.506168 0.327386 0.166446
0.102907 0.27251 0.624584
0.128176 0.0699689 0.801855
0.361211 0.410538 0.228252
0.42031 0.419094 0.160596
0.315753 0.329205 0.355042
0.806082 0.130051 0.0638663
0.210758 0.462888 0.326354
0.222658 0.605201 0.172141
0.064221 0.229247 0.706532
0.198294 0.0708964 0.73081
0.0919882 0.566649 0.341363
0.380756 0.327708 0.291535
0.610104 0.0657567 0.324139
0.675614 0.0473087 0.277077
0.370957 0.176853 0.45219
0.228436 0.718758 0.0528056
0.061796 0.0710068 0.867197
0.0543085 0.470877 0.474814
0.10655 0.626938 0.266512
0.0455583 0.554811 0.399631
0.202636 0.145511 0.651853
0.232372 0.520663 0.246965
0.164163 0.437361 0.398476
0.461195 0.489596 0.0492091
0.0474196 0.315671 0.63691
0.520998 0.432706 0.046296
0.262822 0.310305 0.426873
0.483459 0.0540899 0.462451
0.286925 0.41412 0.298955
0.0355374 0.92578 0.0386827


0 15 28
16 2 41
30 29 47
36 35 48
12 11 49
13 12 50
12 49 50
7 6 54
18 17 55
24 23 57
8 7 62
7 54 62
54 56 62
11 10 63
49 11 63
15 14 64
28 15 64
29 28 64
47 29 64
34 33 65
53 44 67
58 53 67
37 36 69
36 48 69
49 63 70
21 20 71
53 58 71
58 61 71
70 59 73
5 4 75
50 49 76
51 50 76
49 70 76
70 73 76
73 42 76
4 3 77
75 4 77
27 26 77
8 62 80
62 56 80
38 37 81
37 69 81
69 44 81
68 75 82
67 44 83
44 69 83
69 48 83
25 24 84
24 57 84
77 26 85
75 77 85
82 75 85
26 25 85
25 84 85
84 82 85
31 30 88
30 47 88
47 51 88
51 76 88
76 42 88
65 73 89
73 59 89
59 52 89
52 87 89
87 65 89
63 46 90
70 63 90
59 70 90
79 59 90
66 53 91
53 71 91
40 39 92
72 55 92
56 86 93
79 90 94
90 46 94
80 56 94
56 93 94
93 79 94
46 80 94
74 52 95
14 13 96
13 50 96
50 51 96
51 47 96
47 64 96
64 14 96
56 54 98
54 68 98
68 82 98
82 45 98
18 55 99
55 72 99
72 66 99
19 18 99
66 91 99
39 38 100
38 81 100
72 92 100
92 39 100
43 60 101
52 59 102
59 79 102
95 52 102
79 93 102
33 32 103
65 33 103
42 73 103
73 65 103
32 31 104
31 88 104
88 42 104
42 103 104
103 32 104
74 67 105
67 83 105
83 48 105
48 87 105
52 74 105
87 52 105
6 5 106
54 6 106
68 54 106
5 75 106
75 68 106
17 16 107
55 17 107
16 41 107
41 40 107
40 92 107
92 55 107
22 21 108
61 43 108
21 71 108
71 61 108
84 57 109
45 82 109
82 84 109
57 101 109
60 45 109
101 60 109
23 22 110
43 101 110
57 23 110
101 57 110
22 108 110
108 43 110
44 53 111
53 66 111
81 44 111
66 72 111
72 100 111
100 81 111
45 60 112
60 97 112
98 45 112
86 56 112
56 98 112
43 61 113
61 58 113
58 78 113
60 43 113
97 60 113
78 97 113
9 8 114
8 80 114
80 46 114
20 19 115
71 20 115
91 71 115
19 99 115
99 91 115
10 9 116
46 63 116
63 10 116
9 114 116
114 46 116
58 67 117
78 58 117
67 74 117
74 95 117
95 78 117
35 34 118
48 35 118
87 48 118
34 65 118
65 87 118
93 86 119
78 95 119
97 78 119
95 102 119
102 93 119
86 112 119
112 97 119
3 1 120
1 27 120
27 77 120
77 3 120
