112
1 0 0
0 1 0
0 0 1
0.0714287 0.928571 0
0.142857 0.857143 0
0.214286 0.785714 0
0.285714 0.714286 0
0.357143 0.642857 0
0.428572 0.571428 0
0.5 0.5 0
0.571429 0.428571 0
0.642857 0.357143 0
0.714286 0.285714 0
0.785714 0.214286 0
0.857143 0.142857 0
0.928571 0.0714286 0
0 0.0714285 0.928571
0 0.142857 0.857143
0 0.214286 0.785714
0 0.285714 0.714286
0 0.357143 0.642857
0 0.428571 0.571429
0 0.5 0.5
0 0.571429 0.428571
0 0.642857 0.357143
0 0.714286 0.285714
0 0.785714 0.214286
0 0.857143 0.142857
0 0.928571 0.0714286
0.923077 0 0.0769231
0.846154 0 0.153846
0.769231 0 0.230769
0.692308 0 0.307692
0.615385 0 0.384615
0.538462 0 0.461538
0.461538 0 0.538462
0.384615 0 0.615385
0.307692 0 0.692308
0.230769 0 0.769231
0.153846 0 0.846154
0.076923 0 0.923077
0.635441 0.115631 0.248928
0.0970436 0.495804 0.407153
0.253818 0.162844 0.583338
0.140305 0.619412 0.240283
0.494692 0.39588 0.109428
0.792906 0.0589598 0.148135
0.406698 0.0661589 0.527143
0.655631 0.266248 0.0781209
0.745905 0.188703 0.0653917
0.729221 0.121202 0.149577
0.401392 0.243788 0.35482
0.1863 0.246899 0.566801
0.0604776 0.277608 0.661914
0.278001 0.632659 0.0893395
0.0649118 0.139779 0.795309
0.318855 0.53205 0.149095
0.184582 0.331177 0.484241
0.486205 0.252234 0.26156
0.173288 0.533612 0.2931
0.117685 0.409976 0.47234
0.578626 0.337544 0.0838302
0.869814 0.0500131 0.0801728
0.55141 0.0838508 0.364739
0.145886 0.20564 0.648474
0.26367 0.236555 0.499775
0.351085 0.58136 0.067555
0.183848 0.676629 0.139523
0.57994 0.250727 0.169333
0.0784189 0.371601 0.54998
0.142189 0.130671 0.72714
0.5675 0.170952 0.261548
0.161314 0.771564 0.0671219
0.655134 0.184886 0.15998
0.0799351 0.839811 0.0802542
0.235976 0.376882 0.387142
0.445074 0.34852 0.206406
0.396167 0.516604 0.0872295
0.230254 0.0593233 0.710423
0.348002 0.143201 0.508797
0.0823414 0.705802 0.211857
0.0562174 0.784661 0.159122
0.466315 0.473498 0.0601876
0.220244 0.120137 0.659619
0.313676 0.0723996 0.613925
0.709069 0.059637 0.231294
0.286406 0.472825 0.240768
0.301303 0.300653 0.398043
0.450401 0.114987 0.434612
0.484492 0.169766 0.345742
0.518045 0.314702 0.167253
0.145461 0.0677189 0.78682
0.366155 0.394433 0.239412
0.21103 0.456838 0.332132
0.337272 0.22121 0.441518
0.302747 0.382128 0.315125
0.487957 0.0516688 0.460374
0.0666272 0.209572 0.7238
0.0599698 0.651757 0.288273
0.0557261 0.444116 0.500158
0.823857 0.109823 0.0663201
0.398261 0.444455 0.157284
0.0779227 0.582294 0.339784
0.633517 0.0548643 0.311618
0.40553 0.178496 0.415975
0.070192 0.0700732 0.859735
0.119373 0.74896 0.131667
0.23196 0.573766 0.194274
0.228185 0.715563 0.0562518
0.166847 0.421497 0.411656
0.104773 0.301885 0.593342
0.387571 0.315833 0.296596


3 1 28
0 15 29
16 2 40
23 22 42
31 30 46
36 35 47
12 11 48
14 13 49
13 12 49
12 48 49
20 19 53
7 6 54
18 17 55
11 10 61
10 45 61
48 11 61
29 15 62
30 29 62
46 30 62
34 33 63
43 52 64
52 43 65
57 52 65
8 7 66
7 54 66
54 56 66
48 61 68
21 20 69
57 60 69
63 41 71
68 58 71
5 4 72
49 48 73
50 49 73
41 50 73
48 68 73
68 71 73
71 41 73
4 3 74
3 28 74
28 27 74
72 4 74
8 66 77
66 56 77
38 37 78
65 43 79
26 25 80
44 67 80
27 26 81
74 27 81
26 80 81
10 9 82
45 10 82
9 8 82
8 77 82
43 64 83
64 70 83
70 78 83
36 47 84
47 79 84
79 43 84
37 36 84
43 83 84
78 37 84
83 78 84
32 31 85
50 41 85
31 46 85
46 50 85
57 65 87
75 57 87
79 47 88
58 51 89
71 58 89
63 71 89
88 63 89
58 68 90
76 58 90
61 45 90
45 76 90
68 61 90
70 55 91
39 38 91
38 78 91
78 70 91
59 42 93
86 59 93
65 79 94
51 87 94
87 65 94
92 86 95
75 87 95
86 93 95
93 75 95
35 34 96
47 35 96
88 47 96
34 63 96
63 88 96
19 18 97
53 19 97
64 53 97
18 55 97
55 70 97
70 64 97
25 24 98
44 80 98
80 25 98
22 21 99
42 22 99
60 42 99
21 69 99
69 60 99
14 49 100
49 50 100
50 46 100
15 14 100
62 15 100
46 62 100
45 82 101
82 77 101
76 45 101
92 76 101
77 56 101
56 86 101
86 92 101
24 23 102
98 24 102
23 42 102
42 59 102
59 44 102
44 98 102
33 32 103
63 33 103
41 63 103
32 85 103
85 41 103
88 89 104
89 51 104
79 88 104
94 79 104
51 94 104
17 16 105
55 17 105
16 40 105
91 55 105
40 39 105
39 91 105
67 72 106
80 67 106
81 80 106
72 74 106
74 81 106
56 54 107
44 59 107
54 67 107
67 44 107
59 86 107
86 56 107
54 6 108
67 54 108
6 5 108
5 72 108
72 67 108
60 57 109
57 75 109
42 60 109
93 42 109
75 93 109
53 64 110
64 52 110
20 53 110
69 20 110
52 57 110
57 69 110
51 58 111
58 76 111
76 92 111
87 51 111
95 87 111
92 95 111
