79
1 0 0
0 1 0
0 0 1
0.0714285 0.928571 0
0.142857 0.857143 0
0.214286 0.785714 0
0.285714 0.714286 0
0.357143 0.642857 0
0.428571 0.571429 0
0.5 0.5 0
0.571429 0.428571 0
0.642857 0.357143 0
0.714286 0.285714 0
0.785714 0.214286 0
0.857143 0.142857 0
0.928571 0.0714286 0
0 0.0555556 0.944444
0 0.111111 0.888889
0 0.166667 0.833333
0 0.222222 0.777778
0 0.277778 0.722222
0 0.333333 0.666667
0 0.388889 0.611111
0 0.444444 0.555556
0 0.5 0.5
0 0.555556 0.444444
0 0.611111 0.388889
0 0.666667 0.333333
0 0.722222 0.277778
0 0.777778 0.222222
0 0.833333 0.166667
0 0.888889 0.111111
0 0.944444 0.0555556
0.857143 0 0.142857
0.714286 0 0.285714
0.571429 0 0.428571
0.428571 0 0.571429
0.285714 0 0.714286
0.142857 0 0.857143
0.633242 0.113664 0.253094
0.132813 0.492898 0.374288
0.264946 0.137642 0.597412
0.17119 0.602929 0.225881
0.470458 0.416829 0.112713
0.805541 0.0610024 0.133456
0.419076 0.067729 0.513195
0.720631 0.137491 0.141878
0.363939 0.264154 0.371907
0.668823 0.0583138 0.272863
0.165158 0.254155 0.580687
0.273369 0.620596 0.106035
0.349463 0.504991 0.145546
0.193804 0.335904 0.470292
0.6239 0.263602 0.112498
0.160261 0.540234 0.299505
0.13224 0.403244 0.464515
0.55827 0.338027 0.103703
0.537928 0.238237 0.223836
0.125477 0.129385 0.745138
0.0929289 0.830487 0.0765844
0.121387 0.778378 0.100235
0.444863 0.328887 0.22625
0.27531 0.0677195 0.65697
0.14102 0.680863 0.178117
0.469056 0.126313 0.404631
0.236518 0.417212 0.34627
0.351086 0.217141 0.431772
0.290594 0.463188 0.246218
0.156256 0.208185 0.635559
0.137631 0.0623813 0.799987
0.328635 0.330956 0.340409
0.344486 0.559373 0.0961416
0.398501 0.393429 0.20807
0.523298 0.181019 0.295683
0.558325 0.0517206 0.389954
0.709925 0.191528 0.0985473
0.311145 0.181723 0.507131
0.169886 0.299957 0.530157
0.173899 0.719277 0.106824


3 1 32
4 3 32
31 4 32
16 2 38
25 24 40
27 26 42
11 10 43
0 15 44
33 0 44
36 35 45
15 14 46
39 44 46
44 15 46
34 33 48
33 44 48
44 39 48
21 20 49
8 7 50
10 9 51
43 10 51
13 12 53
26 25 54
25 40 54
42 26 54
51 42 54
24 23 55
23 22 55
22 52 55
12 11 56
11 43 56
53 12 56
18 17 58
19 18 58
41 19 58
5 4 59
4 31 59
31 30 59
6 5 60
30 29 60
5 59 60
59 30 60
53 56 61
57 53 61
37 36 62
36 45 62
45 41 62
41 58 62
50 7 63
28 27 63
27 42 63
42 50 63
48 39 64
41 45 64
40 24 65
24 55 65
54 40 67
43 51 67
51 54 67
40 65 67
20 19 68
49 20 68
19 41 68
17 16 69
16 38 69
38 37 69
37 62 69
58 17 69
62 58 69
52 47 70
47 57 70
57 61 70
55 52 70
61 65 70
65 55 70
9 8 71
8 50 71
50 42 71
42 51 71
51 9 71
56 43 72
61 56 72
65 61 72
43 67 72
67 65 72
39 46 73
46 57 73
57 47 73
47 66 73
64 39 73
66 64 73
35 34 74
45 35 74
34 48 74
48 64 74
64 45 74
14 13 75
13 53 75
53 57 75
46 14 75
57 46 75
41 64 76
68 41 76
64 66 76
66 49 76
49 68 76
22 21 77
52 22 77
21 49 77
47 52 77
49 66 77
66 47 77
6 60 78
60 29 78
7 6 78
63 7 78
29 28 78
28 63 78
