130
1 0 0
0 1 0
0 0 1
0.0714285 0.928571 0
0.142857 0.857143 0
0.214286 0.785714 0
0.285714 0.714286 0
0.357143 0.642857 0
0.428571 0.571429 0
0.5 0.5 0
0.571429 0.428571 0
0.642857 0.357143 0
0.714286 0.285714 0
0.785714 0.214286 0
0.857143 0.142857 0
0.928571 0.0714286 0
0 0.0625 0.9375
0 0.125 0.875
0 0.1875 0.8125
0 0.25 0.75
0 0.3125 0.6875
0 0.375 0.625
0 0.4375 0.5625
0 0.5 0.5
0 0.5625 0.4375
0 0.625 0.375
0 0.6875 0.3125
0 0.75 0.25
0 0.8125 0.1875
0 0.875 0.125
0 0.9375 0.0625
0.928571 0 0.0714286
0.857143 0 0.142857
0.785714 0 0.214286
0.714286 0 0.285714
0.642857 0 0.357143
0.571429 0 0.428571
0.5 0 0.5
0.428571 0 0.571429
0.357143 0 0.642857
0.285714 0 0.714286
0.214286 0 0.785714
0.142857 0 0.857143
0.0714285 0 0.928571
0.637755 0.116301 0.245944
0.0877324 0.49498 0.417288
0.268365 0.133105 0.59853
0.147809 0.624737 0.227454
0.481824 0.411348 0.106828
0.791631 0.0606701 0.147699
0.423704 0.0642381 0.512058
0.660286 0.262784 0.0769302
0.748217 0.182101 0.0696818
0.745773 0.128208 0.126019
0.393793 0.25972 0.346487
0.163672 0.2546 0.581728
0.282995 0.627125 0.0898799
0.0626281 0.133573 0.803799
0.313365 0.541977 0.144658
0.0625096 0.638847 0.298643
0.384084 0.135272 0.480644
0.201632 0.340837 0.457531
0.477704 0.235229 0.287067
0.185679 0.52916 0.28516
0.118928 0.400755 0.480317
0.580784 0.330877 0.0883385
0.871643 0.0500699 0.0782868
0.546836 0.0752247 0.377939
0.16093 0.189487 0.649583
0.249613 0.25638 0.494006
0.353956 0.580138 0.0659068
0.193067 0.679865 0.127069
0.349077 0.0574904 0.593433
0.586988 0.253665 0.159347
0.28652 0.485465 0.228015
0.0670703 0.380297 0.552633
0.071018 0.319714 0.609268
0.130684 0.134859 0.734458
0.564155 0.187367 0.248479
0.158274 0.768211 0.0735147
0.659542 0.180151 0.160307
0.0893792 0.834847 0.0757733
0.236826 0.385951 0.377223
0.0726712 0.79391 0.133419
0.44088 0.339763 0.219357
0.414716 0.506242 0.0790415
0.2746 0.0646969 0.660703
0.0702218 0.693406 0.236373
0.715442 0.0515099 0.233048
0.369237 0.206063 0.4247
0.497663 0.452795 0.0495412
0.231976 0.608772 0.159251
0.173317 0.474922 0.351761
0.298117 0.296917 0.404966
0.480255 0.171861 0.347884
0.4525 0.120437 0.427063
0.634491 0.0595034 0.306005
0.0471863 0.565505 0.387309
0.512466 0.33085 0.156684
0.0819453 0.259085 0.65897
0.13368 0.0675861 0.798734
0.354424 0.401134 0.244442
0.412218 0.309952 0.27783
0.431091 0.393701 0.175208
0.248356 0.700793 0.0508511
0.203351 0.0645269 0.732122
0.323175 0.351238 0.325587
0.49728 0.0526388 0.450081
0.0684853 0.198724 0.73279
0.0569042 0.444331 0.498765
0.826517 0.108103 0.0653795
0.0673167 0.0663089 0.866374
0.203059 0.123387 0.673555
0.258584 0.441287 0.30013
0.234097 0.199345 0.566559
0.378719 0.460605 0.160675
0.0987644 0.570137 0.331099
0.560978 0.391883 0.0471384
0.231972 0.554775 0.213253
0.161153 0.421696 0.417151
0.123272 0.717062 0.159665
0.310715 0.177198 0.512087
0.0495806 0.756663 0.193757
0.708019 0.103064 0.188917
0.0611669 0.887573 0.0512604
0.564348 0.122846 0.312807
0.506854 0.270122 0.223024
0.72612 0.23731 0.03657
0.144078 0.318701 0.537221
0.346316 0.108661 0.545023


3 1 30
0 15 31
16 2 43
24 23 45
33 32 49
38 37 50
12 11 51
14 13 52
18 17 57
26 25 59
51 11 65
31 15 66
32 31 66
49 32 66
36 35 67
8 7 70
7 56 70
56 58 70
39 38 72
38 50 72
51 65 73
22 21 75
21 20 76
75 21 76
5 4 79
52 51 80
51 73 80
53 52 80
73 78 80
78 44 80
79 4 81
29 28 83
81 29 83
79 81 83
9 8 85
8 70 85
70 58 85
40 39 86
39 72 86
72 46 86
27 26 87
26 59 87
59 47 87
34 33 88
33 49 88
10 9 90
9 85 90
85 48 90
58 56 91
56 71 91
71 47 91
61 69 93
82 61 93
69 89 93
89 54 93
78 62 94
62 54 94
54 89 94
60 50 95
67 94 95
89 60 95
94 89 95
35 34 96
67 35 96
34 88 96
88 44 96
25 24 97
24 45 97
65 48 98
73 65 98
20 19 99
76 20 99
68 55 99
55 76 99
42 41 100
77 57 100
54 62 102
84 101 102
84 98 103
98 48 103
101 84 103
7 6 104
56 7 104
71 56 104
6 5 104
5 79 104
79 71 104
41 40 105
40 86 105
100 41 105
77 100 105
82 93 106
102 101 106
93 54 106
54 102 106
37 36 107
36 67 107
67 95 107
50 37 107
95 50 107
19 18 108
18 57 108
57 77 108
99 19 108
77 68 108
68 99 108
23 22 109
45 23 109
64 45 109
22 75 109
75 64 109
14 52 110
52 53 110
15 14 110
66 15 110
53 49 110
49 66 110
17 16 111
16 43 111
43 42 111
42 100 111
57 17 111
100 57 111
46 68 112
86 46 112
68 77 112
77 105 112
105 86 112
74 63 113
63 92 113
92 82 113
101 74 113
82 106 113
106 101 113
55 68 114
68 46 114
69 55 114
58 74 115
85 58 115
48 85 115
103 48 115
74 101 115
101 103 115
47 59 116
63 47 116
59 25 116
25 97 116
45 92 116
97 45 116
92 63 116
11 10 117
65 11 117
48 65 117
10 90 117
90 48 117
74 58 118
58 91 118
47 63 118
91 47 118
63 74 118
64 61 119
61 82 119
45 64 119
92 45 119
82 92 119
71 79 120
79 83 120
47 71 120
87 47 120
60 89 121
89 69 121
114 46 121
69 114 121
28 27 122
83 28 122
120 83 122
27 87 122
87 120 122
53 80 123
80 44 123
49 53 123
88 49 123
44 88 123
4 3 124
81 4 124
3 30 124
30 29 124
29 81 124
44 78 125
78 94 125
96 44 125
94 67 125
67 96 125
62 78 126
78 73 126
73 98 126
98 84 126
84 102 126
102 62 126
13 12 127
52 13 127
12 51 127
51 52 127
55 69 128
69 61 128
61 64 128
64 75 128
75 76 128
76 55 128
50 60 129
72 50 129
46 72 129
121 46 129
60 121 129
