75
1 0 0
0 1 0
0 0 1
0.0714285 0.928571 0
0.142857 0.857143 0
0.214286 0.785714 0
0.285714 0.714286 0
0.357143 0.642857 0
0.428571 0.571429 0
0.5 0.5 0
0.571429 0.428571 0
0.642857 0.357143 0
0.714286 0.285714 0
0.785714 0.214286 0
0.857143 0.142857 0
0.928571 0.0714286 0
0 0.1 0.9
0 0.2 0.8
0 0.3 0.7
0 0.4 0.6
0 0.5 0.5
0 0.6 0.4
0 0.7 0.3
0 0.8 0.2
0 0.9 0.1
0.888889 0 0.111111
0.777778 0 0.222222
0.666667 0 0.333333
0.555556 0 0.444444
0.444444 0 0.555556
0.333333 0 0.666667
0.222222 0 0.777778
0.111111 0 0.888889
0.631764 0.097974 0.270262
0.0966823 0.495529 0.407789
0.273505 0.16273 0.563765
0.153725 0.60728 0.238994
0.48094 0.409798 0.109261
0.803117 0.0615109 0.135372
0.413461 0.0675442 0.518995
0.739619 0.117835 0.142546
0.376291 0.257233 0.366477
0.172965 0.237055 0.589981
0.257984 0.617501 0.124515
0.314201 0.529668 0.156131
0.197416 0.332171 0.470414
0.500445 0.243862 0.255693
0.615442 0.265237 0.119322
0.130626 0.412618 0.456756
0.518592 0.0836493 0.397758
0.548128 0.334368 0.117505
0.143911 0.151017 0.705072
0.566635 0.174079 0.259286
0.266934 0.25684 0.476225
0.0907683 0.780108 0.129124
0.0929744 0.320619 0.586407
0.123609 0.708479 0.167912
0.239785 0.427052 0.333163
0.311006 0.0783284 0.610666
0.392576 0.376041 0.231383
0.682686 0.196816 0.120497
0.302985 0.343049 0.353965
0.407732 0.47748 0.114789
0.190838 0.0737142 0.735448
0.0669746 0.645922 0.287103
0.199939 0.514423 0.285638
0.0778679 0.229151 0.692981
0.424938 0.15402 0.421042
0.0799497 0.0747777 0.845273
0.0673481 0.568943 0.363709
0.457138 0.322395 0.220467
0.0601726 0.855722 0.0841058
0.32813 0.434121 0.237749
0.0546037 0.151441 0.793955
0.21029 0.694313 0.0953967


3 1 24
0 15 25
28 27 33
20 19 34
10 9 37
15 14 38
25 15 38
26 25 38
27 26 38
30 29 39
14 13 40
38 14 40
33 27 40
27 38 40
7 6 43
8 7 44
7 43 44
12 11 47
34 19 48
29 28 49
39 29 49
28 33 49
11 10 50
10 37 50
46 47 50
47 11 50
35 42 51
49 33 52
47 46 52
35 41 53
42 35 53
45 42 53
5 4 54
23 22 54
42 45 55
19 18 55
48 19 55
45 48 55
54 22 56
5 54 56
48 45 57
31 30 58
30 39 58
13 12 60
40 13 60
33 40 60
12 47 60
47 52 60
52 33 60
45 53 61
57 45 61
53 41 61
41 59 61
9 8 62
8 44 62
37 9 62
59 37 62
32 31 63
35 51 63
31 58 63
58 35 63
22 21 64
56 22 64
36 56 64
36 34 65
43 36 65
44 43 65
57 44 65
34 48 65
48 57 65
51 42 66
18 17 66
55 18 66
42 55 66
41 35 67
46 41 67
39 49 67
49 52 67
52 46 67
35 58 67
58 39 67
16 2 68
2 32 68
32 63 68
63 51 68
21 20 69
20 34 69
34 36 69
36 64 69
64 21 69
50 37 70
37 59 70
41 46 70
59 41 70
46 50 70
4 3 71
3 24 71
24 23 71
23 54 71
54 4 71
57 61 72
61 59 72
44 57 72
62 44 72
59 62 72
17 16 73
51 66 73
66 17 73
16 68 73
68 51 73
36 43 74
43 6 74
6 5 74
5 56 74
56 36 74
