65
1 0 0
0 1 0
0 0 1
0.0714287 0.928571 0
0.142857 0.857143 0
0.214286 0.785714 0
0.285714 0.714286 0
0.357143 0.642857 0
0.428572 0.571428 0
0.5 0.5 0
0.571429 0.428571 0
0.642857 0.357143 0
0.714286 0.285714 0
0.785714 0.214286 0
0.857143 0.142857 0
0.928571 0.0714286 0
0 0.0833333 0.916667
0 0.166667 0.833333
0 0.25 0.75
0 0.333333 0.666667
0 0.416667 0.583333
0 0.5 0.5
0 0.583333 0.416667
0 0.666667 0.333333
0 0.75 0.25
0 0.833333 0.166667
0 0.916667 0.0833333
0.833333 0 0.166667
0.666667 0 0.333333
0.5 0 0.5
0.333333 0 0.666667
0.166667 0 0.833333
0.63542 0.122969 0.241611
0.142264 0.476496 0.38124
0.30167 0.122645 0.575685
0.164553 0.620844 0.214603
0.760639 0.0733917 0.165969
0.41996 0.0639421 0.516098
0.382892 0.26338 0.353728
0.176903 0.247407 0.575691
0.31549 0.507198 0.177313
0.223688 0.329035 0.447278
0.127266 0.393133 0.479602
0.4756 0.379508 0.144893
0.183984 0.683971 0.132045
0.551922 0.299025 0.149054
0.58843 0.211383 0.200187
0.140187 0.152213 0.7076
0.292697 0.58405 0.123253
0.0909097 0.790158 0.118932
0.27025 0.0514516 0.678298
0.724242 0.153731 0.122027
0.423468 0.447921 0.128612
0.493082 0.126446 0.380472
0.140059 0.0684827 0.791458
0.401082 0.334899 0.264019
0.292231 0.413391 0.294378
0.417939 0.187487 0.394574
0.588807 0.0592412 0.351951
0.104606 0.727528 0.167866
0.0903029 0.302627 0.60707
0.275494 0.199507 0.525
0.0520603 0.881118 0.0668213
0.0795214 0.20631 0.714168
0.160168 0.547976 0.291855


3 1 26
0 15 27
21 20 33
23 22 35
15 14 36
27 15 36
28 27 36
30 29 37
9 8 40
39 38 41
20 19 42
33 20 42
11 10 43
7 6 44
35 7 44
23 35 44
12 11 45
11 43 45
13 12 46
12 45 46
45 38 46
17 16 47
8 7 48
40 8 48
7 35 48
5 4 49
4 25 49
25 24 49
31 30 50
30 37 50
37 34 50
14 13 51
32 36 51
36 14 51
13 46 51
46 32 51
10 9 52
43 10 52
9 40 52
34 37 53
32 46 53
16 2 54
2 31 54
31 50 54
47 16 54
34 47 54
50 34 54
41 38 55
38 45 55
45 43 55
40 33 56
33 42 56
52 40 56
42 41 56
43 52 56
55 43 56
41 55 56
34 53 57
46 38 57
53 46 57
29 28 58
28 36 58
36 32 58
37 29 58
32 53 58
53 37 58
6 5 59
44 6 59
24 23 59
23 44 59
49 24 59
5 49 59
19 18 60
18 39 60
39 41 60
41 42 60
42 19 60
38 39 61
57 38 61
39 47 61
47 34 61
34 57 61
4 3 62
3 26 62
25 4 62
26 25 62
18 17 63
39 18 63
17 47 63
47 39 63
22 21 64
35 22 64
21 33 64
48 35 64
33 40 64
40 48 64
