130
1 0 0
0 1 0
0 0 1
0.0714287 0.928571 0
0.142857 0.857143 0
0.214286 0.785714 0
0.285714 0.714286 0
0.357143 0.642857 0
0.428572 0.571428 0
0.5 0.5 0
0.571429 0.428571 0
0.642857 0.357143 0
0.714286 0.285714 0
0.785714 0.214286 0
0.857143 0.142857 0
0.928571 0.0714286 0
0 0.0555556 0.944444
0 0.111111 0.888889
0 0.166667 0.833333
0 0.222222 0.777778
0 0.277778 0.722222
0 0.333333 0.666667
0 0.388889 0.611111
0 0.444444 0.555556
0 0.5 0.5
0 0.555556 0.444444
0 0.611111 0.388889
0 0.666667 0.333333
0 0.722222 0.277778
0 0.777778 0.222222
0 0.833333 0.166667
0 0.888889 0.111111
0 0.944444 0.0555556
0.923077 0 0.0769231
0.846154 0 0.153846
0.769231 0 0.230769
0.692308 0 0.307692
0.615385 0 0.384615
0.538462 0 0.461538
0.461538 0 0.538462
0.384615 0 0.615385
0.307692 0 0.692308
0.230769 0 0.769231
0.153846 0 0.846154
0.0769231 0 0.923077
0.646212 0.117115 0.236673
0.0813153 0.494073 0.424612
0.28103 0.13489 0.58408
0.156234 0.609206 0.234561
0.495374 0.398259 0.106367
0.819045 0.0595756 0.121379
0.405174 0.0771109 0.517715
0.660263 0.260093 0.0796438
0.75562 0.178581 0.0657986
0.724769 0.129772 0.145458
0.393607 0.255747 0.350646
0.194318 0.227855 0.577828
0.278615 0.632901 0.0884844
0.677611 0.0516879 0.270701
0.321397 0.516332 0.162272
0.364724 0.141029 0.494247
0.190269 0.333386 0.476345
0.487213 0.229163 0.283624
0.166912 0.53979 0.293298
0.137652 0.393577 0.468771
0.596405 0.334421 0.0691737
0.487826 0.455617 0.0565573
0.896077 0.0484013 0.0555219
0.540264 0.0775405 0.382195
0.159597 0.190369 0.650034
0.248792 0.25792 0.493288
0.195836 0.693199 0.110965
0.347139 0.0508588 0.602002
0.588928 0.251774 0.159298
0.290706 0.472289 0.237005
0.0826613 0.376867 0.540472
0.0639817 0.331496 0.604522
0.143247 0.127329 0.729424
0.171827 0.758335 0.0698379
0.600121 0.191522 0.208357
0.0904373 0.831794 0.0777691
0.221482 0.384313 0.394205
0.0769401 0.78572 0.13734
0.439241 0.341101 0.219658
0.395681 0.518099 0.0862192
0.258982 0.0769582 0.66406
0.0877548 0.693237 0.219008
0.216823 0.0524871 0.73069
0.364325 0.204964 0.430711
0.554297 0.165168 0.280535
0.182009 0.473529 0.344462
0.447894 0.118647 0.433458
0.47922 0.165861 0.35492
0.0614164 0.890177 0.0484067
0.527833 0.323493 0.148674
0.0899514 0.268426 0.641623
0.141832 0.0602739 0.797895
0.350638 0.388629 0.260734
0.320771 0.34185 0.337379
0.408418 0.307715 0.283867
0.416222 0.402856 0.180922
0.288761 0.191866 0.519373
0.670568 0.200047 0.129384
0.255688 0.691179 0.0531329
0.560029 0.395139 0.0448319
0.499918 0.0466472 0.453435
0.828477 0.1089 0.062623
0.0695416 0.110675 0.819784
0.290547 0.296273 0.41318
0.0784504 0.600688 0.320861
0.741355 0.0620951 0.19655
0.402047 0.461473 0.13648
0.372904 0.571706 0.0553901
0.58362 0.102478 0.313901
0.0682172 0.655425 0.276358
0.0611558 0.166343 0.772501
0.210326 0.133031 0.656642
0.276516 0.57952 0.143964
0.0701401 0.0548829 0.874977
0.0753409 0.212614 0.712045
0.0662511 0.444749 0.489
0.144302 0.300622 0.555076
0.267355 0.419027 0.313618
0.234654 0.547687 0.217659
0.622954 0.0422625 0.334783
0.183869 0.650349 0.165782
0.0810007 0.545743 0.373256
0.506454 0.272266 0.22128
0.117513 0.727493 0.154994
0.142354 0.438477 0.419169


3 1 32
16 2 44
25 24 46
34 33 50
13 12 52
14 13 53
13 52 53
36 35 58
47 51 60
12 11 65
52 12 65
10 9 66
0 15 67
33 0 67
50 33 67
47 56 69
41 40 72
40 39 72
39 51 72
51 47 72
23 22 75
61 64 75
22 21 76
75 22 76
6 5 78
45 54 79
5 4 80
78 5 80
31 30 80
64 61 81
30 29 82
78 80 82
80 30 82
66 9 84
72 47 85
41 72 85
29 28 86
42 41 87
41 85 87
85 77 87
45 79 89
79 62 89
74 63 90
60 51 91
88 60 91
62 55 92
89 62 92
55 88 92
91 68 92
88 91 92
4 3 93
3 32 93
32 31 93
31 80 93
80 4 93
52 65 94
73 52 94
65 49 94
21 20 95
76 21 95
69 56 95
87 77 96
43 42 96
42 87 96
55 62 99
98 55 99
83 97 99
97 98 99
83 94 100
94 49 100
74 97 100
97 83 100
56 47 101
47 60 101
70 56 101
60 88 101
88 70 101
53 52 102
52 73 102
54 53 102
73 79 102
79 54 102
7 6 103
57 7 103
71 57 103
6 78 103
78 71 103
11 10 104
65 11 104
49 65 104
10 66 104
66 49 104
39 38 105
51 39 105
38 37 105
37 68 105
91 51 105
68 91 105
53 54 106
54 50 106
15 14 106
67 15 106
14 53 106
50 67 106
18 17 107
96 77 107
61 70 108
70 88 108
88 55 108
55 98 108
81 61 108
98 81 108
27 26 109
63 48 109
35 34 110
34 50 110
50 54 110
54 45 110
45 58 110
58 35 110
84 59 111
49 66 111
66 84 111
100 49 111
59 74 111
74 100 111
8 7 112
7 57 112
9 8 112
84 9 112
58 45 113
45 89 113
89 92 113
92 68 113
28 27 114
86 28 114
48 86 114
27 109 114
109 48 114
19 18 115
18 107 115
107 77 115
47 69 116
85 47 116
69 77 116
77 85 116
112 57 117
59 84 117
84 112 117
17 16 118
16 44 118
44 43 118
43 96 118
96 107 118
107 17 118
20 19 119
69 95 119
95 20 119
19 115 119
77 69 119
115 77 119
24 23 120
46 24 120
23 75 120
75 64 120
56 70 121
70 61 121
61 75 121
75 76 121
76 95 121
95 56 121
74 90 122
97 74 122
90 81 122
81 98 122
98 97 122
48 63 123
63 74 123
74 59 123
59 117 123
117 48 123
37 36 124
68 37 124
36 58 124
58 113 124
113 68 124
86 48 125
57 71 125
117 57 125
48 117 125
26 25 126
25 46 126
46 90 126
90 63 126
109 26 126
63 109 126
62 79 127
79 73 127
73 94 127
94 83 127
83 99 127
99 62 127
71 78 128
78 82 128
82 29 128
29 86 128
86 125 128
125 71 128
64 81 129
81 90 129
90 46 129
46 120 129
120 64 129
