177
1 0 0
0 1 0
0 0 1
0.0714287 0.928571 0
0.142857 0.857143 0
0.214286 0.785714 0
0.285714 0.714286 0
0.357143 0.642857 0
0.428572 0.571428 0
0.5 0.5 0
0.571429 0.428571 0
0.642857 0.357143 0
0.714286 0.285714 0
0.785714 0.214286 0
0.857143 0.142857 0
0.928571 0.0714286 0
0 0.05 0.95
0 0.1 0.9
0 0.15 0.85
0 0.2 0.8
0 0.25 0.75
0 0.3 0.7
0 0.35 0.65
0 0.4 0.6
0 0.45 0.55
0 0.5 0.5
0 0.55 0.45
0 0.6 0.4
0 0.65 0.35
0 0.7 0.3
0 0.75 0.25
0 0.8 0.2
0 0.85 0.15
0 0.9 0.1
0 0.95 0.05
0.95 0 0.05
0.9 0 0.1
0.85 0 0.15
0.8 0 0.2
0.75 0 0.25
0.7 0 0.3
0.65 0 0.35
0.6 0 0.4
0.55 0 0.45
0.5 0 0.5
0.45 0 0.55
0.4 0 0.6
0.35 0 0.65
0.3 0 0.7
0.25 0 0.75
0.2 0 0.8
0.15 0 0.85
0.1 0 0.9
0.0500001 0 0.95
0.637868 0.117637 0.244495
0.105009 0.500784 0.394207
0.284757 0.125505 0.589738
0.16892 0.598782 0.232297
0.494538 0.409488 0.0959739
0.78674 0.0589923 0.154268
0.426033 0.0597386 0.514229
0.673315 0.253696 0.0729885
0.0504658 0.341048 0.608487
0.665239 0.152565 0.182196
0.758682 0.174845 0.066473
0.734733 0.130088 0.135179
0.393424 0.252004 0.354572
0.163362 0.252072 0.584566
0.270577 0.642458 0.0869655
0.0618728 0.133021 0.805106
0.82522 0.132087 0.0426932
0.668367 0.0575931 0.27404
0.333974 0.519588 0.146438
0.380154 0.129484 0.490362
0.186914 0.332412 0.480674
0.479622 0.252094 0.268284
0.271003 0.52235 0.206647
0.164221 0.543101 0.292678
0.116418 0.394943 0.488639
0.338631 0.570933 0.0904358
0.59131 0.324043 0.0846473
0.495461 0.459325 0.0452138
0.884551 0.0557064 0.0597422
0.522751 0.0883128 0.388936
0.157968 0.196866 0.645166
0.266403 0.590628 0.14297
0.25588 0.248581 0.495539
0.200873 0.670343 0.128784
0.249305 0.709556 0.0411397
0.334142 0.056665 0.609193
0.587328 0.243111 0.16956
0.0685554 0.379035 0.55241
0.120611 0.133986 0.745403
0.555724 0.182414 0.261862
0.478276 0.201663 0.320061
0.345492 0.248626 0.405882
0.168957 0.77473 0.0563133
0.601363 0.185822 0.212815
0.45521 0.387204 0.157587
0.0863682 0.830867 0.0827651
0.228282 0.388565 0.383153
0.160609 0.414976 0.424415
0.820852 0.0808951 0.0982527
0.527642 0.253754 0.218604
0.0768879 0.785845 0.137268
0.439165 0.341859 0.218976
0.410564 0.498965 0.0904707
0.275047 0.0693093 0.655644
0.130049 0.69706 0.172892
0.0827713 0.684807 0.232422
0.241805 0.205668 0.552527
0.40338 0.287307 0.309313
0.107909 0.199047 0.693044
0.546446 0.322722 0.130832
0.177465 0.475699 0.346836
0.508851 0.0551368 0.436012
0.57512 0.124992 0.299888
0.722502 0.0709766 0.206522
0.0558106 0.896345 0.0478439
0.0925787 0.269026 0.638395
0.64226 0.229905 0.127835
0.425895 0.144508 0.429597
0.133112 0.068196 0.798692
0.338281 0.416922 0.244797
0.237324 0.491081 0.271595
0.573321 0.38274 0.0439387
0.3184 0.329406 0.352194
0.327093 0.212091 0.460817
0.107964 0.61332 0.278716
0.087871 0.0591688 0.85296
0.247563 0.31332 0.439117
0.288745 0.424627 0.286628
0.605019 0.0583744 0.336607
0.367812 0.0781455 0.554043
0.202286 0.616973 0.180741
0.443262 0.175974 0.380764
0.188269 0.0635667 0.748165
0.226651 0.13461 0.638739
0.0510322 0.208508 0.74046
0.506341 0.315167 0.178492
0.0494606 0.658495 0.292044
0.0462317 0.0486925 0.905076
0.093343 0.570359 0.336298
0.0531709 0.437544 0.509286
0.10626 0.309115 0.584625
0.0511968 0.760597 0.188206
0.370123 0.439744 0.190133
0.407102 0.458438 0.13446
0.722524 0.243856 0.03362
0.124746 0.843284 0.0319702
0.312097 0.164049 0.523855
0.937925 0.036482 0.025593
0.417436 0.540338 0.0422254
0.0490559 0.26773 0.683214
0.139397 0.326226 0.534377
0.652233 0.31063 0.0371373
0.0699882 0.474149 0.455863
0.187281 0.12098 0.691739
0.0435645 0.538312 0.418123
0.334196 0.627032 0.0387716
0.451572 0.0779712 0.470457
0.521527 0.130802 0.347671
0.88605 0.0878112 0.0261388
0.405055 0.330698 0.264247
0.241968 0.0495763 0.708456
0.142002 0.748007 0.109991
0.20937 0.708736 0.0818939
0.211876 0.186173 0.601951
0.0500496 0.573884 0.376066
0.336768 0.362554 0.300679
0.0378275 0.846302 0.11587
0.255659 0.417704 0.326637
0.706761 0.192091 0.101148
0.280192 0.322317 0.397491
0.0397449 0.0972795 0.862976
0.0300877 0.949641 0.0202716
0.197106 0.273607 0.529287


16 2 53
38 37 59
45 44 60
23 22 62
19 18 69
14 13 70
13 64 70
40 39 71
10 9 81
36 35 82
76 72 85
72 79 85
79 68 85
85 68 87
6 5 88
47 46 89
24 23 91
23 62 91
93 75 94
88 5 96
54 63 97
93 54 97
63 90 97
78 74 101
37 36 102
59 37 102
64 65 102
70 64 102
65 59 102
36 82 102
82 70 102
97 90 103
75 93 103
93 97 103
75 103 105
79 72 106
58 81 106
48 47 107
47 89 107
89 56 107
57 108 109
66 94 111
94 75 111
80 58 113
58 98 113
55 101 114
101 100 114
44 43 115
43 42 115
42 83 115
71 54 116
54 93 116
93 94 116
39 38 117
63 54 117
38 59 117
59 65 117
65 63 117
54 71 117
71 39 117
34 33 118
33 99 118
84 67 119
62 22 119
112 84 119
63 65 120
90 63 120
61 80 120
80 113 120
113 90 120
115 83 121
51 50 122
92 69 122
76 57 124
57 77 124
123 76 124
77 114 124
11 10 125
58 80 125
81 58 125
10 81 125
95 66 126
66 111 126
73 121 127
121 95 127
77 57 128
57 109 128
52 51 129
51 122 129
122 69 129
74 86 130
100 101 130
101 74 130
86 127 130
127 95 130
123 124 131
41 40 132
40 71 132
42 41 132
83 42 132
71 116 132
46 45 133
45 60 133
60 73 133
89 46 133
56 89 133
57 76 134
76 85 134
108 57 134
85 87 134
87 108 134
121 83 135
94 66 135
66 95 135
95 121 135
50 49 136
122 50 136
92 122 136
107 56 137
20 19 138
19 69 138
69 92 138
21 20 138
92 112 138
98 105 139
105 103 139
113 98 139
103 90 139
90 113 139
30 29 140
109 30 140
29 28 140
128 109 140
17 16 141
16 53 141
53 52 141
52 129 141
55 114 142
114 77 142
77 128 142
128 140 142
140 28 142
25 24 143
24 91 143
91 78 143
91 62 144
62 119 144
119 67 144
32 31 145
104 32 145
108 104 145
31 30 145
30 109 145
109 108 145
72 76 146
76 123 146
105 98 146
123 105 146
106 72 147
98 58 147
58 106 147
72 146 147
146 98 147
13 12 148
64 13 148
61 64 148
5 4 149
96 5 149
99 96 149
4 3 149
3 118 149
118 99 149
86 110 150
73 127 150
127 86 150
133 73 150
110 56 150
56 133 150
0 15 151
35 0 151
82 35 151
9 8 152
81 9 152
79 106 152
106 81 152
22 21 153
119 22 153
112 119 153
21 138 153
138 112 153
74 78 154
78 91 154
144 67 154
91 144 154
12 11 155
80 61 155
11 125 155
125 80 155
61 148 155
148 12 155
78 101 156
101 55 156
26 25 156
25 143 156
143 78 156
84 112 157
137 84 157
107 137 157
112 92 157
92 136 157
27 26 158
26 156 158
156 55 158
68 79 159
7 6 159
6 88 159
88 68 159
8 7 159
152 8 159
79 152 159
60 44 160
44 115 160
73 60 160
115 121 160
121 73 160
116 94 161
83 132 161
132 116 161
94 135 161
135 83 161
15 14 162
14 70 162
70 82 162
82 151 162
151 15 162
75 105 163
111 75 163
105 123 163
49 48 164
136 49 164
48 107 164
107 157 164
157 136 164
96 99 165
99 104 165
104 108 165
108 87 165
87 68 166
68 88 166
165 87 166
88 96 166
96 165 166
67 84 167
84 137 167
56 110 167
137 56 167
110 67 167
28 27 168
142 28 168
55 142 168
158 55 168
27 158 168
126 111 169
123 131 169
163 123 169
111 163 169
33 32 170
99 33 170
32 104 170
104 99 170
114 100 171
100 126 171
124 114 171
131 124 171
126 169 171
169 131 171
64 61 172
61 120 172
65 64 172
120 65 172
95 126 173
130 95 173
126 100 173
100 130 173
18 17 174
69 18 174
129 69 174
17 141 174
141 129 174
3 1 175
1 34 175
34 118 175
118 3 175
86 74 176
74 154 176
67 110 176
154 67 176
110 86 176
