124
1 0 0
0 1 0
0 0 1
0.0714287 0.928571 0
0.142857 0.857143 0
0.214286 0.785714 0
0.285714 0.714286 0
0.357143 0.642857 0
0.428572 0.571428 0
0.5 0.5 0
0.571429 0.428571 0
0.642857 0.357143 0
0.714286 0.285714 0
0.785714 0.214286 0
0.857143 0.142857 0
0.928571 0.0714286 0
0 0.05 0.95
0 0.1 0.9
0 0.15 0.85
0 0.2 0.8
0 0.25 0.75
0 0.3 0.7
0 0.35 0.65
0 0.4 0.6
0 0.45 0.55
0 0.5 0.5
0 0.55 0.45
0 0.6 0.4
0 0.65 0.35
0 0.7 0.3
0 0.75 0.25
0 0.8 0.2
0 0.85 0.15
0 0.9 0.1
0 0.95 0.05
0.916667 0 0.0833333
0.833333 0 0.166667
0.75 0 0.25
0.666667 0 0.333333
0.583333 0 0.416667
0.5 0 0.5
0.416667 0 0.583333
0.333333 0 0.666667
0.25 0 0.75
0.166667 0 0.833333
0.0833334 0 0.916667
0.648891 0.115052 0.236057
0.104424 0.485582 0.409993
0.291175 0.129131 0.579694
0.154166 0.61935 0.226483
0.487413 0.40483 0.107757
0.790112 0.0601531 0.149735
0.406174 0.0638455 0.529981
0.762313 0.189502 0.048185
0.665803 0.257781 0.0764158
0.734789 0.12347 0.141741
0.406846 0.242394 0.35076
0.639395 0.0656752 0.29493
0.174786 0.243846 0.581368
0.263286 0.645167 0.0915476
0.331797 0.510854 0.157349
0.382855 0.121599 0.495546
0.188471 0.32685 0.484679
0.490812 0.23556 0.273628
0.172878 0.530334 0.296787
0.142378 0.389902 0.46772
0.582844 0.338914 0.0782423
0.868634 0.0610113 0.0703543
0.555795 0.0697493 0.374455
0.157902 0.197836 0.644262
0.237785 0.25931 0.502905
0.330983 0.0569229 0.612094
0.599902 0.244102 0.155996
0.276377 0.48581 0.237813
0.0843148 0.375659 0.540027
0.119369 0.130708 0.749923
0.175585 0.762327 0.062088
0.60624 0.189855 0.203906
0.0946928 0.834135 0.0711721
0.204911 0.40866 0.386429
0.0823755 0.78809 0.129534
0.428597 0.338994 0.232409
0.105582 0.317149 0.577269
0.392419 0.522785 0.0847956
0.234834 0.0584938 0.706672
0.807624 0.12824 0.0641361
0.146561 0.67842 0.175018
0.50735 0.270876 0.221774
0.400882 0.299672 0.299446
0.366217 0.208701 0.425082
0.53317 0.181108 0.285723
0.21613 0.119981 0.663889
0.213004 0.462122 0.324873
0.457125 0.375793 0.167082
0.0953188 0.446377 0.458304
0.509832 0.147735 0.342433
0.0624453 0.892885 0.0446693
0.123315 0.0711785 0.805506
0.268027 0.587716 0.144257
0.338966 0.413939 0.247095
0.461513 0.459835 0.0786517
0.693806 0.191028 0.115167
0.0758896 0.271814 0.652297
0.289365 0.187666 0.522969
0.249485 0.696202 0.0543136
0.0653521 0.647061 0.287587
0.094092 0.592951 0.312957
0.541036 0.306718 0.152246
0.735092 0.0479598 0.216948
0.432929 0.138062 0.429008
0.281492 0.331297 0.387211
0.294147 0.278047 0.427806
0.557343 0.396035 0.0466222
0.0770655 0.682407 0.240527
0.0923837 0.539454 0.368162
0.0903631 0.187923 0.721714
0.0723189 0.0472998 0.880381
0.486954 0.0626183 0.450428
0.368828 0.577084 0.0540884
0.314596 0.372957 0.312447
0.164551 0.720031 0.115419
0.386758 0.445496 0.167746
0.0737003 0.747655 0.178645
0.214273 0.557351 0.228376


3 1 34
16 2 45
26 25 47
36 35 51
41 40 52
14 13 53
13 12 54
53 13 54
46 51 55
38 37 57
48 52 61
12 11 66
54 12 66
0 15 67
35 0 67
51 35 67
55 51 67
39 38 68
38 57 68
42 41 71
41 52 71
52 48 71
24 23 74
65 24 74
62 65 74
19 18 75
6 5 76
46 55 77
5 4 78
33 32 78
76 5 78
32 31 80
76 78 80
78 32 80
58 70 82
23 22 82
74 23 82
70 62 82
62 74 82
43 42 84
42 71 84
14 53 85
15 14 85
67 15 85
55 67 85
63 77 87
77 72 87
56 63 88
63 87 88
87 81 88
63 56 90
46 77 90
77 63 90
48 69 91
71 48 91
75 84 91
84 71 91
73 64 92
47 79 92
66 50 93
25 24 94
24 65 94
47 25 94
65 79 94
79 47 94
56 89 95
90 56 95
57 46 95
46 90 95
68 57 95
4 3 96
3 34 96
34 33 96
33 78 96
78 4 96
18 17 97
44 43 97
75 18 97
43 84 97
84 75 97
60 83 98
59 86 98
86 49 98
73 92 99
81 93 99
10 9 100
9 83 100
83 60 100
53 54 101
54 72 101
72 77 101
77 55 101
55 85 101
85 53 101
21 20 102
20 69 102
69 58 102
22 21 102
82 22 102
58 82 102
48 61 103
58 69 103
69 48 103
70 58 103
89 70 103
7 6 104
59 7 104
6 76 104
29 28 105
28 27 106
105 28 106
49 105 106
54 66 107
72 54 107
81 87 107
87 72 107
66 93 107
93 81 107
37 36 108
36 51 108
51 46 108
46 57 108
57 37 108
68 95 109
95 89 109
89 103 109
103 61 109
65 62 110
79 65 110
56 88 110
89 56 111
62 70 111
70 89 111
56 110 111
110 62 111
11 10 112
50 66 112
66 11 112
10 100 112
100 50 112
30 29 113
86 30 113
49 86 113
29 105 113
105 49 113
27 26 114
26 47 114
47 92 114
92 64 114
64 106 114
106 27 114
20 19 115
19 75 115
69 20 115
75 91 115
91 69 115
17 16 116
16 45 116
45 44 116
44 97 116
97 17 116
40 39 117
52 40 117
61 52 117
39 68 117
68 109 117
109 61 117
8 7 118
7 59 118
9 8 118
83 9 118
59 98 118
98 83 118
88 81 119
81 99 119
92 79 119
99 92 119
79 110 119
110 88 119
86 59 120
59 104 120
76 80 120
104 76 120
60 73 121
93 50 121
73 99 121
99 93 121
50 100 121
100 60 121
31 30 122
30 86 122
86 120 122
80 31 122
120 80 122
64 73 123
73 60 123
60 98 123
98 49 123
49 106 123
106 64 123
