40
1 0 0
0 1 0
0 0 1
0.0714287 0.928571 0
0.142857 0.857143 0
0.214286 0.785714 0
0.285714 0.714286 0
0.357143 0.642857 0
0.428572 0.571428 0
0.5 0.5 0
0.571429 0.428571 0
0.642857 0.357143 0
0.714286 0.285714 0
0.785714 0.214286 0
0.857143 0.142857 0
0.928571 0.0714286 0
0 0.5 0.5
0.933333 0 0.0666667
0.866667 0 0.133333
0.8 0 0.2
0.733333 0 0.266667
0.666667 0 0.333333
0.6 0 0.4
0.533333 0 0.466667
0.466667 0 0.533333
0.4 0 0.6
0.333333 0 0.666667
0.266667 0 0.733333
0.2 0 0.8
0.133333 0 0.866667
0.0666667 0 0.933333
0.12049 0.440377 0.439133
0.0553064 0.520235 0.424459
0.189556 0.398327 0.412116
0.402046 0.309738 0.288216
0.249956 0.406337 0.343707
0.346759 0.360853 0.292388
0.549239 0.248806 0.201955
0.481811 0.251391 0.266798
0.619924 0.194848 0.185228


0 15 17
15 14 18
17 15 18
14 13 19
18 14 19
13 12 20
19 13 20
12 11 21
20 12 21
16 2 30
4 3 31
29 28 31
3 1 32
31 3 32
30 29 32
29 31 32
1 16 32
16 30 32
5 4 33
28 27 33
4 31 33
31 28 33
8 7 34
24 8 34
25 24 34
6 5 35
26 6 35
27 26 35
5 33 35
33 27 35
7 6 36
6 26 36
26 25 36
25 34 36
34 7 36
10 9 37
9 23 37
22 10 37
23 22 37
9 8 38
8 24 38
23 9 38
24 23 38
11 10 39
10 22 39
21 11 39
22 21 39
