42
1 0 0
0 1 0
0 0 1
0.0714287 0.928571 0
0.142857 0.857143 0
0.214286 0.785714 0
0.285714 0.714286 0
0.357143 0.642857 0
0.428572 0.571428 0
0.5 0.5 0
0.571429 0.428571 0
0.642857 0.357143 0
0.714286 0.285714 0
0.785714 0.214286 0
0.857143 0.142857 0
0.928571 0.0714286 0
0 0.5 0.5
0.928571 0 0.0714286
0.857143 0 0.142857
0.785714 0 0.214286
0.714286 0 0.285714
0.642857 0 0.357143
0.571429 0 0.428571
0.5 0 0.5
0.428571 0 0.571429
0.357143 0 0.642857
0.285714 0 0.714286
0.214286 0 0.785714
0.142857 0 0.857143
0.0714287 0 0.928571
0.105308 0.458851 0.43584
0.389623 0.296793 0.313584
0.174539 0.287828 0.537633
0.242103 0.366687 0.39121
0.533021 0.245697 0.221281
0.605252 0.192984 0.201764
0.319241 0.329638 0.351121
0.0420827 0.311394 0.646523
0.452192 0.266795 0.281013
0.0423101 0.672393 0.285297
0.175947 0.559961 0.264093
0.67793 0.15805 0.164019


0 15 17
15 14 18
17 15 18
14 13 19
18 14 19
13 12 20
19 13 20
4 3 30
29 28 30
8 7 31
25 24 31
28 27 32
30 28 32
6 5 33
27 26 33
32 27 33
10 9 34
9 23 34
22 10 34
23 22 34
11 10 35
10 22 35
21 11 35
22 21 35
7 6 36
26 25 36
25 31 36
31 7 36
6 33 36
33 26 36
16 2 37
2 29 37
29 30 37
9 8 38
23 9 38
24 23 38
8 31 38
31 24 38
3 1 39
1 16 39
16 37 39
30 3 39
37 30 39
5 4 40
4 30 40
30 32 40
32 33 40
33 5 40
12 11 41
11 21 41
20 12 41
21 20 41
