48
1 0 0
0 1 0
0 0 1
0.0714287 0.928571 0
0.142857 0.857143 0
0.214286 0.785714 0
0.285714 0.714286 0
0.357143 0.642857 0
0.428572 0.571428 0
0.5 0.5 0
0.571429 0.428571 0
0.642857 0.357143 0
0.714286 0.285714 0
0.785714 0.214286 0
0.857143 0.142857 0
0.928571 0.0714286 0
0 0.333333 0.666667
0 0.666667 0.333333
0.928571 0 0.0714286
0.857143 0 0.142857
0.785714 0 0.214286
0.714286 0 0.285714
0.642857 0 0.357143
0.571429 0 0.428571
0.5 0 0.5
0.428571 0 0.571429
0.357143 0 0.642857
0.285714 0 0.714286
0.214286 0 0.785714
0.142857 0 0.857143
0.0714287 0 0.928571
0.0982809 0.472653 0.429066
0.164962 0.584074 0.250964
0.675947 0.153305 0.170748
0.387778 0.304333 0.307889
0.174504 0.29453 0.530966
0.320206 0.476181 0.203613
0.472068 0.260419 0.267513
0.246916 0.232734 0.52035
0.561342 0.219587 0.219071
0.10951 0.199482 0.691008
0.0397204 0.498317 0.461963
0.312432 0.253247 0.434321
0.102728 0.720861 0.176411
0.748568 0.11877 0.132662
0.0520644 0.240467 0.707469
0.245643 0.484022 0.270335
0.0470919 0.736448 0.21646


0 15 18
15 14 19
18 15 19
14 13 20
19 14 20
5 4 32
12 11 33
11 22 33
21 12 33
22 21 33
8 7 34
26 25 34
29 28 35
32 31 35
7 6 36
34 7 36
9 8 37
25 24 37
8 34 37
34 25 37
28 27 38
35 28 38
11 10 39
22 11 39
23 22 39
10 9 39
9 37 39
24 23 39
37 24 39
30 29 40
29 35 40
35 31 40
17 16 41
27 26 42
26 34 42
34 36 42
38 27 42
4 3 43
31 32 43
32 4 43
13 12 44
12 21 44
20 13 44
21 20 44
16 2 45
2 30 45
41 16 45
30 40 45
40 31 45
31 41 45
6 5 46
5 32 46
32 35 46
35 38 46
36 6 46
38 42 46
42 36 46
3 1 47
1 17 47
17 41 47
43 3 47
41 31 47
31 43 47
