45
1 0 0
0 1 0
0 0 1
0.0714287 0.928571 0
0.142857 0.857143 0
0.214286 0.785714 0
0.285714 0.714286 0
0.357143 0.642857 0
0.428572 0.571428 0
0.5 0.5 0
0.571429 0.428571 0
0.642857 0.357143 0
0.714286 0.285714 0
0.785714 0.214286 0
0.857143 0.142857 0
0.928571 0.0714286 0
0 0.333333 0.666667
0 0.666667 0.333333
0.9375 0 0.0625
0.875 0 0.125
0.8125 0 0.1875
0.75 0 0.25
0.6875 0 0.3125
0.625 0 0.375
0.5625 0 0.4375
0.5 0 0.5
0.4375 0 0.5625
0.375 0 0.625
0.3125 0 0.6875
0.25 0 0.75
0.1875 0 0.8125
0.125 0 0.875
0.0624999 0 0.9375
0.0930451 0.484326 0.422629
0.160201 0.520866 0.318932
0.0544468 0.315314 0.63024
0.170821 0.277291 0.551888
0.482698 0.269999 0.247303
0.291569 0.392177 0.316254
0.231838 0.405951 0.362211
0.57185 0.227789 0.200361
0.420881 0.305419 0.2737
0.62219 0.199869 0.177941
0.355048 0.351651 0.293302
0.696791 0.169931 0.133278


0 15 18
15 14 19
18 15 19
14 13 20
19 14 20
13 12 21
20 13 21
16 2 32
3 1 33
31 30 33
1 17 33
4 3 34
3 33 34
17 16 35
16 32 35
32 31 35
31 33 35
33 17 35
30 29 36
29 34 36
33 30 36
34 33 36
9 8 37
24 9 37
25 24 37
6 5 38
28 27 38
5 4 39
4 34 39
29 28 39
34 29 39
38 5 39
28 38 39
10 9 40
9 24 40
24 23 40
8 7 41
37 8 41
26 25 41
25 37 41
11 10 42
22 11 42
23 22 42
10 40 42
40 23 42
7 6 43
27 26 43
6 38 43
38 27 43
26 41 43
41 7 43
12 11 44
11 22 44
21 12 44
22 21 44
