41
1 0 0
0 1 0
0 0 1
0.0714285 0.928571 0
0.142857 0.857143 0
0.214286 0.785714 0
0.285714 0.714286 0
0.357143 0.642857 0
0.428571 0.571429 0
0.5 0.5 0
0.571429 0.428571 0
0.642857 0.357143 0
0.714286 0.285714 0
0.785714 0.214286 0
0.857143 0.142857 0
0.928571 0.0714286 0
0 0.333333 0.666667
0 0.666667 0.333333
0.916667 0 0.0833333
0.833333 0 0.166667
0.75 0 0.25
0.666667 0 0.333333
0.583333 0 0.416667
0.5 0 0.5
0.416667 0 0.583333
0.333333 0 0.666667
0.25 0 0.75
0.166667 0 0.833333
0.0833333 0 0.916667
0.115668 0.504417 0.379915
0.41031 0.270693 0.318997
0.172738 0.316728 0.510534
0.481352 0.238947 0.279701
0.259293 0.327986 0.412721
0.570709 0.190326 0.238966
0.651889 0.170635 0.177476
0.33693 0.315098 0.347972
0.197499 0.548904 0.253597
0.0635958 0.653743 0.282661
0.0749493 0.235116 0.689935
0.729161 0.127956 0.142884


3 1 17
0 15 18
15 14 19
18 15 19
14 13 20
19 14 20
5 4 29
9 8 30
25 24 30
28 27 31
10 9 32
23 10 32
24 23 32
9 30 32
30 24 32
7 6 33
27 26 33
6 31 33
31 27 33
11 10 34
10 23 34
22 11 34
23 22 34
12 11 35
11 22 35
21 12 35
22 21 35
8 7 36
26 25 36
25 30 36
30 8 36
7 33 36
33 26 36
6 5 37
31 6 37
5 29 37
29 31 37
4 3 38
3 17 38
17 16 38
16 29 38
29 4 38
16 2 39
29 16 39
2 28 39
28 31 39
31 29 39
13 12 40
12 21 40
20 13 40
21 20 40
