52
1 0 0
0 1 0
0 0 1
0.0714285 0.928571 0
0.142857 0.857143 0
0.214286 0.785714 0
0.285714 0.714286 0
0.357143 0.642857 0
0.428571 0.571429 0
0.5 0.5 0
0.571429 0.428571 0
0.642857 0.357143 0
0.714286 0.285714 0
0.785714 0.214286 0
0.857143 0.142857 0
0.928571 0.0714286 0
0 0.25 0.75
0 0.5 0.5
0 0.75 0.25
0.941176 0 0.0588235
0.882353 0 0.117647
0.823529 0 0.176471
0.764706 0 0.235294
0.705882 0 0.294118
0.647059 0 0.352941
0.588235 0 0.411765
0.529412 0 0.470588
0.470588 0 0.529412
0.411765 0 0.588235
0.352941 0 0.647059
0.294118 0 0.705882
0.235294 0 0.764706
0.176471 0 0.823529
0.117647 0 0.882353
0.0588235 0 0.941176
0.104389 0.435257 0.460354
0.159002 0.59298 0.248017
0.371898 0.333237 0.294865
0.443779 0.297104 0.259118
0.285549 0.465939 0.248512
0.259746 0.291149 0.449104
0.565535 0.234786 0.199679
0.0775368 0.329293 0.59317
0.641501 0.191224 0.167275
0.183256 0.304827 0.511917
0.509626 0.256582 0.233792
0.0502014 0.224155 0.725643
0.708061 0.148422 0.143517
0.333371 0.22951 0.437119
0.215513 0.574353 0.210134
0.0818949 0.691528 0.226577
0.772144 0.122825 0.105031


0 15 19
15 14 20
19 15 20
14 13 21
20 14 21
16 2 34
4 3 36
7 6 37
28 27 37
8 7 38
27 26 38
7 37 38
37 27 38
6 5 39
37 6 39
30 29 40
10 9 41
24 10 41
25 24 41
18 17 42
35 18 42
33 32 42
32 35 42
11 10 43
10 24 43
23 11 43
24 23 43
32 31 44
35 32 44
31 30 44
30 40 44
40 36 44
9 8 45
26 25 45
8 38 45
38 26 45
25 41 45
41 9 45
17 16 46
16 34 46
34 33 46
33 42 46
42 17 46
12 11 47
11 23 47
22 12 47
23 22 47
29 28 48
28 37 48
37 39 48
39 40 48
40 29 48
5 4 49
39 5 49
40 39 49
4 36 49
36 40 49
3 1 50
1 18 50
18 35 50
36 3 50
35 44 50
44 36 50
13 12 51
12 22 51
21 13 51
22 21 51
