63
1 0 0
0 1 0
0 0 1
0.0714285 0.928571 0
0.142857 0.857143 0
0.214286 0.785714 0
0.285714 0.714286 0
0.357143 0.642857 0
0.428571 0.571429 0
0.5 0.5 0
0.571429 0.428571 0
0.642857 0.357143 0
0.714286 0.285714 0
0.785714 0.214286 0
0.857143 0.142857 0
0.928571 0.0714286 0
0 0.2 0.8
0 0.4 0.6
0 0.6 0.4
0 0.8 0.2
0.941176 0 0.0588235
0.882353 0 0.117647
0.823529 0 0.176471
0.764706 0 0.235294
0.705882 0 0.294118
0.647059 0 0.352941
0.588235 0 0.411765
0.529412 0 0.470588
0.470588 0 0.529412
0.411765 0 0.588235
0.352941 0 0.647059
0.294118 0 0.705882
0.235294 0 0.764706
0.176471 0 0.823529
0.117647 0 0.882353
0.0588235 0 0.941176
0.0907565 0.532792 0.376452
0.149723 0.660699 0.189578
0.483078 0.386713 0.130208
0.392415 0.287655 0.31993
0.157909 0.244232 0.597859
0.0569553 0.192541 0.750503
0.32567 0.491058 0.183272
0.498408 0.209621 0.291971
0.265134 0.231287 0.503579
0.201317 0.654891 0.143791
0.582841 0.253066 0.164093
0.0708764 0.372678 0.556445
0.115666 0.172006 0.712328
0.325799 0.266733 0.407468
0.645665 0.195839 0.158496
0.0792239 0.731093 0.189683
0.551348 0.197955 0.250698
0.426705 0.402179 0.171116
0.460327 0.176187 0.363486
0.169229 0.434654 0.396118
0.762488 0.133195 0.104317
0.26684 0.536654 0.196506
0.707735 0.162264 0.130001
0.83522 0.0955984 0.069182
0.225739 0.179545 0.594717
0.0404039 0.591721 0.367875
0.233145 0.437906 0.328949


0 15 20
15 14 21
20 15 21
16 2 35
4 3 37
9 8 38
29 28 39
33 32 40
17 16 41
16 35 41
35 34 41
7 6 42
39 7 42
27 26 43
31 30 44
5 4 45
4 37 45
10 9 46
40 36 47
18 17 47
17 41 47
34 33 48
41 34 48
47 41 48
33 40 48
40 47 48
30 29 49
29 39 49
39 42 49
44 30 49
11 10 50
10 46 50
25 24 50
46 25 50
3 1 51
1 19 51
19 36 51
37 3 51
38 43 52
43 26 52
26 25 52
25 46 52
9 38 52
46 9 52
8 7 53
7 39 53
38 8 53
43 38 53
28 27 54
27 43 54
39 28 54
53 39 54
43 53 54
36 40 55
37 51 55
51 36 55
13 12 56
22 13 56
23 22 56
6 5 57
42 6 57
5 45 57
49 42 57
12 11 58
24 23 58
11 50 58
50 24 58
23 56 58
56 12 58
14 13 59
13 22 59
21 14 59
22 21 59
32 31 60
31 44 60
40 32 60
55 40 60
44 55 60
19 18 61
36 19 61
18 47 61
47 36 61
45 37 62
37 55 62
55 44 62
57 45 62
44 49 62
49 57 62
