54
1 0 0
0 1 0
0 0 1
0.0714285 0.928571 0
0.142857 0.857143 0
0.214286 0.785714 0
0.285714 0.714286 0
0.357143 0.642857 0
0.428571 0.571429 0
0.5 0.5 0
0.571429 0.428571 0
0.642857 0.357143 0
0.714286 0.285714 0
0.785714 0.214286 0
0.857143 0.142857 0
0.928571 0.0714286 0
0 0.2 0.8
0 0.4 0.6
0 0.6 0.4
0 0.8 0.2
0.909091 0 0.0909091
0.818182 0 0.181818
0.727273 0 0.272727
0.636364 0 0.363636
0.545455 0 0.454545
0.454545 0 0.545455
0.363636 0 0.636364
0.272727 0 0.727273
0.181818 0 0.818182
0.0909091 0 0.909091
0.637916 0.157324 0.20476
0.0996404 0.466267 0.434092
0.292842 0.175834 0.531324
0.401956 0.275268 0.322777
0.147688 0.22184 0.630472
0.0659531 0.147586 0.786461
0.490572 0.241815 0.267613
0.273546 0.506222 0.220232
0.57447 0.22166 0.203871
0.784464 0.0944436 0.121092
0.0694562 0.753463 0.177081
0.134532 0.67733 0.188139
0.203522 0.598163 0.198315
0.418965 0.427578 0.153457
0.340236 0.402377 0.257387
0.100106 0.315729 0.584166
0.715319 0.122952 0.161729
0.516422 0.105846 0.377732
0.238208 0.265448 0.496344
0.418111 0.118664 0.463224
0.0592453 0.583576 0.357178
0.167241 0.109737 0.723022
0.187568 0.416852 0.39558
0.347839 0.109164 0.542998


3 1 19
0 15 20
15 14 21
20 15 21
12 11 30
24 23 30
17 16 31
28 27 32
16 2 35
2 29 35
29 34 35
10 9 36
9 33 36
7 6 37
24 30 38
30 11 38
11 10 38
10 36 38
14 13 39
21 14 39
22 21 39
4 3 40
3 19 40
19 18 40
5 4 41
4 40 41
6 5 42
37 6 42
5 41 42
41 31 42
9 8 43
33 9 43
8 7 44
7 37 44
32 33 44
33 43 44
43 8 44
31 16 45
16 35 45
35 34 45
13 12 46
23 22 46
12 30 46
30 23 46
22 39 46
39 13 46
25 24 47
24 38 47
36 25 47
38 36 47
28 32 48
32 44 48
44 37 48
26 25 49
25 36 49
36 33 49
18 17 50
17 31 50
31 41 50
40 18 50
41 40 50
29 28 51
34 29 51
28 48 51
48 34 51
42 31 52
31 45 52
45 34 52
37 42 52
34 48 52
48 37 52
27 26 53
32 27 53
33 32 53
26 49 53
49 33 53
