42
1 0 0
0 1 0
0 0 1
0.0714285 0.928571 0
0.142857 0.857143 0
0.214286 0.785714 0
0.285714 0.714286 0
0.357143 0.642857 0
0.428571 0.571429 0
0.5 0.5 0
0.571429 0.428571 0
0.642857 0.357143 0
0.714286 0.285714 0
0.785714 0.214286 0
0.857143 0.142857 0
0.928571 0.0714286 0
0 0.166667 0.833333
0 0.333333 0.666667
0 0.5 0.5
0 0.666667 0.333333
0 0.833333 0.166667
0.888889 0 0.111111
0.777778 0 0.222222
0.666667 0 0.333333
0.555556 0 0.444444
0.444444 0 0.555556
0.333333 0 0.666667
0.222222 0 0.777778
0.111111 0 0.888889
0.125513 0.558259 0.316227
0.662783 0.132381 0.204836
0.39014 0.250249 0.359612
0.143182 0.223757 0.633061
0.487595 0.205562 0.306842
0.284379 0.432095 0.283526
0.579401 0.165414 0.255184
0.258292 0.227915 0.513793
0.166788 0.436588 0.396624
0.0977582 0.674252 0.22799
0.770347 0.0918113 0.137842
0.373167 0.401362 0.225472
0.0518292 0.813239 0.134932


3 1 20
0 15 21
15 14 22
21 15 22
6 5 29
18 17 29
13 12 30
23 13 30
24 23 30
10 9 31
27 26 31
16 2 32
2 28 32
11 10 33
26 25 33
10 31 33
31 26 33
8 7 34
12 11 35
25 24 35
24 30 35
30 12 35
11 33 35
33 25 35
28 27 36
27 31 36
32 28 36
34 32 36
17 16 37
29 17 37
16 32 37
7 6 37
34 7 37
6 29 37
32 34 37
5 4 38
4 19 38
19 18 38
18 29 38
29 5 38
14 13 39
13 23 39
22 14 39
23 22 39
9 8 40
31 9 40
36 31 40
8 34 40
34 36 40
4 3 41
3 20 41
19 4 41
20 19 41
