75
1 0 0
0 1 0
0 0 1
0.0714285 0.928571 0
0.142857 0.857143 0
0.214286 0.785714 0
0.285714 0.714286 0
0.357143 0.642857 0
0.428571 0.571429 0
0.5 0.5 0
0.571429 0.428571 0
0.642857 0.357143 0
0.714286 0.285714 0
0.785714 0.214286 0
0.857143 0.142857 0
0.928571 0.0714286 0
0 0.166667 0.833333
0 0.333333 0.666667
0 0.5 0.5
0 0.666667 0.333333
0 0.833333 0.166667
0.9375 0 0.0625
0.875 0 0.125
0.8125 0 0.1875
0.75 0 0.25
0.6875 0 0.3125
0.625 0 0.375
0.5625 0 0.4375
0.5 0 0.5
0.4375 0 0.5625
0.375 0 0.625
0.3125 0 0.6875
0.25 0 0.75
0.1875 0 0.8125
0.125 0 0.875
0.0625 0 0.9375
0.621113 0.146824 0.232064
0.0956955 0.498586 0.405719
0.272743 0.162526 0.564731
0.168179 0.578386 0.253435
0.472935 0.40323 0.123835
0.0534389 0.325443 0.621118
0.764618 0.129405 0.105977
0.374555 0.296593 0.328852
0.168233 0.222373 0.609394
0.266872 0.612298 0.12083
0.0583056 0.160686 0.781008
0.383184 0.137179 0.479638
0.494816 0.247425 0.257758
0.64412 0.232612 0.123267
0.194732 0.687649 0.117619
0.555065 0.307724 0.137211
0.118823 0.166942 0.714235
0.563011 0.147267 0.289721
0.237521 0.381717 0.380762
0.820507 0.0943212 0.0851718
0.065238 0.793222 0.14154
0.405285 0.490682 0.104033
0.220399 0.122679 0.656922
0.298835 0.430355 0.270809
0.314253 0.267787 0.417959
0.448105 0.154757 0.397137
0.424217 0.342496 0.233287
0.108197 0.342952 0.54885
0.158683 0.419222 0.422095
0.708229 0.14444 0.147331
0.34539 0.499084 0.155525
0.049661 0.656008 0.294331
0.048545 0.493684 0.457771
0.514561 0.106823 0.378617
0.232646 0.53337 0.233984
0.331141 0.115385 0.553475
0.109155 0.617389 0.273455
0.127639 0.754528 0.117833
0.215212 0.267878 0.51691


0 15 21
15 14 22
21 15 22
16 2 35
26 25 36
32 31 38
9 8 40
18 17 41
13 12 42
24 23 42
6 5 45
17 16 46
41 17 46
16 35 46
35 34 46
30 29 47
11 10 49
36 25 49
5 4 50
45 5 50
10 9 51
9 40 51
40 48 51
36 49 51
49 10 51
34 33 52
33 44 52
41 46 52
46 34 52
27 26 53
26 36 53
36 51 53
51 48 53
14 13 55
22 14 55
23 22 55
13 42 55
42 23 55
3 1 56
1 20 56
8 7 57
40 8 57
33 32 58
44 33 58
32 38 58
54 38 60
59 54 60
47 43 60
43 59 60
29 28 61
43 47 61
47 29 61
48 40 62
40 57 62
61 48 62
43 61 62
41 52 63
52 44 63
54 39 64
37 63 64
63 44 64
24 42 65
42 12 65
12 11 65
11 49 65
25 24 65
49 25 65
7 6 66
6 45 66
45 59 66
57 7 66
59 43 66
43 62 66
62 57 66
20 19 67
56 20 67
19 18 68
63 37 68
18 41 68
41 63 68
37 67 68
67 19 68
28 27 69
27 53 69
53 48 69
48 61 69
61 28 69
50 39 70
39 54 70
45 50 70
59 45 70
54 59 70
31 30 71
38 31 71
60 38 71
30 47 71
47 60 71
37 64 72
64 39 72
67 37 72
56 67 72
39 50 73
50 4 73
4 3 73
3 56 73
56 72 73
72 39 73
38 54 74
54 64 74
58 38 74
44 58 74
64 44 74
