61
1 0 0
0 1 0
0 0 1
0.0714287 0.928571 0
0.142857 0.857143 0
0.214286 0.785714 0
0.285714 0.714286 0
0.357143 0.642857 0
0.428572 0.571428 0
0.5 0.5 0
0.571429 0.428571 0
0.642857 0.357143 0
0.714286 0.285714 0
0.785714 0.214286 0
0.857143 0.142857 0
0.928571 0.0714286 0
0 0.166667 0.833333
0 0.333333 0.666667
0 0.5 0.5
0 0.666667 0.333333
0 0.833333 0.166667
0.947368 0 0.0526316
0.894737 0 0.105263
0.842105 0 0.157895
0.789474 0 0.210526
0.736842 0 0.263158
0.684211 0 0.315789
0.631579 0 0.368421
0.578947 0 0.421053
0.526316 0 0.473684
0.473684 0 0.526316
0.421053 0 0.578947
0.368421 0 0.631579
0.31579 0 0.68421
0.263158 0 0.736842
0.210526 0 0.789474
0.157895 0 0.842105
0.105263 0 0.894737
0.0526316 0 0.947368
0.0898789 0.510351 0.399771
0.175751 0.547092 0.277157
0.384133 0.276753 0.339114
0.190905 0.324884 0.484211
0.466383 0.306504 0.227113
0.298663 0.432031 0.269307
0.527093 0.284028 0.188879
0.262639 0.248115 0.489247
0.590595 0.238207 0.171198
0.0951884 0.317369 0.587442
0.647636 0.200523 0.151841
0.0877918 0.690032 0.222177
0.44555 0.215673 0.338777
0.198479 0.637192 0.164329
0.167765 0.229993 0.602243
0.0698878 0.235348 0.694765
0.290691 0.307513 0.401796
0.71595 0.169603 0.114447
0.374206 0.46239 0.163404
0.783063 0.1207 0.0962365
0.0409486 0.128696 0.830355
0.308079 0.544624 0.147297


0 15 21
15 14 22
21 15 22
14 13 23
22 14 23
16 2 38
20 19 39
31 30 41
34 33 42
8 7 43
29 28 43
31 41 44
9 8 45
28 27 45
8 43 45
43 28 45
33 32 46
40 42 46
42 33 46
10 9 47
27 26 47
9 45 47
45 27 47
19 18 48
36 35 48
39 19 48
11 10 49
25 11 49
26 25 49
10 47 49
47 26 49
1 20 50
20 39 50
3 1 50
40 3 50
39 42 50
42 40 50
30 29 51
41 30 51
29 43 51
4 3 52
3 40 52
5 4 52
44 5 52
35 34 53
34 42 53
42 39 53
39 48 53
48 35 53
18 17 54
17 37 54
37 36 54
36 48 54
48 18 54
32 31 55
31 44 55
46 32 55
40 46 55
52 40 55
44 52 55
12 11 56
11 25 56
24 12 56
25 24 56
7 6 57
41 51 57
43 7 57
51 43 57
13 12 58
12 24 58
23 13 58
24 23 58
17 16 59
16 38 59
37 17 59
38 37 59
6 5 60
5 44 60
44 41 60
41 57 60
57 6 60
