58
1 0 0
0 1 0
0 0 1
0.0714285 0.928571 0
0.142857 0.857143 0
0.214286 0.785714 0
0.285714 0.714286 0
0.357143 0.642857 0
0.428571 0.571429 0
0.5 0.5 0
0.571429 0.428571 0
0.642857 0.357143 0
0.714286 0.285714 0
0.785714 0.214286 0
0.857143 0.142857 0
0.928571 0.0714286 0
0 0.166667 0.833333
0 0.333333 0.666667
0 0.5 0.5
0 0.666667 0.333333
0 0.833333 0.166667
0.909091 0 0.0909091
0.818182 0 0.181818
0.727273 0 0.272727
0.636364 0 0.363636
0.545455 0 0.454545
0.454545 0 0.545455
0.363636 0 0.636364
0.272727 0 0.727273
0.181818 0 0.818182
0.0909091 0 0.909091
0.640864 0.127797 0.231339
0.078941 0.486266 0.434794
0.267496 0.153016 0.579489
0.416532 0.108983 0.474484
0.740311 0.112488 0.147202
0.391234 0.241529 0.367237
0.198305 0.265697 0.535997
0.328006 0.490799 0.181195
0.485756 0.202508 0.311736
0.489111 0.353441 0.157449
0.566598 0.300959 0.132442
0.24116 0.588676 0.170164
0.14435 0.654548 0.201102
0.0659186 0.330902 0.60318
0.554171 0.150192 0.295638
0.156234 0.125209 0.718557
0.0750799 0.775178 0.149742
0.241235 0.410888 0.347877
0.155292 0.430927 0.413781
0.408305 0.412867 0.178827
0.307274 0.316022 0.376704
0.067957 0.106273 0.82577
0.341906 0.10217 0.555924
0.0628037 0.625577 0.311619
0.630697 0.245909 0.123393
0.876662 0.0556875 0.0676504
0.10392 0.237271 0.658809


3 1 20
0 15 21
25 24 31
18 17 32
29 28 33
27 26 34
14 13 35
22 14 35
23 22 35
13 12 35
12 31 35
24 23 35
31 24 35
8 7 38
34 26 39
36 34 39
10 9 40
36 39 40
11 10 41
10 40 41
40 39 41
6 5 42
7 6 42
38 7 42
5 4 43
42 5 43
17 16 44
32 17 44
26 25 45
39 26 45
25 31 45
41 39 45
30 29 46
29 33 46
33 37 46
4 3 47
3 20 47
20 19 47
43 4 47
38 42 48
42 43 49
43 32 49
37 48 49
48 42 49
32 44 49
9 8 50
8 38 50
36 40 50
40 9 50
37 33 51
48 37 51
38 48 51
33 36 51
36 50 51
50 38 51
16 2 52
2 30 52
30 46 52
28 27 53
33 28 53
36 33 53
27 34 53
34 36 53
19 18 54
18 32 54
32 43 54
43 47 54
47 19 54
12 11 55
31 12 55
45 31 55
11 41 55
41 45 55
15 14 56
14 22 56
21 15 56
22 21 56
37 49 57
49 44 57
46 37 57
52 46 57
44 16 57
16 52 57
