69
1 0 0
0 1 0
0 0 1
0.0714285 0.928571 0
0.142857 0.857143 0
0.214286 0.785714 0
0.285714 0.714286 0
0.357143 0.642857 0
0.428571 0.571429 0
0.5 0.5 0
0.571429 0.428571 0
0.642857 0.357143 0
0.714286 0.285714 0
0.785714 0.214286 0
0.857143 0.142857 0
0.928571 0.0714286 0
0 0.166667 0.833333
0 0.333333 0.666667
0 0.5 0.5
0 0.666667 0.333333
0 0.833333 0.166667
0.944444 0 0.0555556
0.888889 0 0.111111
0.833333 0 0.166667
0.777778 0 0.222222
0.722222 0 0.277778
0.666667 0 0.333333
0.611111 0 0.388889
0.555556 0 0.444444
0.5 0 0.5
0.444444 0 0.555556
0.388889 0 0.611111
0.333333 0 0.666667
0.277778 0 0.722222
0.222222 0 0.777778
0.166667 0 0.833333
0.111111 0 0.888889
0.0555556 0 0.944444
0.0934139 0.48783 0.418757
0.249979 0.203748 0.546273
0.162378 0.597371 0.240251
0.494652 0.372439 0.132909
0.0453053 0.308034 0.64666
0.387914 0.266158 0.345928
0.17676 0.239161 0.584079
0.29138 0.55054 0.15808
0.0507053 0.156119 0.793176
0.369135 0.165186 0.465679
0.49248 0.237276 0.270244
0.36147 0.485751 0.152778
0.211938 0.621405 0.166657
0.580075 0.240464 0.17946
0.0810873 0.364949 0.553964
0.148555 0.156873 0.694572
0.64925 0.195174 0.155576
0.231855 0.404302 0.363843
0.0898146 0.747622 0.162563
0.450246 0.231515 0.318239
0.548769 0.173123 0.278108
0.426169 0.431983 0.141848
0.310491 0.19579 0.49372
0.298782 0.381901 0.319316
0.155351 0.462334 0.382315
0.767726 0.125702 0.106572
0.712896 0.155079 0.132025
0.0994183 0.16085 0.739732
0.839919 0.0888126 0.0712683
0.0588714 0.697839 0.24329
0.132014 0.767565 0.100421


0 15 21
15 14 22
21 15 22
16 2 37
33 32 39
9 8 41
18 17 42
30 29 43
34 33 44
33 39 44
6 5 45
17 16 46
16 37 46
37 36 46
42 17 46
31 30 47
30 43 47
7 6 49
6 45 49
45 43 49
5 4 50
45 5 50
10 9 51
9 41 51
27 26 51
19 18 52
38 19 52
18 42 52
44 38 52
35 34 53
34 44 53
44 52 53
11 10 54
26 25 54
10 51 54
51 26 54
50 40 55
3 1 56
29 28 57
28 48 57
43 29 57
49 43 57
28 27 58
48 28 58
41 48 58
27 51 58
51 41 58
8 7 59
41 8 59
48 41 59
7 49 59
49 57 59
57 48 59
32 31 60
31 47 60
39 32 60
55 39 60
43 45 61
47 43 61
60 47 61
45 50 61
50 55 61
55 60 61
44 39 62
38 44 62
39 55 62
55 40 62
40 56 62
13 12 63
23 13 63
24 23 63
12 11 64
25 24 64
11 54 64
54 25 64
24 63 64
63 12 64
36 35 65
42 46 65
46 36 65
35 53 65
52 42 65
53 52 65
14 13 66
13 23 66
22 14 66
23 22 66
20 19 67
19 38 67
1 20 67
56 1 67
38 62 67
62 56 67
4 3 68
40 50 68
50 4 68
3 56 68
56 40 68
