75
1 0 0
0 1 0
0 0 1
0.0714285 0.928571 0
0.142857 0.857143 0
0.214286 0.785714 0
0.285714 0.714286 0
0.357143 0.642857 0
0.428571 0.571429 0
0.5 0.5 0
0.571429 0.428571 0
0.642857 0.357143 0
0.714286 0.285714 0
0.785714 0.214286 0
0.857143 0.142857 0
0.928571 0.0714286 0
0 0.166667 0.833333
0 0.333333 0.666667
0 0.5 0.5
0 0.666667 0.333333
0 0.833333 0.166667
0.941176 0 0.0588235
0.882353 0 0.117647
0.823529 0 0.176471
0.764706 0 0.235294
0.705882 0 0.294118
0.647059 0 0.352941
0.588235 0 0.411765
0.529412 0 0.470588
0.470588 0 0.529412
0.411765 0 0.588235
0.352941 0 0.647059
0.294118 0 0.705882
0.235294 0 0.764706
0.176471 0 0.823529
0.117647 0 0.882353
0.0588235 0 0.941176
0.105909 0.464291 0.429799
0.258216 0.191241 0.550543
0.158479 0.597465 0.244056
0.487754 0.380143 0.132102
0.0532115 0.323327 0.623461
0.677578 0.153056 0.169365
0.759849 0.142785 0.0973663
0.372714 0.309072 0.318215
0.173544 0.269739 0.556717
0.27151 0.618327 0.110164
0.057113 0.160216 0.782671
0.39196 0.140348 0.467692
0.481463 0.243316 0.275221
0.345388 0.511679 0.142934
0.208405 0.636441 0.155153
0.614913 0.281315 0.103772
0.556143 0.316064 0.127793
0.117228 0.159642 0.72313
0.243476 0.392012 0.364512
0.0725936 0.777984 0.149422
0.417116 0.459556 0.123327
0.555621 0.160282 0.284097
0.293242 0.462059 0.244698
0.320773 0.29251 0.386717
0.449514 0.152727 0.397759
0.415252 0.336631 0.248116
0.10817 0.316545 0.575285
0.175057 0.406172 0.418771
0.0484796 0.492723 0.458797
0.0512612 0.651835 0.296903
0.624242 0.143004 0.232755
0.70691 0.191522 0.101568
0.833094 0.0968881 0.0700176
0.327155 0.157348 0.515497
0.178096 0.129036 0.692868
0.23075 0.120068 0.649182
0.13078 0.765064 0.104156
0.11001 0.595103 0.294887


0 15 21
15 14 22
21 15 22
16 2 36
32 31 38
9 8 40
18 17 41
25 24 42
13 12 43
23 13 43
24 23 43
6 5 46
17 16 47
16 36 47
36 35 47
41 17 47
30 29 48
7 6 50
6 46 50
5 4 51
46 5 51
11 10 52
42 11 52
10 9 53
52 10 53
9 40 53
35 34 54
41 47 54
47 35 54
51 39 55
3 1 56
1 20 56
40 8 57
49 40 57
8 7 57
7 50 57
28 27 58
49 28 58
40 49 58
53 40 58
27 26 58
44 50 59
50 46 59
46 51 59
51 55 59
48 44 60
44 59 60
59 55 60
44 48 61
48 29 61
29 28 61
28 49 61
50 44 62
57 50 62
49 57 62
61 49 62
44 61 62
41 54 63
45 37 63
37 45 64
55 39 64
45 38 64
38 55 64
19 18 65
63 37 65
18 41 65
41 63 65
20 19 66
56 20 66
19 65 66
65 37 66
26 25 67
25 42 67
42 52 67
52 53 67
53 58 67
58 26 67
12 11 68
11 42 68
43 12 68
42 24 68
24 43 68
14 13 69
13 23 69
22 14 69
23 22 69
31 30 70
30 48 70
38 31 70
55 38 70
60 55 70
48 60 70
34 33 71
54 34 71
45 63 71
63 54 71
33 32 72
32 38 72
38 45 72
45 71 72
71 33 72
4 3 73
39 51 73
51 4 73
3 56 73
56 39 73
37 64 74
64 39 74
66 37 74
39 56 74
56 66 74
