76
1 0 0
0 1 0
0 0 1
0.0714287 0.928571 0
0.142857 0.857143 0
0.214286 0.785714 0
0.285714 0.714286 0
0.357143 0.642857 0
0.428572 0.571428 0
0.5 0.5 0
0.571429 0.428571 0
0.642857 0.357143 0
0.714286 0.285714 0
0.785714 0.214286 0
0.857143 0.142857 0
0.928571 0.0714286 0
0 0.142857 0.857143
0 0.285714 0.714286
0 0.428571 0.571429
0 0.571429 0.428571
0 0.714286 0.285714
0 0.857143 0.142857
0.928571 0 0.0714286
0.857143 0 0.142857
0.785714 0 0.214286
0.714286 0 0.285714
0.642857 0 0.357143
0.571429 0 0.428571
0.5 0 0.5
0.428571 0 0.571429
0.357143 0 0.642857
0.285714 0 0.714286
0.214286 0 0.785714
0.142857 0 0.857143
0.0714286 0 0.928571
0.632424 0.109029 0.258547
0.102216 0.522627 0.375157
0.294679 0.134198 0.571123
0.162943 0.567332 0.269725
0.494137 0.392394 0.113469
0.0465172 0.352396 0.601086
0.727957 0.130438 0.141604
0.40339 0.249617 0.346993
0.162617 0.249879 0.587504
0.2722 0.634531 0.0932688
0.0580484 0.154084 0.787868
0.323183 0.520505 0.156312
0.0459819 0.603567 0.350451
0.374198 0.133174 0.492628
0.486042 0.240511 0.273447
0.649221 0.229618 0.121161
0.581448 0.3255 0.0930518
0.805307 0.0909731 0.10372
0.205028 0.656329 0.138643
0.564841 0.234402 0.200756
0.134433 0.114834 0.750733
0.0775213 0.821126 0.101352
0.233526 0.401352 0.365122
0.434062 0.352688 0.21325
0.401421 0.48817 0.110409
0.0763866 0.695199 0.228414
0.315327 0.277524 0.407149
0.456386 0.123256 0.420359
0.539471 0.114234 0.346295
0.14322 0.733562 0.123218
0.233208 0.260195 0.506597
0.888321 0.0559442 0.0557346
0.086858 0.249939 0.663203
0.365257 0.385217 0.249526
0.245415 0.524123 0.230462
0.167835 0.401023 0.431142
0.218128 0.119653 0.662219
0.0480882 0.473859 0.478053
0.0339153 0.906383 0.0597022
0.298707 0.411513 0.289781
0.104809 0.373063 0.522128


0 15 22
16 2 34
26 25 35
27 26 35
31 30 37
10 9 39
9 8 39
18 17 40
13 12 41
25 24 41
35 25 41
6 5 44
7 6 44
17 16 45
16 34 45
7 44 46
20 19 47
30 29 48
37 30 48
12 11 50
41 12 50
35 41 50
11 10 51
50 11 51
10 39 51
14 13 52
23 14 52
24 23 52
13 41 52
41 24 52
44 5 53
35 50 54
50 51 54
39 49 54
51 39 54
33 32 55
34 33 55
45 34 55
4 3 56
42 49 58
49 39 58
8 7 59
7 46 59
39 8 59
58 39 59
36 38 60
47 36 60
21 20 60
56 21 60
20 47 60
37 48 61
48 42 61
29 28 62
42 48 62
48 29 62
49 42 62
27 35 63
35 54 63
54 49 63
28 27 63
62 28 63
49 62 63
5 4 64
53 5 64
38 53 64
60 38 64
4 56 64
56 60 64
37 61 65
61 57 65
15 14 66
14 23 66
22 15 66
23 22 66
40 17 67
17 45 67
55 43 67
45 55 67
42 58 68
58 59 68
59 46 68
61 42 68
46 44 69
44 53 69
53 38 69
38 57 69
38 36 70
57 38 70
43 65 70
65 57 70
32 31 71
31 37 71
43 55 71
55 32 71
37 65 71
65 43 71
19 18 72
18 40 72
36 47 72
47 19 72
3 1 73
1 21 73
21 56 73
56 3 73
57 61 74
61 68 74
68 46 74
46 69 74
69 57 74
40 67 75
67 43 75
43 70 75
72 40 75
70 36 75
36 72 75
