57
1 0 0
0 1 0
0 0 1
0.0714285 0.928571 0
0.142857 0.857143 0
0.214286 0.785714 0
0.285714 0.714286 0
0.357143 0.642857 0
0.428571 0.571429 0
0.5 0.5 0
0.571429 0.428571 0
0.642857 0.357143 0
0.714286 0.285714 0
0.785714 0.214286 0
0.857143 0.142857 0
0.928571 0.0714286 0
0 0.142857 0.857143
0 0.285714 0.714286
0 0.428571 0.571429
0 0.571429 0.428571
0 0.714286 0.285714
0 0.857143 0.142857
0.9 0 0.1
0.8 0 0.2
0.7 0 0.3
0.6 0 0.4
0.5 0 0.5
0.4 0 0.6
0.3 0 0.7
0.2 0 0.8
0.1 0 0.9
0.648955 0.130322 0.220723
0.0848569 0.502403 0.41274
0.281985 0.131223 0.586793
0.176745 0.616177 0.207078
0.47356 0.36976 0.15668
0.74439 0.12341 0.1322
0.375625 0.266263 0.358112
0.159958 0.265803 0.574238
0.327199 0.501085 0.171716
0.38309 0.126547 0.490363
0.490997 0.239717 0.269286
0.251513 0.56253 0.185958
0.257098 0.252327 0.490575
0.594223 0.253128 0.152649
0.176031 0.123375 0.700594
0.236771 0.398255 0.364974
0.161817 0.43953 0.398653
0.067767 0.800187 0.132046
0.0759107 0.312592 0.611497
0.548866 0.118126 0.333009
0.400857 0.424407 0.174736
0.866307 0.0565418 0.0771515
0.0986801 0.682791 0.218529
0.0803852 0.13395 0.785664
0.316411 0.363353 0.320235
0.462801 0.0975248 0.439674


3 1 21
0 15 22
25 24 31
19 18 32
29 28 33
6 5 34
10 9 35
14 13 36
23 14 36
24 23 36
13 12 36
12 31 36
31 24 36
8 7 39
28 27 40
33 28 40
37 33 40
10 35 41
35 37 41
37 40 41
7 6 42
6 34 42
39 7 42
33 37 43
12 11 44
31 12 44
11 10 44
10 41 44
30 29 45
29 33 45
33 43 45
43 38 45
39 42 46
38 43 46
34 32 47
42 34 47
38 46 47
46 42 47
4 3 48
3 21 48
21 20 48
18 17 49
32 18 49
17 16 49
47 32 49
38 47 49
26 25 50
25 31 50
31 44 50
44 41 50
9 8 51
35 9 51
8 39 51
37 35 51
15 14 52
14 23 52
22 15 52
23 22 52
19 32 53
32 34 53
5 4 53
4 48 53
34 5 53
20 19 53
48 20 53
16 2 54
2 30 54
30 45 54
45 38 54
38 49 54
49 16 54
43 37 55
37 51 55
39 46 55
51 39 55
46 43 55
40 27 56
41 40 56
27 26 56
26 50 56
50 41 56
