82
1 0 0
0 1 0
0 0 1
0.0714285 0.928571 0
0.142857 0.857143 0
0.214286 0.785714 0
0.285714 0.714286 0
0.357143 0.642857 0
0.428571 0.571429 0
0.5 0.5 0
0.571429 0.428571 0
0.642857 0.357143 0
0.714286 0.285714 0
0.785714 0.214286 0
0.857143 0.142857 0
0.928571 0.0714286 0
0 0.142857 0.857143
0 0.285714 0.714286
0 0.428571 0.571429
0 0.571429 0.428571
0 0.714286 0.285714
0 0.857143 0.142857
0.9375 0 0.0625
0.875 0 0.125
0.8125 0 0.1875
0.75 0 0.25
0.6875 0 0.3125
0.625 0 0.375
0.5625 0 0.4375
0.5 0 0.5
0.4375 0 0.5625
0.375 0 0.625
0.3125 0 0.6875
0.25 0 0.75
0.1875 0 0.8125
0.125 0 0.875
0.0625 0 0.9375
0.626572 0.141749 0.231679
0.103216 0.523367 0.373416
0.272642 0.131686 0.595672
0.151743 0.586212 0.262046
0.485926 0.392192 0.121882
0.741328 0.171113 0.0875596
0.390193 0.266172 0.343635
0.160255 0.262839 0.576906
0.0531696 0.282012 0.664818
0.263582 0.64321 0.0932074
0.0598664 0.143423 0.79671
0.392718 0.129323 0.477959
0.497587 0.232872 0.269541
0.276275 0.528993 0.194731
0.664908 0.229282 0.105811
0.329087 0.562197 0.108716
0.579175 0.323063 0.0977618
0.194546 0.676662 0.128792
0.554866 0.242957 0.202177
0.080762 0.39047 0.528768
0.126453 0.165321 0.708226
0.336799 0.261121 0.40208
0.108708 0.777395 0.113898
0.218581 0.408047 0.373373
0.81109 0.0990204 0.0898894
0.399143 0.487153 0.113704
0.506124 0.0995754 0.3943
0.0675826 0.703283 0.229135
0.70029 0.110574 0.189136
0.211378 0.126892 0.66173
0.427162 0.343741 0.229097
0.348472 0.408259 0.243269
0.157074 0.406316 0.43661
0.454191 0.0818266 0.463983
0.564862 0.11388 0.321259
0.896917 0.0541139 0.0489689
0.221306 0.266055 0.512639
0.444672 0.190342 0.364986
0.280507 0.261836 0.457658
0.223096 0.523771 0.253133
0.0489249 0.578289 0.372786
0.283043 0.393003 0.323954
0.330931 0.122644 0.546425
0.0420004 0.865108 0.0928915
0.763001 0.077961 0.159038


0 15 22
16 2 36
27 26 37
33 32 39
9 8 41
13 12 42
18 17 45
6 5 46
17 16 47
45 17 47
16 36 47
36 35 47
31 30 48
12 11 51
42 12 51
7 6 52
6 46 52
46 50 52
10 9 53
9 41 53
11 10 53
51 11 53
37 51 53
5 4 54
46 5 54
50 46 54
41 49 55
53 41 55
37 53 55
19 18 56
18 45 56
35 34 57
45 47 57
47 35 57
44 56 57
56 45 57
48 43 58
4 3 59
40 54 59
54 4 59
14 13 61
23 14 61
24 23 61
13 42 61
8 7 62
7 52 62
41 8 62
29 28 63
21 20 64
38 40 64
40 59 64
26 25 65
42 51 65
37 26 65
51 37 65
34 33 66
33 39 66
44 57 66
57 34 66
49 41 67
41 62 67
52 50 68
58 43 68
43 67 68
62 52 68
67 62 68
38 56 69
56 44 69
40 38 69
60 40 69
30 29 70
48 30 70
29 63 70
28 27 71
55 49 71
27 37 71
37 55 71
49 63 71
63 28 71
15 14 72
14 23 72
22 15 72
23 22 72
44 66 73
66 39 73
60 69 73
69 44 73
67 43 74
63 49 74
49 67 74
43 48 74
48 70 74
70 63 74
73 39 75
60 73 75
50 54 76
54 40 76
40 60 76
20 19 77
19 56 77
56 38 77
38 64 77
64 20 77
58 68 78
68 50 78
75 58 78
60 75 78
76 60 78
50 76 78
32 31 79
39 32 79
31 48 79
48 58 79
75 39 79
58 75 79
3 1 80
1 21 80
59 3 80
21 64 80
64 59 80
25 24 81
24 61 81
61 42 81
42 65 81
65 25 81
