75
1 0 0
0 1 0
0 0 1
0.0714285 0.928571 0
0.142857 0.857143 0
0.214286 0.785714 0
0.285714 0.714286 0
0.357143 0.642857 0
0.428571 0.571429 0
0.5 0.5 0
0.571429 0.428571 0
0.642857 0.357143 0
0.714286 0.285714 0
0.785714 0.214286 0
0.857143 0.142857 0
0.928571 0.0714286 0
0 0.142857 0.857143
0 0.285714 0.714286
0 0.428571 0.571429
0 0.571429 0.428571
0 0.714286 0.285714
0 0.857143 0.142857
0.923077 0 0.0769231
0.846154 0 0.153846
0.769231 0 0.230769
0.692308 0 0.307692
0.615385 0 0.384615
0.538462 0 0.461538
0.461538 0 0.538462
0.384615 0 0.615385
0.307692 0 0.692308
0.230769 0 0.769231
0.153846 0 0.846154
0.076923 0 0.923077
0.641621 0.111194 0.247185
0.0999037 0.491296 0.4088
0.277698 0.126727 0.595575
0.160055 0.589305 0.25064
0.484089 0.40832 0.107591
0.794939 0.0953045 0.109756
0.430882 0.116472 0.452646
0.651827 0.230577 0.117595
0.0538813 0.376769 0.56935
0.392918 0.250708 0.356373
0.174093 0.26167 0.564237
0.281451 0.615075 0.103474
0.0523351 0.140859 0.806806
0.320725 0.526042 0.153233
0.0501366 0.625602 0.324261
0.486636 0.24176 0.271603
0.568883 0.307412 0.123706
0.711227 0.111631 0.177142
0.12647 0.132127 0.741403
0.574212 0.157642 0.268146
0.153137 0.741619 0.105244
0.0894629 0.815827 0.0947097
0.240195 0.368315 0.39149
0.395073 0.49036 0.114567
0.350897 0.12891 0.520193
0.421848 0.359563 0.218589
0.309778 0.266974 0.423248
0.508691 0.10195 0.389359
0.0991427 0.676316 0.224542
0.240476 0.237003 0.522521
0.0952095 0.290642 0.614148
0.332179 0.399249 0.268572
0.162464 0.421296 0.41624
0.203144 0.11863 0.678225
0.731011 0.186372 0.0826176
0.217532 0.664854 0.117614
0.0433446 0.76829 0.188366
0.240207 0.509717 0.250076
0.870726 0.0624196 0.0668547
0.0424416 0.496975 0.460584
0.0363776 0.887443 0.076179


0 15 22
26 25 34
31 30 36
10 9 38
9 8 38
14 13 39
24 23 39
29 28 40
12 11 41
18 17 42
7 6 45
16 2 46
2 33 46
17 16 46
7 45 47
20 19 48
43 40 49
11 10 50
41 11 50
10 38 50
38 49 50
25 24 51
24 39 51
34 25 51
41 34 51
33 32 52
46 33 52
27 26 53
26 34 53
34 41 53
41 50 53
50 49 53
5 4 54
4 3 55
54 4 55
8 7 57
7 47 57
38 8 57
30 29 58
36 30 58
29 40 58
40 43 58
43 49 59
49 38 59
38 57 59
58 43 60
36 58 60
28 27 61
40 28 61
49 40 61
27 53 61
53 49 61
35 37 62
48 35 62
37 54 62
54 55 62
56 44 63
36 60 63
60 56 63
35 42 64
42 17 64
17 46 64
52 44 64
46 52 64
57 47 65
59 57 65
56 60 65
43 59 65
60 43 65
37 35 66
44 56 66
35 64 66
64 44 66
32 31 67
52 32 67
44 52 67
31 36 67
36 63 67
63 44 67
13 12 68
39 13 68
51 39 68
12 41 68
41 51 68
6 5 69
45 6 69
5 54 69
54 37 69
21 20 70
20 48 70
48 62 70
62 55 70
47 45 71
56 65 71
65 47 71
37 66 71
66 56 71
45 69 71
69 37 71
15 14 72
22 15 72
23 22 72
14 39 72
39 23 72
19 18 73
18 42 73
42 35 73
35 48 73
48 19 73
3 1 74
1 21 74
55 3 74
21 70 74
70 55 74
