85
1 0 0
0 1 0
0 0 1
0.0714287 0.928571 0
0.142857 0.857143 0
0.214286 0.785714 0
0.285714 0.714286 0
0.357143 0.642857 0
0.428572 0.571428 0
0.5 0.5 0
0.571429 0.428571 0
0.642857 0.357143 0
0.714286 0.285714 0
0.785714 0.214286 0
0.857143 0.142857 0
0.928571 0.0714286 0
0 0.125 0.875
0 0.25 0.75
0 0.375 0.625
0 0.5 0.5
0 0.625 0.375
0 0.75 0.25
0 0.875 0.125
0.933333 0 0.0666667
0.866667 0 0.133333
0.8 0 0.2
0.733333 0 0.266667
0.666667 0 0.333333
0.6 0 0.4
0.533333 0 0.466667
0.466667 0 0.533333
0.4 0 0.6
0.333333 0 0.666667
0.266667 0 0.733333
0.2 0 0.8
0.133333 0 0.866667
0.0666666 0 0.933333
0.622211 0.121961 0.255828
0.0966816 0.484805 0.418514
0.283143 0.115115 0.601742
0.163183 0.616794 0.220023
0.494031 0.392386 0.113583
0.415694 0.100621 0.483685
0.64455 0.240415 0.115035
0.751733 0.164604 0.0836628
0.403499 0.234368 0.362133
0.163429 0.26047 0.576101
0.272055 0.634892 0.0930522
0.0604883 0.123952 0.81556
0.323576 0.53093 0.145494
0.488073 0.240062 0.271865
0.58169 0.329724 0.0885861
0.696169 0.131896 0.171936
0.882474 0.0582334 0.0592925
0.548028 0.113212 0.33876
0.25164 0.254879 0.493481
0.198514 0.684658 0.116827
0.565037 0.235166 0.199797
0.0779536 0.37647 0.545576
0.132422 0.13971 0.727868
0.330682 0.267715 0.401603
0.0851535 0.821337 0.0935092
0.22779 0.395444 0.376767
0.816723 0.0921145 0.0911623
0.428068 0.351813 0.220119
0.397738 0.485021 0.11724
0.346621 0.139789 0.51359
0.082259 0.69949 0.218251
0.214453 0.13149 0.654057
0.135302 0.736409 0.128289
0.105072 0.257589 0.637339
0.34657 0.395783 0.257647
0.251148 0.513789 0.235063
0.161384 0.397723 0.440892
0.474081 0.120278 0.405641
0.0545743 0.611969 0.333457
0.760034 0.0727034 0.167263
0.044375 0.509272 0.446353
0.28532 0.363889 0.350791
0.0556469 0.255418 0.688935
0.0385165 0.803111 0.158372
0.185375 0.500509 0.314116
0.0347688 0.896972 0.0682591
0.0297751 0.0574133 0.912812
0.121878 0.559825 0.318296


0 15 23
28 27 37
33 32 39
9 8 41
10 9 41
31 30 42
12 11 43
13 12 44
6 5 47
7 6 47
17 16 48
36 35 48
7 47 49
11 10 51
43 11 51
10 41 51
27 26 52
37 27 52
43 37 52
12 43 52
44 12 52
15 14 53
23 15 53
24 23 53
29 28 54
28 37 54
5 4 56
47 5 56
37 43 57
43 51 57
41 50 57
51 41 57
54 37 57
50 54 57
19 18 58
35 34 59
48 35 59
4 3 61
14 13 63
25 24 63
13 44 63
24 53 63
53 14 63
45 50 64
50 41 64
8 7 65
7 49 65
41 8 65
64 41 65
32 31 66
39 32 66
31 42 66
55 39 66
60 55 66
42 45 66
45 60 66
34 33 68
33 39 68
39 55 68
55 46 68
46 59 68
59 34 68
40 56 69
56 4 69
4 61 69
61 67 69
67 40 69
46 58 70
59 46 70
60 45 71
45 64 71
64 65 71
65 49 71
47 56 72
56 40 72
49 47 72
71 49 72
38 58 73
58 46 73
46 55 73
55 62 73
30 29 74
42 30 74
45 42 74
50 45 74
29 54 74
54 50 74
21 20 75
67 21 75
26 25 76
44 52 76
52 26 76
25 63 76
63 44 76
19 58 77
58 38 77
20 19 77
75 20 77
38 75 77
55 60 78
62 55 78
60 71 78
71 72 78
72 62 78
18 17 79
58 18 79
70 58 79
17 48 79
48 59 79
59 70 79
22 21 80
21 67 80
67 61 80
62 72 81
72 40 81
73 62 81
3 1 82
1 22 82
61 3 82
22 80 82
80 61 82
16 2 83
2 36 83
36 48 83
48 16 83
75 38 84
40 67 84
67 75 84
81 40 84
38 73 84
73 81 84
