83
1 0 0
0 1 0
0 0 1
0.0714287 0.928571 0
0.142857 0.857143 0
0.214286 0.785714 0
0.285714 0.714286 0
0.357143 0.642857 0
0.428572 0.571428 0
0.5 0.5 0
0.571429 0.428571 0
0.642857 0.357143 0
0.714286 0.285714 0
0.785714 0.214286 0
0.857143 0.142857 0
0.928571 0.0714286 0
0 0.125 0.875
0 0.25 0.75
0 0.375 0.625
0 0.5 0.5
0 0.625 0.375
0 0.75 0.25
0 0.875 0.125
0.923077 0 0.0769231
0.846154 0 0.153846
0.769231 0 0.230769
0.692308 0 0.307692
0.615385 0 0.384615
0.538462 0 0.461538
0.461538 0 0.538462
0.384615 0 0.615385
0.307692 0 0.692308
0.230769 0 0.769231
0.153846 0 0.846154
0.0769231 0 0.923077
0.626914 0.122525 0.250562
0.100287 0.490304 0.409409
0.28763 0.142196 0.570173
0.1491 0.604622 0.246278
0.485514 0.417797 0.0966891
0.808349 0.0877882 0.103862
0.414522 0.0973928 0.488085
0.641048 0.247841 0.111111
0.73915 0.125258 0.135592
0.400617 0.235231 0.364152
0.176996 0.259089 0.563915
0.0443683 0.286482 0.66915
0.279543 0.614985 0.105472
0.059058 0.165334 0.775608
0.324769 0.526919 0.148312
0.49061 0.224185 0.285205
0.58746 0.321634 0.0909057
0.551538 0.108258 0.340204
0.24692 0.247337 0.505743
0.212581 0.665621 0.121798
0.570583 0.219825 0.209591
0.0680899 0.386153 0.545757
0.138569 0.139949 0.721482
0.081449 0.828102 0.0904489
0.236914 0.368458 0.394627
0.435656 0.347333 0.21701
0.405843 0.487141 0.107016
0.35021 0.127322 0.522467
0.0721012 0.704498 0.223401
0.17776 0.474957 0.347282
0.314161 0.26692 0.418919
0.873744 0.060852 0.0654039
0.686046 0.157017 0.156937
0.103215 0.261698 0.635086
0.337514 0.395064 0.267422
0.245221 0.515218 0.23956
0.474537 0.115436 0.410027
0.19484 0.0711201 0.73404
0.145856 0.36888 0.485264
0.0662639 0.586015 0.347721
0.0426001 0.0638487 0.893551
0.143237 0.746745 0.110018
0.0366541 0.805301 0.158045
0.521159 0.326498 0.152343
0.25384 0.0665675 0.679593
0.0335527 0.903602 0.0628452
0.0976351 0.0680882 0.834277
0.213582 0.156336 0.630082


0 15 23
27 26 35
10 9 39
14 13 40
25 24 40
30 29 41
12 11 42
13 12 43
26 25 43
25 40 43
40 13 43
18 17 46
7 6 47
17 16 48
46 17 48
7 47 49
11 10 51
42 11 51
28 27 52
27 35 52
6 5 54
47 6 54
35 42 55
42 51 55
52 35 55
50 52 55
19 18 56
36 19 56
18 46 56
4 3 58
45 53 59
44 50 60
9 8 61
39 9 61
8 7 61
7 49 61
60 39 61
31 30 62
37 31 62
30 41 62
41 44 62
21 20 63
38 36 64
59 53 65
62 44 65
53 37 65
37 62 65
15 14 66
23 15 66
24 23 66
14 40 66
40 24 66
35 26 67
26 43 67
12 42 67
43 12 67
42 35 67
56 46 68
57 45 68
46 48 68
48 57 68
60 61 69
61 49 69
59 65 69
44 60 69
65 44 69
47 54 70
54 38 70
38 64 70
49 47 70
64 59 70
59 69 70
69 49 70
44 41 71
50 44 71
29 28 71
28 52 71
41 29 71
52 50 71
33 32 72
57 33 72
36 56 73
64 36 73
45 59 73
59 64 73
56 68 73
68 45 73
20 19 74
19 36 74
63 20 74
36 38 74
38 63 74
16 2 75
2 34 75
48 16 75
5 4 76
54 5 76
38 54 76
63 38 76
4 58 76
58 63 76
22 21 77
21 63 77
63 58 77
10 39 78
51 10 78
50 55 78
55 51 78
39 60 78
60 50 78
32 31 79
31 37 79
72 32 79
3 1 80
1 22 80
58 3 80
22 77 80
77 58 80
34 33 81
33 57 81
57 48 81
48 75 81
75 34 81
53 45 82
45 57 82
57 72 82
37 53 82
79 37 82
72 79 82
