54
1 0 0
0 1 0
0 0 1
0.0714285 0.928571 0
0.142857 0.857143 0
0.214286 0.785714 0
0.285714 0.714286 0
0.357143 0.642857 0
0.428571 0.571429 0
0.5 0.5 0
0.571429 0.428571 0
0.642857 0.357143 0
0.714286 0.285714 0
0.785714 0.214286 0
0.857143 0.142857 0
0.928571 0.0714286 0
0 0.125 0.875
0 0.25 0.75
0 0.375 0.625
0 0.5 0.5
0 0.625 0.375
0 0.75 0.25
0 0.875 0.125
0.875 0 0.125
0.75 0 0.25
0.625 0 0.375
0.5 0 0.5
0.375 0 0.625
0.25 0 0.75
0.125 0 0.875
0.646873 0.129236 0.223891
0.108423 0.506322 0.385255
0.266614 0.133199 0.600186
0.445115 0.375624 0.179261
0.734707 0.100592 0.164701
0.400327 0.252313 0.347359
0.154524 0.230909 0.614567
0.228045 0.57785 0.194105
0.290187 0.504882 0.204932
0.373774 0.120263 0.505963
0.501676 0.226814 0.271509
0.136553 0.409443 0.454004
0.136818 0.639703 0.223478
0.577939 0.181045 0.241016
0.219996 0.36148 0.418524
0.145616 0.130436 0.723949
0.359451 0.427423 0.213126
0.102898 0.738286 0.158816
0.0916203 0.266447 0.641932
0.290304 0.278092 0.431605
0.843461 0.0525962 0.103943
0.466337 0.10074 0.432922
0.0568445 0.848106 0.0950491
0.52457 0.33347 0.14196


3 1 22
0 15 23
13 12 30
26 25 30
19 18 31
29 28 32
10 9 33
14 13 34
24 14 34
25 24 34
13 30 34
30 25 34
7 6 37
8 7 38
7 37 38
28 27 39
32 28 39
35 32 39
35 39 40
18 17 41
31 18 41
37 31 41
38 37 41
6 5 42
20 19 42
19 31 42
31 37 42
37 6 42
12 11 43
11 40 43
30 12 43
26 30 43
38 41 44
16 2 45
36 16 45
2 29 45
29 32 45
9 8 46
33 9 46
8 38 46
38 44 46
5 4 47
4 21 47
21 20 47
20 42 47
42 5 47
17 16 48
16 36 48
36 44 48
41 17 48
44 41 48
32 35 49
36 45 49
45 32 49
35 33 49
33 46 49
44 36 49
46 44 49
15 14 50
14 24 50
23 15 50
24 23 50
27 26 51
26 43 51
39 27 51
40 39 51
43 40 51
4 3 52
3 22 52
21 4 52
22 21 52
10 33 53
33 35 53
11 10 53
40 11 53
35 40 53
