54
1 0 0
0 1 0
0 0 1
0.0714285 0.928571 0
0.142857 0.857143 0
0.214286 0.785714 0
0.285714 0.714286 0
0.357143 0.642857 0
0.428571 0.571429 0
0.5 0.5 0
0.571429 0.428571 0
0.642857 0.357143 0
0.714286 0.285714 0
0.785714 0.214286 0
0.857143 0.142857 0
0.928571 0.0714286 0
0 0.111111 0.888889
0 0.222222 0.777778
0 0.333333 0.666667
0 0.444444 0.555556
0 0.555556 0.444444
0 0.666667 0.333333
0 0.777778 0.222222
0 0.888889 0.111111
0.857143 0 0.142857
0.714286 0 0.285714
0.571429 0 0.428571
0.428571 0 0.571429
0.285714 0 0.714286
0.142857 0 0.857143
0.61155 0.128614 0.259837
0.104239 0.512252 0.383509
0.267594 0.137684 0.594721
0.154765 0.608982 0.236253
0.460247 0.0995841 0.440168
0.359269 0.258752 0.381979
0.177395 0.236418 0.586187
0.296244 0.50994 0.193816
0.136422 0.430337 0.433242
0.816766 0.0604681 0.122765
0.566892 0.225893 0.207215
0.130143 0.111898 0.757958
0.442311 0.384909 0.17278
0.230452 0.381519 0.388029
0.127371 0.682019 0.19061
0.313614 0.33814 0.348246
0.507598 0.310787 0.181615
0.0979108 0.758661 0.143428
0.41529 0.171774 0.412936
0.725737 0.094293 0.17997
0.374501 0.453328 0.172171
0.102149 0.31234 0.585511
0.232666 0.569015 0.198318
0.0580544 0.862492 0.0794537


3 1 23
0 15 24
13 12 30
27 26 30
20 19 31
29 28 32
20 31 33
28 27 34
27 30 34
17 16 36
32 35 36
8 7 37
19 18 38
31 19 38
15 14 39
24 15 39
25 24 39
12 11 40
30 12 40
34 30 40
16 2 41
2 29 41
29 32 41
32 36 41
36 16 41
10 9 42
37 38 43
6 5 44
33 6 44
21 20 44
20 33 44
36 35 45
35 42 45
43 36 45
11 10 46
40 11 46
10 42 46
42 35 46
5 4 47
4 22 47
22 21 47
21 44 47
44 5 47
32 28 48
28 34 48
34 40 48
35 32 48
40 46 48
46 35 48
14 13 49
13 30 49
26 25 49
30 26 49
25 39 49
39 14 49
9 8 50
8 37 50
37 43 50
42 9 50
45 42 50
43 45 50
18 17 51
38 18 51
43 38 51
17 36 51
36 43 51
7 6 52
6 33 52
33 31 52
37 7 52
31 38 52
38 37 52
4 3 53
3 23 53
22 4 53
23 22 53
