43
1 0 0
0 1 0
0 0 1
0.0666666 0.933333 0
0.133333 0.866667 0
0.2 0.8 0
0.266667 0.733333 0
0.333333 0.666667 0
0.4 0.6 0
0.466667 0.533333 0
0.533333 0.466667 0
0.6 0.4 0
0.666667 0.333333 0
0.733333 0.266667 0
0.8 0.2 0
0.866667 0.133333 0
0.933333 0.0666667 0
0 0.0769231 0.923077
0 0.153846 0.846154
0 0.230769 0.769231
0 0.307692 0.692308
0 0.384615 0.615385
0 0.461538 0.538462
0 0.538462 0.461538
0 0.615385 0.384615
0 0.692308 0.307692
0 0.769231 0.230769
0 0.846154 0.153846
0 0.923077 0.0769231
0.666667 0 0.333333
0.333333 0 0.666667
0.548509 0.109911 0.341579
0.298974 0.140489 0.560537
0.362662 0.236962 0.400376
0.281195 0.388285 0.330519
0.333394 0.319133 0.347473
0.261297 0.0611441 0.677559
0.256005 0.458321 0.285675
0.668301 0.0611603 0.270539
0.208096 0.522096 0.269808
0.18232 0.603547 0.214133
0.540608 0.190402 0.268989
0.151767 0.676228 0.172006


6 5 26
25 6 26
5 4 27
26 5 27
3 1 28
4 3 28
27 4 28
0 16 29
15 14 31
18 17 32
13 12 33
19 18 33
18 32 33
11 10 34
21 20 34
12 11 35
20 19 35
19 33 35
33 12 35
11 34 35
34 20 35
17 2 36
2 30 36
30 31 36
31 32 36
32 17 36
10 9 37
22 21 37
21 34 37
34 10 37
16 15 38
29 16 38
30 29 38
15 31 38
31 30 38
9 8 39
8 23 39
23 22 39
22 37 39
37 9 39
8 7 40
7 24 40
23 8 40
24 23 40
14 13 41
31 14 41
32 31 41
13 33 41
33 32 41
7 6 42
6 25 42
24 7 42
25 24 42
