117
1 0 0
0 1 0
0 0 1
0.0666667 0.933333 0
0.133333 0.866667 0
0.2 0.8 0
0.266667 0.733333 0
0.333333 0.666667 0
0.4 0.6 0
0.466667 0.533333 0
0.533333 0.466667 0
0.6 0.4 0
0.666667 0.333333 0
0.733333 0.266667 0
0.8 0.2 0
0.866667 0.133333 0
0.933333 0.0666667 0
0 0.1 0.9
0 0.2 0.8
0 0.3 0.7
0 0.4 0.6
0 0.5 0.5
0 0.6 0.4
0 0.7 0.3
0 0.8 0.2
0 0.9 0.1
0.944444 0 0.0555556
0.888889 0 0.111111
0.833333 0 0.166667
0.777778 0 0.222222
0.722222 0 0.277778
0.666667 0 0.333333
0.611111 0 0.388889
0.555556 0 0.444444
0.5 0 0.5
0.444444 0 0.555556
0.388889 0 0.611111
0.333333 0 0.666667
0.277778 0 0.722222
0.222222 0 0.777778
0.166667 0 0.833333
0.111111 0 0.888889
0.0555556 0 0.944444
0.637054 0.109962 0.252985
0.083263 0.52634 0.390397
0.284051 0.133788 0.58216
0.159567 0.624678 0.215755
0.476011 0.414082 0.109907
0.642362 0.270217 0.0874211
0.670104 0.144526 0.18537
0.770146 0.163996 0.0658582
0.378582 0.266807 0.354611
0.147855 0.280579 0.571567
0.042852 0.309721 0.647427
0.275368 0.632502 0.0921294
0.0444104 0.13498 0.82061
0.310351 0.522782 0.166867
0.447122 0.0816539 0.471224
0.384676 0.130878 0.484445
0.189758 0.322754 0.487488
0.483724 0.221911 0.294365
0.348614 0.567752 0.083634
0.582286 0.347453 0.0702603
0.547336 0.0967517 0.355912
0.162334 0.173091 0.664575
0.249044 0.254191 0.496766
0.200988 0.669124 0.129887
0.834723 0.109282 0.0559949
0.592501 0.244244 0.163255
0.2881 0.469369 0.242531
0.767125 0.0854577 0.147417
0.0678176 0.375098 0.557084
0.519193 0.294489 0.186317
0.125814 0.133247 0.740939
0.561967 0.176139 0.261893
0.338583 0.249062 0.412355
0.0935823 0.820077 0.086341
0.229419 0.382273 0.388308
0.446771 0.358599 0.19463
0.416518 0.489664 0.0938181
0.266093 0.078125 0.655782
0.0822879 0.713368 0.204344
0.492857 0.102741 0.404401
0.340348 0.0897471 0.569905
0.135776 0.724936 0.139288
0.343806 0.397402 0.258792
0.0521683 0.484822 0.46301
0.156574 0.451201 0.392226
0.708689 0.193207 0.0981038
0.409874 0.315187 0.274939
0.0493239 0.648766 0.301911
0.190927 0.511207 0.297866
0.1195 0.578857 0.301643
0.100069 0.0859963 0.813934
0.217554 0.0841913 0.698255
0.891977 0.0594641 0.0485593
0.816443 0.074688 0.108869
0.118718 0.398984 0.482299
0.303177 0.361631 0.335192
0.223986 0.720077 0.0559364
0.313065 0.192219 0.494716
0.236128 0.565139 0.198733
0.162955 0.774131 0.0629141
0.726509 0.0779149 0.195576
0.0602133 0.204009 0.735777
0.176419 0.0732595 0.750322
0.0622158 0.0608782 0.876906
0.377733 0.445821 0.176447
0.0432164 0.819065 0.137719
0.432271 0.184492 0.383237
0.099545 0.254236 0.646219
0.217009 0.186877 0.596114
0.249067 0.45631 0.294623
0.28229 0.297003 0.420707
0.602633 0.0756141 0.321752
0.0380521 0.902334 0.0596138
0.52879 0.384997 0.0862135


0 16 26
17 2 42
31 30 43
12 11 48
43 30 49
14 13 50
20 19 53
7 6 54
18 17 55
35 34 57
36 35 58
35 57 58
8 7 61
7 54 61
54 56 61
11 10 62
48 11 62
33 32 63
15 14 67
14 50 67
43 49 68
49 48 68
48 62 68
29 28 70
21 20 71
20 53 71
43 68 74
60 63 74
72 60 74
68 72 74
58 51 75
4 3 76
59 65 77
60 72 78
72 47 78
9 8 79
47 9 79
8 61 79
78 47 79
38 37 80
37 45 80
34 33 82
33 63 82
57 34 82
63 60 82
37 36 83
45 37 83
36 58 83
46 66 84
76 81 84
81 46 84
56 69 85
22 21 86
44 22 86
21 71 86
59 77 87
13 12 88
12 48 88
50 13 88
48 49 88
70 50 88
60 78 89
85 51 89
23 22 90
22 44 90
24 23 90
81 24 90
87 77 91
44 87 92
90 44 92
46 81 92
81 90 92
87 91 92
91 46 92
41 40 93
40 73 93
39 38 94
38 80 94
16 15 95
26 16 95
27 26 95
15 67 95
67 27 95
28 27 96
27 67 96
70 28 96
67 50 96
50 70 96
71 52 97
86 71 97
52 59 97
59 87 97
44 86 97
87 44 97
85 69 98
75 51 98
51 85 98
6 5 99
54 6 99
66 54 99
58 75 100
83 58 100
65 45 100
45 83 100
56 54 101
54 66 101
69 56 101
66 46 101
46 91 101
5 4 102
84 66 102
4 76 102
76 84 102
66 99 102
99 5 102
30 29 103
29 70 103
49 30 103
70 88 103
88 49 103
19 18 104
18 55 104
53 19 104
55 93 104
93 73 104
40 39 105
73 40 105
64 73 105
94 64 105
39 94 105
17 42 106
55 17 106
42 41 106
41 93 106
93 55 106
61 56 107
56 85 107
79 61 107
78 79 107
85 89 107
89 78 107
25 24 108
24 81 108
81 76 108
51 58 109
58 57 109
57 82 109
82 60 109
60 89 109
89 51 109
64 52 110
52 71 110
71 53 110
73 64 110
53 104 110
104 73 110
59 52 111
65 59 111
52 64 111
45 65 111
80 45 111
64 94 111
94 80 111
91 77 112
77 98 112
98 69 112
69 101 112
101 91 112
75 98 113
98 77 113
100 75 113
77 65 113
65 100 113
32 31 114
31 43 114
43 74 114
63 32 114
74 63 114
3 1 115
1 25 115
25 108 115
76 3 115
108 76 115
10 9 116
9 47 116
62 10 116
47 72 116
68 62 116
72 68 116
