32
1 0 0
0 1 0
0 0 1
0.0666666 0.933333 0
0.133333 0.866667 0
0.2 0.8 0
0.266667 0.733333 0
0.333333 0.666667 0
0.4 0.6 0
0.466667 0.533333 0
0.533333 0.466667 0
0.6 0.4 0
0.666667 0.333333 0
0.733333 0.266667 0
0.8 0.2 0
0.866667 0.133333 0
0.933333 0.0666667 0
0.9375 0 0.0625
0.875 0 0.125
0.8125 0 0.1875
0.75 0 0.25
0.6875 0 0.3125
0.625 0 0.375
0.5625 0 0.4375
0.5 0 0.5
0.4375 0 0.5625
0.375 0 0.625
0.3125 0 0.6875
0.25 0 0.75
0.1875 0 0.8125
0.125 0 0.875
0.0624999 0 0.9375


0 16 17
16 15 18
17 16 18
15 14 19
18 15 19
14 13 20
19 14 20
13 12 21
20 13 21
12 11 22
21 12 22
11 10 23
22 11 23
10 9 24
23 10 24
9 8 25
24 9 25
8 7 26
25 8 26
7 6 27
26 7 27
6 5 28
27 6 28
5 4 29
28 5 29
4 3 30
29 4 30
1 2 31
3 1 31
30 3 31
