108
1 0 0
0 1 0
0 0 1
0.0666667 0.933333 0
0.133333 0.866667 0
0.2 0.8 0
0.266667 0.733333 0
0.333333 0.666667 0
0.4 0.6 0
0.466667 0.533333 0
0.533333 0.466667 0
0.6 0.4 0
0.666667 0.333333 0
0.733333 0.266667 0
0.8 0.2 0
0.866667 0.133333 0
0.933333 0.0666667 0
0 0.0833333 0.916667
0 0.166667 0.833333
0 0.25 0.75
0 0.333333 0.666667
0 0.416667 0.583333
0 0.5 0.5
0 0.583333 0.416667
0 0.666667 0.333333
0 0.75 0.25
0 0.833333 0.166667
0 0.916667 0.0833333
0.923077 0 0.0769231
0.846154 0 0.153846
0.769231 0 0.230769
0.692308 0 0.307692
0.615385 0 0.384615
0.538462 0 0.461538
0.461538 0 0.538462
0.384615 0 0.615385
0.307692 0 0.692308
0.230769 0 0.769231
0.153846 0 0.846154
0.0769231 0 0.923077
0.633548 0.112056 0.254396
0.113357 0.486308 0.400335
0.267985 0.13728 0.594735
0.142498 0.619309 0.238194
0.485412 0.405372 0.109216
0.783696 0.0752711 0.141033
0.406455 0.0690807 0.524465
0.659947 0.258579 0.0814739
0.736888 0.177426 0.0856867
0.389005 0.261454 0.34954
0.173267 0.253791 0.572942
0.274875 0.625205 0.0999201
0.055107 0.130774 0.814119
0.325122 0.513673 0.161206
0.202208 0.322247 0.475545
0.484833 0.234111 0.281056
0.160408 0.537836 0.301756
0.135725 0.400382 0.463893
0.342115 0.583432 0.0744537
0.593419 0.327579 0.0790022
0.706111 0.123377 0.170512
0.867226 0.0612552 0.0715183
0.562791 0.0764762 0.360733
0.248171 0.234511 0.517319
0.194177 0.674522 0.131301
0.577574 0.250397 0.172029
0.0640558 0.354086 0.581859
0.122139 0.147659 0.730202
0.565879 0.167644 0.266477
0.150909 0.765732 0.0833593
0.07257 0.846235 0.081195
0.237164 0.38563 0.377206
0.431282 0.339969 0.228749
0.400664 0.519667 0.079669
0.259093 0.0572805 0.683627
0.350386 0.127094 0.52252
0.0978079 0.705032 0.19716
0.0648559 0.776968 0.158176
0.497159 0.140751 0.362091
0.6478 0.187464 0.164736
0.327325 0.0642931 0.608382
0.707459 0.0591853 0.233356
0.282343 0.452975 0.264683
0.294181 0.295595 0.410224
0.518847 0.32249 0.158663
0.0917045 0.251848 0.656447
0.361827 0.415483 0.22269
0.813251 0.125158 0.0615908
0.0933724 0.0690009 0.837627
0.329445 0.203919 0.466636
0.198204 0.467221 0.334575
0.332926 0.355606 0.311468
0.0555543 0.198405 0.746041
0.0862498 0.571199 0.342551
0.0578056 0.442278 0.499916
0.189125 0.176586 0.634289
0.5452 0.391369 0.063431
0.419797 0.158802 0.421401
0.189036 0.0815562 0.729408
0.230849 0.558992 0.210158
0.0478286 0.521814 0.430358
0.465177 0.473564 0.0612587
0.127824 0.31858 0.553596
0.6395 0.0493688 0.311131
0.48063 0.0699765 0.449393
0.0561094 0.648545 0.295345
0.412237 0.440301 0.147462
0.0379379 0.0382854 0.923777


3 1 27
0 16 28
30 29 45
35 34 46
13 12 47
14 13 48
13 47 48
7 6 51
18 17 52
8 7 58
7 51 58
51 53 58
12 11 59
47 12 59
45 48 60
16 15 61
28 16 61
29 28 61
45 29 61
33 32 62
54 50 63
51 6 64
47 59 65
21 20 66
62 40 68
65 55 68
5 4 69
6 5 69
64 6 69
4 3 70
3 27 70
27 26 70
69 4 70
57 54 71
49 55 72
9 8 73
8 58 73
58 53 73
37 36 74
43 64 76
64 69 76
26 25 77
25 76 77
70 26 77
69 70 77
76 69 77
62 68 78
68 55 78
40 60 79
48 47 79
60 48 79
47 65 79
65 68 79
68 40 79
35 46 80
46 75 80
36 35 80
74 36 80
42 74 80
75 42 80
31 30 81
30 45 81
45 60 81
60 40 81
54 63 83
71 54 83
65 59 84
55 65 84
72 55 84
44 72 84
20 19 85
66 20 85
53 82 86
15 14 87
14 48 87
48 45 87
45 61 87
61 15 87
39 38 88
67 52 88
63 42 89
42 75 89
83 63 89
49 83 89
56 41 90
41 57 90
57 71 90
71 82 90
82 71 91
86 82 91
71 83 91
49 72 91
72 86 91
83 49 91
19 18 92
18 52 92
85 19 92
52 67 92
67 85 92
41 56 93
56 43 93
22 21 94
57 41 94
21 66 94
66 57 94
42 63 95
63 50 95
50 85 95
85 67 95
11 10 96
10 44 96
59 11 96
44 84 96
84 59 96
55 49 97
78 55 97
75 46 97
89 75 97
49 89 97
38 37 98
37 74 98
67 88 98
88 38 98
95 67 98
74 42 98
42 95 98
43 56 99
53 51 99
51 64 99
64 43 99
82 53 99
56 90 99
90 82 99
23 22 100
93 23 100
41 93 100
22 94 100
94 41 100
10 9 101
44 10 101
9 73 101
50 54 102
54 57 102
57 66 102
66 85 102
85 50 102
32 31 103
40 62 103
62 32 103
31 81 103
81 40 103
34 33 104
46 34 104
33 62 104
62 78 104
78 97 104
97 46 104
25 24 105
76 25 105
24 23 105
23 93 105
43 76 105
93 43 105
73 53 106
53 86 106
72 44 106
86 72 106
101 73 106
44 101 106
17 2 107
2 39 107
39 88 107
52 17 107
88 52 107
