153
1 0 0
0 1 0
0 0 1
0.0666667 0.933333 0
0.133333 0.866667 0
0.2 0.8 0
0.266667 0.733333 0
0.333333 0.666667 0
0.4 0.6 0
0.466667 0.533333 0
0.533333 0.466667 0
0.6 0.4 0
0.666667 0.333333 0
0.733333 0.266667 0
0.8 0.2 0
0.866667 0.133333 0
0.933333 0.0666667 0
0 0.0666666 0.933333
0 0.133333 0.866667
0 0.2 0.8
0 0.266667 0.733333
0 0.333333 0.666667
0 0.4 0.6
0 0.466667 0.533333
0 0.533333 0.466667
0 0.6 0.4
0 0.666667 0.333333
0 0.733333 0.266667
0 0.8 0.2
0 0.866667 0.133333
0 0.933333 0.0666667
0.947368 0 0.0526316
0.894737 0 0.105263
0.842105 0 0.157895
0.789474 0 0.210526
0.736842 0 0.263158
0.684211 0 0.315789
0.631579 0 0.368421
0.578947 0 0.421053
0.526316 0 0.473684
0.473684 0 0.526316
0.421053 0 0.578947
0.368421 0 0.631579
0.315789 0 0.684211
0.263158 0 0.736842
0.210526 0 0.789474
0.157895 0 0.842105
0.105263 0 0.894737
0.0526316 0 0.947368
0.628846 0.132083 0.239071
0.0997431 0.482019 0.418238
0.285114 0.126947 0.587939
0.156779 0.611098 0.232123
0.498792 0.406373 0.0948353
0.78835 0.0575643 0.154086
0.419211 0.0750233 0.505766
0.65327 0.279425 0.0673048
0.046773 0.328625 0.624602
0.676246 0.141737 0.182017
0.76266 0.1772 0.0601404
0.746279 0.121863 0.131858
0.388812 0.2516 0.359588
0.168198 0.251775 0.580027
0.26627 0.62638 0.107349
0.0559787 0.131712 0.812309
0.826118 0.132632 0.0412503
0.681919 0.0614635 0.256617
0.31594 0.535263 0.148796
0.187928 0.316399 0.495673
0.488072 0.240092 0.271837
0.290859 0.490723 0.218418
0.159525 0.541501 0.298974
0.115368 0.401626 0.483005
0.332817 0.580346 0.0868368
0.583526 0.323065 0.0934094
0.883474 0.0646236 0.051902
0.558269 0.0668683 0.374863
0.144417 0.200202 0.655381
0.25265 0.252909 0.494441
0.191633 0.689311 0.119056
0.594786 0.230184 0.175031
0.0672013 0.37809 0.554709
0.516595 0.28269 0.200715
0.127716 0.15147 0.720814
0.566007 0.179742 0.25425
0.343793 0.245888 0.410319
0.15342 0.786335 0.0602451
0.456826 0.387808 0.155367
0.0834566 0.833176 0.0833672
0.231754 0.39709 0.371157
0.169762 0.40453 0.425708
0.43397 0.341342 0.224688
0.404284 0.494867 0.100849
0.25418 0.0765701 0.669249
0.137217 0.68836 0.174424
0.346344 0.127573 0.526083
0.0730056 0.700464 0.22653
0.0617953 0.784759 0.153446
0.492651 0.126514 0.380835
0.455718 0.20455 0.339732
0.533987 0.327799 0.138213
0.480946 0.468258 0.050796
0.313613 0.057949 0.628438
0.494853 0.0619252 0.443222
0.614108 0.077283 0.308609
0.102565 0.277708 0.619727
0.641211 0.231545 0.127244
0.42684 0.154808 0.418353
0.821307 0.0821397 0.096553
0.129666 0.0818657 0.788468
0.349362 0.392052 0.258585
0.735468 0.0623976 0.202135
0.318698 0.335465 0.345837
0.40422 0.301609 0.294171
0.106407 0.61427 0.279323
0.0842145 0.0672057 0.84858
0.255237 0.315366 0.429397
0.226664 0.716084 0.0572526
0.313558 0.215892 0.47055
0.276837 0.426713 0.29645
0.212474 0.466146 0.32138
0.225518 0.595337 0.179145
0.0646163 0.247746 0.687638
0.196836 0.0667557 0.736408
0.359964 0.0643238 0.575712
0.0507123 0.650521 0.298766
0.552735 0.402842 0.044423
0.064091 0.17962 0.756289
0.0931323 0.559514 0.347354
0.373106 0.442729 0.184165
0.212889 0.164409 0.622702
0.533721 0.145076 0.321203
0.0505266 0.0535827 0.895891
0.223567 0.520259 0.256174
0.130095 0.324706 0.545199
0.0530054 0.46417 0.482825
0.189858 0.12438 0.685762
0.0472449 0.537784 0.414971
0.228585 0.217728 0.553687
0.0421699 0.915387 0.0424432
0.123537 0.756655 0.119808
0.422271 0.537574 0.0401544
0.156433 0.479293 0.364273
0.0958003 0.867924 0.0362754
0.700214 0.196044 0.103742
0.294951 0.659211 0.0458375
0.289613 0.181005 0.529382
0.705618 0.250985 0.0433971
0.0366764 0.86744 0.0958835
0.0386542 0.602226 0.35912
0.376851 0.15997 0.463179
0.362457 0.595047 0.0424959
0.614578 0.347596 0.037826


0 16 31
17 2 48
34 33 54
41 40 55
22 21 57
14 13 59
19 18 64
15 14 65
14 59 65
36 35 66
58 49 66
63 67 73
16 15 75
31 16 75
32 31 75
15 65 75
38 37 76
49 58 80
23 22 81
22 57 81
82 69 84
49 80 84
80 82 84
5 4 86
50 72 90
72 68 90
69 82 91
82 87 91
87 53 92
73 67 92
44 43 93
28 27 96
52 94 96
29 28 97
28 96 97
96 94 97
74 53 100
80 74 100
82 80 100
53 87 100
87 82 100
10 9 101
92 53 101
43 42 102
51 93 102
93 43 102
40 39 103
55 40 103
39 38 103
38 76 103
76 98 103
37 36 104
36 66 104
66 49 104
76 37 104
49 84 104
77 62 105
81 57 105
80 58 106
56 74 106
74 80 106
61 85 107
98 99 107
99 61 107
55 103 107
103 98 107
59 60 108
60 54 108
54 33 108
65 59 108
33 32 108
32 75 108
75 65 108
46 45 109
35 34 111
34 54 111
54 60 111
60 58 111
58 66 111
66 35 111
85 61 112
69 91 113
99 69 113
61 99 113
91 110 113
110 112 113
112 61 113
71 52 114
52 96 114
64 18 115
47 46 115
46 109 115
109 64 115
68 78 116
90 68 116
89 90 116
85 112 116
112 89 116
6 5 117
79 63 117
5 86 117
86 79 117
85 116 118
116 78 118
89 112 119
110 70 119
112 110 119
89 119 120
67 63 121
70 67 121
63 79 121
79 94 121
94 52 121
21 20 122
57 21 122
105 57 122
83 77 122
77 105 122
45 44 123
44 93 123
83 109 123
109 45 123
42 41 124
41 55 124
55 95 124
102 42 124
95 51 124
51 102 124
27 26 125
96 27 125
114 96 125
11 10 126
53 74 126
10 101 126
101 53 126
20 19 127
19 64 127
64 109 127
109 83 127
122 20 127
83 122 127
71 114 128
114 125 128
91 87 129
87 92 129
92 67 129
67 70 129
70 110 129
110 91 129
93 51 130
62 77 130
98 76 131
84 69 131
69 99 131
99 98 131
76 104 131
104 84 131
18 17 132
115 18 132
17 48 132
48 47 132
47 115 132
52 71 133
71 120 133
119 70 133
120 119 133
121 52 133
70 121 133
62 68 134
68 72 134
72 81 134
81 105 134
105 62 134
24 23 135
72 50 135
23 81 135
81 72 135
77 83 136
83 123 136
130 77 136
123 93 136
93 130 136
25 24 137
50 128 137
24 135 137
135 50 137
68 62 138
78 68 138
130 51 138
62 130 138
3 1 139
1 30 139
79 86 140
94 79 140
86 88 140
88 97 140
97 94 140
9 8 141
92 101 141
101 9 141
120 71 142
90 89 142
89 120 142
50 90 142
128 50 142
71 128 142
4 3 143
86 4 143
88 86 143
3 139 143
139 88 143
60 59 144
58 60 144
106 58 144
56 106 144
7 6 145
63 73 145
6 117 145
117 63 145
51 95 146
95 118 146
118 78 146
78 138 146
138 51 146
13 12 147
12 56 147
56 144 147
59 13 147
144 59 147
30 29 148
29 97 148
97 88 148
88 139 148
139 30 148
26 25 149
125 26 149
128 125 149
25 137 149
137 128 149
95 55 150
55 107 150
118 95 150
107 85 150
85 118 150
8 7 151
141 8 151
73 92 151
92 141 151
7 145 151
145 73 151
12 11 152
56 12 152
74 56 152
11 126 152
126 74 152
