110
1 0 0
0 1 0
0 0 1
0.0666667 0.933333 0
0.133333 0.866667 0
0.2 0.8 0
0.266667 0.733333 0
0.333333 0.666667 0
0.4 0.6 0
0.466667 0.533333 0
0.533333 0.466667 0
0.6 0.4 0
0.666667 0.333333 0
0.733333 0.266667 0
0.8 0.2 0
0.866667 0.133333 0
0.933333 0.0666667 0
0 0.1 0.9
0 0.2 0.8
0 0.3 0.7
0 0.4 0.6
0 0.5 0.5
0 0.6 0.4
0 0.7 0.3
0 0.8 0.2
0 0.9 0.1
0.941176 0 0.0588235
0.882353 0 0.117647
0.823529 0 0.176471
0.764706 0 0.235294
0.705882 0 0.294118
0.647059 0 0.352941
0.588235 0 0.411765
0.529412 0 0.470588
0.470588 0 0.529412
0.411765 0 0.588235
0.352941 0 0.647059
0.294118 0 0.705882
0.235294 0 0.764706
0.176471 0 0.823529
0.117647 0 0.882353
0.0588236 0 0.941176
0.634136 0.105076 0.260788
0.10109 0.486586 0.412325
0.267524 0.158337 0.574139
0.164609 0.610074 0.225317
0.488388 0.409489 0.102123
0.414441 0.0753219 0.510237
0.651685 0.266413 0.0819024
0.668393 0.141645 0.189962
0.769746 0.161094 0.0691592
0.387461 0.282758 0.329781
0.194949 0.233678 0.571373
0.277103 0.634153 0.0887443
0.0547771 0.132947 0.812276
0.325362 0.517614 0.157024
0.0514704 0.608721 0.339808
0.193985 0.32558 0.480435
0.501472 0.212617 0.285912
0.346648 0.57881 0.0745427
0.568749 0.343213 0.0880374
0.544272 0.0943174 0.361411
0.261984 0.248417 0.489599
0.199091 0.669096 0.131813
0.826926 0.125891 0.0471829
0.601583 0.226455 0.171962
0.765532 0.0827967 0.151671
0.0693542 0.382484 0.548162
0.525605 0.28989 0.184505
0.11921 0.133897 0.746893
0.566021 0.169393 0.264586
0.338334 0.239183 0.422482
0.160039 0.771984 0.0679773
0.0929686 0.835146 0.0718852
0.2298 0.384583 0.385617
0.15988 0.417961 0.422159
0.443019 0.337034 0.219948
0.406359 0.481617 0.112024
0.340869 0.146156 0.512975
0.070571 0.699644 0.229785
0.136356 0.22398 0.639664
0.489804 0.122682 0.387514
0.822169 0.0716568 0.106174
0.22867 0.111093 0.660236
0.168479 0.499197 0.332324
0.298273 0.462403 0.239324
0.880314 0.061976 0.05771
0.415844 0.157971 0.426185
0.05778 0.25445 0.68777
0.366901 0.402904 0.230195
0.0463968 0.510491 0.443112
0.110219 0.588677 0.301105
0.59825 0.0700832 0.331667
0.120875 0.731528 0.147597
0.182463 0.0936503 0.723887
0.308221 0.367331 0.324447
0.101798 0.0655616 0.83264
0.236113 0.483582 0.280305
0.222825 0.720326 0.0568485
0.13133 0.349467 0.519203
0.712061 0.174922 0.113018
0.248804 0.566643 0.184553
0.0502827 0.810253 0.139465
0.282731 0.310075 0.407193
0.471645 0.0650858 0.463269
0.36477 0.0598978 0.575332
0.720734 0.0740588 0.205207
0.306182 0.0747676 0.61905
0.038896 0.902423 0.0586813
0.446271 0.22357 0.330159


0 16 26
17 2 41
31 30 42
10 9 46
35 34 47
13 12 48
12 11 48
42 30 49
14 13 50
7 6 53
18 17 54
17 41 54
23 22 56
8 7 59
7 53 59
53 55 59
11 10 60
10 46 60
48 11 60
33 32 61
52 44 62
57 52 62
15 14 64
14 50 64
42 49 65
49 48 65
48 60 65
29 28 66
21 20 67
60 46 68
65 60 68
58 61 70
42 65 70
65 68 70
68 58 70
5 4 72
4 3 73
72 4 73
57 62 74
57 74 75
58 68 76
68 46 76
9 8 77
46 9 77
8 59 77
76 46 77
59 55 77
62 44 78
71 62 78
24 23 79
23 56 79
33 61 81
61 58 81
28 27 82
66 28 82
64 50 82
50 66 82
38 37 83
44 52 83
52 80 83
43 75 84
75 74 84
16 15 86
26 16 86
27 26 86
15 64 86
64 82 86
82 27 86
51 71 87
71 78 87
78 47 87
19 18 88
18 54 88
20 19 88
67 20 88
54 69 88
80 67 88
69 80 88
51 76 89
76 77 89
77 55 89
55 85 89
22 21 90
43 56 90
56 22 90
21 67 90
67 43 90
56 43 91
43 84 91
45 79 91
84 45 91
79 56 91
32 31 92
61 32 92
31 42 92
42 70 92
70 61 92
45 63 93
63 72 93
72 73 93
79 45 93
39 38 94
69 39 94
38 83 94
80 69 94
83 80 94
71 51 95
51 89 95
89 85 95
41 40 96
54 41 96
40 39 96
39 69 96
69 54 96
45 84 97
84 74 97
74 95 97
95 85 97
6 5 98
53 6 98
63 53 98
5 72 98
72 63 98
52 57 99
43 67 99
75 43 99
57 75 99
67 80 99
80 52 99
13 48 100
50 13 100
48 49 100
66 50 100
55 53 101
85 55 101
53 63 101
63 45 101
45 97 101
97 85 101
25 24 102
24 79 102
79 93 102
93 73 102
62 71 103
74 62 103
71 95 103
95 74 103
34 33 104
33 81 104
47 34 104
87 47 104
81 87 104
36 35 105
35 47 105
47 78 105
30 29 106
49 30 106
29 66 106
66 100 106
100 49 106
37 36 107
44 83 107
83 37 107
36 105 107
78 44 107
105 78 107
3 1 108
1 25 108
73 3 108
25 102 108
102 73 108
58 76 109
76 51 109
81 58 109
51 87 109
87 81 109
