134
1 0 0
0 1 0
0 0 1
0.0666666 0.933333 0
0.133333 0.866667 0
0.2 0.8 0
0.266667 0.733333 0
0.333333 0.666667 0
0.4 0.6 0
0.466667 0.533333 0
0.533333 0.466667 0
0.6 0.4 0
0.666667 0.333333 0
0.733333 0.266667 0
0.8 0.2 0
0.866667 0.133333 0
0.933333 0.0666667 0
0 0.0769231 0.923077
0 0.153846 0.846154
0 0.230769 0.769231
0 0.307692 0.692308
0 0.384615 0.615385
0 0.461538 0.538462
0 0.538462 0.461538
0 0.615385 0.384615
0 0.692308 0.307692
0 0.769231 0.230769
0 0.846154 0.153846
0 0.923077 0.0769231
0.941176 0 0.0588235
0.882353 0 0.117647
0.823529 0 0.176471
0.764706 0 0.235294
0.705882 0 0.294118
0.647059 0 0.352941
0.588235 0 0.411765
0.529412 0 0.470588
0.470588 0 0.529412
0.411765 0 0.588235
0.352941 0 0.647059
0.294118 0 0.705882
0.235294 0 0.764706
0.176471 0 0.823529
0.117647 0 0.882353
0.0588234 0 0.941177
0.631131 0.133819 0.23505
0.100807 0.491093 0.408101
0.285003 0.146782 0.568215
0.15616 0.618849 0.224991
0.500593 0.377554 0.121854
0.811301 0.0725231 0.116176
0.413688 0.0703294 0.515983
0.661824 0.270684 0.0674923
0.682404 0.137175 0.18042
0.763189 0.166855 0.0699561
0.747049 0.0959987 0.156952
0.385563 0.256401 0.358036
0.170072 0.248835 0.581093
0.269156 0.625204 0.105639
0.0587798 0.148496 0.792724
0.822581 0.126104 0.0513152
0.32112 0.519416 0.159465
0.0420595 0.636529 0.321411
0.195312 0.324907 0.479781
0.49677 0.239369 0.263861
0.148411 0.533432 0.318157
0.118012 0.404528 0.477461
0.3392 0.59003 0.0707705
0.5882 0.322048 0.0897515
0.876557 0.0625673 0.0608754
0.537804 0.0697722 0.392423
0.155846 0.181381 0.662773
0.259851 0.240768 0.499381
0.197805 0.678374 0.12382
0.588488 0.233311 0.178202
0.278495 0.498615 0.22289
0.0669874 0.373721 0.559292
0.114932 0.158577 0.726491
0.561888 0.186452 0.25166
0.343731 0.248569 0.407699
0.159705 0.770686 0.0696087
0.527084 0.290357 0.182559
0.0921359 0.829302 0.0785626
0.23473 0.383818 0.381452
0.450521 0.329802 0.219676
0.399428 0.510476 0.0900958
0.437632 0.425254 0.137114
0.270056 0.0682644 0.66168
0.131778 0.715271 0.152951
0.355764 0.129756 0.51448
0.0803365 0.701455 0.218208
0.0587592 0.781297 0.159944
0.481913 0.131255 0.386832
0.447762 0.22589 0.326349
0.703067 0.0651545 0.231778
0.103796 0.262817 0.633386
0.4094 0.159829 0.430771
0.121232 0.0734503 0.805318
0.331536 0.417168 0.251296
0.593056 0.0846834 0.322261
0.316222 0.340858 0.34292
0.701893 0.195964 0.102144
0.0956494 0.622086 0.282265
0.163684 0.437019 0.399297
0.322879 0.202316 0.474805
0.206128 0.465744 0.328128
0.230491 0.591724 0.177785
0.0556821 0.233885 0.710433
0.187971 0.0839152 0.728114
0.347873 0.0653065 0.586821
0.213963 0.153458 0.632578
0.541192 0.406463 0.0523455
0.637473 0.216165 0.146362
0.388323 0.327789 0.283888
0.475325 0.464499 0.0601764
0.0465455 0.315803 0.637652
0.267606 0.433872 0.298522
0.656788 0.0539861 0.289226
0.229345 0.716535 0.0541209
0.385033 0.421964 0.193003
0.0525351 0.46436 0.483104
0.0433731 0.537894 0.418733
0.0582655 0.0720516 0.869683
0.216246 0.527084 0.256669
0.476616 0.0676115 0.455772
0.522952 0.153576 0.323472
0.274583 0.29924 0.426177
0.0359481 0.857712 0.10634
0.132202 0.323176 0.544621
0.0407199 0.911636 0.0476436
0.0407989 0.692538 0.266663
0.076043 0.568853 0.355104
0.290051 0.667097 0.0428517
0.223307 0.221833 0.55486


0 16 29
17 2 44
31 30 50
38 37 51
13 12 52
14 13 54
32 31 55
31 50 55
50 54 55
19 18 59
15 14 60
14 54 60
54 50 60
25 24 62
8 7 67
58 61 67
12 11 68
52 12 68
16 15 69
29 16 69
30 29 69
15 60 69
50 30 69
60 50 69
36 35 70
22 21 76
45 74 78
5 4 80
68 49 81
74 68 81
64 78 81
78 74 81
4 3 82
80 4 82
64 81 84
81 49 84
9 8 85
8 67 85
67 61 85
84 49 86
40 39 87
41 40 87
48 73 88
73 80 88
80 82 88
48 88 90
27 26 91
26 90 91
88 82 91
90 88 91
64 84 93
33 32 94
53 45 94
32 55 94
55 53 94
71 57 95
77 71 95
89 51 96
56 79 96
92 93 96
93 56 96
43 42 97
77 59 97
61 75 98
35 34 99
70 35 99
45 78 99
79 56 100
13 52 101
54 13 101
53 55 101
55 54 101
65 48 102
48 90 102
65 46 103
46 66 103
66 63 103
63 83 103
72 47 104
47 89 104
89 96 104
96 79 104
65 103 105
103 83 105
61 58 106
75 61 106
58 73 106
73 48 106
20 19 107
19 59 107
59 77 107
77 95 107
71 77 108
41 87 108
42 41 108
97 42 108
77 97 108
47 87 109
87 39 109
39 38 109
89 47 109
38 51 109
51 89 109
57 71 110
87 47 110
71 108 110
108 87 110
11 10 111
68 11 111
49 68 111
45 53 112
74 45 112
52 68 112
68 74 112
101 52 112
53 101 112
56 93 113
93 84 113
98 100 113
100 56 113
86 49 114
9 85 114
85 86 114
10 9 114
111 10 114
49 111 114
21 20 115
76 21 115
95 76 115
20 107 115
107 95 115
83 100 116
105 83 116
98 75 116
100 98 116
34 33 117
33 94 117
94 45 117
45 99 117
99 34 117
6 5 118
73 58 118
5 80 118
80 73 118
85 61 119
86 85 119
84 86 119
61 98 119
98 113 119
113 84 119
23 22 120
66 46 120
22 76 120
76 66 120
24 23 121
23 120 121
120 46 121
18 17 122
59 18 122
17 44 122
44 43 122
43 97 122
97 59 122
48 65 123
65 105 123
106 48 123
75 106 123
105 116 123
116 75 123
37 36 124
51 37 124
36 70 124
70 92 124
92 96 124
96 51 124
92 70 125
78 64 125
64 93 125
93 92 125
70 99 125
99 78 125
63 72 126
83 63 126
79 100 126
100 83 126
72 104 126
104 79 126
28 27 127
27 91 127
91 82 127
57 63 128
63 66 128
66 76 128
76 95 128
95 57 128
3 1 129
1 28 129
28 127 129
82 3 129
127 82 129
26 25 130
90 26 130
25 62 130
62 102 130
102 90 130
102 62 131
46 65 131
65 102 131
121 46 131
62 24 131
24 121 131
7 6 132
58 67 132
67 7 132
6 118 132
118 58 132
63 57 133
72 63 133
47 72 133
110 47 133
57 110 133
