152
1 0 0
0 1 0
0 0 1
0.0666666 0.933333 0
0.133333 0.866667 0
0.2 0.8 0
0.266667 0.733333 0
0.333333 0.666667 0
0.4 0.6 0
0.466667 0.533333 0
0.533333 0.466667 0
0.6 0.4 0
0.666667 0.333333 0
0.733333 0.266667 0
0.8 0.2 0
0.866667 0.133333 0
0.933333 0.0666667 0
0 0.0625 0.9375
0 0.125 0.875
0 0.1875 0.8125
0 0.25 0.75
0 0.3125 0.6875
0 0.375 0.625
0 0.4375 0.5625
0 0.5 0.5
0 0.5625 0.4375
0 0.625 0.375
0 0.6875 0.3125
0 0.75 0.25
0 0.8125 0.1875
0 0.875 0.125
0 0.9375 0.0625
0.941176 0 0.0588235
0.882353 0 0.117647
0.823529 0 0.176471
0.764706 0 0.235294
0.705882 0 0.294118
0.647059 0 0.352941
0.588235 0 0.411765
0.529412 0 0.470588
0.470588 0 0.529412
0.411765 0 0.588235
0.352941 0 0.647059
0.294118 0 0.705882
0.235294 0 0.764706
0.176471 0 0.823529
0.117647 0 0.882353
0.0588235 0 0.941176
0.626509 0.124673 0.248818
0.104373 0.489776 0.405851
0.286084 0.121549 0.592367
0.155607 0.620861 0.223532
0.498514 0.397516 0.10397
0.806902 0.0558366 0.137262
0.428068 0.0668546 0.505077
0.644985 0.270293 0.0847219
0.689697 0.124863 0.18544
0.763671 0.168607 0.0677222
0.75054 0.118957 0.130503
0.384167 0.262412 0.353422
0.179601 0.244922 0.575477
0.275621 0.62325 0.101129
0.0638819 0.131553 0.804565
0.824641 0.13688 0.038479
0.318184 0.530191 0.151625
0.0470717 0.625675 0.327253
0.377438 0.140873 0.481689
0.190538 0.33043 0.479031
0.487561 0.236605 0.275834
0.163917 0.551989 0.284094
0.110876 0.4091 0.480024
0.350546 0.574859 0.0745944
0.572702 0.331596 0.0957021
0.881999 0.0646497 0.0533509
0.564011 0.0649303 0.371059
0.150586 0.193621 0.655793
0.248446 0.246287 0.505267
0.200695 0.689692 0.109614
0.338408 0.0551227 0.60647
0.583363 0.256369 0.160267
0.293068 0.478908 0.228024
0.0634196 0.381358 0.555222
0.0596992 0.326573 0.613728
0.133698 0.134606 0.731695
0.568803 0.19241 0.238787
0.334237 0.263381 0.402381
0.168317 0.773753 0.0579302
0.0917585 0.826349 0.0818925
0.230961 0.383141 0.385898
0.162202 0.418964 0.418834
0.0720571 0.778651 0.149292
0.44154 0.33461 0.223851
0.396355 0.510477 0.0931681
0.274594 0.0659584 0.659448
0.141377 0.690202 0.168421
0.0818291 0.700186 0.217985
0.495275 0.124032 0.380693
0.0962636 0.205152 0.698584
0.452391 0.201247 0.346362
0.472628 0.470743 0.0566287
0.634188 0.194377 0.171435
0.222143 0.616074 0.161783
0.179364 0.475474 0.345161
0.696278 0.0590536 0.244668
0.417772 0.455625 0.126603
0.499401 0.0572828 0.443316
0.0446399 0.251475 0.703885
0.628452 0.0646271 0.306921
0.0469522 0.563638 0.38941
0.516606 0.32528 0.158115
0.0938629 0.267418 0.638719
0.439188 0.132047 0.428765
0.130208 0.0676472 0.802145
0.348227 0.389986 0.261787
0.821241 0.0919213 0.0868381
0.316997 0.338018 0.344985
0.69588 0.190581 0.113539
0.0521489 0.496861 0.45099
0.405745 0.3 0.294256
0.100407 0.621284 0.278309
0.249339 0.703772 0.0468886
0.322484 0.214486 0.46303
0.203325 0.0628819 0.733793
0.519179 0.266403 0.214418
0.103701 0.554269 0.34203
0.0490641 0.443321 0.507615
0.375559 0.432192 0.192249
0.548693 0.403883 0.0474243
0.125833 0.320296 0.55387
0.308816 0.165376 0.525807
0.545301 0.141198 0.313502
0.0530326 0.0503359 0.896631
0.0569292 0.887386 0.0556845
0.266644 0.428501 0.304854
0.208631 0.143509 0.647861
0.228616 0.555889 0.215495
0.24132 0.190542 0.568138
0.269824 0.299047 0.431129
0.417512 0.541198 0.0412894
0.0558684 0.189602 0.75453
0.0407419 0.76083 0.198428
0.225491 0.500838 0.273671
0.0757401 0.0748573 0.849403
0.451568 0.384969 0.163462
0.0445538 0.682656 0.27279
0.389303 0.198457 0.41224
0.321931 0.634807 0.0432623
0.135645 0.750361 0.113994
0.613471 0.346574 0.0399542
0.715386 0.24088 0.0437341
0.754244 0.057936 0.18782
0.361382 0.0889305 0.549687


3 1 31
0 16 32
17 2 47
34 33 53
41 40 54
19 18 62
15 14 63
14 57 63
27 26 65
61 64 71
16 15 73
15 63 73
32 16 73
33 32 73
38 37 74
67 60 76
42 41 78
55 72 79
23 22 81
22 21 82
81 22 82
5 4 86
86 4 87
49 70 89
70 67 89
67 88 89
30 29 90
87 30 90
71 64 92
43 42 93
42 78 93
78 50 93
51 94 95
94 90 95
83 75 97
10 9 99
55 79 100
48 56 100
84 48 100
79 84 100
64 61 101
61 77 101
77 94 101
94 51 101
49 89 102
89 88 102
36 35 103
56 48 103
92 64 104
52 99 104
99 92 104
40 39 105
54 40 105
39 38 105
38 74 105
74 96 105
21 20 106
74 37 107
37 36 107
36 103 107
103 48 107
26 25 108
65 26 108
72 52 109
79 72 109
75 60 110
97 75 110
82 21 110
21 106 110
106 97 110
96 98 111
66 54 111
54 105 111
105 96 111
46 45 112
83 62 112
57 58 114
63 57 114
58 53 114
53 33 114
33 73 114
73 63 114
85 59 115
58 57 116
56 58 116
100 56 116
55 100 116
25 24 117
70 49 117
49 108 117
108 25 117
68 91 118
59 98 118
98 68 118
91 113 118
113 115 118
115 59 118
69 51 119
51 95 119
7 6 120
77 61 120
6 5 120
5 86 120
86 77 120
44 43 122
43 93 122
45 44 122
112 45 122
83 112 122
68 84 123
84 79 123
79 109 123
91 68 123
109 91 123
49 102 124
102 69 124
108 49 124
65 108 124
69 119 124
119 65 124
24 23 125
23 81 125
81 70 125
70 117 125
117 24 125
64 80 126
104 64 126
113 91 126
80 113 126
11 10 127
52 72 127
10 99 127
99 52 127
60 67 128
67 70 128
70 81 128
81 82 128
82 110 128
110 60 128
66 121 129
121 76 129
96 74 130
84 68 130
68 98 130
98 96 130
48 84 130
107 48 130
74 107 130
18 17 131
17 47 131
47 46 131
4 3 132
87 4 132
3 31 132
31 30 132
30 87 132
102 88 133
113 80 133
88 115 133
115 113 133
60 75 134
93 50 134
75 83 134
83 122 134
122 93 134
80 64 135
64 101 135
51 69 135
101 51 135
76 60 136
50 129 136
129 76 136
60 134 136
134 50 136
67 76 137
88 67 137
85 115 137
115 88 137
76 121 137
121 85 137
9 8 138
8 71 138
71 92 138
92 99 138
99 9 138
20 19 139
19 62 139
62 83 139
83 97 139
97 106 139
106 20 139
29 28 140
28 95 140
90 29 140
95 90 140
69 102 141
102 133 141
135 69 141
133 80 141
80 135 141
62 18 142
18 131 142
46 112 142
131 46 142
112 62 142
52 104 143
91 109 143
109 52 143
104 126 143
126 91 143
28 27 144
95 28 144
27 65 144
65 119 144
119 95 144
59 85 145
98 59 145
111 98 145
66 111 145
121 66 145
85 121 145
8 7 146
71 8 146
61 71 146
7 120 146
120 61 146
86 87 147
87 90 147
77 86 147
94 77 147
90 94 147
12 11 148
55 12 148
72 55 148
11 127 148
127 72 148
13 12 149
12 55 149
14 13 149
57 14 149
55 116 149
116 57 149
35 34 150
34 53 150
53 58 150
58 56 150
56 103 150
103 35 150
41 54 151
78 41 151
54 66 151
50 78 151
129 50 151
66 129 151
