37
1 0 0
0 1 0
0 0 1
0.0666667 0.933333 0
0.133333 0.866667 0
0.2 0.8 0
0.266667 0.733333 0
0.333333 0.666667 0
0.4 0.6 0
0.466667 0.533333 0
0.533333 0.466667 0
0.6 0.4 0
0.666667 0.333333 0
0.733333 0.266667 0
0.8 0.2 0
0.866667 0.133333 0
0.933333 0.0666667 0
0 0.0666667 0.933333
0 0.133333 0.866667
0 0.2 0.8
0 0.266667 0.733333
0 0.333333 0.666667
0 0.4 0.6
0 0.466667 0.533333
0 0.533333 0.466667
0 0.6 0.4
0 0.666667 0.333333
0 0.733333 0.266667
0 0.8 0.2
0 0.866667 0.133333
0 0.933333 0.0666667
0.448053 0.0328112 0.519136
0.425099 0.098515 0.476386
0.43669 0.166461 0.396848
0.398164 0.232902 0.368934
0.368875 0.299705 0.33142
0.322778 0.366372 0.31085


11 10 23
22 11 23
10 9 24
23 10 24
9 8 25
24 9 25
8 7 26
25 8 26
7 6 27
26 7 27
6 5 28
27 6 28
5 4 29
28 5 29
3 1 30
4 3 30
29 4 30
2 0 31
17 2 31
0 16 31
16 17 31
16 15 32
15 18 32
17 16 32
18 17 32
15 14 33
14 19 33
18 15 33
19 18 33
14 13 34
13 20 34
19 14 34
20 19 34
13 12 35
12 21 35
20 13 35
21 20 35
12 11 36
11 22 36
21 12 36
22 21 36
