37
1 0 0
0 1 0
0 0 1
0.0666666 0.933333 0
0.133333 0.866667 0
0.2 0.8 0
0.266667 0.733333 0
0.333333 0.666667 0
0.4 0.6 0
0.466667 0.533333 0
0.533333 0.466667 0
0.6 0.4 0
0.666667 0.333333 0
0.733333 0.266667 0
0.8 0.2 0
0.866667 0.133333 0
0.933333 0.0666667 0
0.933333 0 0.0666667
0.866667 0 0.133333
0.8 0 0.2
0.733333 0 0.266667
0.666667 0 0.333333
0.6 0 0.4
0.533333 0 0.466667
0.466667 0 0.533333
0.4 0 0.6
0.333333 0 0.666667
0.266667 0 0.733333
0.2 0 0.8
0.133333 0 0.866667
0.0666667 0 0.933333
0.0988495 0.463379 0.437772
0.232215 0.38569 0.382095
0.0319177 0.464653 0.50343
0.165174 0.413982 0.420844
0.299576 0.325163 0.375261
0.366385 0.313087 0.320528


0 16 17
16 15 18
17 16 18
15 14 19
18 15 19
14 13 20
19 14 20
13 12 21
20 13 21
12 11 22
21 12 22
11 10 23
22 11 23
10 9 24
23 10 24
9 8 25
24 9 25
4 3 31
3 30 31
29 4 31
30 29 31
6 5 32
5 28 32
27 6 32
28 27 32
1 2 33
2 30 33
3 1 33
30 3 33
5 4 34
4 29 34
28 5 34
29 28 34
7 6 35
6 27 35
26 7 35
27 26 35
8 7 36
7 26 36
25 8 36
26 25 36
