79
1 0 0
0 1 0
0 0 1
0.0666666 0.933333 0
0.133333 0.866667 0
0.2 0.8 0
0.266667 0.733333 0
0.333333 0.666667 0
0.4 0.6 0
0.466667 0.533333 0
0.533333 0.466667 0
0.6 0.4 0
0.666667 0.333333 0
0.733333 0.266667 0
0.8 0.2 0
0.866667 0.133333 0
0.933333 0.0666667 0
0 0.0714286 0.928571
0 0.142857 0.857143
0 0.214286 0.785714
0 0.285714 0.714286
0 0.357143 0.642857
0 0.428571 0.571429
0 0.5 0.5
0 0.571429 0.428571
0 0.642857 0.357143
0 0.714286 0.285714
0 0.785714 0.214286
0 0.857143 0.142857
0 0.928571 0.0714286
0.857143 0 0.142857
0.714286 0 0.285714
0.571429 0 0.428571
0.428571 0 0.571429
0.285714 0 0.714286
0.142857 0 0.857143
0.644348 0.109347 0.246305
0.130486 0.472257 0.397257
0.302996 0.139842 0.557162
0.182797 0.606013 0.21119
0.466756 0.415171 0.118073
0.792686 0.0657933 0.141521
0.40567 0.0640107 0.530319
0.398979 0.252734 0.348287
0.144972 0.257858 0.59717
0.276363 0.618509 0.105127
0.309096 0.543487 0.147417
0.175979 0.338 0.48602
0.618622 0.279477 0.101901
0.151462 0.536324 0.312214
0.113742 0.402759 0.483499
0.543195 0.0664514 0.390354
0.181106 0.684427 0.134466
0.542792 0.343205 0.114002
0.749183 0.136872 0.113945
0.551559 0.229974 0.218468
0.136168 0.121265 0.742566
0.63058 0.173934 0.195486
0.0890025 0.818883 0.0921146
0.261569 0.0761126 0.662318
0.489097 0.128349 0.382554
0.133049 0.189231 0.67772
0.247001 0.405318 0.347681
0.283849 0.209466 0.506685
0.40083 0.372425 0.226745
0.153704 0.0563264 0.789969
0.122582 0.755283 0.122135
0.330458 0.329083 0.340459
0.304082 0.460285 0.235633
0.0843598 0.31086 0.60478
0.447298 0.183629 0.369073
0.0907427 0.657723 0.251534
0.660866 0.050098 0.289036
0.27044 0.277477 0.452083
0.905332 0.0299255 0.0647424
0.416674 0.482437 0.100889
0.477996 0.295144 0.22686
0.685773 0.225976 0.0882509
0.0752924 0.600622 0.324086


3 1 29
4 3 29
28 4 29
17 2 35
23 22 37
11 10 40
16 15 41
31 30 41
34 33 42
20 19 44
8 7 45
9 8 46
8 45 46
45 39 46
13 12 48
24 23 49
23 37 49
46 39 49
22 21 50
21 47 50
37 22 50
33 32 51
42 33 51
7 6 52
45 7 52
39 45 52
12 11 53
11 40 53
48 12 53
15 14 54
36 41 54
41 15 54
18 17 56
36 54 57
5 4 58
4 28 58
28 27 58
34 42 59
42 38 59
38 56 59
38 42 60
42 51 60
51 36 60
36 57 60
19 18 61
18 56 61
56 38 61
44 19 61
37 50 62
50 47 62
44 61 63
61 38 63
53 40 64
17 35 65
56 17 65
35 34 65
34 59 65
59 56 65
6 5 66
52 6 66
27 26 66
26 52 66
5 58 66
58 27 66
62 47 67
64 62 67
46 49 68
49 37 68
37 62 68
62 64 68
64 40 68
21 20 69
47 21 69
20 44 69
44 47 69
55 43 70
57 55 70
60 57 70
38 60 70
63 38 70
43 63 70
26 25 71
52 26 71
39 52 71
31 41 72
41 36 72
32 31 72
51 32 72
36 51 72
47 44 73
67 47 73
44 63 73
63 43 73
43 67 73
0 16 74
30 0 74
16 41 74
41 30 74
10 9 75
40 10 75
68 40 75
9 46 75
46 68 75
48 53 76
43 55 76
55 48 76
67 43 76
53 64 76
64 67 76
13 48 77
48 55 77
14 13 77
55 57 77
54 14 77
57 54 77
25 24 78
24 49 78
49 39 78
39 71 78
71 25 78
