53
1 0 0
0 1 0
0 0 1
0.0666666 0.933333 0
0.133333 0.866667 0
0.2 0.8 0
0.266667 0.733333 0
0.333333 0.666667 0
0.4 0.6 0
0.466667 0.533333 0
0.533333 0.466667 0
0.6 0.4 0
0.666667 0.333333 0
0.733333 0.266667 0
0.8 0.2 0
0.866667 0.133333 0
0.933333 0.0666667 0
0 0.0833333 0.916667
0 0.166667 0.833333
0 0.25 0.75
0 0.333333 0.666667
0 0.416667 0.583333
0 0.5 0.5
0 0.583333 0.416667
0 0.666667 0.333333
0 0.75 0.25
0 0.833333 0.166667
0 0.916667 0.0833333
0.8 0 0.2
0.6 0 0.4
0.4 0 0.6
0.2 0 0.8
0.656352 0.115089 0.228559
0.340793 0.146882 0.512325
0.19333 0.613356 0.193314
0.425134 0.395098 0.179768
0.749396 0.0621342 0.18847
0.409522 0.0774366 0.513041
0.383437 0.244463 0.3721
0.192202 0.249166 0.558632
0.255482 0.496663 0.247856
0.212754 0.340307 0.446939
0.152583 0.535137 0.31228
0.155408 0.408515 0.436077
0.533815 0.23464 0.231545
0.570428 0.170592 0.25898
0.138574 0.689733 0.171694
0.167693 0.159598 0.672709
0.413497 0.325136 0.261367
0.163361 0.0733545 0.763284
0.339364 0.439826 0.22081
0.087885 0.811293 0.100822
0.56516 0.0496686 0.385172


3 1 27
4 3 27
26 4 27
0 16 28
15 14 32
8 7 34
11 10 35
16 15 36
28 16 36
29 28 36
15 32 36
31 30 37
19 18 39
9 8 40
20 19 41
19 39 41
23 22 42
34 23 42
22 21 42
21 40 42
8 34 42
40 8 42
21 20 43
20 41 43
40 21 43
13 12 44
12 38 44
38 33 44
14 13 45
13 44 45
32 14 45
33 37 45
44 33 45
37 32 45
6 5 46
5 25 46
25 24 46
7 6 46
34 7 46
24 23 46
23 34 46
18 17 47
39 18 47
33 38 47
38 39 47
12 11 48
38 12 48
11 35 48
39 38 48
35 41 48
41 39 48
17 2 49
2 31 49
31 37 49
37 33 49
33 47 49
47 17 49
10 9 50
9 40 50
35 10 50
40 43 50
41 35 50
43 41 50
5 4 51
4 26 51
25 5 51
26 25 51
30 29 52
29 36 52
36 32 52
32 37 52
37 30 52
