75
1 0 0
0 1 0
0 0 1
0.0666666 0.933333 0
0.133333 0.866667 0
0.2 0.8 0
0.266667 0.733333 0
0.333333 0.666667 0
0.4 0.6 0
0.466667 0.533333 0
0.533333 0.466667 0
0.6 0.4 0
0.666667 0.333333 0
0.733333 0.266667 0
0.8 0.2 0
0.866667 0.133333 0
0.933333 0.0666667 0
0 0.0909091 0.909091
0 0.181818 0.818182
0 0.272727 0.727273
0 0.363636 0.636364
0 0.454545 0.545455
0 0.545455 0.454545
0 0.636364 0.363636
0 0.727273 0.272727
0 0.818182 0.181818
0 0.909091 0.0909091
0.875 0 0.125
0.75 0 0.25
0.625 0 0.375
0.5 0 0.5
0.375 0 0.625
0.25 0 0.75
0.125 0 0.875
0.636057 0.102213 0.26173
0.0948749 0.513095 0.39203
0.285372 0.138752 0.575876
0.15984 0.597769 0.242391
0.475066 0.397496 0.127438
0.811988 0.0626463 0.125366
0.4419 0.0744877 0.483612
0.620152 0.253555 0.126293
0.749527 0.123822 0.126651
0.382783 0.241963 0.375254
0.161681 0.251413 0.586906
0.0951669 0.157036 0.747797
0.703302 0.0535669 0.243131
0.330843 0.508808 0.160349
0.407381 0.149937 0.442682
0.202164 0.344441 0.453395
0.500017 0.230537 0.269446
0.116025 0.413422 0.470554
0.531081 0.317679 0.15124
0.270897 0.591852 0.137251
0.54975 0.159005 0.291245
0.162935 0.10287 0.734195
0.0871165 0.790223 0.12266
0.126055 0.696731 0.177214
0.230603 0.197317 0.57208
0.237541 0.4317 0.330759
0.0548028 0.863755 0.0814417
0.322575 0.0666155 0.61081
0.686096 0.187953 0.125951
0.337159 0.399355 0.263485
0.545367 0.0694067 0.385226
0.089357 0.31425 0.596393
0.407516 0.332497 0.259987
0.426397 0.465312 0.108291
0.287187 0.294214 0.418599
0.07201 0.0660853 0.861905
0.0687026 0.233303 0.697994
0.199251 0.508907 0.291842
0.22821 0.663886 0.107904
0.0740779 0.59902 0.326902
0.218113 0.0565491 0.725338


3 1 26
0 16 27
22 21 35
11 10 38
16 15 39
27 16 39
28 27 39
31 30 40
13 12 41
15 14 42
39 15 42
18 17 45
29 28 46
34 29 46
42 34 46
28 39 46
39 42 46
9 8 47
43 36 48
43 48 50
21 20 51
35 21 51
12 11 52
41 12 52
50 41 52
11 38 52
43 50 52
8 7 53
47 8 53
48 40 54
50 48 54
41 50 54
5 4 56
25 24 56
6 5 57
5 56 57
24 23 57
56 24 57
36 43 58
44 45 58
45 55 58
55 36 58
51 49 59
4 3 60
3 26 60
26 25 60
25 56 60
56 4 60
32 31 61
31 40 61
40 48 61
48 36 61
14 13 62
13 41 62
34 42 62
42 14 62
41 54 62
54 34 62
47 59 63
59 49 63
30 29 64
29 34 64
40 30 64
34 54 64
54 40 64
44 49 65
20 19 65
51 20 65
49 51 65
43 52 66
52 38 66
38 63 66
10 9 67
38 10 67
63 38 67
9 47 67
47 63 67
49 44 68
44 58 68
58 43 68
43 66 68
63 49 68
66 63 68
17 2 69
2 33 69
33 55 69
45 17 69
55 45 69
19 18 70
18 45 70
45 44 70
44 65 70
65 19 70
37 35 71
53 37 71
35 51 71
51 59 71
47 53 71
59 47 71
7 6 72
37 53 72
53 7 72
6 57 72
57 37 72
23 22 73
22 35 73
35 37 73
37 57 73
57 23 73
33 32 74
55 33 74
36 55 74
61 36 74
32 61 74
