36
1 0 0
0 1 0
0 0 1
0.0666666 0.933333 0
0.133333 0.866667 0
0.2 0.8 0
0.266667 0.733333 0
0.333333 0.666667 0
0.4 0.6 0
0.466667 0.533333 0
0.533333 0.466667 0
0.6 0.4 0
0.666667 0.333333 0
0.733333 0.266667 0
0.8 0.2 0
0.866667 0.133333 0
0.933333 0.0666667 0
0 0.0555555 0.944444
0 0.111111 0.888889
0 0.166667 0.833333
0 0.222222 0.777778
0 0.277778 0.722222
0 0.333333 0.666667
0 0.388889 0.611111
0 0.444444 0.555556
0 0.5 0.5
0 0.555556 0.444444
0 0.611111 0.388889
0 0.666667 0.333333
0 0.722222 0.277778
0 0.777778 0.222222
0 0.833333 0.166667
0 0.888889 0.111111
0 0.944444 0.0555556
0.666667 0 0.333333
0.333333 0 0.666667


0 16 19
16 15 20
19 16 20
15 14 21
20 15 21
14 13 22
21 14 22
13 12 23
22 13 23
12 11 24
23 12 24
11 10 25
24 11 25
10 9 26
25 10 26
9 8 27
26 9 27
8 7 28
27 8 28
7 6 29
28 7 29
6 5 30
29 6 30
5 4 31
30 5 31
4 3 32
31 4 32
3 1 33
32 3 33
0 19 34
19 18 34
17 2 35
18 17 35
34 18 35
