120
1 0 0
0 1 0
0 0 1
0.0666666 0.933333 0
0.133333 0.866667 0
0.2 0.8 0
0.266667 0.733333 0
0.333333 0.666667 0
0.4 0.6 0
0.466667 0.533333 0
0.533333 0.466667 0
0.6 0.4 0
0.666667 0.333333 0
0.733333 0.266667 0
0.8 0.2 0
0.866667 0.133333 0
0.933333 0.0666667 0
0 0.0526316 0.947368
0 0.105263 0.894737
0 0.157895 0.842105
0 0.210526 0.789474
0 0.263158 0.736842
0 0.315789 0.684211
0 0.368421 0.631579
0 0.421053 0.578947
0 0.473684 0.526316
0 0.526316 0.473684
0 0.578947 0.421053
0 0.631579 0.368421
0 0.684211 0.315789
0 0.736842 0.263158
0 0.789474 0.210526
0 0.842105 0.157895
0 0.894737 0.105263
0 0.947369 0.0526316
0.909091 0 0.0909091
0.818182 0 0.181818
0.727273 0 0.272727
0.636364 0 0.363636
0.545455 0 0.454545
0.454545 0 0.545455
0.363636 0 0.636364
0.272727 0 0.727273
0.181818 0 0.818182
0.090909 0 0.909091
0.639868 0.115795 0.244337
0.110667 0.496632 0.3927
0.299983 0.126296 0.573721
0.158728 0.599881 0.241391
0.505056 0.402281 0.0926633
0.792822 0.0634197 0.143758
0.4212 0.0616317 0.517168
0.662873 0.267332 0.0697951
0.734617 0.182998 0.0823853
0.729661 0.127652 0.142687
0.402621 0.255881 0.341498
0.632257 0.0630483 0.304695
0.171584 0.242895 0.585521
0.279282 0.635877 0.0848413
0.321826 0.516935 0.161239
0.408344 0.123621 0.468036
0.195577 0.335231 0.469192
0.518104 0.22421 0.257686
0.147764 0.539215 0.313021
0.106138 0.405736 0.488126
0.573822 0.346135 0.0800434
0.8901 0.0477477 0.0621527
0.540201 0.0729623 0.386837
0.172771 0.184811 0.642417
0.23647 0.260715 0.502815
0.339222 0.0583868 0.602392
0.598067 0.241152 0.160781
0.278949 0.486101 0.23495
0.0842103 0.366245 0.549545
0.121169 0.137978 0.740853
0.574054 0.171056 0.25489
0.163167 0.770292 0.0665407
0.639957 0.178697 0.181345
0.0893032 0.837652 0.0730451
0.209214 0.406698 0.384089
0.421312 0.342702 0.235986
0.108217 0.307823 0.58396
0.410951 0.509211 0.0798379
0.152621 0.690536 0.156843
0.506092 0.128494 0.365414
0.466471 0.285031 0.248498
0.371617 0.203151 0.425231
0.229645 0.11479 0.655565
0.452142 0.380884 0.166973
0.492103 0.179629 0.328268
0.0589483 0.894664 0.0463879
0.144306 0.065472 0.790222
0.0822858 0.256356 0.661358
0.329178 0.409675 0.261147
0.212328 0.467174 0.320497
0.324114 0.334707 0.341179
0.244052 0.0603939 0.695555
0.278219 0.189915 0.531866
0.224178 0.703716 0.0721069
0.115444 0.747231 0.137325
0.0902396 0.672517 0.237244
0.82415 0.106939 0.0689114
0.397496 0.452864 0.14964
0.3683 0.571236 0.060464
0.081488 0.588255 0.330257
0.282808 0.575866 0.141326
0.537041 0.30872 0.154239
0.73017 0.0483197 0.221511
0.297939 0.281889 0.420171
0.0754548 0.206373 0.718172
0.0774924 0.049809 0.872699
0.495197 0.445613 0.0591904
0.0706421 0.114315 0.815043
0.0702049 0.798215 0.13158
0.510091 0.0514285 0.43848
0.0913904 0.458084 0.450526
0.0678376 0.634212 0.297951
0.0608976 0.734325 0.204778
0.228675 0.549478 0.221847
0.195037 0.634709 0.170254


3 1 34
17 2 44
27 26 46
36 35 50
40 39 51
14 13 52
13 12 52
15 14 53
14 52 53
45 50 54
38 37 56
8 7 58
47 51 60
27 46 63
25 24 64
12 11 65
11 49 65
52 12 65
0 16 66
35 0 66
50 35 66
38 56 67
41 40 70
40 51 70
51 47 70
53 52 71
24 23 73
61 64 73
64 24 73
20 19 74
6 5 76
54 53 77
53 71 77
45 54 77
75 45 77
71 62 77
62 75 77
5 4 78
33 32 78
76 5 78
64 61 79
23 22 81
73 23 81
57 69 81
69 61 81
61 73 81
10 9 82
56 45 84
67 56 84
60 67 84
55 62 85
62 71 85
60 84 86
47 68 87
68 74 87
70 47 87
65 49 88
62 55 89
75 62 89
45 75 89
84 45 89
55 86 89
86 84 89
4 3 90
3 34 90
34 33 90
33 78 90
78 4 90
43 42 91
22 21 92
68 57 92
57 81 92
81 22 92
80 88 93
63 46 94
72 63 94
93 72 94
46 79 94
79 93 94
79 61 95
55 85 95
85 80 95
80 93 95
93 79 95
42 41 96
41 70 96
70 87 96
91 42 96
87 74 96
74 91 96
47 60 97
57 68 97
68 47 97
60 86 97
69 57 97
86 69 97
7 6 98
58 7 98
83 58 98
6 76 98
83 98 99
98 76 99
30 29 100
15 53 101
53 54 101
16 15 101
66 16 101
54 50 101
50 66 101
59 72 102
82 59 102
88 49 102
72 93 102
93 88 102
9 8 103
82 9 103
8 58 103
28 27 104
27 63 104
63 48 104
103 58 105
59 82 105
82 103 105
52 65 106
71 52 106
80 85 106
85 71 106
65 88 106
88 80 106
37 36 107
56 37 107
36 50 107
50 45 107
45 56 107
61 69 108
69 86 108
86 55 108
55 95 108
95 61 108
21 20 109
20 74 109
74 68 109
68 92 109
92 21 109
18 17 110
17 44 110
44 43 110
43 91 110
11 10 111
49 11 111
10 82 111
82 102 111
102 49 111
19 18 112
74 19 112
91 74 112
18 110 112
110 91 112
76 78 113
78 32 113
32 31 113
31 99 113
99 76 113
39 38 114
38 67 114
51 39 114
60 51 114
67 60 114
26 25 115
46 26 115
25 64 115
64 79 115
79 46 115
29 28 116
48 100 116
100 29 116
28 104 116
104 48 116
31 30 117
99 31 117
83 99 117
30 100 117
100 83 117
72 59 118
48 63 118
63 72 118
59 105 118
105 48 118
58 83 119
105 58 119
83 100 119
100 48 119
48 105 119
