111
1 0 0
0 1 0
0 0 1
0.0666667 0.933333 0
0.133333 0.866667 0
0.2 0.8 0
0.266667 0.733333 0
0.333333 0.666667 0
0.4 0.6 0
0.466667 0.533333 0
0.533333 0.466667 0
0.6 0.4 0
0.666667 0.333333 0
0.733333 0.266667 0
0.8 0.2 0
0.866667 0.133333 0
0.933333 0.0666667 0
0 0.0588235 0.941176
0 0.117647 0.882353
0 0.176471 0.823529
0 0.235294 0.764706
0 0.294118 0.705882
0 0.352941 0.647059
0 0.411765 0.588235
0 0.470588 0.529412
0 0.529412 0.470588
0 0.588235 0.411765
0 0.647059 0.352941
0 0.705882 0.294118
0 0.764706 0.235294
0 0.823529 0.176471
0 0.882353 0.117647
0 0.941176 0.0588235
0.9 0 0.1
0.8 0 0.2
0.7 0 0.3
0.6 0 0.4
0.5 0 0.5
0.4 0 0.6
0.3 0 0.7
0.2 0 0.8
0.1 0 0.9
0.635856 0.110985 0.253159
0.101055 0.473537 0.425409
0.278477 0.126202 0.595321
0.166599 0.622418 0.210983
0.486846 0.40485 0.108304
0.779491 0.0615465 0.158962
0.419547 0.0644551 0.515998
0.660736 0.265285 0.0739787
0.736582 0.182054 0.0813641
0.731576 0.124847 0.143577
0.378143 0.256146 0.36571
0.668098 0.0495368 0.282365
0.174629 0.255315 0.570056
0.279375 0.625859 0.0947665
0.317454 0.522007 0.160539
0.398946 0.133026 0.468028
0.189432 0.330125 0.480443
0.488639 0.229494 0.281867
0.192227 0.542841 0.264932
0.104081 0.409386 0.486533
0.566082 0.344056 0.0898619
0.888988 0.0456358 0.0653757
0.537309 0.0756773 0.387014
0.167489 0.191521 0.64099
0.19121 0.683362 0.125428
0.325748 0.0529859 0.621266
0.587668 0.235784 0.176548
0.137968 0.138248 0.723783
0.557862 0.176095 0.266043
0.163031 0.772746 0.0642231
0.26971 0.253611 0.47668
0.652224 0.172617 0.175158
0.0887463 0.83009 0.081164
0.201152 0.403878 0.39497
0.447865 0.348862 0.203272
0.0904984 0.308159 0.601343
0.0925284 0.699502 0.20797
0.0944692 0.760531 0.145
0.512246 0.130069 0.357684
0.291923 0.470928 0.237149
0.0584715 0.89125 0.0502783
0.152916 0.0712662 0.775818
0.0796646 0.250584 0.669752
0.373863 0.402743 0.223394
0.186706 0.477337 0.335957
0.322628 0.342799 0.334572
0.271423 0.190833 0.537745
0.41994 0.508829 0.0712314
0.517123 0.035765 0.447112
0.227549 0.0907835 0.681667
0.447745 0.184746 0.367509
0.0771025 0.364102 0.558795
0.0844914 0.596366 0.319143
0.408175 0.459955 0.131869
0.361259 0.565266 0.0734752
0.0720954 0.652671 0.275233
0.242162 0.0414573 0.716381
0.826131 0.104667 0.0692019
0.260479 0.576617 0.162904
0.205799 0.719281 0.0749195
0.0890718 0.53774 0.373188
0.0734547 0.196871 0.729674
0.0827742 0.0559401 0.861286
0.288408 0.297484 0.414108
0.354901 0.201224 0.443875
0.451488 0.288125 0.260387
0.0702211 0.11322 0.816559
0.275838 0.416736 0.307426
0.541153 0.29856 0.160287


3 1 32
17 2 41
25 24 43
11 10 46
34 33 47
38 37 48
14 13 49
13 12 49
15 14 50
14 49 50
42 47 51
36 35 53
35 34 53
34 47 53
47 42 53
8 7 55
44 48 57
24 23 61
43 24 61
12 11 62
11 46 62
49 12 62
0 16 63
33 0 63
47 33 63
53 42 64
57 48 64
36 53 64
55 7 66
45 55 66
39 38 67
38 48 67
48 44 67
50 49 68
44 65 69
68 59 70
6 5 71
58 54 72
51 50 73
50 68 73
42 51 73
70 42 73
68 70 73
5 4 74
71 5 74
31 30 74
43 61 75
61 58 75
62 46 76
22 21 77
54 58 77
29 28 78
45 66 78
30 29 79
71 74 79
74 30 79
78 66 79
29 78 79
57 64 80
64 42 80
42 70 80
56 60 81
4 3 82
3 32 82
32 31 82
31 74 82
74 4 82
21 20 84
65 54 84
54 77 84
77 21 84
76 46 85
81 60 86
43 75 86
75 58 87
76 85 87
44 57 88
54 65 88
72 54 88
65 44 88
10 9 89
37 36 90
36 64 90
48 37 90
64 48 90
67 44 91
44 69 91
69 83 91
57 80 92
59 52 92
70 59 92
80 70 92
58 61 93
61 23 93
23 22 93
22 77 93
77 58 93
27 26 94
60 45 94
56 81 95
81 85 95
85 46 95
46 10 95
10 89 95
89 56 95
9 8 96
89 9 96
8 55 96
56 89 96
28 27 97
45 78 97
78 28 97
27 94 97
94 45 97
40 39 98
83 40 98
39 67 98
67 91 98
91 83 98
15 50 99
50 51 99
16 15 99
63 16 99
51 47 99
47 63 99
55 45 100
45 60 100
60 56 100
56 96 100
96 55 100
7 6 101
66 7 101
6 71 101
71 79 101
79 66 101
26 25 102
25 43 102
43 86 102
94 26 102
86 60 102
60 94 102
20 19 103
19 69 103
69 65 103
65 84 103
84 20 103
18 17 104
17 41 104
41 40 104
40 83 104
58 72 105
72 52 105
52 87 105
87 58 105
52 72 106
92 52 106
72 88 106
88 57 106
57 92 106
59 68 107
52 59 107
87 52 107
76 87 107
19 18 108
69 19 108
83 69 108
18 104 108
104 83 108
86 75 109
85 81 109
81 86 109
75 87 109
87 85 109
49 62 110
68 49 110
62 76 110
76 107 110
107 68 110
