75
1 0 0
0 1 0
0 0 1
0.0666667 0.933333 0
0.133333 0.866667 0
0.2 0.8 0
0.266667 0.733333 0
0.333333 0.666667 0
0.4 0.6 0
0.466667 0.533333 0
0.533333 0.466667 0
0.6 0.4 0
0.666667 0.333333 0
0.733333 0.266667 0
0.8 0.2 0
0.866667 0.133333 0
0.933333 0.0666667 0
0 0.0833333 0.916667
0 0.166667 0.833333
0 0.25 0.75
0 0.333333 0.666667
0 0.416667 0.583333
0 0.5 0.5
0 0.583333 0.416667
0 0.666667 0.333333
0 0.75 0.25
0 0.833333 0.166667
0 0.916667 0.0833333
0.857143 0 0.142857
0.714286 0 0.285714
0.571429 0 0.428571
0.428571 0 0.571429
0.285714 0 0.714286
0.142857 0 0.857143
0.635389 0.12217 0.242442
0.102401 0.481846 0.415753
0.294741 0.151772 0.553487
0.188055 0.615017 0.196928
0.472434 0.399303 0.128263
0.79905 0.0641305 0.13682
0.422513 0.0694708 0.508016
0.388977 0.249427 0.361596
0.173068 0.249869 0.577063
0.328609 0.514357 0.157033
0.201639 0.335142 0.46322
0.606956 0.253745 0.139298
0.131256 0.394586 0.474158
0.187155 0.679851 0.132995
0.526004 0.315229 0.158766
0.744954 0.130311 0.124735
0.134496 0.15545 0.710054
0.54467 0.15565 0.29968
0.465338 0.214578 0.320084
0.291183 0.591465 0.117352
0.0922962 0.785995 0.121709
0.0850997 0.708572 0.206328
0.681277 0.195379 0.123344
0.140458 0.0728705 0.786671
0.313856 0.403935 0.282209
0.407815 0.335318 0.256867
0.280725 0.0673302 0.651945
0.218244 0.465781 0.315975
0.295215 0.299707 0.405077
0.42071 0.465995 0.113295
0.406221 0.132246 0.461533
0.669925 0.0601478 0.269927
0.25902 0.21426 0.526721
0.539834 0.0662544 0.393912
0.0914816 0.300421 0.608098
0.0785239 0.220455 0.701021
0.0501172 0.883165 0.0667181
0.199179 0.54161 0.259211
0.0865895 0.560013 0.353397
0.168506 0.743553 0.0879408
0.0805233 0.634517 0.28496


3 1 27
0 16 28
22 21 35
11 10 38
16 15 39
28 16 39
29 28 39
32 31 40
9 8 43
13 12 45
21 20 46
35 21 46
7 6 47
37 7 47
12 11 48
11 38 48
45 12 48
15 14 49
39 15 49
18 17 50
45 48 52
48 41 52
41 36 52
51 45 52
8 7 53
7 37 53
43 8 53
5 4 54
4 26 54
26 25 54
25 24 55
54 25 55
14 13 56
13 45 56
34 49 56
49 14 56
45 51 56
51 34 56
17 2 57
2 33 57
50 17 57
36 50 57
46 44 58
41 48 59
48 38 59
38 58 59
32 40 60
33 32 60
57 33 60
36 57 60
35 46 61
46 58 61
58 43 61
41 59 62
44 42 62
58 44 62
59 58 62
10 9 63
9 43 63
43 58 63
38 10 63
58 38 63
52 36 64
40 51 64
51 52 64
36 60 64
60 40 64
30 29 65
29 39 65
39 49 65
49 34 65
36 41 66
42 50 66
50 36 66
41 62 66
62 42 66
31 30 67
40 31 67
34 51 67
51 40 67
30 65 67
65 34 67
20 19 68
42 44 68
44 46 68
46 20 68
19 18 69
18 50 69
50 42 69
42 68 69
68 19 69
4 3 70
3 27 70
26 4 70
27 26 70
53 37 71
43 53 71
61 43 71
35 61 71
23 22 72
22 35 72
35 71 72
71 37 72
6 5 73
47 6 73
55 47 73
5 54 73
54 55 73
24 23 74
37 47 74
47 55 74
55 24 74
23 72 74
72 37 74
