123
1 0 0
0 1 0
0 0 1
0.0666666 0.933333 0
0.133333 0.866667 0
0.2 0.8 0
0.266667 0.733333 0
0.333333 0.666667 0
0.4 0.6 0
0.466667 0.533333 0
0.533333 0.466667 0
0.6 0.4 0
0.666667 0.333333 0
0.733333 0.266667 0
0.8 0.2 0
0.866667 0.133333 0
0.933333 0.0666667 0
0 0.0666667 0.933333
0 0.133333 0.866667
0 0.2 0.8
0 0.266667 0.733333
0 0.333333 0.666667
0 0.4 0.6
0 0.466667 0.533333
0 0.533333 0.466667
0 0.6 0.4
0 0.666667 0.333333
0 0.733333 0.266667
0 0.8 0.2
0 0.866667 0.133333
0 0.933333 0.0666667
0.923077 0 0.0769231
0.846154 0 0.153846
0.769231 0 0.230769
0.692308 0 0.307692
0.615385 0 0.384615
0.538462 0 0.461538
0.461538 0 0.538462
0.384615 0 0.615385
0.307692 0 0.692308
0.230769 0 0.769231
0.153846 0 0.846154
0.076923 0 0.923077
0.627027 0.108547 0.264425
0.0999479 0.503131 0.396921
0.299267 0.137911 0.562822
0.143933 0.621325 0.234742
0.489799 0.388951 0.12125
0.795018 0.0634478 0.141535
0.413449 0.0600839 0.526468
0.658825 0.260042 0.0811329
0.0513361 0.336613 0.612051
0.734799 0.192964 0.0722368
0.742602 0.128238 0.12916
0.387821 0.249659 0.36252
0.173169 0.260948 0.565884
0.27075 0.634193 0.0950568
0.0639943 0.137464 0.798541
0.688303 0.0482056 0.263492
0.318512 0.517192 0.164296
0.38874 0.124751 0.486509
0.195205 0.334133 0.470663
0.482157 0.240172 0.277671
0.159703 0.54535 0.294947
0.120052 0.395667 0.484281
0.329151 0.584012 0.0868369
0.58277 0.333759 0.0834708
0.868878 0.0611388 0.0699829
0.557163 0.0758651 0.366972
0.154393 0.194681 0.650926
0.248998 0.257648 0.493353
0.185937 0.676394 0.137668
0.32904 0.0674414 0.603519
0.57976 0.248317 0.171923
0.134381 0.136921 0.728698
0.562568 0.166277 0.271154
0.175692 0.761438 0.06287
0.657827 0.175308 0.166864
0.0942956 0.821919 0.0837856
0.235846 0.383132 0.381023
0.444154 0.346309 0.209537
0.399131 0.520435 0.0804337
0.260939 0.0496545 0.689407
0.093497 0.701374 0.205129
0.0509502 0.779483 0.169566
0.483133 0.136805 0.380062
0.472115 0.462348 0.0655364
0.228002 0.120686 0.651313
0.190805 0.468019 0.341177
0.314639 0.459583 0.225778
0.302525 0.29775 0.399725
0.517191 0.311948 0.170862
0.0989529 0.266582 0.634465
0.136884 0.0685223 0.794594
0.0572095 0.886152 0.0566384
0.360754 0.393464 0.245782
0.116379 0.330497 0.553124
0.809271 0.126652 0.0640768
0.245497 0.69681 0.0576931
0.326946 0.205338 0.467717
0.120382 0.748269 0.131349
0.314233 0.360618 0.325149
0.481824 0.0632807 0.454895
0.0678253 0.209929 0.722245
0.076929 0.590267 0.332804
0.401662 0.441989 0.156349
0.421582 0.187054 0.391364
0.627455 0.0481877 0.324358
0.0646729 0.659516 0.275811
0.389271 0.313855 0.296873
0.0697107 0.067865 0.862424
0.235008 0.581066 0.183926
0.0463605 0.552588 0.401051
0.06601 0.457605 0.476385
0.271208 0.428674 0.300119
0.54076 0.406922 0.0523182
0.193728 0.0746263 0.731646
0.156426 0.424496 0.419077
0.237322 0.193105 0.569573
0.71274 0.0876163 0.199643
0.0419729 0.282145 0.675883
0.241286 0.504635 0.254078
0.0571262 0.39774 0.545133


3 1 30
0 16 31
17 2 42
33 32 48
38 37 49
13 12 50
22 21 51
14 13 52
13 50 52
19 18 57
34 33 58
8 7 65
7 56 65
12 11 66
50 12 66
16 15 67
31 16 67
32 31 67
48 32 67
36 35 68
61 55 70
39 38 72
38 49 72
49 60 72
60 45 72
50 66 73
68 43 75
73 62 75
6 5 76
52 50 77
50 73 77
53 52 77
73 75 77
75 43 77
5 4 78
76 5 78
9 8 81
8 65 81
65 59 81
40 39 82
39 72 82
46 71 83
29 28 84
78 29 84
28 27 84
27 83 84
75 62 85
68 75 85
10 9 86
9 81 86
69 74 87
72 45 87
82 72 87
63 44 88
61 70 90
79 61 90
62 73 91
80 62 91
66 47 91
47 80 91
73 66 91
69 55 92
41 40 93
74 57 93
4 3 94
78 4 94
3 30 94
30 29 94
29 78 94
55 61 96
61 64 96
51 92 96
92 55 96
15 14 97
14 52 97
52 53 97
67 15 97
53 48 97
48 67 97
7 6 98
56 7 98
71 56 98
6 76 98
76 71 98
45 60 99
54 90 99
90 70 99
71 76 100
83 71 100
76 78 100
78 84 100
84 83 100
79 90 101
37 36 102
49 37 102
36 68 102
68 85 102
60 49 102
85 60 102
20 19 103
19 57 103
57 74 103
74 69 103
69 92 103
26 25 104
44 63 104
63 46 104
47 86 105
81 59 105
59 89 105
86 81 105
80 47 105
95 80 105
89 95 105
62 54 106
85 62 106
60 85 106
99 60 106
54 99 106
35 34 107
34 58 107
68 35 107
58 43 107
43 68 107
27 26 108
83 27 108
46 83 108
26 104 108
104 46 108
54 62 109
62 80 109
80 95 109
95 101 109
90 54 109
101 90 109
18 17 110
57 18 110
93 57 110
17 42 110
42 41 110
41 93 110
46 63 111
59 65 111
65 56 111
56 71 111
71 46 111
25 24 112
24 44 112
44 104 112
104 25 112
24 23 113
44 24 113
88 79 114
79 101 114
95 89 114
101 95 114
11 10 115
47 66 115
66 11 115
10 86 115
86 47 115
82 87 116
87 74 116
40 82 116
93 40 116
74 93 116
64 61 117
61 79 117
88 44 117
79 88 117
44 113 117
113 64 117
55 69 118
70 55 118
69 87 118
87 45 118
45 99 118
99 70 118
33 48 119
58 33 119
48 53 119
43 58 119
53 77 119
77 43 119
21 20 120
51 21 120
92 51 120
20 103 120
103 92 120
63 88 121
111 63 121
89 59 121
59 111 121
88 114 121
114 89 121
22 51 122
51 96 122
96 64 122
23 22 122
113 23 122
64 113 122
