48
1 0 0
0 1 0
0 0 1
0.0666666 0.933333 0
0.133333 0.866667 0
0.2 0.8 0
0.266667 0.733333 0
0.333333 0.666667 0
0.4 0.6 0
0.466667 0.533333 0
0.533333 0.466667 0
0.6 0.4 0
0.666667 0.333333 0
0.733333 0.266667 0
0.8 0.2 0
0.866667 0.133333 0
0.933333 0.0666667 0
0 0.0833334 0.916667
0 0.166667 0.833333
0 0.25 0.75
0 0.333333 0.666667
0 0.416667 0.583333
0 0.5 0.5
0 0.583333 0.416667
0 0.666667 0.333333
0 0.75 0.25
0 0.833333 0.166667
0 0.916667 0.0833333
0.75 0 0.25
0.5 0 0.5
0.25 0 0.75
0.580844 0.0921099 0.327046
0.267125 0.127538 0.605337
0.392309 0.256499 0.351192
0.196291 0.255051 0.548658
0.716912 0.0552042 0.227884
0.271558 0.359821 0.36862
0.229907 0.501323 0.268771
0.166564 0.411684 0.421752
0.147338 0.658779 0.193883
0.202155 0.575663 0.222182
0.547704 0.16615 0.286147
0.325343 0.0755011 0.599156
0.122448 0.737591 0.139961
0.200809 0.179874 0.619317
0.421521 0.326263 0.252216
0.342973 0.454541 0.202486
0.492644 0.224898 0.282458


5 4 26
25 5 26
3 1 27
4 3 27
26 4 27
0 16 28
15 14 31
30 29 31
17 2 32
19 18 34
16 15 35
28 16 35
29 28 35
15 31 35
31 29 35
11 10 36
20 19 36
19 34 36
9 8 37
22 21 37
20 36 38
21 20 38
37 21 38
7 6 39
6 24 39
23 7 39
24 23 39
8 7 40
7 23 40
23 22 40
22 37 40
37 8 40
14 13 41
31 14 41
2 30 42
32 2 42
30 31 42
31 41 42
41 32 42
6 5 43
5 25 43
24 6 43
25 24 43
18 17 44
17 32 44
33 34 44
34 18 44
12 11 45
33 12 45
34 33 45
11 36 45
36 34 45
36 10 46
38 36 46
10 9 46
9 37 46
37 38 46
13 12 47
12 33 47
32 41 47
41 13 47
33 44 47
44 32 47
