164
1 0 0
0 1 0
0 0 1
0.0666666 0.933333 0
0.133333 0.866667 0
0.2 0.8 0
0.266667 0.733333 0
0.333333 0.666667 0
0.4 0.6 0
0.466667 0.533333 0
0.533333 0.466667 0
0.6 0.4 0
0.666667 0.333333 0
0.733333 0.266667 0
0.8 0.2 0
0.866667 0.133333 0
0.933333 0.0666667 0
0 0.0625 0.9375
0 0.125 0.875
0 0.1875 0.8125
0 0.25 0.75
0 0.3125 0.6875
0 0.375 0.625
0 0.4375 0.5625
0 0.5 0.5
0 0.5625 0.4375
0 0.625 0.375
0 0.6875 0.3125
0 0.75 0.25
0 0.8125 0.1875
0 0.875 0.125
0 0.9375 0.0625
0.95 0 0.05
0.9 0 0.1
0.85 0 0.15
0.8 0 0.2
0.75 0 0.25
0.7 0 0.3
0.65 0 0.35
0.6 0 0.4
0.55 0 0.45
0.5 0 0.5
0.45 0 0.55
0.4 0 0.6
0.35 0 0.65
0.3 0 0.7
0.25 0 0.75
0.2 0 0.8
0.15 0 0.85
0.1 0 0.9
0.05 0 0.95
0.642538 0.102193 0.25527
0.100359 0.488217 0.411423
0.288491 0.129275 0.582234
0.155192 0.610578 0.234231
0.499897 0.406196 0.0939068
0.794926 0.0589127 0.146162
0.428759 0.0757505 0.49549
0.653779 0.278303 0.0679186
0.68101 0.12968 0.189309
0.76261 0.178057 0.0593326
0.738042 0.132112 0.129845
0.387136 0.258065 0.354799
0.177032 0.249069 0.5739
0.279097 0.640626 0.0802769
0.0495429 0.144073 0.806385
0.826198 0.133039 0.0407623
0.323211 0.520057 0.156732
0.0464361 0.624213 0.329351
0.187814 0.316164 0.496022
0.489838 0.238429 0.271733
0.286854 0.498789 0.214357
0.159419 0.540556 0.300025
0.11107 0.409554 0.479376
0.333318 0.577619 0.0890634
0.585533 0.323323 0.0911441
0.884543 0.0647902 0.0506668
0.550712 0.0661187 0.38317
0.150085 0.200788 0.649127
0.252556 0.252754 0.49469
0.204916 0.678863 0.116221
0.340349 0.0635177 0.596133
0.586031 0.259766 0.154203
0.0756564 0.375701 0.548643
0.0481178 0.339825 0.612057
0.524018 0.274861 0.201121
0.138819 0.136548 0.724633
0.567509 0.170672 0.261819
0.352443 0.239682 0.407875
0.160934 0.78181 0.0572562
0.452049 0.394221 0.15373
0.0888474 0.833516 0.0776369
0.233913 0.392569 0.373518
0.167761 0.405436 0.426803
0.0746061 0.784761 0.140633
0.436318 0.340278 0.223404
0.415828 0.496859 0.0873127
0.246477 0.0507582 0.702764
0.141426 0.687865 0.170709
0.348433 0.124521 0.527046
0.0804496 0.703207 0.216343
0.491191 0.128074 0.380735
0.233312 0.21581 0.550878
0.455484 0.20457 0.339947
0.531236 0.331964 0.136799
0.483057 0.468822 0.0481206
0.222469 0.159228 0.618303
0.703296 0.0587178 0.237987
0.492041 0.0678707 0.440088
0.0442585 0.250258 0.705483
0.60925 0.07014 0.32061
0.0777503 0.270899 0.651351
0.65066 0.214422 0.134918
0.428286 0.154594 0.41712
0.822256 0.08344 0.094304
0.127166 0.0807416 0.792093
0.352823 0.397345 0.249832
0.0438311 0.0560106 0.900158
0.279911 0.0722792 0.64781
0.311899 0.334309 0.353792
0.0494851 0.496135 0.45438
0.311391 0.224212 0.464397
0.413166 0.299686 0.287148
0.0990253 0.619672 0.281302
0.0791945 0.0701587 0.850647
0.237779 0.320531 0.44169
0.244369 0.706857 0.0487739
0.282283 0.421719 0.295998
0.214354 0.463769 0.321877
0.21347 0.598015 0.188515
0.747621 0.0624108 0.189968
0.19235 0.0634661 0.744184
0.554079 0.401746 0.0441752
0.0727423 0.174692 0.752565
0.0986786 0.555047 0.346274
0.0489411 0.441463 0.509595
0.114166 0.2925 0.593334
0.370666 0.436502 0.192832
0.705007 0.252638 0.0423552
0.158567 0.476141 0.365292
0.532619 0.143605 0.323776
0.223247 0.519061 0.257692
0.136993 0.329607 0.5334
0.202566 0.115821 0.681613
0.37003 0.588237 0.0417333
0.0428649 0.916683 0.040452
0.425025 0.538302 0.0366736
0.0975844 0.867489 0.0349264
0.04552 0.562022 0.392458
0.702768 0.204166 0.0930661
0.379952 0.485069 0.13498
0.349667 0.343724 0.306608
0.134858 0.751796 0.113345
0.608103 0.189006 0.202891
0.0434082 0.683147 0.273445
0.37903 0.156051 0.464919
0.0378328 0.780029 0.182138
0.61676 0.345503 0.0377368
0.097717 0.205651 0.696632
0.292985 0.181569 0.525446
0.390121 0.0557398 0.554139
0.28639 0.307169 0.406442
0.0381268 0.871855 0.0900177
0.27033 0.586534 0.143136


0 16 32
17 2 50
35 34 56
42 41 57
14 13 60
7 6 64
20 19 65
19 18 65
15 14 66
14 60 66
27 26 68
7 64 74
16 15 76
32 16 76
33 32 76
15 66 76
40 39 77
44 43 81
22 21 84
23 22 84
83 23 84
85 70 87
5 4 89
52 73 93
73 69 93
70 85 95
85 90 95
90 55 96
46 45 97
53 81 99
54 98 100
98 94 100
69 63 102
79 69 102
75 55 104
82 75 104
85 82 104
55 90 104
90 85 104
10 9 105
96 55 105
63 78 106
53 102 106
102 63 106
37 36 107
51 37 107
59 51 107
41 40 108
57 41 108
40 77 108
77 101 108
21 20 109
38 37 110
37 51 110
39 38 110
77 39 110
51 87 110
84 21 111
21 109 111
59 61 112
58 75 112
75 82 112
62 88 113
101 103 113
103 62 113
57 108 113
108 101 113
60 61 114
61 56 114
56 34 114
66 60 114
34 33 114
33 76 114
76 66 114
48 47 115
18 17 117
17 50 117
50 49 117
45 44 118
44 81 118
81 53 118
97 45 118
53 106 118
88 62 119
25 24 120
73 52 120
70 95 122
103 70 122
62 103 122
95 116 122
72 54 123
54 100 123
49 48 124
48 115 124
115 65 124
117 49 124
65 18 124
18 117 124
69 79 125
93 69 125
92 93 125
79 121 125
6 5 126
5 89 126
64 6 126
80 64 126
89 80 126
92 119 127
116 71 127
92 127 128
80 98 129
98 54 129
35 56 130
56 61 130
61 59 130
36 35 130
107 36 130
59 107 130
47 46 131
46 97 131
86 115 131
115 47 131
11 10 132
55 75 132
10 105 132
105 55 132
20 65 133
109 20 133
65 115 133
115 86 133
72 123 134
123 68 134
24 23 135
23 83 135
120 24 135
83 73 135
73 120 135
83 84 136
78 63 136
111 78 136
84 111 136
67 71 137
71 116 137
95 90 137
116 95 137
13 12 138
12 58 138
60 13 138
93 92 139
92 128 139
128 72 139
72 134 139
52 93 139
134 52 139
101 77 140
87 70 140
70 103 140
103 101 140
77 110 140
110 87 140
127 71 141
128 127 141
71 129 141
54 72 141
129 54 141
72 128 141
63 69 142
69 73 142
73 83 142
83 136 142
136 63 142
78 86 143
106 78 143
97 118 143
118 106 143
86 131 143
131 97 143
8 7 144
7 74 144
74 96 144
3 1 145
1 31 145
9 8 146
96 105 146
105 9 146
8 144 146
144 96 146
4 3 147
89 4 147
91 89 147
3 145 147
145 91 147
26 25 148
25 120 148
120 52 148
52 134 148
68 26 148
134 68 148
61 60 149
60 138 149
58 112 149
138 58 149
112 61 149
74 67 150
96 74 150
90 96 150
137 90 150
67 137 150
122 116 151
119 62 151
62 122 151
116 127 151
127 119 151
89 91 152
91 94 152
80 89 152
98 80 152
94 98 152
51 59 153
87 51 153
82 85 153
85 87 153
59 112 153
112 82 153
28 27 154
27 68 154
68 123 154
100 28 154
123 100 154
113 88 155
88 121 155
99 57 155
121 99 155
57 113 155
30 29 156
94 30 156
29 28 156
28 100 156
100 94 156
12 11 157
58 12 157
75 58 157
11 132 157
132 75 157
86 78 158
78 111 158
111 109 158
109 133 158
133 86 158
53 99 159
79 102 159
102 53 159
99 121 159
121 79 159
43 42 160
42 57 160
57 99 160
81 43 160
99 81 160
88 119 161
121 88 161
125 121 161
119 92 161
92 125 161
30 94 162
94 91 162
31 30 162
145 31 162
91 145 162
67 74 163
74 64 163
64 80 163
80 129 163
71 67 163
129 71 163
