74
1 0 0
0 1 0
0 0 1
0.0666667 0.933333 0
0.133333 0.866667 0
0.2 0.8 0
0.266667 0.733333 0
0.333333 0.666667 0
0.4 0.6 0
0.466667 0.533333 0
0.533333 0.466667 0
0.6 0.4 0
0.666667 0.333333 0
0.733333 0.266667 0
0.8 0.2 0
0.866667 0.133333 0
0.933333 0.0666667 0
0 0.0526316 0.947368
0 0.105263 0.894737
0 0.157895 0.842105
0 0.210526 0.789474
0 0.263158 0.736842
0 0.315789 0.68421
0 0.368421 0.631579
0 0.421053 0.578947
0 0.473684 0.526316
0 0.526316 0.473684
0 0.578947 0.421053
0 0.631579 0.368421
0 0.684211 0.315789
0 0.736842 0.263158
0 0.789474 0.210526
0 0.842105 0.157895
0 0.894737 0.105263
0 0.947368 0.0526316
0.833333 0 0.166667
0.666667 0 0.333333
0.5 0 0.5
0.333333 0 0.666667
0.166667 0 0.833333
0.64699 0.113713 0.239298
0.251878 0.138539 0.609583
0.201781 0.596402 0.201817
0.428574 0.0697521 0.501674
0.813589 0.0484373 0.137973
0.402489 0.266938 0.330573
0.623072 0.0644504 0.312478
0.204458 0.23666 0.558882
0.329225 0.522286 0.14849
0.203727 0.341355 0.454918
0.587484 0.262899 0.149617
0.42375 0.404792 0.171458
0.189888 0.669908 0.140204
0.513292 0.332835 0.153873
0.231182 0.496195 0.272623
0.697782 0.144311 0.157906
0.188586 0.0988575 0.712557
0.248897 0.391096 0.360007
0.317855 0.0450329 0.637112
0.435478 0.202181 0.362342
0.181223 0.197604 0.621172
0.411274 0.143193 0.445533
0.399372 0.31837 0.282258
0.19594 0.452763 0.351297
0.15328 0.0526373 0.794083
0.126613 0.780985 0.0924017
0.623084 0.203298 0.173619
0.147085 0.731572 0.121343
0.142607 0.566729 0.290664
0.0830489 0.849893 0.0670585
0.114137 0.152995 0.732868
0.193222 0.290115 0.516663
0.436389 0.454496 0.109115
0.269493 0.609832 0.120674


3 1 34
4 3 34
33 4 34
17 2 39
29 28 42
37 36 43
0 16 44
16 40 44
35 0 44
36 35 46
43 36 46
35 44 46
44 40 46
22 21 47
10 9 48
9 42 48
24 23 49
14 13 50
12 11 51
8 7 52
30 29 52
13 12 53
12 51 53
50 13 53
27 26 54
16 15 55
40 16 55
19 18 56
43 41 56
25 24 57
24 49 57
53 51 57
38 37 58
37 43 58
43 56 58
40 55 59
21 20 60
20 41 60
47 21 60
41 43 61
43 46 61
60 41 61
46 40 61
40 59 61
59 47 61
47 60 61
49 45 62
45 50 62
57 49 62
50 53 62
53 57 62
26 25 63
51 54 63
54 26 63
25 57 63
57 51 63
18 17 64
17 39 64
39 38 64
38 58 64
56 18 64
58 56 64
6 5 65
5 32 65
32 31 65
15 14 66
55 15 66
14 50 66
50 45 66
45 59 66
59 55 66
7 6 67
31 30 67
30 52 67
52 7 67
6 65 67
65 31 67
28 27 68
42 28 68
48 42 68
27 54 68
54 48 68
5 4 69
4 33 69
32 5 69
33 32 69
20 19 70
41 20 70
19 56 70
56 41 70
22 47 71
23 22 71
49 23 71
45 49 71
47 59 71
59 45 71
11 10 72
10 48 72
48 54 72
51 11 72
54 51 72
9 8 73
42 9 73
29 42 73
52 29 73
8 52 73
