155
1 0 0
0 1 0
0 0 1
0.0666666 0.933333 0
0.133333 0.866667 0
0.2 0.8 0
0.266667 0.733333 0
0.333333 0.666667 0
0.4 0.6 0
0.466667 0.533333 0
0.533333 0.466667 0
0.6 0.4 0
0.666667 0.333333 0
0.733333 0.266667 0
0.8 0.2 0
0.866667 0.133333 0
0.933333 0.0666667 0
0 0.0555556 0.944444
0 0.111111 0.888889
0 0.166667 0.833333
0 0.222222 0.777778
0 0.277778 0.722222
0 0.333333 0.666667
0 0.388889 0.611111
0 0.444444 0.555556
0 0.5 0.5
0 0.555556 0.444444
0 0.611111 0.388889
0 0.666667 0.333333
0 0.722222 0.277778
0 0.777778 0.222222
0 0.833333 0.166667
0 0.888889 0.111111
0 0.944444 0.0555556
0.9375 0 0.0625
0.875 0 0.125
0.8125 0 0.1875
0.75 0 0.25
0.6875 0 0.3125
0.625 0 0.375
0.5625 0 0.4375
0.5 0 0.5
0.4375 0 0.5625
0.375 0 0.625
0.3125 0 0.6875
0.25 0 0.75
0.1875 0 0.8125
0.125 0 0.875
0.0625 0 0.9375
0.63759 0.106371 0.256039
0.107136 0.487945 0.404919
0.282051 0.125888 0.592061
0.163881 0.609162 0.226957
0.487497 0.409266 0.103238
0.799847 0.0584524 0.141701
0.424668 0.0634302 0.511902
0.653247 0.281195 0.0655582
0.0517778 0.329383 0.61884
0.666055 0.134831 0.199114
0.766252 0.163203 0.0705455
0.739388 0.12667 0.133942
0.405113 0.251586 0.343301
0.173035 0.244251 0.582715
0.271932 0.635054 0.0930136
0.0634141 0.146956 0.78963
0.818718 0.14268 0.0386016
0.686445 0.0470262 0.266528
0.312255 0.532902 0.154844
0.93176 0.0348894 0.0333511
0.378142 0.141258 0.4806
0.181994 0.348374 0.469631
0.481262 0.235268 0.28347
0.157236 0.550627 0.292137
0.109073 0.42085 0.470078
0.329526 0.573326 0.0971479
0.570967 0.334939 0.0940939
0.559253 0.0628608 0.377887
0.146184 0.192773 0.661043
0.242676 0.255883 0.501442
0.204186 0.677179 0.118635
0.358199 0.0553765 0.586424
0.592625 0.253929 0.153446
0.290527 0.485426 0.224046
0.0827924 0.372831 0.544376
0.13261 0.136208 0.731182
0.572012 0.184944 0.243045
0.340087 0.261514 0.398399
0.163693 0.779632 0.0566753
0.0781179 0.838177 0.0837047
0.228772 0.388703 0.382525
0.16227 0.422025 0.415705
0.0860066 0.790922 0.123071
0.431206 0.345965 0.222829
0.402519 0.492073 0.105408
0.253509 0.0477094 0.698781
0.142995 0.682858 0.174147
0.850084 0.0798317 0.070084
0.0749786 0.69066 0.234361
0.493513 0.12276 0.383727
0.245193 0.199081 0.555727
0.472871 0.476379 0.0507499
0.6471 0.184394 0.168507
0.216314 0.117015 0.666671
0.235167 0.611061 0.153771
0.179541 0.47817 0.342289
0.497901 0.0596463 0.442453
0.488298 0.182441 0.329261
0.623837 0.0587034 0.31746
0.0590276 0.891579 0.0493938
0.50989 0.332908 0.157202
0.0976743 0.259054 0.643272
0.130485 0.0698412 0.799674
0.353645 0.412993 0.233362
0.0495715 0.0521146 0.898314
0.428128 0.409256 0.162616
0.318912 0.333078 0.34801
0.684887 0.207486 0.107627
0.0533785 0.493313 0.453309
0.323136 0.220048 0.456816
0.414586 0.29974 0.285674
0.727867 0.0676858 0.204447
0.106119 0.614087 0.279794
0.24512 0.697832 0.0570481
0.507359 0.270865 0.221776
0.0628256 0.0889922 0.848182
0.0680827 0.212241 0.719676
0.0490247 0.643408 0.307567
0.0916971 0.562641 0.345662
0.051542 0.44306 0.505398
0.110096 0.304751 0.585154
0.0689752 0.754248 0.176777
0.54556 0.406862 0.0475771
0.410008 0.185806 0.404186
0.307315 0.171467 0.521218
0.265452 0.307484 0.427064
0.441083 0.114124 0.444793
0.561735 0.12211 0.316155
0.194311 0.0717001 0.733989
0.270371 0.429123 0.300507
0.240895 0.557255 0.201849
0.402698 0.551677 0.0456254
0.611298 0.350482 0.0382198
0.331549 0.624123 0.044328
0.217724 0.519182 0.263094
0.361904 0.464258 0.173838
0.162511 0.305013 0.532476
0.297062 0.0591314 0.643807
0.050079 0.547033 0.402887
0.351546 0.363335 0.285119
0.350862 0.10412 0.545018
0.210804 0.177455 0.611741
0.148713 0.734538 0.116749
0.72542 0.227889 0.0466907
0.0443273 0.280692 0.67498
0.193656 0.0328957 0.773449


3 1 33
17 2 48
36 35 54
42 41 55
13 12 56
23 22 57
20 19 64
15 14 65
14 59 65
38 37 66
0 16 68
34 0 68
40 39 76
43 42 80
42 55 80
56 75 81
24 23 83
23 57 83
70 73 83
49 58 85
5 4 87
6 5 87
87 4 88
32 31 88
50 73 90
73 70 90
70 89 90
88 31 91
87 88 91
74 67 93
45 44 94
59 60 96
60 54 96
65 59 96
35 34 96
34 68 96
54 35 96
16 15 96
68 16 96
15 65 96
30 29 97
52 95 97
78 62 99
10 9 100
93 53 100
58 60 101
81 85 101
85 58 101
77 84 102
67 74 103
74 63 103
63 79 103
79 95 103
95 52 103
50 90 104
90 89 104
41 40 105
55 41 105
40 76 105
76 98 105
71 61 106
85 71 106
39 38 107
76 39 107
38 66 107
66 49 107
4 3 108
88 4 108
3 33 108
33 32 108
32 88 108
75 53 109
81 75 109
77 62 110
47 46 111
84 64 111
18 17 113
17 48 113
48 47 113
92 109 114
109 53 114
112 92 114
53 93 114
86 61 115
56 81 116
81 101 116
60 59 116
101 60 116
26 25 117
73 50 117
61 71 119
115 61 119
37 36 120
36 54 120
54 60 120
60 58 120
58 49 120
49 66 120
66 37 120
72 52 121
52 97 121
7 6 122
79 63 122
6 87 122
71 85 123
85 81 123
81 109 123
109 92 123
92 119 123
119 71 123
19 18 124
64 19 124
111 64 124
47 111 124
113 47 124
18 113 124
21 20 125
20 64 125
64 84 125
84 77 125
77 110 125
29 28 126
97 29 126
28 27 126
121 97 126
50 104 127
104 72 127
126 27 127
72 121 127
121 126 127
25 24 128
24 83 128
83 73 128
73 117 128
117 25 128
83 57 129
57 110 129
110 62 129
31 30 130
91 31 130
30 97 130
97 95 130
11 10 131
53 75 131
10 100 131
100 53 131
61 86 132
98 106 132
106 61 132
118 69 132
86 118 132
99 51 133
78 99 133
118 78 133
69 118 133
70 78 134
89 70 134
86 115 134
115 89 134
78 118 134
118 86 134
69 55 135
55 105 135
105 98 135
98 132 135
132 69 135
49 85 136
85 106 136
107 49 136
98 76 136
76 107 136
106 98 136
94 102 137
102 84 137
45 94 137
84 111 137
112 82 138
104 89 138
89 115 138
82 67 139
67 103 139
103 52 139
9 8 140
74 93 140
93 100 140
100 9 140
12 11 141
56 12 141
75 56 141
11 131 141
131 75 141
8 7 142
63 74 142
7 122 142
122 63 142
74 140 142
140 8 142
138 82 143
72 104 143
104 138 143
52 72 143
139 52 143
82 139 143
67 82 144
93 67 144
114 93 144
82 112 144
112 114 144
62 78 145
129 62 145
78 70 145
70 83 145
83 129 145
44 43 146
43 80 146
94 44 146
80 51 146
51 102 146
102 94 146
26 117 147
117 50 147
27 26 147
127 27 147
50 127 147
92 112 148
119 92 148
115 119 148
112 138 148
138 115 148
55 69 149
80 55 149
51 80 149
133 51 149
69 133 149
62 77 150
99 62 150
51 99 150
77 102 150
102 51 150
87 91 151
95 79 151
79 122 151
122 87 151
91 130 151
130 95 151
14 13 152
59 14 152
13 56 152
56 116 152
116 59 152
22 21 153
57 22 153
110 57 153
21 125 153
125 110 153
46 45 154
45 137 154
111 46 154
137 111 154
