165
1 0 0
0 1 0
0 0 1
0.0666667 0.933333 0
0.133333 0.866667 0
0.2 0.8 0
0.266667 0.733333 0
0.333333 0.666667 0
0.4 0.6 0
0.466667 0.533333 0
0.533333 0.466667 0
0.6 0.4 0
0.666667 0.333333 0
0.733333 0.266667 0
0.8 0.2 0
0.866667 0.133333 0
0.933333 0.0666667 0
0 0.0555555 0.944444
0 0.111111 0.888889
0 0.166667 0.833333
0 0.222222 0.777778
0 0.277778 0.722222
0 0.333333 0.666667
0 0.388889 0.611111
0 0.444444 0.555556
0 0.5 0.5
0 0.555556 0.444444
0 0.611111 0.388889
0 0.666667 0.333333
0 0.722222 0.277778
0 0.777778 0.222222
0 0.833333 0.166667
0 0.888889 0.111111
0 0.944444 0.0555556
0.941176 0 0.0588235
0.882353 0 0.117647
0.823529 0 0.176471
0.764706 0 0.235294
0.705882 0 0.294118
0.647059 0 0.352941
0.588235 0 0.411765
0.529412 0 0.470588
0.470588 0 0.529412
0.411765 0 0.588235
0.352941 0 0.647059
0.294118 0 0.705882
0.235294 0 0.764706
0.176471 0 0.823529
0.117647 0 0.882353
0.0588235 0 0.941176
0.638636 0.102631 0.258733
0.107399 0.484911 0.40769
0.280323 0.128347 0.59133
0.154199 0.62069 0.225112
0.479827 0.416537 0.103636
0.806431 0.0600505 0.133519
0.4265 0.0683113 0.505189
0.657859 0.283966 0.0581748
0.049741 0.336354 0.613905
0.664409 0.135763 0.199828
0.75929 0.17265 0.0680605
0.730813 0.131215 0.137972
0.402994 0.252625 0.344381
0.16899 0.250878 0.580132
0.274693 0.623539 0.101768
0.0618415 0.147716 0.790443
0.824142 0.136382 0.0394756
0.687954 0.0461884 0.265858
0.309275 0.53892 0.151806
0.375506 0.14338 0.481114
0.188106 0.340959 0.470935
0.475545 0.246988 0.277467
0.284202 0.488353 0.227445
0.165362 0.549769 0.284869
0.112568 0.410364 0.477068
0.341885 0.570568 0.0875472
0.570769 0.341634 0.0875968
0.87603 0.0641111 0.0598586
0.55762 0.0668411 0.375539
0.15414 0.186962 0.658898
0.23843 0.259353 0.502217
0.200206 0.688757 0.111037
0.336373 0.0569247 0.606702
0.576357 0.244519 0.179124
0.0693776 0.378509 0.552114
0.118949 0.14662 0.734431
0.571686 0.183326 0.244989
0.335259 0.265418 0.399323
0.160866 0.773794 0.0653403
0.0850198 0.83907 0.0759106
0.23591 0.394464 0.369626
0.17266 0.409315 0.418025
0.0841749 0.783834 0.131991
0.441075 0.332089 0.226836
0.401232 0.504745 0.094023
0.272653 0.0664126 0.660935
0.131746 0.697573 0.170681
0.0734407 0.693894 0.232666
0.225309 0.0465188 0.728172
0.490331 0.128385 0.381284
0.242979 0.202388 0.554633
0.0957732 0.209573 0.694654
0.473201 0.477505 0.0492944
0.643298 0.192261 0.164441
0.219492 0.618874 0.161634
0.180711 0.474703 0.344586
0.499024 0.0640567 0.436919
0.486077 0.184641 0.329281
0.562357 0.121069 0.316575
0.801253 0.110565 0.088182
0.730689 0.0674103 0.201901
0.0591232 0.891861 0.0490162
0.517887 0.327426 0.154687
0.092115 0.267422 0.640463
0.438122 0.121314 0.440564
0.143888 0.0715182 0.784593
0.332173 0.419213 0.248614
0.0518222 0.0513432 0.896835
0.4332 0.400996 0.165804
0.318224 0.333951 0.347824
0.687912 0.208966 0.103122
0.0535983 0.492597 0.453805
0.318676 0.223299 0.458025
0.401493 0.303241 0.295265
0.101955 0.612724 0.285321
0.252312 0.694234 0.0534542
0.0555394 0.760963 0.183498
0.623915 0.0525346 0.323551
0.516634 0.266231 0.217135
0.0586011 0.0975218 0.843877
0.221492 0.13243 0.646078
0.0482218 0.659631 0.292147
0.105594 0.548395 0.346011
0.0508968 0.442803 0.506301
0.107032 0.309079 0.583889
0.545375 0.408053 0.0465722
0.307183 0.17093 0.521887
0.404208 0.190851 0.404942
0.25554 0.319073 0.425387
0.149517 0.322866 0.527617
0.273923 0.425802 0.300275
0.350426 0.457271 0.192303
0.0499514 0.210393 0.739656
0.404352 0.553046 0.0426019
0.225944 0.557532 0.216523
0.611797 0.351451 0.0367526
0.0483743 0.552516 0.39911
0.331881 0.623397 0.044722
0.943656 0.0291613 0.0271822
0.725332 0.229868 0.0447996
0.22695 0.49946 0.27359
0.0466162 0.264297 0.689087
0.188218 0.10486 0.706922
0.359078 0.0910589 0.549863
0.141596 0.738757 0.119648
0.392736 0.469187 0.138077
0.0485932 0.607829 0.343578
0.208116 0.186108 0.605776
0.479133 0.0354833 0.485384
0.107617 0.0434623 0.848921
0.355853 0.363299 0.280848
0.0377319 0.839605 0.122663
0.609966 0.26817 0.121864
0.389568 0.393395 0.217037
0.217866 0.751767 0.0303668


3 1 33
17 2 49
36 35 55
43 42 56
13 12 57
23 22 58
20 19 65
15 14 66
14 60 66
38 37 67
64 68 75
16 15 77
15 66 77
35 34 77
55 35 77
40 39 78
44 43 82
24 23 84
23 58 84
50 59 86
5 4 88
88 4 89
51 74 91
74 70 91
88 89 92
75 68 94
45 44 95
44 82 95
82 52 95
30 29 97
53 96 97
46 45 98
45 95 98
80 63 100
85 79 101
10 9 102
94 54 102
59 61 103
83 86 103
86 59 103
68 64 104
64 81 104
81 96 104
96 53 104
51 91 105
91 90 105
41 40 106
40 78 106
78 99 106
71 62 107
86 71 107
50 86 108
86 107 108
99 78 108
107 99 108
60 61 109
61 55 109
66 60 109
55 77 109
77 66 109
37 36 110
36 55 110
55 61 110
61 59 110
67 37 110
59 50 110
50 67 110
4 3 111
89 4 111
3 33 111
33 32 111
32 89 111
76 54 112
58 22 113
79 63 113
101 79 113
69 56 114
106 99 114
85 65 115
47 46 115
46 98 115
18 17 117
17 49 117
49 48 117
93 112 118
112 54 118
87 62 119
61 60 120
103 61 120
26 25 121
74 51 121
62 71 123
71 93 123
119 62 123
73 53 124
53 97 124
7 6 125
81 64 125
88 81 125
31 30 126
92 31 126
96 92 126
30 97 126
97 96 126
39 38 127
38 67 127
67 50 127
50 108 127
78 39 127
108 78 127
71 86 128
86 83 128
93 71 128
83 112 128
112 93 128
19 18 129
65 19 129
18 117 129
115 65 129
95 52 130
29 28 131
97 29 131
124 97 131
51 105 132
105 73 132
73 124 132
25 24 133
24 84 133
84 74 133
74 121 133
121 25 133
84 58 134
58 113 134
113 63 134
11 10 135
54 76 135
10 102 135
102 54 135
100 52 136
80 100 136
122 80 136
69 122 136
99 107 137
107 62 137
62 87 137
114 99 137
69 114 137
122 69 137
87 122 137
70 80 138
90 91 138
91 70 138
87 119 138
119 90 138
80 122 138
122 87 138
63 80 139
80 70 139
70 74 139
74 84 139
134 63 139
84 134 139
116 72 140
105 90 140
90 119 140
68 72 141
72 116 141
20 65 142
65 85 142
21 20 142
85 101 142
9 8 143
75 94 143
94 102 143
102 9 143
53 73 144
104 53 144
72 68 144
68 104 144
12 11 145
57 12 145
76 57 145
11 135 145
135 76 145
26 121 146
121 51 146
27 26 146
51 132 146
8 7 147
64 75 147
7 125 147
125 64 147
75 143 147
143 8 147
0 16 148
34 0 148
16 77 148
77 34 148
14 13 149
60 14 149
13 57 149
57 120 149
120 60 149
140 72 150
73 105 150
105 140 150
72 144 150
144 73 150
22 21 151
113 22 151
101 113 151
21 142 151
142 101 151
85 115 152
115 98 152
79 85 152
130 79 152
98 95 152
95 130 152
43 56 153
82 43 153
56 69 153
69 136 153
52 82 153
136 52 153
81 88 154
88 92 154
92 96 154
96 81 154
54 94 155
118 54 155
94 68 155
68 141 155
141 118 155
124 131 156
131 28 156
28 27 156
132 124 156
27 146 156
146 132 156
63 79 157
100 63 157
52 100 157
130 52 157
79 130 157
42 41 158
56 42 158
41 106 158
106 114 158
114 56 158
48 47 159
47 115 159
115 129 159
117 48 159
129 117 159
123 93 160
119 123 160
116 140 160
140 119 160
32 31 161
31 92 161
89 32 161
92 89 161
57 76 162
76 112 162
112 83 162
120 57 162
83 103 162
103 120 162
93 118 163
118 141 163
141 116 163
116 160 163
160 93 163
6 5 164
5 88 164
88 125 164
125 6 164
