97
1 0 0
0 1 0
0 0 1
0.0666667 0.933333 0
0.133333 0.866667 0
0.2 0.8 0
0.266667 0.733333 0
0.333333 0.666667 0
0.4 0.6 0
0.466667 0.533333 0
0.533333 0.466667 0
0.6 0.4 0
0.666667 0.333333 0
0.733333 0.266667 0
0.8 0.2 0
0.866667 0.133333 0
0.933333 0.0666667 0
0 0.0714286 0.928571
0 0.142857 0.857143
0 0.214286 0.785714
0 0.285714 0.714286
0 0.357143 0.642857
0 0.428571 0.571428
0 0.5 0.5
0 0.571429 0.428571
0 0.642857 0.357143
0 0.714286 0.285714
0 0.785714 0.214286
0 0.857143 0.142857
0 0.928571 0.0714286
0.888889 0 0.111111
0.777778 0 0.222222
0.666667 0 0.333333
0.555556 0 0.444444
0.444444 0 0.555556
0.333333 0 0.666667
0.222222 0 0.777778
0.111111 0 0.888889
0.621252 0.115556 0.263192
0.0855837 0.496073 0.418344
0.260166 0.137294 0.602539
0.165445 0.618633 0.215922
0.488332 0.402094 0.109574
0.805389 0.0521112 0.1425
0.453353 0.0632553 0.483392
0.640703 0.276452 0.0828457
0.735315 0.120079 0.144606
0.378181 0.258231 0.363589
0.17879 0.254078 0.567132
0.278629 0.625313 0.0960581
0.693521 0.0563675 0.250111
0.326895 0.51813 0.154976
0.377997 0.128799 0.493204
0.196643 0.32796 0.475397
0.486012 0.243357 0.270631
0.187191 0.53059 0.282219
0.119572 0.40234 0.478088
0.346741 0.568896 0.0843628
0.563537 0.34061 0.0958539
0.571907 0.0611467 0.366946
0.167446 0.19199 0.640564
0.203771 0.685148 0.111081
0.147803 0.13061 0.721586
0.55003 0.176826 0.273144
0.540024 0.287645 0.172331
0.272345 0.267258 0.460397
0.65256 0.17232 0.17512
0.0768145 0.844094 0.0790917
0.24376 0.394047 0.362193
0.444283 0.327896 0.227821
0.0926644 0.320534 0.586801
0.250856 0.0409847 0.70816
0.084774 0.690076 0.22515
0.497848 0.122997 0.379155
0.29185 0.461653 0.246497
0.147601 0.0587893 0.79361
0.0796816 0.244068 0.67625
0.132629 0.758322 0.109049
0.367837 0.400699 0.231464
0.710969 0.204308 0.0847234
0.598931 0.230168 0.170901
0.317094 0.330326 0.35258
0.0670703 0.103486 0.829444
0.419065 0.467413 0.113521
0.335574 0.0657846 0.598641
0.0833536 0.593325 0.323322
0.429617 0.187405 0.382978
0.18366 0.456179 0.360161
0.0701927 0.174004 0.755804
0.0617741 0.042013 0.896213
0.903573 0.0362965 0.06013
0.296914 0.198684 0.504402
0.224089 0.0902578 0.685653
0.843567 0.0905077 0.0659251
0.250145 0.571848 0.178007
0.790946 0.149431 0.0596234
0.0537874 0.379719 0.566493


3 1 29
23 22 39
24 23 39
11 10 42
31 30 43
34 33 44
13 12 45
8 7 49
32 31 50
31 43 50
43 46 50
46 38 50
39 22 56
9 8 57
51 9 57
8 49 57
12 11 58
11 42 58
45 12 58
44 33 59
33 32 59
32 50 59
50 38 59
7 6 61
49 7 61
41 49 61
40 60 62
45 58 64
53 48 65
38 46 66
63 38 66
5 4 67
28 27 67
4 3 67
3 29 67
29 28 67
56 53 68
47 54 69
54 64 69
58 42 69
64 58 69
21 20 70
48 53 70
53 56 70
36 35 71
26 25 72
27 26 72
41 61 72
59 38 73
38 63 73
52 44 73
44 59 73
51 55 74
37 36 75
36 71 75
20 19 76
60 48 76
48 70 76
70 20 76
6 5 77
61 6 77
5 67 77
67 27 77
27 72 77
72 61 77
74 68 78
69 42 78
14 13 79
13 45 79
66 46 79
54 63 80
64 54 80
45 64 80
63 66 80
66 79 80
79 45 80
53 65 81
68 53 81
65 47 81
47 69 81
69 78 81
78 68 81
18 17 82
75 62 82
10 9 83
9 51 83
42 10 83
78 42 83
51 74 83
74 78 83
35 34 84
34 44 84
44 52 84
71 35 84
52 40 84
25 24 85
24 39 85
39 55 85
55 41 85
41 72 85
72 25 85
52 73 86
54 47 86
63 54 86
73 63 86
39 56 87
56 68 87
55 39 87
74 55 87
68 74 87
19 18 88
62 60 88
60 76 88
76 19 88
18 82 88
82 62 88
17 2 89
2 37 89
37 75 89
75 82 89
82 17 89
0 16 90
30 0 90
43 30 90
40 52 91
48 60 91
65 48 91
60 40 91
47 65 91
86 47 91
52 86 91
40 62 92
62 75 92
75 71 92
71 84 92
84 40 92
16 15 93
46 43 93
43 90 93
90 16 93
49 41 94
41 55 94
57 49 94
55 51 94
51 57 94
15 14 95
14 79 95
79 46 95
46 93 95
93 15 95
22 21 96
56 22 96
21 70 96
70 56 96
