133
1 0 0
0 1 0
0 0 1
0.0666667 0.933333 0
0.133333 0.866667 0
0.2 0.8 0
0.266667 0.733333 0
0.333333 0.666667 0
0.4 0.6 0
0.466667 0.533333 0
0.533333 0.466667 0
0.6 0.4 0
0.666667 0.333333 0
0.733333 0.266667 0
0.8 0.2 0
0.866667 0.133333 0
0.933333 0.0666667 0
0 0.0833334 0.916667
0 0.166667 0.833333
0 0.25 0.75
0 0.333333 0.666667
0 0.416667 0.583333
0 0.5 0.5
0 0.583333 0.416667
0 0.666667 0.333333
0 0.75 0.25
0 0.833333 0.166667
0 0.916667 0.0833333
0.944444 0 0.0555556
0.888889 0 0.111111
0.833333 0 0.166667
0.777778 0 0.222222
0.722222 0 0.277778
0.666667 0 0.333333
0.611111 0 0.388889
0.555556 0 0.444444
0.5 0 0.5
0.444444 0 0.555556
0.388889 0 0.611111
0.333333 0 0.666667
0.277778 0 0.722222
0.222222 0 0.777778
0.166667 0 0.833333
0.111111 0 0.888889
0.0555556 0 0.944444
0.630094 0.116031 0.253875
0.105503 0.505111 0.389386
0.283077 0.143253 0.57367
0.152012 0.616026 0.231962
0.48485 0.389774 0.125376
0.795884 0.0769158 0.1272
0.423995 0.0719326 0.504072
0.650374 0.281531 0.068095
0.0441498 0.332208 0.623642
0.676641 0.133734 0.189625
0.761071 0.169703 0.069226
0.740893 0.109056 0.150051
0.392894 0.244223 0.362884
0.153007 0.275309 0.571684
0.269242 0.614888 0.115869
0.0432783 0.147646 0.809075
0.319797 0.517513 0.16269
0.18975 0.32982 0.48043
0.487007 0.249254 0.263739
0.274016 0.518772 0.207212
0.157681 0.529888 0.312432
0.120182 0.39933 0.480488
0.343315 0.573376 0.0833087
0.580848 0.326705 0.0924472
0.547382 0.0696568 0.382961
0.157034 0.182919 0.660047
0.25592 0.264166 0.479914
0.200737 0.682582 0.116681
0.826604 0.119296 0.0540993
0.61148 0.224535 0.163985
0.0711578 0.379751 0.549092
0.52917 0.299599 0.171231
0.129303 0.148148 0.722549
0.56325 0.187345 0.249405
0.339412 0.260708 0.39988
0.160234 0.771172 0.0685932
0.0888703 0.835289 0.0758412
0.231525 0.375458 0.393016
0.45102 0.346273 0.202707
0.395798 0.513754 0.0904482
0.431719 0.431917 0.136364
0.264987 0.0740536 0.66096
0.134132 0.71282 0.153048
0.355044 0.113067 0.531889
0.0717721 0.709776 0.218452
0.490476 0.127787 0.381737
0.453858 0.210894 0.335249
0.0434592 0.261971 0.69457
0.888641 0.0592048 0.0521545
0.0970189 0.254241 0.64874
0.436038 0.144966 0.418996
0.333981 0.422814 0.243205
0.724469 0.0588437 0.216687
0.0538405 0.490261 0.455898
0.102051 0.598965 0.298984
0.0874807 0.0829262 0.829593
0.164608 0.437794 0.397598
0.275434 0.423703 0.300863
0.333723 0.0636075 0.602669
0.21224 0.608961 0.178799
0.404427 0.323069 0.272505
0.195412 0.0757779 0.728811
0.847562 0.0526045 0.0998337
0.0466991 0.66034 0.292961
0.378655 0.445066 0.176279
0.212118 0.156712 0.631169
0.525501 0.410666 0.0638337
0.230673 0.714697 0.0546303
0.33985 0.336234 0.323916
0.287704 0.322328 0.389969
0.0528161 0.579554 0.36763
0.690319 0.203774 0.105907
0.492087 0.0635849 0.444328
0.056379 0.807474 0.136146
0.211684 0.460736 0.32758
0.594665 0.0851404 0.320195
0.0351277 0.912894 0.0519779
0.45225 0.486063 0.0616865
0.681835 0.0567809 0.261384
0.31092 0.214546 0.474535
0.0485145 0.0723745 0.879111
0.376794 0.173982 0.449224
0.13171 0.0708265 0.797464
0.525261 0.154094 0.320645
0.218411 0.526448 0.255141
0.0764549 0.172116 0.751429
0.291553 0.662787 0.0456605
0.221771 0.224916 0.553313


0 16 28
17 2 44
31 30 50
37 36 51
38 37 51
13 12 52
12 11 52
21 20 53
14 13 55
31 50 56
50 55 56
19 18 60
61 59 64
58 62 66
8 7 67
59 61 67
52 11 68
35 34 69
15 14 73
14 55 73
55 50 73
45 54 74
52 68 74
22 21 75
21 53 75
58 66 75
74 68 76
76 63 78
45 74 78
74 76 78
5 4 80
4 3 81
80 4 81
62 71 82
63 76 83
76 49 83
8 67 84
83 49 85
40 39 86
72 80 87
80 81 87
38 51 88
26 25 89
48 87 89
20 19 92
53 20 92
16 15 93
28 16 93
29 28 93
15 73 93
70 58 94
58 75 94
75 53 94
53 92 94
77 70 94
90 91 95
91 57 95
61 64 96
32 31 97
31 56 97
56 54 97
23 22 98
66 46 98
22 75 98
75 66 98
46 65 99
65 48 99
48 89 99
46 66 101
66 62 101
62 82 101
65 46 101
96 64 102
47 86 103
86 39 103
39 38 103
38 88 103
88 47 103
64 59 104
59 72 104
72 87 104
87 48 104
63 83 105
91 63 105
57 91 105
42 41 106
70 77 106
41 40 106
40 86 106
30 29 107
50 30 107
73 50 107
29 93 107
93 73 107
25 24 108
89 25 108
99 89 108
67 61 109
84 67 109
85 84 109
83 85 109
61 96 109
96 105 109
105 83 109
58 70 110
86 47 110
70 106 110
106 86 110
10 9 111
11 10 111
68 11 111
49 76 111
76 68 111
6 5 112
72 59 112
5 80 112
80 72 112
79 57 113
96 102 113
57 105 113
105 96 113
82 71 114
102 82 114
79 113 114
113 102 114
23 98 115
98 46 115
24 23 115
108 24 115
46 99 115
99 108 115
13 52 116
55 13 116
54 56 116
56 55 116
52 74 116
74 54 116
36 35 117
35 69 117
69 90 117
51 36 117
95 51 117
90 95 117
27 26 118
26 89 118
87 81 118
89 87 118
65 101 119
101 82 119
82 102 119
34 33 120
33 45 120
69 34 120
45 78 120
3 1 121
1 27 121
81 3 121
27 118 121
118 81 121
9 8 122
8 84 122
85 49 122
84 85 122
49 111 122
111 9 122
33 32 123
45 33 123
32 97 123
54 45 123
97 54 123
71 47 124
47 88 124
79 114 124
114 71 124
18 17 125
60 18 125
17 44 125
100 60 125
44 43 125
43 100 125
57 79 126
95 57 126
88 51 126
51 95 126
79 124 126
124 88 126
43 42 127
100 43 127
42 106 127
106 77 127
90 69 128
78 63 128
63 91 128
91 90 128
69 120 128
120 78 128
102 64 129
119 102 129
48 65 129
65 119 129
104 48 129
64 104 129
19 60 130
92 19 130
77 94 130
94 92 130
60 100 130
100 127 130
127 77 130
7 6 131
59 67 131
67 7 131
6 112 131
112 59 131
62 58 132
71 62 132
47 71 132
110 47 132
58 110 132
