63
1 0 0
0 1 0
0 0 1
0.0666666 0.933333 0
0.133333 0.866667 0
0.2 0.8 0
0.266667 0.733333 0
0.333333 0.666667 0
0.4 0.6 0
0.466667 0.533333 0
0.533333 0.466667 0
0.6 0.4 0
0.666667 0.333333 0
0.733333 0.266667 0
0.8 0.2 0
0.866667 0.133333 0
0.933333 0.0666667 0
0 0.0714286 0.928571
0 0.142857 0.857143
0 0.214286 0.785714
0 0.285714 0.714286
0 0.357143 0.642857
0 0.428571 0.571429
0 0.5 0.5
0 0.571429 0.428571
0 0.642857 0.357143
0 0.714286 0.285714
0 0.785714 0.214286
0 0.857143 0.142857
0 0.928571 0.0714286
0.8 0 0.2
0.6 0 0.4
0.4 0 0.6
0.2 0 0.8
0.633246 0.110321 0.256432
0.280633 0.118984 0.600383
0.180768 0.614231 0.205001
0.458471 0.406199 0.13533
0.773581 0.06904 0.157379
0.437859 0.0733091 0.488831
0.387687 0.266951 0.345361
0.177604 0.247178 0.575217
0.313229 0.526922 0.159848
0.198234 0.33072 0.471045
0.177025 0.547337 0.275638
0.134996 0.400715 0.464289
0.157294 0.683421 0.159285
0.595604 0.255113 0.149283
0.516907 0.332 0.151093
0.553812 0.188161 0.258027
0.329504 0.192791 0.477705
0.71815 0.156992 0.124858
0.181224 0.471137 0.34764
0.130638 0.0767779 0.792584
0.286276 0.409612 0.304112
0.6052 0.0439171 0.350883
0.120283 0.751246 0.128471
0.366681 0.349404 0.283915
0.143967 0.166332 0.689701
0.378604 0.469693 0.151703
0.446799 0.135616 0.417585
0.090281 0.812452 0.0972674
0.284578 0.0513945 0.664027


3 1 29
4 3 29
28 4 29
0 16 30
8 7 36
25 24 36
11 10 37
16 15 38
15 34 38
30 16 38
20 19 41
9 8 42
21 20 43
20 41 43
41 40 43
8 36 44
42 8 44
24 23 44
36 24 44
22 21 45
21 43 45
7 6 46
26 25 46
25 36 46
36 7 46
13 12 47
14 13 47
12 11 48
11 37 48
40 47 48
47 12 48
14 47 49
47 40 49
40 41 50
49 40 50
15 14 51
34 15 51
14 49 51
49 34 51
42 44 52
44 23 52
23 22 52
22 45 52
17 2 53
2 33 53
18 17 53
45 43 54
52 45 54
31 30 55
30 38 55
38 34 55
32 31 55
39 32 55
34 39 55
6 5 56
27 26 56
26 46 56
46 6 56
43 40 57
40 48 57
54 43 57
48 37 57
37 54 57
19 18 58
41 19 58
50 41 58
35 50 58
18 53 58
53 35 58
10 9 59
9 42 59
37 10 59
54 37 59
42 52 59
52 54 59
35 39 60
39 34 60
34 49 60
49 50 60
50 35 60
5 4 61
4 28 61
28 27 61
27 56 61
56 5 61
33 32 62
32 39 62
53 33 62
39 35 62
35 53 62
