94
1 0 0
0 1 0
0 0 1
0.0666666 0.933333 0
0.133333 0.866667 0
0.2 0.8 0
0.266667 0.733333 0
0.333333 0.666667 0
0.4 0.6 0
0.466667 0.533333 0
0.533333 0.466667 0
0.6 0.4 0
0.666667 0.333333 0
0.733333 0.266667 0
0.8 0.2 0
0.866667 0.133333 0
0.933333 0.0666667 0
0 0.0833333 0.916667
0 0.166667 0.833333
0 0.25 0.75
0 0.333333 0.666667
0 0.416667 0.583333
0 0.5 0.5
0 0.583333 0.416667
0 0.666667 0.333333
0 0.75 0.25
0 0.833333 0.166667
0 0.916667 0.0833333
0.9 0 0.1
0.8 0 0.2
0.7 0 0.3
0.6 0 0.4
0.5 0 0.5
0.4 0 0.6
0.3 0 0.7
0.2 0 0.8
0.1 0 0.9
0.640505 0.111793 0.247702
0.0935147 0.502637 0.403848
0.277603 0.145341 0.577056
0.165787 0.618545 0.215667
0.490411 0.393144 0.116445
0.809689 0.0663283 0.123982
0.435168 0.0662075 0.498624
0.654071 0.26358 0.082349
0.744587 0.132277 0.123135
0.377995 0.263022 0.358983
0.165886 0.252384 0.58173
0.275278 0.62495 0.0997717
0.31434 0.526425 0.159235
0.377817 0.130114 0.49207
0.196111 0.324688 0.479201
0.484383 0.233296 0.282321
0.154705 0.542653 0.302642
0.132782 0.402773 0.464445
0.582108 0.328575 0.0893171
0.546456 0.0746768 0.378868
0.265114 0.246488 0.488397
0.18777 0.68981 0.12242
0.132966 0.127748 0.739286
0.563697 0.164324 0.271979
0.652131 0.185065 0.162804
0.070425 0.848277 0.081298
0.238178 0.393114 0.368708
0.42448 0.330136 0.245383
0.0901502 0.306262 0.603588
0.392151 0.508838 0.0990117
0.0866744 0.6944 0.218926
0.4792 0.138053 0.382747
0.0908825 0.204993 0.704125
0.324696 0.066682 0.608622
0.719129 0.0585394 0.222332
0.35236 0.424244 0.223397
0.130951 0.771397 0.0976515
0.719218 0.206612 0.0741693
0.310655 0.331094 0.358251
0.0944175 0.0590419 0.846541
0.217342 0.470289 0.312368
0.209764 0.0741978 0.716038
0.578856 0.245925 0.175219
0.198947 0.745629 0.055424
0.336536 0.199989 0.463475
0.0777617 0.599824 0.322414
0.0563537 0.441356 0.50229
0.41929 0.191036 0.389674
0.0581099 0.129314 0.812577
0.19646 0.173275 0.630265
0.871806 0.0692828 0.0589113
0.233861 0.554559 0.211581
0.635693 0.0481215 0.316186
0.449269 0.463228 0.0875025
0.0564442 0.777402 0.166154
0.513489 0.307577 0.178933
0.0527784 0.376388 0.570833


3 1 27
0 16 28
23 22 38
11 10 41
29 28 42
33 32 43
13 12 44
15 14 45
42 15 45
8 7 48
7 6 48
8 48 49
12 11 55
44 12 55
11 41 55
32 31 56
43 32 56
51 47 57
40 48 58
48 6 58
56 37 60
37 45 61
60 37 61
4 3 62
3 27 62
27 26 62
54 51 63
46 52 64
20 19 65
47 51 65
51 54 65
9 8 66
8 49 66
25 24 67
40 58 67
50 43 68
43 56 68
56 60 68
60 52 68
19 18 69
47 65 69
65 19 69
34 33 70
33 43 70
43 50 70
50 39 70
30 29 71
29 42 71
45 37 71
42 45 71
64 41 72
66 49 72
5 4 73
4 62 73
67 58 73
14 13 74
45 14 74
61 45 74
13 44 74
44 61 74
51 57 75
63 51 75
57 46 75
46 64 75
64 72 75
72 63 75
17 2 76
2 36 76
36 35 76
53 38 77
38 54 77
54 63 77
63 72 77
72 49 77
35 34 78
34 70 78
70 39 78
59 76 78
76 35 78
44 55 79
52 60 79
60 61 79
61 44 79
6 5 80
58 6 80
5 73 80
73 58 80
39 50 81
57 39 81
46 57 81
24 23 82
23 38 82
38 53 82
53 40 82
40 67 82
67 24 82
22 21 83
38 22 83
54 38 83
52 46 84
46 81 84
50 68 84
81 50 84
68 52 84
18 17 85
59 69 85
69 18 85
17 76 85
76 59 85
39 57 86
57 47 86
47 69 86
69 59 86
59 78 86
78 39 86
16 15 87
15 42 87
28 16 87
42 28 87
48 40 88
40 53 88
49 48 88
53 77 88
77 49 88
37 56 89
56 31 89
31 30 89
30 71 89
71 37 89
10 9 90
9 66 90
41 10 90
66 72 90
72 41 90
26 25 91
62 26 91
73 62 91
25 67 91
67 73 91
64 52 92
55 41 92
41 64 92
52 79 92
79 55 92
21 20 93
20 65 93
65 54 93
54 83 93
83 21 93
