80
1 0 0
0 1 0
0 0 1
0.0666666 0.933333 0
0.133333 0.866667 0
0.2 0.8 0
0.266667 0.733333 0
0.333333 0.666667 0
0.4 0.6 0
0.466667 0.533333 0
0.533333 0.466667 0
0.6 0.4 0
0.666667 0.333333 0
0.733333 0.266667 0
0.8 0.2 0
0.866667 0.133333 0
0.933333 0.0666667 0
0 0.1 0.9
0 0.2 0.8
0 0.3 0.7
0 0.4 0.6
0 0.5 0.5
0 0.6 0.4
0 0.7 0.3
0 0.8 0.2
0 0.9 0.1
0.9 0 0.1
0.8 0 0.2
0.7 0 0.3
0.6 0 0.4
0.5 0 0.5
0.4 0 0.6
0.3 0 0.7
0.2 0 0.8
0.1 0 0.9
0.640708 0.125738 0.233555
0.094062 0.495714 0.410224
0.29602 0.156955 0.547026
0.151849 0.604141 0.24401
0.480353 0.425906 0.093741
0.806541 0.0587941 0.134665
0.435275 0.0688049 0.49592
0.646201 0.239766 0.114033
0.75087 0.126612 0.122518
0.379475 0.260014 0.360511
0.166595 0.232622 0.600784
0.269825 0.614744 0.115431
0.0566419 0.148994 0.794364
0.307227 0.521296 0.171477
0.180004 0.324398 0.495598
0.487819 0.231211 0.28097
0.127618 0.41427 0.458112
0.576065 0.296921 0.127013
0.542813 0.0795324 0.377654
0.262813 0.250596 0.486592
0.076027 0.335 0.588973
0.127965 0.131603 0.740432
0.569356 0.186652 0.243992
0.0852896 0.771107 0.143604
0.400828 0.488957 0.110215
0.138284 0.705063 0.156654
0.489003 0.138364 0.372633
0.238402 0.42368 0.337918
0.316071 0.0664769 0.617452
0.400349 0.378464 0.221187
0.710529 0.193716 0.0957552
0.301053 0.340683 0.358264
0.202499 0.0786285 0.718872
0.487429 0.33294 0.179631
0.0685083 0.661843 0.269649
0.19941 0.513725 0.286866
0.331551 0.433513 0.234935
0.0854631 0.241439 0.673098
0.399085 0.153588 0.447326
0.0650058 0.573271 0.361723
0.0617743 0.068272 0.869954
0.207923 0.688724 0.103354
0.693236 0.0603827 0.246382
0.0578943 0.856248 0.0858576
0.209591 0.168024 0.622386


3 1 25
0 16 26
21 20 36
11 10 39
10 9 39
16 15 40
26 16 40
27 26 40
28 27 40
31 30 41
13 12 42
15 14 43
40 15 43
8 7 46
7 6 46
18 17 47
8 46 48
36 20 51
12 11 52
42 12 52
30 29 53
29 35 53
41 30 53
37 44 54
49 45 54
20 19 55
51 20 55
49 51 55
42 52 57
52 50 57
35 42 57
53 35 57
5 4 58
24 23 58
9 8 59
8 48 59
39 9 59
5 58 60
57 50 61
41 53 61
53 57 61
51 49 62
33 32 63
32 31 63
31 41 63
39 59 64
13 42 65
42 35 65
14 13 65
43 14 65
35 43 65
49 54 66
62 49 66
54 44 66
44 64 66
34 33 67
56 34 67
33 63 67
63 37 67
11 39 68
52 11 68
50 52 68
44 50 68
64 44 68
39 64 68
23 22 69
38 60 69
58 23 69
60 58 69
46 38 70
48 46 70
38 36 70
62 48 70
36 51 70
51 62 70
59 48 71
48 62 71
62 66 71
64 59 71
66 64 71
18 47 72
19 18 72
55 19 72
45 49 72
49 55 72
47 56 72
56 45 72
41 61 73
44 37 73
50 44 73
61 50 73
37 63 73
63 41 73
22 21 74
21 36 74
36 38 74
38 69 74
69 22 74
17 2 75
2 34 75
34 56 75
47 17 75
56 47 75
38 46 76
46 6 76
6 5 76
5 60 76
60 38 76
29 28 77
35 29 77
43 35 77
28 40 77
40 43 77
4 3 78
3 25 78
25 24 78
24 58 78
58 4 78
37 54 79
54 45 79
67 37 79
45 56 79
56 67 79
