82
1 0 0
0 1 0
0 0 1
0.0666667 0.933333 0
0.133333 0.866667 0
0.2 0.8 0
0.266667 0.733333 0
0.333333 0.666667 0
0.4 0.6 0
0.466667 0.533333 0
0.533333 0.466667 0
0.6 0.4 0
0.666667 0.333333 0
0.733333 0.266667 0
0.8 0.2 0
0.866667 0.133333 0
0.933333 0.0666667 0
0 0.0526316 0.947368
0 0.105263 0.894737
0 0.157895 0.842105
0 0.210526 0.789474
0 0.263158 0.736842
0 0.315789 0.68421
0 0.368421 0.631579
0 0.421053 0.578947
0 0.473684 0.526316
0 0.526316 0.473684
0 0.578947 0.421053
0 0.631579 0.368421
0 0.68421 0.315789
0 0.736842 0.263158
0 0.789474 0.210526
0 0.842105 0.157895
0 0.894737 0.105263
0 0.947368 0.0526315
0.857143 0 0.142857
0.714286 0 0.285714
0.571429 0 0.428571
0.428571 0 0.571429
0.285714 0 0.714286
0.142857 0 0.857143
0.634674 0.113439 0.251887
0.301777 0.135886 0.562337
0.165216 0.601275 0.233508
0.485208 0.406466 0.108326
0.807969 0.0591707 0.13286
0.401554 0.0783982 0.520048
0.699391 0.185822 0.114787
0.748572 0.12348 0.127948
0.361107 0.264923 0.37397
0.66964 0.0585384 0.271822
0.159856 0.248201 0.591943
0.231908 0.63632 0.131772
0.330193 0.520758 0.149049
0.170638 0.3422 0.487162
0.632545 0.253614 0.113841
0.143976 0.542201 0.313823
0.146785 0.397777 0.455438
0.147074 0.195778 0.657149
0.58351 0.313191 0.103299
0.32703 0.0492541 0.623716
0.5195 0.249834 0.230665
0.176998 0.126767 0.696235
0.546513 0.180788 0.272699
0.125939 0.785587 0.0884736
0.447157 0.325869 0.226974
0.166587 0.295283 0.53813
0.152507 0.68697 0.160522
0.470288 0.127893 0.401819
0.247987 0.412086 0.339928
0.35083 0.216204 0.432966
0.302135 0.462282 0.235582
0.139927 0.0683808 0.791692
0.325707 0.331291 0.343002
0.294683 0.184196 0.521121
0.157153 0.730074 0.112773
0.439526 0.380847 0.179626
0.322294 0.574073 0.103633
0.135407 0.483498 0.381095
0.0911435 0.838437 0.0704193
0.556435 0.0536859 0.38988
0.441734 0.457286 0.100979


3 1 34
4 3 34
33 4 34
17 2 40
29 28 43
12 11 44
0 16 45
35 0 45
15 14 47
16 15 48
41 45 48
45 16 48
15 47 48
36 35 50
35 45 50
45 41 50
22 21 51
8 7 52
29 43 52
10 9 53
24 23 54
14 13 55
47 14 55
28 27 56
43 28 56
27 26 56
53 43 56
25 24 57
24 54 57
21 20 58
51 21 58
13 12 59
55 13 59
39 38 60
38 37 60
37 46 60
47 55 61
20 19 62
42 58 62
58 20 62
46 42 62
60 46 62
41 48 63
48 47 63
47 61 63
61 49 63
6 5 64
32 31 64
55 59 65
61 55 65
23 22 66
54 23 66
22 51 66
49 54 66
52 7 67
30 29 67
29 52 67
50 41 68
42 46 68
41 63 68
25 57 69
63 49 70
49 66 70
66 51 70
68 63 70
53 56 71
18 17 72
17 40 72
40 39 72
39 60 72
19 18 72
62 19 72
60 62 72
54 49 73
49 61 73
61 65 73
57 54 73
65 69 73
69 57 73
51 58 74
58 42 74
42 68 74
68 70 74
70 51 74
6 64 75
64 31 75
7 6 75
67 7 75
31 30 75
30 67 75
12 44 76
59 12 76
65 59 76
69 65 76
44 71 76
71 69 76
9 8 77
8 52 77
52 43 77
43 53 77
53 9 77
26 25 78
25 69 78
56 26 78
71 56 78
69 71 78
5 4 79
4 33 79
33 32 79
32 64 79
64 5 79
37 36 80
46 37 80
36 50 80
50 68 80
68 46 80
11 10 81
44 11 81
10 53 81
53 71 81
71 44 81
