117
1 0 0
0 1 0
0 0 1
0.0666666 0.933333 0
0.133333 0.866667 0
0.2 0.8 0
0.266667 0.733333 0
0.333333 0.666667 0
0.4 0.6 0
0.466667 0.533333 0
0.533333 0.466667 0
0.6 0.4 0
0.666667 0.333333 0
0.733333 0.266667 0
0.8 0.2 0
0.866667 0.133333 0
0.933333 0.0666667 0
0 0.0714286 0.928571
0 0.142857 0.857143
0 0.214286 0.785714
0 0.285714 0.714286
0 0.357143 0.642857
0 0.428571 0.571429
0 0.5 0.5
0 0.571429 0.428571
0 0.642857 0.357143
0 0.714286 0.285714
0 0.785714 0.214286
0 0.857143 0.142857
0 0.928571 0.0714286
0.923077 0 0.0769231
0.846154 0 0.153846
0.769231 0 0.230769
0.692308 0 0.307692
0.615385 0 0.384615
0.538462 0 0.461538
0.461538 0 0.538462
0.384615 0 0.615385
0.307692 0 0.692308
0.230769 0 0.769231
0.153846 0 0.846154
0.076923 0 0.923077
0.636764 0.114407 0.248829
0.113867 0.48584 0.400292
0.296197 0.137173 0.56663
0.139612 0.619656 0.240732
0.474391 0.393356 0.132253
0.792606 0.0611808 0.146214
0.418866 0.0676639 0.51347
0.658457 0.261058 0.0804842
0.734184 0.191621 0.0741947
0.727303 0.121841 0.150856
0.387468 0.250004 0.362528
0.165832 0.265521 0.568647
0.0439692 0.309684 0.646346
0.274116 0.62147 0.104414
0.0640088 0.139034 0.796957
0.309191 0.529454 0.161355
0.38079 0.128116 0.491094
0.190772 0.336607 0.472622
0.481589 0.239334 0.279077
0.164265 0.539469 0.296267
0.11806 0.405347 0.476593
0.340818 0.586046 0.0731362
0.579422 0.336099 0.0844792
0.868175 0.0611034 0.0707213
0.560401 0.077265 0.362334
0.152232 0.19404 0.653728
0.247231 0.2583 0.494469
0.185557 0.674436 0.140008
0.327006 0.0679605 0.605034
0.578832 0.249331 0.171836
0.130771 0.140144 0.729086
0.563259 0.167284 0.269457
0.172819 0.766717 0.060464
0.653287 0.184253 0.16246
0.0807311 0.840335 0.0789343
0.243764 0.387028 0.369207
0.448455 0.334034 0.217511
0.396166 0.523751 0.0800827
0.24751 0.0529233 0.699567
0.082785 0.705233 0.211982
0.0574333 0.784047 0.15852
0.477737 0.132334 0.389929
0.0855425 0.349052 0.565405
0.465258 0.465143 0.0695992
0.22156 0.115844 0.662595
0.709829 0.0593926 0.230779
0.295307 0.446933 0.25776
0.301546 0.299531 0.398923
0.122913 0.747824 0.129263
0.517086 0.312362 0.170552
0.0896157 0.263257 0.647127
0.153871 0.0719911 0.774138
0.381292 0.392923 0.225786
0.80653 0.125867 0.0676037
0.246681 0.69476 0.058559
0.325198 0.205543 0.46926
0.20419 0.465771 0.330038
0.3169 0.368743 0.314357
0.490531 0.0563195 0.453149
0.0678669 0.207484 0.724649
0.0615213 0.648625 0.289853
0.0787022 0.573865 0.347433
0.0579597 0.444353 0.497687
0.535045 0.410446 0.0545091
0.419508 0.187389 0.393103
0.635786 0.0530707 0.311144
0.0689859 0.0677526 0.863262
0.223277 0.582252 0.194471
0.38472 0.457894 0.157386
0.169207 0.420447 0.410347
0.0475831 0.517425 0.434992
0.388455 0.314279 0.297267
0.234363 0.192535 0.573102
0.0339858 0.0317699 0.934244
0.241137 0.511562 0.247301


3 1 29
0 16 30
32 31 47
37 36 48
13 12 49
14 13 50
13 49 50
21 20 54
19 18 56
8 7 63
7 55 63
55 57 63
12 11 64
49 12 64
16 15 65
30 16 65
31 30 65
47 31 65
35 34 66
59 53 68
38 37 70
37 48 70
48 58 70
58 44 70
49 64 71
66 42 73
71 60 73
5 4 74
6 5 74
50 49 75
51 50 75
42 51 75
49 71 75
71 73 75
73 42 75
4 3 76
3 29 76
29 28 76
74 4 76
9 8 79
8 63 79
63 57 79
39 38 80
38 70 80
27 26 81
45 69 81
28 27 82
76 28 82
27 81 82
58 48 83
66 73 83
73 60 83
22 21 84
21 54 84
53 59 84
59 62 84
10 9 85
9 79 85
67 72 86
70 44 86
80 70 86
33 32 87
51 42 87
32 47 87
47 51 87
59 68 89
77 59 89
69 74 90
81 69 90
74 76 90
76 82 90
82 81 90
60 71 91
78 60 91
64 46 91
46 78 91
71 64 91
54 20 92
67 53 92
53 84 92
84 54 92
40 39 93
72 56 93
39 80 93
80 86 93
86 72 93
78 46 94
15 14 95
14 50 95
51 47 95
50 51 95
47 65 95
65 15 95
7 6 96
55 7 96
69 55 96
6 74 96
74 69 96
44 58 97
52 89 97
89 68 97
61 43 98
77 88 98
88 77 99
94 88 99
77 89 99
36 35 100
48 36 100
83 48 100
35 66 100
66 83 100
19 56 101
56 72 101
20 19 101
92 20 101
72 67 101
67 92 101
26 25 102
81 26 102
45 81 102
43 61 103
25 24 103
102 25 103
61 45 103
45 102 103
23 22 104
62 43 104
22 84 104
84 62 104
11 10 105
46 64 105
64 11 105
10 85 105
85 46 105
58 83 106
60 52 106
83 60 106
52 97 106
97 58 106
34 33 107
66 34 107
42 66 107
33 87 107
87 42 107
18 17 108
56 18 108
41 40 108
40 93 108
93 56 108
57 55 109
45 61 109
55 69 109
69 45 109
46 85 110
94 46 110
85 79 110
79 57 110
57 88 110
88 94 110
62 59 111
59 77 111
43 62 111
98 43 111
77 98 111
24 23 112
43 103 112
103 24 112
23 104 112
104 43 112
52 60 113
60 78 113
78 94 113
94 99 113
89 52 113
99 89 113
53 67 114
68 53 114
67 86 114
86 44 114
44 97 114
97 68 114
17 2 115
2 41 115
41 108 115
108 17 115
61 98 116
98 88 116
109 61 116
88 57 116
57 109 116
