115
1 0 0
0 1 0
0 0 1
0.0666667 0.933333 0
0.133333 0.866667 0
0.2 0.8 0
0.266667 0.733333 0
0.333333 0.666667 0
0.4 0.6 0
0.466667 0.533333 0
0.533333 0.466667 0
0.6 0.4 0
0.666667 0.333333 0
0.733333 0.266667 0
0.8 0.2 0
0.866667 0.133333 0
0.933333 0.0666667 0
0 0.076923 0.923077
0 0.153846 0.846154
0 0.230769 0.769231
0 0.307692 0.692308
0 0.384615 0.615385
0 0.461538 0.538462
0 0.538462 0.461538
0 0.615385 0.384615
0 0.692308 0.307692
0 0.769231 0.230769
0 0.846154 0.153846
0 0.923077 0.0769231
0.923077 0 0.0769231
0.846154 0 0.153846
0.769231 0 0.230769
0.692308 0 0.307692
0.615385 0 0.384615
0.538462 0 0.461538
0.461538 0 0.538462
0.384615 0 0.615385
0.307692 0 0.692308
0.230769 0 0.769231
0.153846 0 0.846154
0.076923 0 0.923077
0.63772 0.1144 0.24788
0.114138 0.491021 0.394841
0.287618 0.13808 0.574302
0.141428 0.618066 0.240506
0.488916 0.391292 0.119792
0.792743 0.0612433 0.146013
0.419216 0.0686936 0.51209
0.658718 0.260636 0.080646
0.734429 0.191156 0.0744147
0.727526 0.121777 0.150697
0.388686 0.251032 0.360282
0.174564 0.254468 0.570967
0.272643 0.628644 0.0987123
0.317545 0.528467 0.153988
0.0581568 0.629864 0.311979
0.38032 0.129328 0.490352
0.198232 0.331298 0.47047
0.480269 0.24135 0.278382
0.162976 0.538438 0.298587
0.108773 0.399359 0.491868
0.341621 0.586221 0.072158
0.580734 0.335443 0.0838233
0.868011 0.0610717 0.0709169
0.560016 0.0781923 0.361792
0.145661 0.189318 0.665021
0.254584 0.239327 0.506089
0.188382 0.677693 0.133925
0.338114 0.0647858 0.597101
0.578769 0.248965 0.172266
0.0611287 0.333204 0.605667
0.126247 0.128982 0.744771
0.56357 0.167647 0.268783
0.165787 0.772246 0.0619665
0.653585 0.184054 0.162361
0.0784139 0.839896 0.0816901
0.244739 0.388214 0.367047
0.4433 0.348116 0.208584
0.399189 0.522055 0.0787561
0.254333 0.060664 0.685003
0.0812987 0.698457 0.220244
0.0545452 0.780252 0.165202
0.476587 0.134106 0.389307
0.20584 0.118097 0.676063
0.710101 0.0597753 0.230124
0.293639 0.456375 0.249986
0.302438 0.297995 0.399567
0.0452511 0.258797 0.695952
0.0468425 0.409323 0.543835
0.516978 0.31279 0.170232
0.100412 0.253583 0.646005
0.16166 0.0631177 0.775223
0.368882 0.393481 0.237637
0.806422 0.125648 0.0679301
0.33448 0.206008 0.459512
0.206739 0.475527 0.317735
0.31537 0.369227 0.315403
0.0716216 0.0845076 0.843871
0.0995678 0.569151 0.331281
0.537355 0.410595 0.0520499
0.419542 0.187797 0.392661
0.470245 0.464825 0.0649306
0.636268 0.0532058 0.310526
0.067075 0.182231 0.750694
0.230505 0.561227 0.208269
0.12661 0.31811 0.55528
0.397438 0.445869 0.156693
0.488532 0.0588375 0.452631
0.0522924 0.47777 0.469938
0.388234 0.314586 0.29718
0.117891 0.748436 0.133673
0.218326 0.185669 0.596005
0.0363895 0.0363829 0.927228
0.168766 0.421111 0.410123
0.0473032 0.556204 0.396493


3 1 28
0 16 29
31 30 46
36 35 47
13 12 48
14 13 49
13 48 49
7 6 53
25 24 55
8 7 61
7 53 61
53 54 61
12 11 62
48 12 62
16 15 63
29 16 63
30 29 63
46 30 63
34 33 64
57 52 66
53 6 67
37 36 68
36 47 68
47 56 68
56 43 68
48 62 69
21 20 70
64 41 72
69 58 72
5 4 73
6 5 73
67 6 73
41 50 74
49 48 74
50 49 74
48 69 74
69 72 74
72 41 74
4 3 75
3 28 75
28 27 75
73 4 75
9 8 78
8 61 78
61 54 78
38 37 79
37 68 79
68 43 79
26 25 80
25 55 80
55 44 80
44 67 80
27 26 81
75 27 81
26 80 81
56 47 82
64 72 82
72 58 82
79 43 83
65 71 83
32 31 84
50 41 84
31 46 84
46 50 84
57 66 86
76 57 86
20 19 87
70 20 87
22 21 88
21 70 88
70 60 88
58 69 89
77 58 89
62 45 89
45 77 89
69 62 89
65 52 90
70 87 90
39 38 91
83 71 91
38 79 91
79 83 91
15 14 93
14 49 93
49 50 93
50 46 93
46 63 93
63 15 93
43 56 94
66 43 94
51 86 94
86 66 94
59 42 95
76 85 95
85 76 96
92 85 96
76 86 96
18 17 97
91 71 97
40 39 97
39 91 97
44 55 98
59 44 98
42 59 98
11 10 99
45 62 99
62 11 99
56 82 100
58 51 100
82 58 100
51 94 100
94 56 100
10 9 101
9 78 101
45 99 101
99 10 101
33 32 102
41 64 102
64 33 102
32 84 102
84 41 102
19 18 103
87 19 103
71 65 103
65 90 103
90 87 103
18 97 103
97 71 103
44 59 104
54 53 104
53 67 104
67 44 104
59 95 104
85 54 104
95 85 104
52 57 105
57 60 105
60 70 105
70 90 105
90 52 105
77 45 106
92 77 106
78 54 106
54 85 106
85 92 106
101 78 106
45 101 106
35 34 107
47 35 107
82 47 107
34 64 107
64 82 107
23 22 108
22 88 108
60 42 108
88 60 108
51 58 109
58 77 109
77 92 109
86 51 109
96 86 109
92 96 109
67 73 110
80 67 110
73 75 110
75 81 110
81 80 110
43 66 111
66 52 111
83 43 111
52 65 111
65 83 111
17 2 112
2 40 112
40 97 112
97 17 112
42 60 113
60 57 113
57 76 113
76 95 113
95 42 113
24 23 114
42 98 114
55 24 114
98 55 114
23 108 114
108 42 114
