135
1 0 0
0 1 0
0 0 1
0.0666666 0.933333 0
0.133333 0.866667 0
0.2 0.8 0
0.266667 0.733333 0
0.333333 0.666667 0
0.4 0.6 0
0.466667 0.533333 0
0.533333 0.466667 0
0.6 0.4 0
0.666667 0.333333 0
0.733333 0.266667 0
0.8 0.2 0
0.866667 0.133333 0
0.933333 0.0666667 0
0 0.0588235 0.941177
0 0.117647 0.882353
0 0.176471 0.823529
0 0.235294 0.764706
0 0.294118 0.705882
0 0.352941 0.647059
0 0.411765 0.588235
0 0.470588 0.529412
0 0.529412 0.470588
0 0.588235 0.411765
0 0.647059 0.352941
0 0.705882 0.294118
0 0.764706 0.235294
0 0.823529 0.176471
0 0.882353 0.117647
0 0.941176 0.0588235
0.923077 0 0.0769231
0.846154 0 0.153846
0.769231 0 0.230769
0.692308 0 0.307692
0.615385 0 0.384615
0.538462 0 0.461538
0.461538 0 0.538462
0.384615 0 0.615385
0.307692 0 0.692308
0.230769 0 0.769231
0.153846 0 0.846154
0.076923 0 0.923077
0.637295 0.118473 0.244232
0.0987044 0.500207 0.401088
0.305482 0.123498 0.57102
0.139416 0.612017 0.248567
0.489395 0.400748 0.109857
0.797177 0.0599662 0.142857
0.399027 0.0653154 0.535658
0.647142 0.280937 0.0719203
0.755843 0.17808 0.0660771
0.746521 0.124816 0.128663
0.39164 0.260151 0.348209
0.184299 0.239522 0.576178
0.267362 0.632959 0.0996789
0.674687 0.0554395 0.269874
0.321327 0.524075 0.154598
0.38742 0.13221 0.48037
0.188326 0.336138 0.475536
0.492634 0.236453 0.270913
0.154739 0.537109 0.308152
0.126692 0.401985 0.471323
0.34262 0.576446 0.0809338
0.582074 0.337487 0.0804387
0.887951 0.0426021 0.0694471
0.552383 0.059152 0.388465
0.148766 0.194253 0.656981
0.245342 0.261232 0.493427
0.188488 0.678842 0.13267
0.327167 0.0559232 0.61691
0.583712 0.250483 0.165805
0.275907 0.483186 0.240907
0.0890596 0.369414 0.541526
0.0552729 0.332034 0.612693
0.125203 0.137592 0.737205
0.569247 0.177735 0.253018
0.167717 0.766334 0.065949
0.663697 0.169419 0.166884
0.0898727 0.83108 0.079047
0.221919 0.38596 0.39212
0.0772291 0.77479 0.147981
0.436285 0.343188 0.220527
0.403078 0.515 0.0819217
0.260281 0.0474374 0.692281
0.095491 0.696676 0.207833
0.4844 0.116949 0.398651
0.355951 0.214189 0.429861
0.472708 0.465227 0.0620647
0.225856 0.11618 0.657964
0.192698 0.468948 0.338354
0.474102 0.18285 0.343048
0.0585792 0.890899 0.0505223
0.514106 0.330721 0.155173
0.0961494 0.267431 0.63642
0.137801 0.0626508 0.799549
0.352922 0.399949 0.247129
0.320049 0.345671 0.33428
0.407928 0.310149 0.281923
0.431534 0.393213 0.175254
0.285368 0.191956 0.522676
0.243567 0.695315 0.0611173
0.0639446 0.109322 0.826733
0.480757 0.0604009 0.458843
0.0619212 0.65253 0.285549
0.289247 0.298354 0.412398
0.0725309 0.594472 0.332997
0.830368 0.104909 0.0647236
0.142125 0.304302 0.553573
0.390343 0.458077 0.15158
0.0566353 0.171314 0.77205
0.714256 0.0872707 0.198474
0.272396 0.581959 0.145645
0.0629152 0.546631 0.390454
0.0706874 0.220334 0.708979
0.622914 0.0437925 0.333293
0.269202 0.423381 0.307417
0.0754941 0.0497221 0.874784
0.143717 0.44141 0.414874
0.0630803 0.466682 0.470238
0.543058 0.40825 0.0486911
0.19208 0.0743309 0.733589
0.227141 0.556915 0.215944
0.682239 0.224254 0.0935078
0.196536 0.62876 0.174704
0.324301 0.632727 0.0429719
0.495099 0.284369 0.220532
0.573771 0.10876 0.317469
0.147184 0.72862 0.124196
0.0503596 0.42627 0.523371
0.222898 0.177978 0.599124
0.406413 0.557004 0.0365829
0.420726 0.164048 0.415226


3 1 32
17 2 44
35 34 50
40 39 51
13 12 52
15 14 53
14 13 53
36 35 58
47 51 60
12 11 66
52 12 66
0 16 67
33 0 67
34 33 67
50 34 67
38 37 68
41 40 72
40 51 72
51 47 72
52 66 73
61 64 75
22 21 76
23 22 76
75 23 76
73 62 78
6 5 79
54 53 80
78 45 80
73 78 80
5 4 81
79 5 81
31 30 81
64 61 82
30 29 83
79 81 83
81 30 83
65 59 85
42 41 86
41 72 86
29 28 87
83 29 87
10 9 90
9 85 90
69 77 91
72 47 91
86 72 91
63 46 92
74 63 92
62 55 93
78 62 93
55 89 93
4 3 94
81 4 94
3 32 94
32 31 94
31 81 94
66 49 95
73 66 95
76 21 96
69 56 96
43 42 97
55 62 100
99 55 100
84 98 100
98 99 100
84 95 101
95 49 101
98 84 101
70 56 102
47 60 102
60 89 102
89 70 102
7 6 103
71 57 103
6 79 103
19 18 104
97 77 104
39 38 105
51 39 105
38 68 105
68 88 105
60 51 105
88 60 105
28 27 106
48 87 106
87 28 106
70 89 107
89 55 107
61 70 107
55 99 107
82 61 107
99 82 107
27 26 108
106 27 108
63 48 108
48 106 108
15 53 109
53 54 109
16 15 109
67 16 109
54 50 109
50 67 109
56 70 110
70 61 110
61 75 110
75 76 110
76 96 110
96 56 110
85 59 111
49 90 111
101 49 111
90 85 111
59 74 111
74 98 111
98 101 111
20 19 112
19 104 112
104 77 112
50 54 113
35 50 113
58 35 113
45 58 113
54 80 113
80 45 113
59 65 114
65 57 114
26 25 115
25 46 115
108 26 115
46 63 115
63 108 115
21 20 116
96 21 116
69 96 116
20 112 116
77 69 116
112 77 116
37 36 117
36 58 117
68 37 117
74 92 118
98 74 118
92 82 118
82 99 118
99 98 118
44 43 119
43 97 119
18 17 119
104 18 119
17 44 119
97 104 119
92 46 120
64 82 120
82 92 120
25 24 121
46 25 121
120 46 121
64 120 121
49 66 122
66 11 122
11 10 122
10 90 122
90 49 122
86 91 123
91 77 123
42 86 123
97 42 123
77 97 123
48 63 124
63 74 124
74 59 124
59 114 124
13 52 125
53 13 125
80 53 125
52 73 125
73 80 125
71 87 126
87 48 126
57 71 126
114 57 126
48 124 126
124 114 126
8 7 127
65 8 127
57 65 127
7 103 127
103 57 127
62 73 128
73 95 128
95 84 128
84 100 128
100 62 128
88 68 129
45 78 129
78 93 129
93 88 129
58 45 129
117 58 129
68 117 129
79 83 130
83 87 130
87 71 130
71 103 130
103 79 130
24 23 131
23 75 131
75 64 131
64 121 131
121 24 131
69 91 132
91 47 132
56 69 132
102 56 132
47 102 132
9 8 133
8 65 133
65 85 133
85 9 133
60 88 134
89 60 134
88 93 134
93 89 134
