30
1 0 0
0 1 0
0 0 1
0.0666667 0.933333 0
0.133333 0.866667 0
0.2 0.8 0
0.266667 0.733333 0
0.333333 0.666667 0
0.4 0.6 0
0.466667 0.533333 0
0.533333 0.466667 0
0.6 0.4 0
0.666667 0.333333 0
0.733333 0.266667 0
0.8 0.2 0
0.866667 0.133333 0
0.933333 0.0666667 0
0.928571 0 0.0714286
0.857143 0 0.142857
0.785714 0 0.214286
0.714286 0 0.285714
0.642857 0 0.357143
0.571429 0 0.428571
0.5 0 0.5
0.428571 0 0.571429
0.357143 0 0.642857
0.285714 0 0.714286
0.214286 0 0.785714
0.142857 0 0.857143
0.0714286 0 0.928571


1 2 3
0 16 17
16 15 17
15 14 18
17 15 18
14 13 19
18 14 19
13 12 20
19 13 20
12 11 21
20 12 21
11 10 22
21 11 22
10 9 23
22 10 23
9 8 24
23 9 24
8 7 25
24 8 25
7 6 26
25 7 26
6 5 27
26 6 27
5 4 28
27 5 28
3 2 29
4 3 29
28 4 29
