126
1 0 0
0 1 0
0 0 1
0.0666666 0.933333 0
0.133333 0.866667 0
0.2 0.8 0
0.266667 0.733333 0
0.333333 0.666667 0
0.4 0.6 0
0.466667 0.533333 0
0.533333 0.466667 0
0.6 0.4 0
0.666667 0.333333 0
0.733333 0.266667 0
0.8 0.2 0
0.866667 0.133333 0
0.933333 0.0666667 0
0 0.0625 0.9375
0 0.125 0.875
0 0.1875 0.8125
0 0.25 0.75
0 0.3125 0.6875
0 0.375 0.625
0 0.4375 0.5625
0 0.5 0.5
0 0.5625 0.4375
0 0.625 0.375
0 0.6875 0.3125
0 0.75 0.25
0 0.8125 0.1875
0 0.875 0.125
0 0.9375 0.0625
0.923077 0 0.0769231
0.846154 0 0.153846
0.769231 0 0.230769
0.692308 0 0.307692
0.615385 0 0.384615
0.538462 0 0.461538
0.461538 0 0.538462
0.384615 0 0.615385
0.307692 0 0.692308
0.230769 0 0.769231
0.153846 0 0.846154
0.0769231 0 0.923077
0.633054 0.114262 0.252684
0.0946007 0.49376 0.411639
0.293933 0.129739 0.576328
0.152005 0.612026 0.23597
0.487562 0.399976 0.112462
0.794348 0.0630798 0.142572
0.410464 0.0580382 0.531498
0.65003 0.278414 0.0715559
0.755195 0.185669 0.0591362
0.738345 0.135766 0.125889
0.401046 0.254015 0.344939
0.165537 0.257422 0.57704
0.276594 0.638446 0.08496
0.0641935 0.133329 0.802477
0.690679 0.0501015 0.259219
0.317943 0.526893 0.155164
0.0641637 0.636984 0.298852
0.381286 0.123546 0.495168
0.183236 0.326227 0.490537
0.48706 0.255992 0.256948
0.167563 0.532163 0.300275
0.130384 0.406108 0.463509
0.339563 0.584396 0.0760411
0.580631 0.337235 0.0821338
0.870797 0.0499136 0.0792892
0.548588 0.0634199 0.387993
0.148636 0.193018 0.658346
0.25571 0.248403 0.495887
0.18706 0.67667 0.13627
0.331819 0.0643562 0.603824
0.587066 0.250435 0.162499
0.276094 0.482923 0.240984
0.0782287 0.377917 0.543854
0.134196 0.13494 0.730864
0.562835 0.183237 0.253929
0.176692 0.758584 0.0647239
0.652132 0.168352 0.179517
0.0882435 0.821134 0.0906221
0.224912 0.385349 0.389739
0.439009 0.333575 0.227415
0.088383 0.317134 0.594483
0.400899 0.51535 0.0837512
0.261808 0.0483676 0.689824
0.0854542 0.695164 0.219382
0.0577114 0.770037 0.172252
0.466615 0.130682 0.402703
0.367259 0.205617 0.427124
0.47128 0.464524 0.0641964
0.22671 0.117367 0.655923
0.19422 0.470046 0.335735
0.303914 0.298685 0.397401
0.0587196 0.887468 0.0538125
0.510712 0.323369 0.165919
0.0810027 0.257142 0.661856
0.136955 0.0683843 0.794661
0.354695 0.40111 0.244195
0.388991 0.315143 0.295866
0.433128 0.39018 0.176691
0.300224 0.183867 0.515909
0.245468 0.697326 0.0572058
0.311968 0.362781 0.325252
0.476316 0.0634624 0.460221
0.0677135 0.197814 0.734472
0.0592963 0.443555 0.497149
0.825129 0.116575 0.0582959
0.0832061 0.572081 0.344713
0.714765 0.0880711 0.197164
0.251297 0.595792 0.152912
0.0702496 0.0660836 0.863667
0.121874 0.744843 0.133283
0.469947 0.191218 0.338834
0.267073 0.428593 0.304334
0.388396 0.45801 0.153595
0.158613 0.438276 0.403111
0.621362 0.0593581 0.31928
0.54149 0.408242 0.0502685
0.193743 0.0739655 0.732292
0.231784 0.549371 0.218846
0.551169 0.125338 0.323493
0.686889 0.213765 0.099346
0.223369 0.1901 0.586531
0.406053 0.557091 0.0368561


3 1 31
0 16 32
17 2 43
25 24 45
34 33 49
39 38 50
13 12 51
14 13 52
19 18 57
35 34 58
27 26 60
8 7 66
7 56 66
12 11 67
51 12 67
32 16 68
33 32 68
49 33 68
37 36 69
62 55 71
40 39 73
39 50 73
50 61 73
61 46 73
51 67 74
23 22 76
62 65 76
74 63 78
6 5 79
78 44 80
74 78 80
5 4 81
79 5 81
30 29 81
65 62 82
22 21 84
76 22 84
55 62 84
62 76 84
66 59 85
41 40 86
40 73 86
28 27 87
27 60 87
60 47 87
47 72 87
29 28 88
28 87 88
81 29 88
61 89 90
10 9 91
9 85 91
70 77 92
73 46 92
86 73 92
64 45 93
75 64 93
62 71 94
82 62 94
71 90 94
90 54 94
4 3 95
3 31 95
31 30 95
30 81 95
81 4 95
63 74 96
83 63 96
67 48 96
74 67 96
21 20 97
84 21 97
70 55 97
55 84 97
42 41 98
77 57 98
54 63 100
63 83 100
94 54 100
83 99 100
83 96 101
96 48 101
99 83 101
46 61 102
61 90 102
90 71 102
7 6 103
56 7 103
72 56 103
6 79 103
79 72 103
82 94 104
94 100 104
100 99 104
38 37 105
50 38 105
37 69 105
61 50 105
89 61 105
69 89 105
20 19 106
19 57 106
57 77 106
77 70 106
70 97 106
97 20 106
24 23 107
45 24 107
65 45 107
23 76 107
76 65 107
15 14 108
14 52 108
52 53 108
16 15 108
68 16 108
53 49 108
49 68 108
26 25 109
25 45 109
45 64 109
60 26 109
47 60 109
64 47 109
34 49 110
58 34 110
49 53 110
44 58 110
53 80 110
80 44 110
59 66 111
66 56 111
56 72 111
72 47 111
18 17 112
17 43 112
43 42 112
42 98 112
57 18 112
98 57 112
72 79 113
87 72 113
88 87 113
79 81 113
81 88 113
63 54 114
78 63 114
54 90 114
90 89 114
75 93 115
99 75 115
104 99 115
93 82 115
82 104 115
59 75 116
75 99 116
48 91 116
101 48 116
91 85 116
85 59 116
99 101 116
45 65 117
93 45 117
65 82 117
82 93 117
36 35 118
35 58 118
69 36 118
58 44 118
11 10 119
48 67 119
67 11 119
10 91 119
91 48 119
86 92 120
92 77 120
41 86 120
98 41 120
77 98 120
75 59 121
59 111 121
47 64 121
111 47 121
64 75 121
44 78 122
89 69 122
78 114 122
114 89 122
69 118 122
118 44 122
13 51 123
52 13 123
51 74 123
74 80 123
53 52 123
80 53 123
70 92 124
92 46 124
55 70 124
46 102 124
71 55 124
102 71 124
9 8 125
85 9 125
8 66 125
66 85 125
