113
1 0 0
0 1 0
0 0 1
0.0666667 0.933333 0
0.133333 0.866667 0
0.2 0.8 0
0.266667 0.733333 0
0.333333 0.666667 0
0.4 0.6 0
0.466667 0.533333 0
0.533333 0.466667 0
0.6 0.4 0
0.666667 0.333333 0
0.733333 0.266667 0
0.8 0.2 0
0.866667 0.133333 0
0.933333 0.0666667 0
0 0.0666667 0.933333
0 0.133333 0.866667
0 0.2 0.8
0 0.266667 0.733333
0 0.333333 0.666667
0 0.4 0.6
0 0.466667 0.533333
0 0.533333 0.466667
0 0.6 0.4
0 0.666667 0.333333
0 0.733333 0.266667
0 0.8 0.2
0 0.866667 0.133333
0 0.933333 0.0666667
0.909091 0 0.0909091
0.818182 0 0.181818
0.727273 0 0.272727
0.636364 0 0.363636
0.545455 0 0.454545
0.454545 0 0.545455
0.363636 0 0.636364
0.272727 0 0.727273
0.181818 0 0.818182
0.0909091 0 0.909091
0.621279 0.113922 0.264799
0.0907096 0.48279 0.426501
0.294851 0.13166 0.573489
0.159657 0.624391 0.215952
0.490025 0.396625 0.11335
0.810959 0.0547915 0.134249
0.42871 0.0723767 0.498913
0.647691 0.264793 0.0875156
0.748958 0.18354 0.0675019
0.730233 0.118913 0.150854
0.386172 0.265377 0.348451
0.15957 0.262135 0.578295
0.273556 0.630531 0.0959127
0.318909 0.517507 0.163584
0.382733 0.130597 0.48667
0.183849 0.324943 0.491208
0.486252 0.247172 0.266576
0.15225 0.544106 0.303644
0.133972 0.402984 0.463044
0.330838 0.573494 0.0956685
0.582673 0.340937 0.0763898
0.894932 0.0457715 0.0592965
0.564354 0.0619219 0.373724
0.147137 0.197828 0.655035
0.243457 0.254753 0.501791
0.186534 0.695535 0.117931
0.35668 0.0633034 0.580016
0.578788 0.238293 0.182919
0.085118 0.339782 0.5751
0.126469 0.14215 0.731381
0.550778 0.176619 0.272603
0.166543 0.762691 0.0707659
0.654231 0.18313 0.162639
0.0903921 0.823037 0.0865707
0.227765 0.377738 0.394497
0.435171 0.327737 0.237092
0.397255 0.524102 0.0786433
0.260967 0.0660191 0.673014
0.0993699 0.694461 0.206169
0.494018 0.11783 0.388152
0.195832 0.461083 0.343085
0.721402 0.05734 0.221258
0.300034 0.4604 0.239566
0.0581043 0.886767 0.0551283
0.147637 0.0757384 0.776625
0.0751371 0.266011 0.658852
0.377273 0.396051 0.226676
0.331777 0.34171 0.326513
0.0889214 0.754714 0.156365
0.32877 0.206594 0.464636
0.0740382 0.602886 0.323076
0.82908 0.10638 0.0645399
0.531424 0.307026 0.16155
0.437666 0.187696 0.374638
0.644925 0.0490065 0.306069
0.238869 0.51412 0.247011
0.0665889 0.202302 0.731109
0.0624493 0.137746 0.799805
0.071469 0.0705273 0.858004
0.235462 0.193288 0.57125
0.462714 0.471809 0.0654766
0.0609578 0.417987 0.521056
0.211314 0.0377524 0.750934
0.392406 0.45718 0.150413
0.285677 0.294893 0.41943
0.240742 0.573668 0.18559
0.284138 0.409272 0.30659
0.263559 0.685384 0.0510562
0.204796 0.129004 0.6662
0.0660646 0.660981 0.272954
0.0640807 0.549011 0.386908
0.493076 0.0504424 0.456482


3 1 30
17 2 40
24 23 42
11 10 45
32 31 46
13 12 48
15 14 49
14 13 49
13 48 49
8 7 53
8 53 60
12 11 61
11 45 61
48 12 61
0 16 62
31 0 62
46 31 62
35 34 63
56 52 65
44 53 66
37 36 67
36 47 67
47 55 67
55 43 67
22 21 69
52 56 69
56 59 69
68 57 71
6 5 72
66 6 72
41 50 73
49 48 73
48 68 73
50 49 73
68 71 73
71 41 73
5 4 74
72 5 74
29 28 74
59 56 75
51 57 76
9 8 77
8 60 77
60 54 77
38 37 78
37 67 78
67 43 78
44 66 79
55 47 80
63 41 80
41 71 80
58 42 81
42 59 81
59 75 81
33 32 82
32 46 82
50 41 82
46 50 82
4 3 84
3 30 84
30 29 84
29 74 84
74 4 84
21 20 86
64 52 86
52 69 86
69 21 86
76 45 87
51 76 88
76 87 88
72 74 89
74 28 89
28 27 89
27 79 89
66 72 89
79 66 89
43 55 90
26 25 91
58 44 91
50 46 92
15 49 92
49 50 92
16 15 92
62 16 92
46 62 92
48 61 93
68 48 93
61 45 93
45 76 93
57 68 93
76 57 93
57 51 94
71 57 94
80 71 94
55 80 94
90 55 94
51 90 94
41 63 95
63 34 95
34 33 95
33 82 95
82 41 95
83 54 96
58 81 96
81 83 96
70 64 97
20 19 97
86 20 97
64 86 97
19 18 98
85 70 98
70 97 98
97 19 98
17 40 99
40 39 99
39 85 99
18 17 99
98 18 99
85 98 99
52 64 100
65 52 100
43 90 100
90 65 100
10 9 101
9 77 101
45 10 101
23 22 102
42 23 102
59 42 102
22 69 102
69 59 102
39 38 103
85 39 103
38 78 103
78 85 103
87 45 104
45 101 104
77 54 104
101 77 104
54 83 104
83 87 104
56 65 105
75 56 105
88 75 105
51 88 105
65 90 105
90 51 105
53 44 106
60 53 106
44 58 106
58 96 106
54 60 106
96 54 106
81 75 107
83 81 107
75 88 107
87 83 107
88 87 107
7 6 108
6 66 108
53 7 108
66 53 108
64 70 109
78 43 109
70 85 109
85 78 109
43 100 109
100 64 109
27 26 110
79 27 110
44 79 110
91 44 110
26 91 110
24 42 111
42 58 111
25 24 111
91 25 111
58 91 111
36 35 112
47 36 112
35 63 112
63 80 112
80 47 112
