116
1 0 0
0 1 0
0 0 1
0.0666666 0.933333 0
0.133333 0.866667 0
0.2 0.8 0
0.266667 0.733333 0
0.333333 0.666667 0
0.4 0.6 0
0.466667 0.533333 0
0.533333 0.466667 0
0.6 0.4 0
0.666667 0.333333 0
0.733333 0.266667 0
0.8 0.2 0
0.866667 0.133333 0
0.933333 0.0666667 0
0 0.0833334 0.916667
0 0.166667 0.833333
0 0.25 0.75
0 0.333333 0.666667
0 0.416667 0.583333
0 0.5 0.5
0 0.583333 0.416667
0 0.666667 0.333333
0 0.75 0.25
0 0.833333 0.166667
0 0.916667 0.0833333
0.928571 0 0.0714286
0.857143 0 0.142857
0.785714 0 0.214286
0.714286 0 0.285714
0.642857 0 0.357143
0.571429 0 0.428571
0.5 0 0.5
0.428571 0 0.571429
0.357143 0 0.642857
0.285714 0 0.714286
0.214286 0 0.785714
0.142857 0 0.857143
0.0714286 0 0.928571
0.626373 0.104407 0.26922
0.10105 0.492003 0.406947
0.284964 0.145828 0.569208
0.142361 0.633393 0.224245
0.480299 0.395293 0.124408
0.789893 0.0760046 0.134102
0.421541 0.0657054 0.512754
0.660015 0.258173 0.0818127
0.0475143 0.349712 0.602773
0.737021 0.176667 0.0863127
0.402095 0.249743 0.348162
0.176061 0.25628 0.567659
0.271584 0.63767 0.0907456
0.0515439 0.154801 0.793655
0.31912 0.518332 0.162548
0.185972 0.337194 0.476834
0.493605 0.23954 0.266855
0.161778 0.537229 0.300993
0.118662 0.403387 0.477951
0.341827 0.584267 0.0739057
0.592998 0.328413 0.0785885
0.702835 0.116888 0.180277
0.869958 0.0613468 0.0686956
0.56383 0.0780118 0.358158
0.251184 0.241392 0.507424
0.190294 0.681254 0.128452
0.579282 0.250462 0.170255
0.122085 0.14652 0.731395
0.566036 0.167891 0.266072
0.155612 0.775494 0.0688932
0.076715 0.837228 0.0860575
0.236191 0.393899 0.36991
0.441279 0.334289 0.224432
0.401572 0.517167 0.0812613
0.259081 0.0768684 0.664051
0.356243 0.125543 0.518213
0.0695916 0.690151 0.240258
0.128965 0.225525 0.645509
0.0541707 0.774396 0.171433
0.496929 0.142288 0.360783
0.647198 0.18547 0.167332
0.287258 0.446291 0.266451
0.321651 0.282009 0.39634
0.521691 0.322221 0.156088
0.0646772 0.251447 0.683876
0.734171 0.0522953 0.213534
0.363286 0.408391 0.228323
0.107312 0.324636 0.568052
0.814758 0.125289 0.0599529
0.0891109 0.071519 0.83937
0.333959 0.203202 0.462839
0.216802 0.466222 0.316976
0.119156 0.733504 0.14734
0.22423 0.589775 0.185995
0.184852 0.0691677 0.74598
0.308608 0.365479 0.325914
0.0568351 0.430717 0.512448
0.341742 0.0585496 0.599709
0.0748522 0.593252 0.331896
0.202986 0.162616 0.634398
0.537528 0.399408 0.0630641
0.415806 0.150918 0.433275
0.674901 0.0566356 0.268463
0.0461053 0.52211 0.431784
0.41271 0.43859 0.1487
0.473399 0.4643 0.0623015
0.241962 0.520294 0.237744
0.0233219 0.947975 0.028703
0.491192 0.0689772 0.43983
0.449581 0.197558 0.352861
0.0354767 0.0408249 0.923698
0.166245 0.437395 0.39636
0.374455 0.325416 0.300129
0.259067 0.32117 0.419763
0.220719 0.723927 0.055354


0 16 28
30 29 46
35 34 47
13 12 48
21 20 49
14 13 50
13 48 50
7 6 53
18 17 54
19 18 54
8 7 60
7 53 60
53 55 60
12 11 61
48 12 61
46 50 62
16 15 63
28 16 63
29 28 63
46 29 63
33 32 64
32 41 64
56 52 65
48 61 67
64 41 69
67 57 69
5 4 70
4 3 71
3 27 71
27 26 71
70 4 71
51 57 73
9 8 74
8 60 74
60 55 74
38 37 75
25 24 77
26 25 79
25 77 79
71 26 79
64 69 80
69 57 80
50 48 81
62 50 81
41 62 81
48 67 81
67 69 81
69 41 81
67 61 84
57 67 84
73 57 84
45 73 84
20 19 85
49 20 85
19 54 85
54 68 85
68 78 85
31 30 86
30 46 86
46 62 86
55 82 87
52 56 88
56 59 88
78 52 88
49 85 88
85 78 88
15 14 89
14 50 89
50 46 89
46 63 89
63 15 89
54 17 90
40 39 90
68 54 90
65 43 91
43 76 91
83 65 91
51 83 91
72 82 92
44 66 93
77 44 93
66 70 93
70 71 93
71 79 93
79 77 93
44 58 94
55 53 94
53 66 94
66 44 94
39 38 95
38 75 95
68 90 95
90 39 95
82 72 96
87 82 96
22 21 97
59 42 97
21 49 97
49 88 97
88 59 97
36 35 98
35 47 98
37 36 98
75 37 98
43 75 98
76 43 98
47 76 98
42 58 99
24 23 99
77 24 99
58 44 99
44 77 99
43 65 100
65 52 100
75 43 100
78 68 100
52 78 100
68 95 100
95 75 100
11 10 101
61 11 101
45 84 101
84 61 101
76 47 102
51 91 102
91 76 102
32 31 103
41 32 103
31 86 103
62 41 103
86 62 103
23 22 104
22 97 104
97 42 104
42 99 104
99 23 104
74 55 105
55 87 105
73 45 105
87 73 105
10 9 106
9 74 106
45 101 106
101 10 106
74 105 106
105 45 106
58 92 107
94 58 107
82 55 107
55 94 107
92 82 107
3 1 108
1 27 108
27 3 108
34 33 109
33 64 109
47 34 109
64 80 109
80 102 109
102 47 109
57 51 110
80 57 110
51 102 110
102 80 110
17 2 111
2 40 111
40 90 111
90 17 111
59 56 112
56 72 112
58 42 112
92 58 112
42 59 112
72 92 112
51 73 113
73 87 113
83 51 113
96 83 113
87 96 113
56 65 114
65 83 114
72 56 114
83 96 114
96 72 114
6 5 115
53 6 115
66 53 115
5 70 115
70 66 115
