158
1 0 0
0 1 0
0 0 1
0.0666666 0.933333 0
0.133333 0.866667 0
0.2 0.8 0
0.266667 0.733333 0
0.333333 0.666667 0
0.4 0.6 0
0.466667 0.533333 0
0.533333 0.466667 0
0.6 0.4 0
0.666667 0.333333 0
0.733333 0.266667 0
0.8 0.2 0
0.866667 0.133333 0
0.933333 0.0666667 0
0 0.0666667 0.933333
0 0.133333 0.866667
0 0.2 0.8
0 0.266667 0.733333
0 0.333333 0.666667
0 0.4 0.6
0 0.466667 0.533333
0 0.533333 0.466667
0 0.6 0.4
0 0.666667 0.333333
0 0.733333 0.266667
0 0.8 0.2
0 0.866667 0.133333
0 0.933333 0.0666667
0.95 0 0.05
0.9 0 0.1
0.85 0 0.15
0.8 0 0.2
0.75 0 0.25
0.7 0 0.3
0.65 0 0.35
0.6 0 0.4
0.55 0 0.45
0.5 0 0.5
0.45 0 0.55
0.4 0 0.6
0.35 0 0.65
0.3 0 0.7
0.25 0 0.75
0.2 0 0.8
0.15 0 0.85
0.1 0 0.9
0.05 0 0.95
0.63936 0.114019 0.246621
0.0997259 0.495877 0.404398
0.278255 0.132216 0.589528
0.158405 0.609147 0.232448
0.485421 0.416586 0.0979928
0.792313 0.0713459 0.136341
0.412094 0.0789502 0.508955
0.654949 0.277956 0.0670947
0.0486656 0.333213 0.618122
0.678935 0.142414 0.178651
0.765252 0.167529 0.0672192
0.738777 0.126429 0.134794
0.387223 0.25737 0.355407
0.17541 0.247549 0.577041
0.266465 0.626461 0.107074
0.0630322 0.135808 0.801159
0.826951 0.132229 0.0408204
0.316349 0.536328 0.147323
0.186718 0.317491 0.495792
0.48937 0.239472 0.271159
0.291276 0.491197 0.217527
0.16037 0.541189 0.298441
0.109442 0.41351 0.477048
0.332236 0.5916 0.076164
0.595129 0.310113 0.0947581
0.885663 0.0644033 0.0499339
0.551652 0.0664224 0.381925
0.147223 0.201264 0.651512
0.252923 0.250946 0.49613
0.192145 0.688514 0.11934
0.335879 0.0735812 0.590539
0.596008 0.228287 0.175705
0.0659415 0.38327 0.550788
0.517127 0.283479 0.199393
0.120873 0.148337 0.730789
0.567242 0.177866 0.254892
0.351599 0.242682 0.405719
0.154224 0.785332 0.0604445
0.456277 0.388056 0.155667
0.0855923 0.8281 0.0863074
0.233172 0.394279 0.37255
0.167123 0.408019 0.424858
0.435237 0.341762 0.223001
0.403441 0.496296 0.100263
0.244182 0.0620213 0.693796
0.138775 0.687283 0.173943
0.358065 0.115774 0.52616
0.0870425 0.687174 0.225783
0.0606814 0.779508 0.159811
0.491779 0.128569 0.379652
0.455986 0.204139 0.339875
0.535162 0.33615 0.128688
0.47932 0.469712 0.0509683
0.223072 0.14901 0.627918
0.702297 0.0619967 0.235706
0.108848 0.288501 0.602651
0.499994 0.0647182 0.435288
0.609305 0.0719613 0.318734
0.643006 0.229518 0.127476
0.42928 0.149644 0.421076
0.833025 0.075655 0.0913205
0.132604 0.0730996 0.794296
0.0691334 0.252789 0.678077
0.353569 0.397492 0.248939
0.0437691 0.0585112 0.89772
0.289217 0.0663353 0.644447
0.311658 0.33502 0.353322
0.310484 0.224709 0.464807
0.412975 0.299794 0.28723
0.107598 0.613753 0.278649
0.0803772 0.0703979 0.849225
0.237359 0.321255 0.441386
0.22596 0.717092 0.0569485
0.28261 0.420741 0.296649
0.214025 0.464353 0.321621
0.225885 0.59508 0.179035
0.747612 0.0633765 0.189011
0.19058 0.0656765 0.743744
0.0524498 0.200365 0.747185
0.0504319 0.655854 0.293715
0.0981408 0.563462 0.338397
0.373114 0.444355 0.18253
0.54968 0.395718 0.0546028
0.705522 0.249014 0.045464
0.532804 0.144592 0.322605
0.224056 0.519337 0.256608
0.133844 0.330084 0.536071
0.0510182 0.513108 0.435874
0.0466151 0.457922 0.495463
0.188193 0.123229 0.688578
0.372403 0.587086 0.0405111
0.349848 0.342874 0.307279
0.231319 0.215674 0.553007
0.376743 0.161785 0.461472
0.123557 0.755682 0.120761
0.424569 0.535994 0.0394376
0.157677 0.479602 0.362721
0.0989897 0.865279 0.0357309
0.699751 0.195227 0.105021
0.286935 0.667695 0.0453699
0.0453416 0.910113 0.0445455
0.0451981 0.586696 0.368106
0.459351 0.0589544 0.481694
0.298039 0.167439 0.534522
0.0369597 0.86372 0.0993207
0.285897 0.308532 0.40557
0.61571 0.346507 0.0377831
0.0366181 0.733719 0.229663


0 16 31
17 2 49
34 33 55
42 41 56
22 21 58
14 13 60
55 60 61
19 18 65
15 14 66
14 60 66
64 67 73
16 15 75
31 16 75
32 31 75
15 66 75
39 38 76
43 42 80
50 59 81
23 22 82
22 58 82
83 69 85
50 81 85
81 83 85
5 4 87
51 72 91
72 68 91
69 83 92
83 88 92
88 54 93
73 67 93
45 44 94
42 56 96
80 42 96
53 95 97
29 28 98
97 95 98
81 74 101
83 81 101
54 88 101
88 83 101
10 9 102
93 54 102
63 77 103
36 35 104
50 36 104
59 50 104
77 63 105
82 58 105
40 39 106
39 76 106
76 99 106
37 36 107
36 50 107
38 37 107
76 38 107
50 85 107
81 59 108
57 74 108
74 81 108
62 86 109
99 100 109
100 62 109
106 99 109
55 33 110
60 55 110
66 60 110
33 32 110
32 75 110
75 66 110
47 46 111
84 65 111
21 20 112
58 21 112
84 77 112
77 105 112
105 58 112
18 17 114
17 49 114
49 48 114
44 43 115
43 80 115
80 52 115
94 44 115
52 103 115
103 94 115
86 62 116
69 92 118
100 69 118
62 100 118
92 113 118
71 53 119
53 97 119
48 47 120
47 111 120
111 65 120
114 48 120
65 18 120
18 114 120
68 78 121
91 68 121
90 91 121
78 117 121
6 5 122
79 64 122
5 87 122
87 79 122
90 116 123
113 70 123
90 123 124
67 64 125
70 67 125
64 79 125
79 95 125
95 53 125
34 55 126
55 61 126
35 34 126
104 35 126
61 59 126
59 104 126
46 45 127
45 94 127
84 111 127
111 46 127
20 19 128
19 65 128
65 84 128
84 112 128
112 20 128
27 26 129
119 97 129
71 119 130
119 129 130
92 88 131
88 93 131
93 67 131
67 70 131
70 113 131
113 92 131
11 10 132
54 101 132
101 74 132
10 102 132
102 54 132
13 12 133
12 57 133
60 13 133
85 69 134
99 76 134
69 100 134
100 99 134
76 107 134
107 85 134
53 71 135
71 124 135
123 70 135
124 123 135
70 125 135
125 53 135
63 68 136
68 72 136
72 82 136
82 105 136
105 63 136
25 24 137
72 51 137
24 23 138
137 24 138
23 82 138
82 72 138
72 137 138
94 103 139
103 77 139
77 84 139
84 127 139
127 94 139
8 7 140
7 73 140
73 93 140
118 113 141
116 62 141
62 118 141
113 123 141
123 116 141
68 63 142
78 68 142
63 103 142
103 52 142
56 109 143
109 86 143
86 117 143
96 56 143
117 96 143
79 87 144
95 79 144
87 89 144
89 98 144
98 95 144
9 8 145
102 9 145
93 102 145
140 93 145
8 140 145
124 71 146
91 90 146
90 124 146
51 91 146
130 51 146
71 130 146
4 3 147
87 4 147
89 87 147
59 61 148
108 59 148
61 60 148
60 133 148
57 108 148
133 57 148
7 6 149
73 7 149
64 73 149
6 122 149
122 64 149
3 1 150
1 30 150
147 3 150
89 147 150
26 25 151
51 130 151
129 26 151
130 129 151
25 137 151
137 51 151
41 40 152
56 41 152
40 106 152
106 109 152
109 56 152
52 80 153
80 96 153
96 117 153
117 78 153
78 142 153
142 52 153
30 29 154
29 98 154
98 89 154
89 150 154
150 30 154
86 116 155
117 86 155
116 90 155
90 121 155
121 117 155
12 11 156
57 12 156
74 57 156
11 132 156
132 74 156
28 27 157
97 98 157
98 28 157
27 129 157
129 97 157
