104
1 0 0
0 1 0
0 0 1
0.0666666 0.933333 0
0.133333 0.866667 0
0.2 0.8 0
0.266667 0.733333 0
0.333333 0.666667 0
0.4 0.6 0
0.466667 0.533333 0
0.533333 0.466667 0
0.6 0.4 0
0.666667 0.333333 0
0.733333 0.266667 0
0.8 0.2 0
0.866667 0.133333 0
0.933333 0.0666667 0
0 0.0526316 0.947369
0 0.105263 0.894737
0 0.157895 0.842105
0 0.210526 0.789474
0 0.263158 0.736842
0 0.315789 0.684211
0 0.368421 0.631579
0 0.421053 0.578947
0 0.473684 0.526316
0 0.526316 0.473684
0 0.578947 0.421053
0 0.631579 0.368421
0 0.684211 0.315789
0 0.736842 0.263158
0 0.789474 0.210526
0 0.842105 0.157895
0 0.894737 0.105263
0 0.947369 0.0526316
0.888889 0 0.111111
0.777778 0 0.222222
0.666667 0 0.333333
0.555556 0 0.444444
0.444444 0 0.555556
0.333333 0 0.666667
0.222222 0 0.777778
0.111111 0 0.888889
0.645887 0.110115 0.243999
0.138385 0.497131 0.364484
0.267464 0.138463 0.594073
0.152884 0.607267 0.239848
0.495487 0.402446 0.102068
0.778708 0.0619471 0.159345
0.408279 0.0677143 0.524007
0.642621 0.264377 0.0930017
0.735468 0.181531 0.0830005
0.715883 0.130958 0.153158
0.386774 0.253029 0.360197
0.65748 0.0596579 0.282862
0.174101 0.244882 0.581017
0.254049 0.636195 0.109756
0.292116 0.528412 0.179472
0.399934 0.129793 0.470273
0.211598 0.3194 0.469003
0.167878 0.540387 0.291734
0.131741 0.39469 0.47357
0.572416 0.332111 0.0954733
0.534684 0.0650662 0.400249
0.137917 0.202471 0.659612
0.33571 0.0446577 0.619633
0.585287 0.250141 0.164572
0.309205 0.467109 0.223686
0.138517 0.138023 0.72346
0.552702 0.17248 0.274819
0.136598 0.779947 0.0834544
0.266324 0.252359 0.481317
0.640119 0.187218 0.172664
0.0914843 0.836564 0.0719518
0.251687 0.387218 0.361095
0.440372 0.334657 0.224972
0.112062 0.307539 0.580399
0.137319 0.698193 0.164488
0.214719 0.0579858 0.727295
0.419392 0.392273 0.188335
0.523791 0.124016 0.352193
0.447936 0.284189 0.267875
0.107443 0.0526658 0.839891
0.281552 0.190686 0.527762
0.212556 0.709082 0.0783624
0.274929 0.422771 0.3023
0.40562 0.519961 0.074419
0.0902292 0.755677 0.154094
0.28975 0.574842 0.135409
0.408805 0.187815 0.40338
0.0854569 0.364905 0.549638
0.523704 0.226844 0.249452
0.077817 0.267602 0.654581
0.437204 0.463342 0.0994539
0.303967 0.331034 0.364999
0.369202 0.573345 0.0574528
0.890696 0.0435141 0.0657903
0.263932 0.0927724 0.643296
0.096468 0.102209 0.801324
0.0861672 0.589317 0.324516
0.825438 0.103258 0.0713046
0.119891 0.452069 0.42804
0.0516648 0.907702 0.040633
0.109805 0.666954 0.223242


3 1 34
17 2 42
27 26 44
29 28 46
12 11 47
36 35 48
39 38 49
14 13 50
15 14 51
14 50 51
43 48 52
37 36 54
36 48 54
48 43 54
8 7 56
45 49 58
27 44 60
57 46 60
25 24 61
13 12 62
50 13 62
12 47 62
38 37 63
49 38 63
58 49 63
37 54 63
21 20 64
40 39 65
39 49 65
51 50 66
57 60 67
60 44 67
20 19 68
45 64 68
64 20 68
43 52 69
6 5 70
32 31 70
53 59 71
52 51 72
69 52 72
51 66 72
5 4 73
4 33 73
33 32 73
32 70 73
70 5 73
50 62 75
66 50 75
23 22 76
55 71 76
71 59 76
41 40 78
40 65 78
62 47 79
75 62 79
47 67 79
54 43 80
63 54 80
58 63 80
43 69 80
66 75 81
18 17 82
17 42 82
42 41 82
41 78 82
45 58 83
55 64 83
64 45 83
71 55 83
7 6 84
6 70 84
56 7 84
77 56 84
67 44 85
79 67 85
74 75 85
75 79 85
10 9 86
31 30 87
30 77 87
70 31 87
84 70 87
77 84 87
56 46 88
46 57 88
57 86 88
69 53 89
80 69 89
53 71 89
58 80 89
83 58 89
71 83 89
24 23 90
61 24 90
59 61 90
23 76 90
76 59 90
72 66 91
66 81 91
53 69 91
81 53 91
69 72 91
22 21 92
21 64 92
64 55 92
55 76 92
76 22 92
11 10 93
47 11 93
10 86 93
57 67 93
86 57 93
67 47 93
61 59 94
74 61 94
59 53 94
53 81 94
75 74 94
81 75 94
9 8 95
86 9 95
88 86 95
8 56 95
56 88 95
0 16 96
35 0 96
48 35 96
49 45 97
65 49 97
45 68 97
68 78 97
78 65 97
19 18 98
68 19 98
78 68 98
18 82 98
82 78 98
28 27 99
27 60 99
46 28 99
60 46 99
16 15 100
15 51 100
51 52 100
96 16 100
52 48 100
48 96 100
26 25 101
44 26 101
25 61 101
61 74 101
74 85 101
85 44 101
4 3 102
3 34 102
33 4 102
34 33 102
30 29 103
77 30 103
29 46 103
46 56 103
56 77 103
