115
1 0 0
0 1 0
0 0 1
0.0666666 0.933333 0
0.133333 0.866667 0
0.2 0.8 0
0.266667 0.733333 0
0.333333 0.666667 0
0.4 0.6 0
0.466667 0.533333 0
0.533333 0.466667 0
0.6 0.4 0
0.666667 0.333333 0
0.733333 0.266667 0
0.8 0.2 0
0.866667 0.133333 0
0.933333 0.0666667 0
0 0.090909 0.909091
0 0.181818 0.818182
0 0.272727 0.727273
0 0.363636 0.636364
0 0.454546 0.545455
0 0.545455 0.454545
0 0.636364 0.363636
0 0.727273 0.272727
0 0.818182 0.181818
0 0.909091 0.0909091
0.9375 0 0.0625
0.875 0 0.125
0.8125 0 0.1875
0.75 0 0.25
0.6875 0 0.3125
0.625 0 0.375
0.5625 0 0.4375
0.5 0 0.5
0.4375 0 0.5625
0.375 0 0.625
0.3125 0 0.6875
0.25 0 0.75
0.1875 0 0.8125
0.125 0 0.875
0.0625 0 0.9375
0.634377 0.110636 0.254987
0.105585 0.494391 0.400024
0.277087 0.144392 0.578521
0.162747 0.612179 0.225074
0.478829 0.421264 0.0999072
0.794008 0.0653133 0.140679
0.411275 0.0713267 0.517399
0.64956 0.283489 0.0669519
0.67165 0.14264 0.18571
0.760412 0.163854 0.0757348
0.388996 0.279895 0.33111
0.163108 0.276566 0.560325
0.0500286 0.292542 0.657429
0.27665 0.634698 0.0886511
0.0549073 0.133199 0.811894
0.324031 0.519053 0.156916
0.199189 0.332607 0.468204
0.496358 0.230131 0.273511
0.12124 0.389934 0.488826
0.34508 0.582014 0.0729054
0.584927 0.322119 0.0929537
0.885472 0.0585487 0.0559793
0.541945 0.083104 0.374951
0.257751 0.230572 0.511677
0.197554 0.671295 0.131151
0.610291 0.222779 0.16693
0.0732849 0.356512 0.570204
0.124944 0.136619 0.738437
0.558684 0.168412 0.272904
0.336906 0.240201 0.422893
0.158896 0.773279 0.067825
0.52764 0.29907 0.17329
0.090781 0.839394 0.0698248
0.236649 0.404918 0.358433
0.446734 0.32558 0.227686
0.401214 0.500588 0.0981982
0.259475 0.0757424 0.664782
0.347407 0.135099 0.517494
0.071506 0.710368 0.218126
0.11678 0.235354 0.647867
0.493699 0.143604 0.362697
0.169651 0.501739 0.32861
0.291076 0.455128 0.253796
0.0494399 0.563783 0.386777
0.416517 0.157729 0.425754
0.369547 0.407641 0.222812
0.691041 0.200763 0.108196
0.826662 0.10583 0.0675088
0.104596 0.590761 0.304644
0.0826555 0.0724903 0.844854
0.119116 0.735589 0.145295
0.19513 0.0759131 0.728957
0.318087 0.354284 0.327629
0.0466294 0.648415 0.304955
0.733816 0.102034 0.164149
0.322061 0.0687219 0.609217
0.199913 0.167997 0.632091
0.424704 0.419386 0.15591
0.697747 0.0619116 0.240341
0.226361 0.503585 0.270054
0.222635 0.721384 0.055981
0.0534618 0.467471 0.479067
0.0587868 0.208161 0.733052
0.248327 0.566926 0.184747
0.048778 0.820346 0.130876
0.143485 0.0575485 0.798966
0.270638 0.313241 0.416121
0.603267 0.0627418 0.333991
0.54103 0.388175 0.0707956
0.0368452 0.909288 0.0538666
0.165654 0.421981 0.412365
0.445799 0.222509 0.331692
0.482089 0.0619878 0.455923


0 16 27
17 2 41
10 9 46
29 28 47
30 29 47
36 35 48
13 12 49
12 11 49
14 13 51
20 19 54
7 6 55
18 17 56
53 58 60
8 7 61
7 55 61
55 57 61
49 11 62
16 15 63
27 16 63
28 27 63
58 53 65
42 50 67
49 62 67
21 20 68
20 54 68
53 60 68
42 67 70
5 4 72
67 62 73
59 70 73
70 67 73
4 3 74
72 4 74
59 73 76
73 46 76
9 8 77
46 9 77
8 61 77
61 57 77
38 37 78
36 48 79
65 44 79
71 65 79
25 24 80
53 68 81
68 54 81
64 70 82
70 59 82
23 22 85
52 71 86
71 79 86
79 48 86
77 57 87
52 76 87
57 84 87
13 49 88
51 13 88
49 67 88
67 50 88
15 14 89
14 51 89
51 47 89
63 15 89
47 28 89
28 63 89
43 83 90
83 45 90
85 43 90
45 80 90
17 41 91
56 17 91
41 40 91
69 56 91
45 66 92
80 45 92
66 72 92
72 74 92
39 38 93
38 78 93
71 52 94
84 75 94
52 87 94
87 84 94
24 23 95
80 24 95
90 80 95
23 85 95
85 90 95
30 47 96
47 51 96
51 88 96
88 50 96
37 36 97
44 78 97
78 37 97
36 79 97
79 44 97
44 65 98
65 53 98
78 44 98
81 69 98
69 93 98
93 78 98
53 81 98
76 46 99
46 77 99
77 87 99
87 76 99
31 30 100
42 31 100
50 42 100
30 96 100
96 50 100
45 83 101
83 75 101
75 84 101
6 5 102
55 6 102
66 55 102
5 72 102
72 66 102
22 21 103
60 43 103
21 68 103
68 60 103
43 85 103
85 22 103
19 18 104
18 56 104
54 19 104
56 69 104
69 81 104
81 54 104
66 45 105
45 101 105
57 55 105
84 57 105
101 84 105
55 66 105
26 25 106
25 80 106
80 92 106
92 74 106
40 39 107
69 91 107
91 40 107
39 93 107
93 69 107
58 65 108
75 58 108
65 71 108
71 94 108
94 75 108
32 31 109
31 42 109
33 32 109
64 33 109
42 70 109
70 64 109
11 10 110
62 11 110
10 46 110
46 73 110
73 62 110
3 1 111
1 26 111
74 3 111
26 106 111
106 74 111
43 60 112
83 43 112
60 58 112
58 75 112
75 83 112
59 76 113
76 52 113
82 59 113
52 86 113
86 82 113
35 34 114
48 35 114
34 33 114
33 64 114
64 82 114
86 48 114
82 86 114
