114
1 0 0
0 1 0
0 0 1
0.0666667 0.933333 0
0.133333 0.866667 0
0.2 0.8 0
0.266667 0.733333 0
0.333333 0.666667 0
0.4 0.6 0
0.466667 0.533333 0
0.533333 0.466667 0
0.6 0.4 0
0.666667 0.333333 0
0.733333 0.266667 0
0.8 0.2 0
0.866667 0.133333 0
0.933333 0.0666667 0
0 0.0555556 0.944444
0 0.111111 0.888889
0 0.166667 0.833333
0 0.222222 0.777778
0 0.277778 0.722222
0 0.333333 0.666667
0 0.388889 0.611111
0 0.444444 0.555556
0 0.5 0.5
0 0.555556 0.444444
0 0.611111 0.388889
0 0.666667 0.333333
0 0.722222 0.277778
0 0.777778 0.222222
0 0.833333 0.166667
0 0.888889 0.111111
0 0.944444 0.0555556
0.9 0 0.1
0.8 0 0.2
0.7 0 0.3
0.6 0 0.4
0.5 0 0.5
0.4 0 0.6
0.3 0 0.7
0.2 0 0.8
0.1 0 0.9
0.629021 0.121461 0.249518
0.108293 0.49573 0.395977
0.278786 0.126476 0.594739
0.18541 0.60987 0.20472
0.483844 0.412756 0.1034
0.779762 0.0626034 0.157635
0.421388 0.0704851 0.508127
0.661699 0.266765 0.0715355
0.736375 0.181408 0.0822177
0.731579 0.126073 0.142348
0.39823 0.255964 0.345806
0.65883 0.0636777 0.277493
0.173318 0.246825 0.579857
0.280433 0.63139 0.0881773
0.289321 0.53095 0.179728
0.396075 0.130838 0.473087
0.196537 0.337173 0.46629
0.513546 0.22504 0.261413
0.171337 0.541259 0.287404
0.120111 0.400526 0.479362
0.577251 0.345239 0.0775094
0.543218 0.0652124 0.391569
0.158496 0.193751 0.647754
0.183107 0.675045 0.141847
0.344033 0.0483569 0.60761
0.591934 0.243107 0.16496
0.286859 0.481363 0.231778
0.0814068 0.375072 0.543521
0.153654 0.132193 0.714153
0.568785 0.172587 0.258628
0.160994 0.769296 0.0697102
0.239229 0.262923 0.497848
0.638318 0.179789 0.181893
0.0882282 0.834578 0.0771939
0.208264 0.408224 0.383511
0.420629 0.342405 0.236965
0.107707 0.315777 0.576516
0.0849926 0.689258 0.225749
0.504475 0.127448 0.368077
0.891558 0.0432979 0.0651443
0.368556 0.204989 0.426455
0.0586954 0.893082 0.0482221
0.136449 0.0752666 0.788284
0.34661 0.409815 0.243576
0.21387 0.467089 0.319041
0.32102 0.337316 0.341665
0.0831293 0.267866 0.649005
0.274643 0.191837 0.53352
0.403915 0.516942 0.0791436
0.119542 0.73706 0.143398
0.516684 0.0342575 0.449058
0.232422 0.702765 0.064813
0.228653 0.089563 0.681784
0.829045 0.102205 0.0687505
0.0694454 0.126566 0.803989
0.402232 0.463435 0.134333
0.37109 0.572126 0.056784
0.240854 0.0427727 0.716374
0.297804 0.572871 0.129325
0.0858134 0.617312 0.296875
0.0647582 0.226991 0.708251
0.0763213 0.562406 0.361272
0.0853147 0.0482049 0.86648
0.472787 0.367171 0.160043
0.299743 0.283779 0.416478
0.455198 0.286381 0.258421
0.536058 0.305195 0.158747
0.0719321 0.176432 0.751636
0.485975 0.180742 0.333282
0.0873201 0.451284 0.461396
0.0663518 0.792213 0.141435


3 1 33
17 2 42
26 25 44
11 10 47
35 34 48
14 13 50
13 12 50
15 14 51
14 50 51
43 48 52
36 35 54
35 48 54
48 43 54
8 7 56
45 49 58
57 46 61
12 11 63
11 47 63
50 12 63
37 36 64
36 54 64
58 49 64
46 56 66
40 39 67
39 38 67
38 49 67
49 45 67
51 50 68
57 61 69
24 23 70
62 24 70
59 62 70
45 65 71
6 5 73
43 52 75
72 43 75
52 51 75
51 68 75
68 60 75
60 72 75
5 4 76
32 31 76
73 5 76
62 59 77
23 22 79
70 23 79
59 70 79
74 59 79
55 74 79
29 28 80
30 29 80
46 66 80
54 43 81
64 54 81
58 64 81
0 16 82
34 0 82
48 34 82
58 81 83
4 3 84
3 33 84
33 32 84
32 76 84
76 4 84
61 44 87
69 61 87
44 77 87
77 86 87
86 69 87
77 59 88
78 86 88
86 77 88
22 21 89
65 55 89
55 79 89
79 22 89
45 58 90
55 65 90
65 45 90
58 83 90
74 55 90
83 74 90
10 9 91
30 80 92
80 66 92
38 37 93
37 64 93
49 38 93
64 49 93
7 6 94
56 7 94
66 56 94
92 66 94
6 73 94
73 92 94
67 45 95
45 71 95
71 85 95
16 15 96
15 51 96
51 52 96
82 16 96
52 48 96
48 82 96
19 18 97
18 85 97
85 71 97
69 86 98
86 47 98
47 10 98
10 91 98
57 69 98
91 57 98
9 8 99
91 9 99
8 56 99
41 40 100
85 41 100
40 67 100
67 95 100
95 85 100
56 46 101
99 56 101
46 57 101
57 91 101
91 99 101
28 27 102
61 46 102
46 80 102
80 28 102
21 20 103
65 89 103
89 21 103
27 26 104
26 44 104
44 61 104
61 102 104
102 27 104
18 17 105
85 18 105
17 42 105
42 41 105
41 85 105
63 47 106
47 86 106
86 78 106
59 74 107
74 83 107
83 53 107
53 88 107
88 59 107
53 60 108
60 68 108
78 88 108
88 53 108
50 63 109
68 50 109
63 106 109
106 78 109
78 108 109
108 68 109
20 19 110
19 97 110
97 71 110
103 20 110
71 65 110
65 103 110
43 72 111
81 43 111
60 53 111
53 83 111
72 60 111
83 81 111
25 24 112
24 62 112
44 25 112
62 77 112
77 44 112
73 76 113
76 31 113
31 30 113
30 92 113
92 73 113
