137
1 0 0
0 1 0
0 0 1
0.0666666 0.933333 0
0.133333 0.866667 0
0.2 0.8 0
0.266667 0.733333 0
0.333333 0.666667 0
0.4 0.6 0
0.466667 0.533333 0
0.533333 0.466667 0
0.6 0.4 0
0.666667 0.333333 0
0.733333 0.266667 0
0.8 0.2 0
0.866667 0.133333 0
0.933333 0.0666667 0
0 0.0833333 0.916667
0 0.166667 0.833333
0 0.25 0.75
0 0.333333 0.666667
0 0.416667 0.583333
0 0.5 0.5
0 0.583333 0.416667
0 0.666667 0.333333
0 0.75 0.25
0 0.833333 0.166667
0 0.916667 0.0833333
0.947368 0 0.0526316
0.894737 0 0.105263
0.842105 0 0.157895
0.789474 0 0.210526
0.736842 0 0.263158
0.684211 0 0.315789
0.631579 0 0.368421
0.578947 0 0.421053
0.526316 0 0.473684
0.473684 0 0.526316
0.421053 0 0.578947
0.368421 0 0.631579
0.315789 0 0.684211
0.263158 0 0.736842
0.210526 0 0.789474
0.157895 0 0.842105
0.105263 0 0.894737
0.0526315 0 0.947369
0.633449 0.124592 0.241959
0.09734 0.485236 0.417424
0.27402 0.146221 0.579759
0.165673 0.612915 0.221412
0.484865 0.388886 0.12625
0.792758 0.0754178 0.131824
0.412915 0.0812582 0.505827
0.646071 0.285778 0.0681505
0.0483392 0.335908 0.615753
0.685623 0.12771 0.186667
0.75804 0.173463 0.0684967
0.736861 0.123502 0.139637
0.400826 0.231624 0.36755
0.167351 0.261935 0.570714
0.270266 0.63762 0.0921136
0.0455859 0.145864 0.80855
0.693353 0.0582685 0.248378
0.312059 0.526057 0.161884
0.192302 0.323618 0.48408
0.498292 0.220754 0.280955
0.280703 0.496191 0.223106
0.121421 0.383129 0.49545
0.344541 0.572493 0.0829657
0.583166 0.319628 0.0972064
0.549386 0.0895025 0.361112
0.152177 0.188902 0.658921
0.258346 0.247707 0.493947
0.198694 0.675358 0.125948
0.824135 0.120735 0.05513
0.58643 0.232432 0.181138
0.0748684 0.384599 0.540533
0.527382 0.298414 0.174204
0.136527 0.114112 0.74936
0.562702 0.175737 0.26156
0.341196 0.264182 0.394622
0.160455 0.775034 0.0645101
0.090738 0.838897 0.0703652
0.232133 0.382009 0.385857
0.159365 0.427554 0.413081
0.455027 0.338365 0.206608
0.395168 0.513972 0.0908605
0.432155 0.430819 0.137026
0.263037 0.0740765 0.662886
0.333281 0.146699 0.520019
0.08875 0.696305 0.214945
0.478172 0.145621 0.376207
0.417516 0.297916 0.284568
0.175885 0.50152 0.322594
0.111536 0.296896 0.591568
0.0392195 0.264172 0.696608
0.12746 0.731043 0.141497
0.886304 0.0625513 0.0511449
0.428684 0.14265 0.428666
0.341225 0.413197 0.245578
0.0516672 0.484729 0.463604
0.109791 0.598344 0.291866
0.282498 0.419092 0.29841
0.199813 0.0821036 0.718083
0.0481113 0.66789 0.283999
0.0991607 0.0783933 0.822446
0.321866 0.0717114 0.606422
0.297664 0.258814 0.443523
0.380452 0.438754 0.180794
0.702758 0.247113 0.0501283
0.227857 0.502674 0.269469
0.526431 0.408531 0.0650379
0.223073 0.722313 0.0546133
0.0909353 0.234766 0.674299
0.347182 0.33179 0.321028
0.741149 0.0611018 0.197749
0.292931 0.340544 0.366525
0.0503451 0.0731645 0.87649
0.0548819 0.807854 0.137264
0.608791 0.0780537 0.313155
0.636467 0.214707 0.148827
0.213572 0.15232 0.634108
0.470766 0.0676284 0.461605
0.23917 0.585689 0.175141
0.45146 0.486333 0.0622072
0.0569605 0.577403 0.365636
0.369753 0.181053 0.449194
0.222161 0.22053 0.557309
0.120704 0.523575 0.355721
0.0369687 0.909943 0.0530888
0.374373 0.0588083 0.566819
0.694786 0.192285 0.112928
0.0354349 0.752858 0.211707
0.847205 0.0522381 0.100557
0.0710078 0.177164 0.751828
0.302046 0.657295 0.0406588
0.0333157 0.426775 0.539909


0 16 28
17 2 45
31 30 51
38 37 52
12 11 53
21 20 54
14 13 56
51 56 57
19 18 61
33 32 62
46 33 62
55 46 62
59 64 67
8 7 68
60 63 68
53 11 69
35 34 70
36 35 70
15 14 74
14 56 74
56 51 74
75 69 77
43 42 78
65 70 79
46 75 79
75 77 79
77 65 79
5 4 81
4 3 82
81 4 82
64 72 83
47 67 84
67 64 84
64 83 84
65 77 85
77 50 85
8 68 86
85 50 87
41 40 88
72 48 89
36 70 91
70 65 91
65 85 92
58 91 92
91 65 92
84 83 93
59 67 94
67 76 94
76 54 94
71 59 94
20 19 95
54 20 95
49 73 96
90 49 96
73 81 96
81 82 96
16 15 97
28 16 97
29 28 97
15 74 97
91 58 98
63 66 99
23 22 100
67 47 100
76 67 100
49 90 101
93 49 101
99 66 102
42 41 103
71 78 103
78 42 103
41 88 103
25 24 104
101 90 104
44 43 105
43 78 105
40 39 106
48 88 106
88 40 106
89 48 106
83 72 107
72 89 107
68 63 108
86 68 108
87 86 108
85 87 108
92 85 108
99 92 108
63 99 108
13 12 109
12 53 109
56 13 109
49 93 110
102 66 110
93 83 110
83 102 110
10 9 111
11 10 111
69 11 111
50 77 111
77 69 111
6 5 112
60 6 112
73 60 112
5 81 112
81 73 112
71 94 113
94 54 113
54 95 113
78 71 113
80 58 114
58 92 114
92 99 114
99 102 114
32 31 115
57 55 115
31 51 115
51 57 115
55 62 115
62 32 115
102 83 116
83 107 116
107 80 116
80 114 116
114 102 116
18 17 117
61 18 117
17 45 117
45 44 117
44 105 117
105 61 117
27 26 118
90 96 118
96 82 118
34 33 119
33 46 119
46 79 119
70 34 119
79 70 119
46 55 120
75 46 120
53 69 120
69 75 120
88 48 121
59 71 121
71 103 121
103 88 121
37 36 122
36 91 122
91 98 122
52 37 122
98 52 122
63 60 123
66 63 123
60 73 123
110 66 123
73 49 123
49 110 123
9 8 124
8 86 124
87 50 124
86 87 124
50 111 124
111 9 124
24 23 125
23 100 125
100 47 125
104 24 125
101 104 125
89 52 126
58 80 126
98 58 126
52 98 126
80 107 126
107 89 126
48 72 127
64 59 127
72 64 127
59 121 127
121 48 127
47 84 128
84 93 128
93 101 128
101 125 128
125 47 128
3 1 129
1 27 129
82 3 129
27 118 129
118 82 129
39 38 130
38 52 130
52 89 130
89 106 130
106 39 130
57 56 131
56 109 131
55 57 131
120 55 131
109 53 131
53 120 131
26 25 132
25 104 132
104 90 132
90 118 132
118 26 132
30 29 133
51 30 133
74 51 133
29 97 133
97 74 133
19 61 134
95 19 134
61 105 134
105 78 134
78 113 134
113 95 134
7 6 135
6 60 135
60 68 135
68 7 135
22 21 136
21 54 136
54 76 136
76 100 136
100 22 136
