121
1 0 0
0 1 0
0 0 1
0.0666667 0.933333 0
0.133333 0.866667 0
0.2 0.8 0
0.266667 0.733333 0
0.333333 0.666667 0
0.4 0.6 0
0.466667 0.533333 0
0.533333 0.466667 0
0.6 0.4 0
0.666667 0.333333 0
0.733333 0.266667 0
0.8 0.2 0
0.866667 0.133333 0
0.933333 0.0666667 0
0 0.0555555 0.944444
0 0.111111 0.888889
0 0.166667 0.833333
0 0.222222 0.777778
0 0.277778 0.722222
0 0.333333 0.666667
0 0.388889 0.611111
0 0.444444 0.555556
0 0.5 0.5
0 0.555556 0.444444
0 0.611111 0.388889
0 0.666667 0.333333
0 0.722222 0.277778
0 0.777778 0.222222
0 0.833333 0.166667
0 0.888889 0.111111
0 0.944444 0.0555556
0.909091 0 0.0909091
0.818182 0 0.181818
0.727273 0 0.272727
0.636364 0 0.363636
0.545455 0 0.454545
0.454545 0 0.545455
0.363636 0 0.636364
0.272727 0 0.727273
0.181818 0 0.818182
0.0909091 0 0.909091
0.623479 0.116069 0.260452
0.083802 0.494702 0.421497
0.296364 0.128277 0.575359
0.170464 0.616804 0.212732
0.498998 0.406601 0.0944006
0.799537 0.0603304 0.140133
0.403948 0.0706333 0.525418
0.661873 0.265926 0.0722015
0.0600485 0.338452 0.601499
0.733106 0.183868 0.0830259
0.728804 0.12189 0.149306
0.395822 0.256944 0.347234
0.647635 0.0534815 0.298883
0.177859 0.243572 0.578569
0.280241 0.63044 0.0893196
0.321984 0.513287 0.164729
0.406851 0.124224 0.468925
0.201011 0.336872 0.462118
0.492453 0.233597 0.27395
0.165864 0.54536 0.288776
0.137647 0.397367 0.464985
0.577723 0.345418 0.076859
0.890937 0.0471702 0.061893
0.546458 0.0793097 0.374232
0.163926 0.188349 0.647725
0.247539 0.259478 0.492983
0.184641 0.67293 0.142428
0.338128 0.0589071 0.602965
0.571732 0.247647 0.180621
0.272377 0.486065 0.241558
0.133101 0.127969 0.73893
0.571436 0.183801 0.244762
0.16588 0.766599 0.0675211
0.65299 0.173982 0.173028
0.0901237 0.834342 0.0755338
0.229856 0.39369 0.376454
0.0758785 0.788557 0.135565
0.438541 0.330604 0.230855
0.392612 0.513185 0.0942032
0.0924369 0.697256 0.210307
0.487604 0.135792 0.376605
0.369854 0.204778 0.425368
0.230788 0.114389 0.654823
0.194474 0.471313 0.334213
0.48873 0.181246 0.330024
0.0587093 0.893061 0.0482298
0.159429 0.0609903 0.779581
0.329868 0.405704 0.264428
0.32244 0.336608 0.340952
0.0850127 0.274474 0.640513
0.437298 0.290743 0.271959
0.248149 0.0587708 0.69308
0.277949 0.189881 0.53217
0.231439 0.701102 0.0674591
0.301042 0.284432 0.414526
0.727566 0.0538283 0.218606
0.0810239 0.602716 0.31626
0.825038 0.106811 0.0681513
0.0689568 0.110272 0.820771
0.389683 0.448139 0.162179
0.369194 0.570867 0.059939
0.070762 0.657479 0.271759
0.2903 0.573196 0.136504
0.0647402 0.230195 0.705065
0.0789347 0.0564335 0.864632
0.0651129 0.447024 0.487863
0.0857587 0.545275 0.368967
0.545195 0.307706 0.147099
0.139181 0.308763 0.552055
0.0736942 0.182543 0.743763
0.462938 0.373314 0.163747
0.473687 0.462532 0.0637808
0.124117 0.73414 0.141743
0.145125 0.440739 0.414136
0.0793268 0.382712 0.537962
0.501144 0.0480189 0.450837
0.233799 0.552108 0.214092


3 1 33
17 2 43
26 25 45
35 34 49
14 13 51
13 12 51
23 22 52
15 14 53
14 51 53
37 36 56
8 7 58
46 50 60
12 11 65
11 48 65
51 12 65
0 16 66
34 0 66
49 34 66
37 56 67
56 44 67
47 58 70
40 39 71
39 50 71
50 46 71
53 51 72
72 62 75
6 5 76
44 54 77
75 44 77
54 53 77
53 72 77
72 75 77
5 4 78
76 5 78
32 31 78
64 61 79
31 30 80
76 78 80
78 31 80
30 29 83
47 70 83
67 44 84
60 67 84
60 84 85
46 68 86
68 74 86
71 46 86
73 63 87
75 62 88
44 75 88
84 44 88
62 55 88
55 85 88
85 84 88
4 3 89
3 33 89
33 32 89
32 78 89
78 4 89
42 41 90
73 87 91
87 79 91
79 61 92
81 91 92
91 79 92
22 21 93
52 22 93
68 57 93
55 62 94
62 72 94
72 81 94
81 92 94
92 55 94
41 40 95
40 71 95
71 86 95
90 41 95
86 74 95
74 90 95
57 68 96
68 46 96
69 57 96
85 69 96
46 60 96
60 85 96
7 6 97
58 7 97
70 58 97
6 76 97
61 69 98
69 85 98
85 55 98
55 92 98
92 61 98
49 54 99
54 44 99
36 35 99
56 36 99
35 49 99
44 56 99
28 27 100
63 47 100
15 53 101
53 54 101
16 15 101
66 16 101
54 49 101
49 66 101
19 18 102
74 19 102
90 74 102
59 73 103
82 59 103
73 91 103
9 8 104
82 9 104
8 58 104
29 28 105
83 29 105
47 83 105
28 100 105
100 47 105
58 47 106
104 58 106
59 82 106
82 104 106
21 20 107
68 93 107
93 21 107
18 17 108
17 43 108
43 42 108
42 90 108
90 102 108
102 18 108
25 24 109
45 25 109
26 45 110
45 87 110
87 63 110
27 26 110
100 27 110
63 100 110
51 65 111
72 51 111
81 72 111
57 69 112
69 61 112
52 93 112
93 57 112
20 19 113
19 74 113
107 20 113
74 68 113
68 107 113
48 103 114
91 81 114
103 91 114
65 48 114
111 65 114
81 111 114
11 10 115
48 11 115
10 9 115
9 82 115
82 103 115
103 48 115
76 80 116
83 70 116
80 30 116
30 83 116
70 97 116
97 76 116
64 79 117
79 87 117
87 45 117
45 109 117
109 64 117
24 23 118
23 52 118
64 109 118
109 24 118
61 64 118
112 61 118
52 112 118
39 38 119
50 39 119
38 37 119
37 67 119
60 50 119
67 60 119
63 73 120
73 59 120
47 63 120
106 47 120
59 106 120
