60
1 0 0
0 1 0
0 0 1
0.0666666 0.933333 0
0.133333 0.866667 0
0.2 0.8 0
0.266667 0.733333 0
0.333333 0.666667 0
0.4 0.6 0
0.466667 0.533333 0
0.533333 0.466667 0
0.6 0.4 0
0.666667 0.333333 0
0.733333 0.266667 0
0.8 0.2 0
0.866667 0.133333 0
0.933333 0.0666667 0
0 0.0714286 0.928571
0 0.142857 0.857143
0 0.214286 0.785714
0 0.285714 0.714286
0 0.357143 0.642857
0 0.428571 0.571429
0 0.5 0.5
0 0.571429 0.428571
0 0.642857 0.357143
0 0.714286 0.285714
0 0.785714 0.214286
0 0.857143 0.142857
0 0.928571 0.0714286
0.75 0 0.25
0.5 0 0.5
0.25 0 0.75
0.610815 0.109619 0.279566
0.349417 0.128979 0.521604
0.179181 0.615786 0.205033
0.431308 0.0614973 0.507195
0.385463 0.268303 0.346234
0.192801 0.24816 0.55904
0.689001 0.0489905 0.262009
0.299365 0.524537 0.176098
0.222605 0.329093 0.448302
0.175524 0.405699 0.418777
0.157688 0.683403 0.158909
0.577625 0.228327 0.194048
0.386366 0.398445 0.215188
0.458301 0.335614 0.206084
0.601659 0.164827 0.233514
0.332025 0.4634 0.204575
0.123696 0.7434 0.132904
0.195908 0.0614125 0.74268
0.169551 0.178173 0.652276
0.570099 0.287087 0.142814
0.78791 0.0903746 0.121716
0.375422 0.198438 0.42614
0.863811 0.0271252 0.109064
0.169902 0.547622 0.282476
0.147085 0.476162 0.376753
0.133564 0.116503 0.749933
0.085283 0.826435 0.0882819


3 1 29
4 3 29
28 4 29
8 7 35
25 24 35
32 31 36
33 34 36
20 19 38
31 30 39
33 36 39
36 31 39
9 8 40
21 20 41
20 38 41
38 37 41
22 21 42
21 41 42
7 6 43
26 25 43
25 35 43
35 7 43
14 13 44
11 10 45
42 41 45
41 37 46
12 11 46
11 45 46
45 41 46
15 14 47
33 15 47
14 44 47
34 33 47
10 9 48
9 40 48
42 45 48
45 10 48
6 5 49
5 27 49
27 26 49
26 43 49
43 6 49
17 2 50
2 32 50
32 36 50
36 34 50
19 18 51
38 19 51
13 12 52
37 44 52
44 13 52
12 46 52
46 37 52
16 15 53
15 33 53
33 39 53
34 47 54
47 44 54
37 38 54
38 51 54
51 34 54
44 37 54
0 16 55
30 0 55
39 30 55
16 53 55
53 39 55
24 23 56
8 35 56
40 8 56
35 24 56
23 22 57
48 40 57
22 42 57
42 48 57
40 56 57
56 23 57
18 17 58
17 50 58
50 34 58
34 51 58
51 18 58
5 4 59
4 28 59
27 5 59
28 27 59
