165
1 0 0
0 1 0
0 0 1
0.0666667 0.933333 0
0.133333 0.866667 0
0.2 0.8 0
0.266667 0.733333 0
0.333333 0.666667 0
0.4 0.6 0
0.466667 0.533333 0
0.533333 0.466667 0
0.6 0.4 0
0.666667 0.333333 0
0.733333 0.266667 0
0.8 0.2 0
0.866667 0.133333 0
0.933333 0.0666667 0
0 0.0588235 0.941176
0 0.117647 0.882353
0 0.176471 0.823529
0 0.235294 0.764706
0 0.294118 0.705882
0 0.352941 0.647059
0 0.411765 0.588235
0 0.470588 0.529412
0 0.529412 0.470588
0 0.588235 0.411765
0 0.647059 0.352941
0 0.705882 0.294118
0 0.764706 0.235294
0 0.823529 0.176471
0 0.882353 0.117647
0 0.941176 0.0588235
0.947368 0 0.0526316
0.894737 0 0.105263
0.842105 0 0.157895
0.789474 0 0.210526
0.736842 0 0.263158
0.684211 0 0.315789
0.631579 0 0.368421
0.578947 0 0.421053
0.526316 0 0.473684
0.473684 0 0.526316
0.421053 0 0.578947
0.368421 0 0.631579
0.315789 0 0.684211
0.263158 0 0.736842
0.210526 0 0.789474
0.157895 0 0.842105
0.105263 0 0.894737
0.0526316 0 0.947368
0.643096 0.111491 0.245413
0.103297 0.501223 0.395479
0.286672 0.123648 0.58968
0.154392 0.62124 0.224367
0.488852 0.40769 0.103458
0.786532 0.0573907 0.156077
0.422847 0.0659373 0.511216
0.653298 0.280809 0.0658934
0.0505286 0.334953 0.614518
0.678747 0.138283 0.18297
0.761043 0.177787 0.0611701
0.745008 0.121023 0.133969
0.379738 0.271154 0.349108
0.166 0.245585 0.588415
0.274516 0.624809 0.100675
0.0570959 0.141061 0.801843
0.82576 0.132921 0.0413183
0.681569 0.0502529 0.268178
0.322962 0.53143 0.145608
0.0480056 0.631342 0.320653
0.376303 0.141736 0.481962
0.18772 0.334433 0.477847
0.490017 0.235321 0.274661
0.286011 0.497 0.216989
0.164628 0.549124 0.286248
0.115586 0.396185 0.488229
0.342264 0.572195 0.0855414
0.580124 0.337807 0.0820691
0.883489 0.0650845 0.0514269
0.558202 0.068657 0.373141
0.149971 0.190159 0.659869
0.254328 0.251305 0.494368
0.197849 0.690415 0.111737
0.335368 0.0513493 0.613283
0.576139 0.256283 0.167578
0.0735819 0.37474 0.551678
0.125548 0.139061 0.735391
0.56835 0.166113 0.265537
0.329913 0.267534 0.402553
0.160656 0.782598 0.0567456
0.605287 0.184671 0.210042
0.44204 0.39525 0.16271
0.0848632 0.828593 0.0865442
0.233616 0.393935 0.372448
0.162084 0.415535 0.422381
0.529281 0.252654 0.218066
0.0678694 0.792615 0.139516
0.441741 0.335569 0.22269
0.404259 0.502448 0.0932923
0.259981 0.0734648 0.666554
0.133096 0.697831 0.169073
0.082781 0.691844 0.225375
0.481931 0.134724 0.383345
0.239462 0.203035 0.557503
0.0963407 0.209357 0.694302
0.452534 0.21008 0.337386
0.551834 0.322061 0.126104
0.4746 0.476057 0.0493426
0.640942 0.199605 0.159453
0.226841 0.606183 0.166976
0.183047 0.473541 0.343412
0.508475 0.0621254 0.429399
0.614394 0.0747564 0.31085
0.723374 0.0683738 0.208252
0.102242 0.260293 0.637465
0.439849 0.115643 0.444508
0.821199 0.0815743 0.097227
0.13606 0.0706921 0.793248
0.352848 0.397594 0.249558
0.0456321 0.0532548 0.901113
0.303315 0.33726 0.359425
0.692428 0.197097 0.110475
0.32133 0.220812 0.457858
0.413116 0.301181 0.285703
0.103461 0.617287 0.279251
0.0819756 0.0681024 0.849922
0.252323 0.318168 0.429509
0.239169 0.708995 0.0518359
0.0548594 0.758036 0.187105
0.277201 0.423522 0.299277
0.198712 0.0646128 0.736675
0.10589 0.555429 0.338681
0.0461125 0.440002 0.513885
0.106924 0.307574 0.585502
0.370598 0.437023 0.192379
0.215188 0.161334 0.623479
0.54967 0.404116 0.0462142
0.310027 0.166707 0.523265
0.532602 0.144107 0.323291
0.0476977 0.27643 0.675873
0.0465053 0.893906 0.059589
0.230308 0.495685 0.274007
0.402719 0.462542 0.134739
0.140281 0.325895 0.533824
0.0763851 0.468319 0.455296
0.401078 0.556024 0.0428982
0.190598 0.122751 0.686651
0.0529162 0.209504 0.73758
0.0421408 0.533496 0.424363
0.504133 0.328174 0.167692
0.0490024 0.681951 0.269047
0.472749 0.0487976 0.478453
0.321955 0.638547 0.0394979
0.616567 0.34628 0.0371535
0.212939 0.559363 0.227697
0.620323 0.261881 0.117796
0.70491 0.249434 0.0456557
0.132718 0.753719 0.113562
0.101005 0.86209 0.0369052
0.361945 0.0869992 0.551056
0.0471139 0.578202 0.374684
0.346337 0.347683 0.305981
0.398272 0.194239 0.407489
0.197243 0.273877 0.52888


3 1 32
0 16 33
17 2 50
36 35 56
43 42 57
23 22 59
14 13 61
20 19 66
19 18 66
15 14 67
14 61 67
38 37 68
28 27 70
65 69 77
16 15 79
15 67 79
33 16 79
34 33 79
40 39 80
45 44 84
44 43 84
23 59 86
5 4 90
51 60 91
88 51 91
76 72 95
73 88 96
88 91 96
91 85 96
31 30 97
93 31 97
73 96 98
77 69 99
46 45 100
45 84 100
84 53 100
54 101 102
87 81 105
78 55 107
10 9 108
99 55 108
85 91 109
91 60 109
69 65 110
74 69 110
65 83 110
83 101 110
101 54 110
52 95 111
95 94 111
41 40 112
40 80 112
80 103 112
39 38 113
38 68 113
68 51 113
80 39 113
51 88 113
37 36 114
36 56 114
56 62 114
62 60 114
68 37 114
60 51 114
51 68 114
81 64 115
105 81 115
71 57 116
112 103 116
35 34 117
56 35 117
61 62 117
67 61 117
62 56 117
34 79 117
79 67 117
48 47 118
87 66 118
18 17 120
17 50 120
50 49 120
89 63 121
62 61 122
60 62 122
109 60 122
73 98 124
63 106 124
106 73 124
98 119 124
75 54 125
54 102 125
49 48 126
48 118 126
118 66 126
120 49 126
66 18 126
18 120 126
72 82 127
94 95 127
95 72 127
89 121 127
121 94 127
82 123 127
123 89 127
83 65 128
6 5 128
5 90 128
90 83 128
30 29 129
29 102 129
97 30 129
101 97 129
102 101 129
111 94 130
119 74 130
94 121 130
47 46 131
46 100 131
87 118 131
118 47 131
52 111 132
111 75 132
125 70 132
75 125 132
25 24 133
24 23 133
23 86 133
86 76 133
86 59 134
59 115 134
115 64 134
69 74 135
74 119 135
98 92 135
119 98 135
100 53 136
64 81 136
104 64 136
53 104 136
11 10 137
55 78 137
10 108 137
108 55 137
104 53 138
82 104 138
123 82 138
71 123 138
103 80 139
88 73 139
73 106 139
106 103 139
80 113 139
113 88 139
22 21 140
59 22 140
115 59 140
105 115 140
3 32 141
32 31 141
31 93 141
130 74 142
75 111 142
111 130 142
92 55 143
55 99 143
135 92 143
99 69 143
69 135 143
134 64 144
72 76 144
76 86 144
86 134 144
76 95 145
95 52 145
25 133 145
133 76 145
9 8 146
77 99 146
99 108 146
108 9 146
81 87 147
87 131 147
131 100 147
100 136 147
136 81 147
20 66 148
66 87 148
87 105 148
21 20 148
140 21 148
105 140 148
26 25 149
25 145 149
145 52 149
92 98 150
98 96 150
55 92 150
107 55 150
96 85 150
85 107 150
29 28 151
102 29 151
28 70 151
70 125 151
125 102 151
42 41 152
57 42 152
41 112 152
112 116 152
116 57 152
65 77 153
7 6 153
6 128 153
128 65 153
8 7 153
146 8 153
77 146 153
12 11 154
58 12 154
78 58 154
11 137 154
137 78 154
54 75 155
75 142 155
74 110 155
142 74 155
110 54 155
58 78 156
78 107 156
107 85 156
85 109 156
109 122 156
122 58 156
13 12 157
12 58 157
61 13 157
58 122 157
122 61 157
90 93 158
93 97 158
83 90 158
101 83 158
97 101 158
90 4 159
93 90 159
4 3 159
3 141 159
141 93 159
43 57 160
84 43 160
57 71 160
71 138 160
53 84 160
138 53 160
27 26 161
70 27 161
132 70 161
52 132 161
149 52 161
26 149 161
124 119 162
121 63 162
63 124 162
119 130 162
130 121 162
63 89 163
103 106 163
116 103 163
106 63 163
71 116 163
123 71 163
89 123 163
64 104 164
144 64 164
82 72 164
72 144 164
104 82 164
