102
1 0 0
0 1 0
0 0 1
0.0666667 0.933333 0
0.133333 0.866667 0
0.2 0.8 0
0.266667 0.733333 0
0.333333 0.666667 0
0.4 0.6 0
0.466667 0.533333 0
0.533333 0.466667 0
0.6 0.4 0
0.666667 0.333333 0
0.733333 0.266667 0
0.8 0.2 0
0.866667 0.133333 0
0.933333 0.0666667 0
0 0.0625 0.9375
0 0.125 0.875
0 0.1875 0.8125
0 0.25 0.75
0 0.3125 0.6875
0 0.375 0.625
0 0.4375 0.5625
0 0.5 0.5
0 0.5625 0.4375
0 0.625 0.375
0 0.6875 0.3125
0 0.75 0.25
0 0.8125 0.1875
0 0.875 0.125
0 0.9375 0.0625
0.888889 0 0.111111
0.777778 0 0.222222
0.666667 0 0.333333
0.555556 0 0.444444
0.444444 0 0.555556
0.333333 0 0.666667
0.222222 0 0.777778
0.111111 0 0.888889
0.797983 0.0492198 0.152797
0.623232 0.116697 0.260072
0.0910726 0.508936 0.399992
0.273805 0.131717 0.594478
0.171421 0.611551 0.217028
0.484419 0.407669 0.107912
0.420315 0.0737052 0.505979
0.666448 0.254817 0.0787343
0.751207 0.174214 0.0745794
0.730628 0.112699 0.156673
0.382146 0.259385 0.358468
0.173003 0.257542 0.569455
0.281408 0.620926 0.0976658
0.0836369 0.141348 0.775015
0.692757 0.0549115 0.252331
0.316576 0.512324 0.1711
0.373997 0.13851 0.487493
0.197234 0.327253 0.475513
0.183823 0.530581 0.285596
0.11273 0.393751 0.493519
0.561138 0.327338 0.111523
0.889209 0.0432008 0.0675898
0.565609 0.0639845 0.370407
0.158899 0.184687 0.656414
0.186608 0.687683 0.125709
0.347222 0.0430056 0.609773
0.568143 0.244265 0.187592
0.0896124 0.324136 0.586252
0.563586 0.175634 0.26078
0.477984 0.211671 0.310345
0.16286 0.762793 0.0743473
0.176105 0.110004 0.713892
0.278589 0.261545 0.459866
0.657161 0.182154 0.160685
0.0888976 0.826753 0.0843489
0.242403 0.392031 0.365566
0.444865 0.346189 0.208946
0.239515 0.0470568 0.713429
0.0803761 0.704762 0.214862
0.488417 0.133709 0.377874
0.276846 0.458559 0.264595
0.0582436 0.889473 0.0522838
0.0815273 0.2574 0.661073
0.362403 0.396152 0.241445
0.330541 0.326299 0.34316
0.108376 0.0636605 0.827964
0.270315 0.193918 0.535768
0.36706 0.553647 0.0792929
0.0673124 0.202681 0.730007
0.436014 0.485167 0.0788192
0.173079 0.452876 0.374045
0.0847375 0.58326 0.332002
0.378833 0.197418 0.423749
0.0889947 0.648579 0.262426
0.0878539 0.760316 0.15183
0.470411 0.284273 0.245316
0.384361 0.452121 0.163518
0.825873 0.100093 0.0740337
0.259744 0.570392 0.169864
0.075015 0.454484 0.470501
0.28537 0.086247 0.628383
0.049587 0.0284598 0.921953


3 1 31
33 32 40
25 24 42
11 10 45
36 35 46
14 13 47
13 12 47
15 14 48
14 47 48
8 7 52
19 18 53
34 33 54
33 40 54
40 49 54
49 41 54
43 46 56
23 22 59
12 11 60
11 45 60
47 12 60
0 16 61
32 0 61
40 32 61
46 35 62
35 34 62
34 54 62
54 41 62
7 6 64
52 7 64
44 52 64
37 36 65
36 46 65
47 60 66
22 21 67
51 57 67
57 59 67
59 22 67
68 66 69
6 5 70
64 6 70
43 63 71
63 53 71
57 51 72
48 47 73
47 66 73
41 49 73
68 41 73
49 48 73
66 68 73
5 4 74
30 29 74
70 5 74
59 57 75
60 45 76
38 37 77
37 65 77
28 27 78
56 46 79
46 62 79
62 41 79
41 68 79
68 69 79
55 58 80
4 3 81
3 31 81
31 30 81
30 74 81
74 4 81
21 20 82
63 51 82
51 67 82
67 21 82
80 75 83
76 45 83
57 72 84
72 50 84
75 57 84
76 83 84
83 75 84
18 17 85
53 18 85
71 53 85
77 71 85
39 38 85
38 77 85
43 56 86
51 63 86
63 43 86
72 51 86
9 8 87
8 52 87
20 19 88
19 53 88
53 63 88
63 82 88
82 20 88
10 9 89
45 10 89
9 87 89
87 55 89
59 75 90
58 42 90
80 58 90
75 80 90
26 25 91
58 44 91
25 42 91
42 58 91
69 50 92
56 79 92
79 69 92
86 56 92
50 72 92
72 86 92
27 26 93
78 27 93
44 64 93
64 78 93
26 91 93
91 44 93
29 28 94
70 74 94
74 29 94
64 70 94
78 64 94
28 78 94
50 69 95
69 66 95
66 60 95
60 76 95
76 84 95
84 50 95
80 83 96
83 45 96
55 80 96
89 55 96
45 89 96
15 48 97
48 49 97
16 15 97
61 16 97
49 40 97
40 61 97
44 58 98
58 55 98
52 44 98
87 52 98
55 87 98
24 23 99
23 59 99
59 90 99
42 24 99
90 42 99
46 43 100
65 46 100
77 65 100
43 71 100
71 77 100
17 2 101
2 39 101
39 85 101
85 17 101
