108
1 0 0
0 1 0
0 0 1
0.0666667 0.933333 0
0.133333 0.866667 0
0.2 0.8 0
0.266667 0.733333 0
0.333333 0.666667 0
0.4 0.6 0
0.466667 0.533333 0
0.533333 0.466667 0
0.6 0.4 0
0.666667 0.333333 0
0.733333 0.266667 0
0.8 0.2 0
0.866667 0.133333 0
0.933333 0.0666667 0
0 0.1 0.9
0 0.2 0.8
0 0.3 0.7
0 0.4 0.6
0 0.5 0.5
0 0.6 0.4
0 0.7 0.3
0 0.8 0.2
0 0.9 0.1
0.933333 0 0.0666667
0.866667 0 0.133333
0.8 0 0.2
0.733333 0 0.266667
0.666667 0 0.333333
0.6 0 0.4
0.533333 0 0.466667
0.466667 0 0.533333
0.4 0 0.6
0.333333 0 0.666667
0.266667 0 0.733333
0.2 0 0.8
0.133333 0 0.866667
0.0666667 0 0.933333
0.636614 0.120322 0.243063
0.0996567 0.490738 0.409606
0.279877 0.141414 0.578709
0.152948 0.616083 0.23097
0.483816 0.414298 0.101886
0.798109 0.0707395 0.131152
0.411959 0.0760601 0.511981
0.665134 0.249075 0.0857911
0.0435697 0.341946 0.614484
0.749438 0.163802 0.0867602
0.391258 0.282591 0.326151
0.183861 0.242439 0.5737
0.274528 0.633506 0.0919662
0.0515761 0.139626 0.808797
0.322884 0.513046 0.16407
0.0441869 0.631559 0.324254
0.17958 0.345938 0.474482
0.477166 0.230469 0.292365
0.123646 0.410569 0.465784
0.579342 0.342999 0.0776586
0.692377 0.141732 0.165891
0.883414 0.0580732 0.0585132
0.548321 0.0749177 0.376761
0.259618 0.249406 0.490976
0.34599 0.58273 0.0712801
0.197349 0.671466 0.131185
0.345998 0.0672873 0.586715
0.592055 0.251963 0.155982
0.119781 0.142606 0.737614
0.564644 0.169527 0.26583
0.341137 0.238885 0.419979
0.159748 0.770634 0.0696176
0.523184 0.293709 0.183107
0.0885545 0.82241 0.0890351
0.234433 0.379377 0.38619
0.440361 0.337773 0.221866
0.405865 0.507498 0.0866365
0.34543 0.154302 0.500269
0.0712327 0.712006 0.216761
0.134041 0.215025 0.650934
0.497915 0.141397 0.360688
0.633344 0.188802 0.177855
0.209087 0.120706 0.670206
0.174809 0.483438 0.341753
0.0637435 0.239911 0.696346
0.351514 0.39789 0.250597
0.264315 0.462456 0.273229
0.824683 0.107508 0.0678089
0.0914558 0.0684286 0.840116
0.286183 0.0609989 0.652818
0.054408 0.432351 0.513241
0.421763 0.167725 0.410511
0.101381 0.582975 0.315644
0.304279 0.3428 0.352921
0.403932 0.433537 0.162531
0.743739 0.069937 0.186324
0.0475661 0.539617 0.412817
0.106721 0.323131 0.570149
0.13047 0.718834 0.150696
0.036219 0.907612 0.0561694
0.230877 0.566601 0.202522
0.682535 0.0600175 0.257448
0.0396948 0.826204 0.134101
0.154481 0.0663677 0.779152
0.0375309 0.0578421 0.904627
0.48011 0.0707178 0.449172
0.222144 0.722404 0.0554526
0.615188 0.0658014 0.319011


0 16 26
10 9 44
28 27 45
34 33 46
13 12 47
20 19 48
14 13 49
13 47 49
7 6 52
18 17 53
23 22 55
11 10 59
10 44 59
12 11 59
47 12 59
49 47 60
16 15 61
26 16 61
27 26 61
32 31 62
51 42 63
56 51 63
8 7 64
7 52 64
52 54 64
35 34 66
34 46 66
47 59 67
5 4 71
59 44 72
67 59 72
57 69 72
69 67 72
4 3 73
71 4 73
56 63 74
50 57 75
57 72 75
72 44 75
9 8 76
44 9 76
8 64 76
64 54 76
66 46 77
63 42 77
70 63 77
42 66 77
24 23 78
23 55 78
62 69 80
69 57 80
40 60 81
60 47 81
47 67 81
67 69 81
69 40 81
37 36 82
42 51 82
51 79 82
79 68 82
41 58 83
58 56 83
56 74 83
19 18 84
18 53 84
53 68 84
48 19 84
68 79 84
50 75 85
83 74 86
85 54 86
15 14 87
14 49 87
49 45 87
61 15 87
45 27 87
27 61 87
39 38 88
68 53 88
36 35 89
35 66 89
66 42 89
42 82 89
82 36 89
21 20 90
20 48 90
58 41 90
50 70 91
70 77 91
77 46 91
57 50 91
80 57 91
43 78 92
78 55 92
41 83 92
83 43 92
63 70 93
74 63 93
70 50 93
50 85 93
85 86 93
86 74 93
75 44 94
44 76 94
85 75 94
76 54 94
54 85 94
29 28 95
28 45 95
45 49 95
49 60 95
22 21 96
55 22 96
21 90 96
90 41 96
41 92 96
92 55 96
51 56 97
56 58 97
79 51 97
48 84 97
84 79 97
58 90 97
90 48 97
43 65 98
65 71 98
78 43 98
71 73 98
73 78 98
3 1 99
1 25 99
73 3 99
54 52 100
86 54 100
52 65 100
65 43 100
43 83 100
83 86 100
30 29 101
60 40 101
29 95 101
95 60 101
25 24 102
24 78 102
78 73 102
73 99 102
99 25 102
38 37 103
37 82 103
82 68 103
68 88 103
88 38 103
17 2 104
2 39 104
39 88 104
53 17 104
88 53 104
33 32 105
32 62 105
62 80 105
46 33 105
80 91 105
91 46 105
6 5 106
52 6 106
65 52 106
5 71 106
71 65 106
31 30 107
62 31 107
40 69 107
69 62 107
30 101 107
101 40 107
