94
1 0 0
0 1 0
0 0 1
0.0666667 0.933333 0
0.133333 0.866667 0
0.2 0.8 0
0.266667 0.733333 0
0.333333 0.666667 0
0.4 0.6 0
0.466667 0.533333 0
0.533333 0.466667 0
0.6 0.4 0
0.666667 0.333333 0
0.733333 0.266667 0
0.8 0.2 0
0.866667 0.133333 0
0.933333 0.0666667 0
0 0.0625 0.9375
0 0.125 0.875
0 0.1875 0.8125
0 0.25 0.75
0 0.3125 0.6875
0 0.375 0.625
0 0.4375 0.5625
0 0.5 0.5
0 0.5625 0.4375
0 0.625 0.375
0 0.6875 0.3125
0 0.75 0.25
0 0.8125 0.1875
0 0.875 0.125
0 0.9375 0.0625
0.875 0 0.125
0.75 0 0.25
0.625 0 0.375
0.5 0 0.5
0.375 0 0.625
0.25 0 0.75
0.125 0 0.875
0.638165 0.102511 0.259324
0.0954596 0.500879 0.403661
0.270399 0.134806 0.594795
0.186983 0.607893 0.205123
0.486372 0.4022 0.111429
0.778547 0.0582462 0.163207
0.40884 0.0718846 0.519276
0.666972 0.261532 0.0714959
0.736023 0.127062 0.136916
0.381254 0.251457 0.367289
0.174516 0.261921 0.563563
0.280831 0.626411 0.0927572
0.674605 0.0463053 0.27909
0.299252 0.526198 0.174551
0.193643 0.328997 0.47736
0.167734 0.530736 0.30153
0.113464 0.394828 0.491708
0.561979 0.32728 0.110741
0.55219 0.061065 0.386745
0.140554 0.200319 0.659126
0.201475 0.684532 0.113993
0.587919 0.243835 0.168246
0.0903472 0.326218 0.583435
0.134894 0.130953 0.734153
0.589095 0.170042 0.240863
0.0865271 0.832676 0.0807965
0.236349 0.384493 0.379158
0.442315 0.34756 0.210125
0.264351 0.0677343 0.667915
0.10035 0.692542 0.207108
0.500699 0.121977 0.377324
0.294717 0.203273 0.50201
0.284862 0.471245 0.243893
0.71113 0.187351 0.101519
0.0578774 0.890602 0.0515203
0.126049 0.0629976 0.810953
0.894922 0.0394376 0.0656407
0.123029 0.759597 0.117374
0.347047 0.403617 0.249337
0.330716 0.326969 0.342315
0.273045 0.272354 0.454601
0.843149 0.0891778 0.0676728
0.43838 0.18477 0.376851
0.404708 0.459468 0.135824
0.0847345 0.589426 0.325839
0.382573 0.139497 0.47793
0.338343 0.566191 0.0954654
0.0611411 0.030497 0.908362
0.0780868 0.26773 0.654183
0.0739174 0.643286 0.282797
0.195031 0.448345 0.356625
0.471593 0.286743 0.241663
0.0801063 0.453544 0.46635
0.497877 0.22481 0.277313
0.420616 0.507058 0.072326


3 1 31
25 24 40
11 10 43
33 32 44
36 35 45
14 13 46
13 12 46
39 44 47
8 7 50
34 33 51
33 44 51
44 39 51
25 40 54
52 42 54
23 22 55
12 11 56
11 43 56
46 12 56
35 34 57
45 35 57
51 39 57
34 51 57
20 19 58
7 6 59
50 7 59
42 50 59
46 56 60
22 21 61
49 53 61
53 55 61
55 22 61
19 18 62
41 58 62
58 19 62
39 47 63
5 4 64
30 29 64
55 53 65
56 43 66
37 36 67
36 45 67
45 41 67
41 62 67
28 27 68
42 59 68
57 39 69
39 63 69
45 57 69
49 58 70
58 41 70
52 54 71
15 14 72
47 15 72
14 46 72
46 60 72
60 63 72
63 47 72
4 3 73
3 31 73
31 30 73
30 64 73
64 4 73
18 17 74
62 18 74
38 37 74
37 67 74
67 62 74
0 16 75
32 0 75
44 32 75
6 5 76
29 28 76
59 6 76
5 64 76
64 29 76
28 68 76
68 59 76
66 43 77
65 53 78
66 77 78
77 65 78
53 49 79
49 70 79
70 48 79
48 78 79
78 53 79
16 15 80
15 47 80
47 44 80
44 75 80
75 16 80
69 63 81
48 70 81
43 10 82
52 71 82
71 77 82
77 43 82
26 25 83
25 54 83
54 42 83
41 45 84
45 69 84
70 41 84
69 81 84
81 70 84
9 8 85
8 50 85
50 42 85
42 52 85
17 2 86
2 38 86
38 74 86
74 17 86
21 20 87
20 58 87
58 49 87
49 61 87
61 21 87
27 26 88
42 68 88
68 27 88
26 83 88
83 42 88
55 65 89
54 40 89
71 54 89
65 77 89
77 71 89
60 56 90
56 66 90
66 78 90
78 48 90
24 23 91
40 24 91
89 40 91
23 55 91
55 89 91
63 60 92
48 81 92
81 63 92
60 90 92
90 48 92
10 9 93
82 10 93
52 82 93
9 85 93
85 52 93
