64
1 0 0
0 1 0
0 0 1
0.0666666 0.933333 0
0.133333 0.866667 0
0.2 0.8 0
0.266667 0.733333 0
0.333333 0.666667 0
0.4 0.6 0
0.466667 0.533333 0
0.533333 0.466667 0
0.6 0.4 0
0.666667 0.333333 0
0.733333 0.266667 0
0.8 0.2 0
0.866667 0.133333 0
0.933333 0.0666667 0
0 0.05 0.95
0 0.1 0.9
0 0.15 0.85
0 0.2 0.8
0 0.25 0.75
0 0.3 0.7
0 0.35 0.65
0 0.4 0.6
0 0.45 0.55
0 0.5 0.5
0 0.55 0.45
0 0.6 0.4
0 0.65 0.35
0 0.7 0.3
0 0.75 0.25
0 0.8 0.2
0 0.85 0.15
0 0.9 0.1
0 0.95 0.05
0.833333 0 0.166667
0.666667 0 0.333333
0.5 0 0.5
0.333333 0 0.666667
0.166667 0 0.833333
0.630999 0.117601 0.2514
0.266448 0.1463 0.587252
0.435779 0.24682 0.317401
0.26388 0.549151 0.186969
0.223454 0.618153 0.158393
0.323195 0.230704 0.446101
0.542455 0.268983 0.188562
0.508467 0.33403 0.157503
0.294165 0.48702 0.218815
0.647127 0.158657 0.194216
0.406563 0.40562 0.187817
0.264398 0.390241 0.345362
0.244017 0.0713777 0.684605
0.297331 0.187759 0.51491
0.588138 0.0757763 0.336086
0.425607 0.0652025 0.509191
0.140368 0.738485 0.121146
0.236131 0.338332 0.425536
0.197202 0.668592 0.134206
0.132326 0.0395983 0.828076
0.195194 0.464217 0.340589
0.116472 0.795351 0.0881772
0.17554 0.129067 0.695393


5 4 34
33 5 34
3 1 35
4 3 35
34 4 35
17 2 40
0 16 41
21 20 42
10 9 44
29 28 44
9 8 45
30 29 45
29 44 45
44 9 45
23 22 46
43 23 46
14 13 47
15 14 47
43 15 47
13 12 48
47 13 48
11 10 49
10 44 49
28 27 49
44 28 49
16 15 50
15 43 50
41 16 50
43 46 50
46 41 50
48 12 51
12 11 51
11 49 51
26 25 52
47 48 52
48 51 52
19 18 53
18 39 53
39 38 53
21 42 54
22 21 54
46 22 54
41 46 54
36 0 55
0 41 55
37 36 55
41 54 55
54 42 55
38 37 56
53 38 56
37 55 56
55 42 56
7 6 57
6 32 57
31 7 57
32 31 57
24 23 58
23 43 58
43 47 58
25 24 58
52 25 58
47 52 58
8 7 59
7 31 59
31 30 59
30 45 59
45 8 59
18 17 60
17 40 60
39 18 60
40 39 60
27 26 61
49 27 61
51 49 61
26 52 61
52 51 61
6 5 62
5 33 62
32 6 62
33 32 62
20 19 63
19 53 63
53 56 63
42 20 63
56 42 63
