34
1 0 0
0 1 0
0 0 1
0.0666666 0.933333 0
0.133333 0.866667 0
0.2 0.8 0
0.266667 0.733333 0
0.333333 0.666667 0
0.4 0.6 0
0.466667 0.533333 0
0.533333 0.466667 0
0.6 0.4 0
0.666667 0.333333 0
0.733333 0.266667 0
0.8 0.2 0
0.866667 0.133333 0
0.933333 0.0666667 0
0 0.5 0.5
0.941176 0 0.0588235
0.882353 0 0.117647
0.823529 0 0.176471
0.764706 0 0.235294
0.705882 0 0.294118
0.647059 0 0.352941
0.588235 0 0.411765
0.529412 0 0.470588
0.470588 0 0.529412
0.411765 0 0.588235
0.352941 0 0.647059
0.294118 0 0.705882
0.235294 0 0.764706
0.176471 0 0.823529
0.117647 0 0.882353
0.0588235 0 0.941177


0 16 18
16 15 19
18 16 19
15 14 20
19 15 20
14 13 21
20 14 21
13 12 22
21 13 22
12 11 23
22 12 23
11 10 24
23 11 24
10 9 25
24 10 25
9 8 26
25 9 26
8 7 27
26 8 27
7 6 28
27 7 28
6 5 29
28 6 29
5 4 30
29 5 30
4 3 31
30 4 31
3 1 32
31 3 32
1 17 32
17 2 33
32 17 33
