45
1 0 0
0 1 0
0 0 1
0.0666667 0.933333 0
0.133333 0.866667 0
0.2 0.8 0
0.266667 0.733333 0
0.333333 0.666667 0
0.4 0.6 0
0.466667 0.533333 0
0.533333 0.466667 0
0.6 0.4 0
0.666667 0.333333 0
0.733333 0.266667 0
0.8 0.2 0
0.866667 0.133333 0
0.933333 0.0666667 0
0 0.5 0.5
0.933333 0 0.0666667
0.866667 0 0.133333
0.8 0 0.2
0.733333 0 0.266667
0.666667 0 0.333333
0.6 0 0.4
0.533333 0 0.466667
0.466667 0 0.533333
0.4 0 0.6
0.333333 0 0.666667
0.266667 0 0.733333
0.2 0 0.8
0.133333 0 0.866667
0.0666667 0 0.933333
0.0994826 0.460823 0.439695
0.162608 0.556692 0.2807
0.041459 0.329967 0.628574
0.495477 0.247416 0.257108
0.565736 0.221 0.213264
0.224153 0.383694 0.392152
0.416738 0.291214 0.292047
0.294617 0.33471 0.370673
0.632328 0.184438 0.183235
0.040051 0.687438 0.272511
0.357805 0.322686 0.319509
0.162803 0.26841 0.568787
0.699669 0.149871 0.15046


0 16 18
16 15 19
18 16 19
15 14 20
19 15 20
14 13 21
20 14 21
4 3 32
31 30 32
5 4 33
4 32 33
17 2 34
2 31 34
31 32 34
10 9 35
9 25 35
24 10 35
25 24 35
11 10 36
10 24 36
23 11 36
24 23 36
6 5 37
29 28 37
5 33 37
9 8 38
25 9 38
26 25 38
7 6 39
28 27 39
6 37 39
37 28 39
12 11 40
11 23 40
22 12 40
23 22 40
3 1 41
1 17 41
17 34 41
32 3 41
34 32 41
8 7 42
38 8 42
27 26 42
26 38 42
7 39 42
39 27 42
30 29 43
32 30 43
33 32 43
29 37 43
37 33 43
13 12 44
12 22 44
21 13 44
22 21 44
