174
1 0 0
0 1 0
0 0 1
0.0666666 0.933333 0
0.133333 0.866667 0
0.2 0.8 0
0.266667 0.733333 0
0.333333 0.666667 0
0.4 0.6 0
0.466667 0.533333 0
0.533333 0.466667 0
0.6 0.4 0
0.666667 0.333333 0
0.733333 0.266667 0
0.8 0.2 0
0.866667 0.133333 0
0.933333 0.0666667 0
0 0.05 0.95
0 0.1 0.9
0 0.15 0.85
0 0.2 0.8
0 0.25 0.75
0 0.3 0.7
0 0.35 0.65
0 0.4 0.6
0 0.45 0.55
0 0.5 0.5
0 0.55 0.45
0 0.6 0.4
0 0.65 0.35
0 0.7 0.3
0 0.75 0.25
0 0.8 0.2
0 0.85 0.15
0 0.9 0.1
0 0.95 0.05
0.941176 0 0.0588235
0.882353 0 0.117647
0.823529 0 0.176471
0.764706 0 0.235294
0.705882 0 0.294118
0.647059 0 0.352941
0.588235 0 0.411765
0.529412 0 0.470588
0.470588 0 0.529412
0.411765 0 0.588235
0.352941 0 0.647059
0.294118 0 0.705882
0.235294 0 0.764706
0.176471 0 0.823529
0.117647 0 0.882353
0.0588235 0 0.941176
0.633652 0.118646 0.247702
0.0977334 0.498417 0.40385
0.27918 0.130366 0.590455
0.146116 0.61605 0.237834
0.496806 0.401587 0.101607
0.802868 0.0595431 0.137589
0.438161 0.0586953 0.503143
0.65517 0.269656 0.0751741
0.0548832 0.334044 0.611073
0.67241 0.131881 0.195709
0.760616 0.179957 0.0594267
0.732062 0.123466 0.144471
0.391387 0.255696 0.352917
0.666943 0.0580586 0.274998
0.166428 0.250739 0.582833
0.0429567 0.297932 0.659112
0.274367 0.635819 0.0898137
0.0612563 0.138544 0.800199
0.818376 0.144638 0.0369853
0.322285 0.526797 0.150918
0.929824 0.0364599 0.0337162
0.390924 0.124434 0.484642
0.186432 0.335157 0.478411
0.50013 0.231455 0.268416
0.281003 0.510009 0.208988
0.167542 0.547407 0.285052
0.118314 0.400643 0.481043
0.342691 0.576253 0.0810564
0.579871 0.339303 0.0808266
0.551178 0.0712016 0.37762
0.156772 0.18422 0.659007
0.26183 0.599183 0.138987
0.253246 0.247678 0.499075
0.206319 0.672011 0.121669
0.341492 0.0558608 0.602647
0.588072 0.24558 0.166348
0.085761 0.369783 0.544456
0.118253 0.133475 0.748271
0.556447 0.171029 0.272524
0.476694 0.198042 0.325264
0.331913 0.264634 0.403453
0.165564 0.773916 0.06052
0.587458 0.195115 0.217427
0.65671 0.181452 0.161838
0.441379 0.396455 0.162165
0.0751465 0.836561 0.0882921
0.240107 0.396096 0.363797
0.163861 0.416037 0.420101
0.0816854 0.783437 0.134878
0.451957 0.340784 0.207259
0.869781 0.0888922 0.0413264
0.3934 0.513837 0.0927629
0.275174 0.0670916 0.657734
0.12882 0.706566 0.164614
0.0898637 0.690802 0.219334
0.235296 0.0472275 0.717476
0.491144 0.130872 0.377984
0.493368 0.278501 0.228131
0.236613 0.210595 0.552791
0.409564 0.289306 0.30113
0.107746 0.193063 0.699191
0.471114 0.472854 0.0560328
0.180369 0.47682 0.342812
0.489745 0.0713809 0.438874
0.0499334 0.248621 0.701446
0.56891 0.115453 0.315637
0.791716 0.118901 0.0893823
0.728902 0.066491 0.204607
0.608813 0.357325 0.0338613
0.0649217 0.889487 0.0455912
0.521585 0.324856 0.153558
0.105629 0.25512 0.639251
0.425166 0.142309 0.432524
0.133457 0.0686214 0.797922
0.327078 0.417895 0.255027
0.0533289 0.0484232 0.898248
0.869505 0.0493365 0.0811585
0.319913 0.323739 0.356348
0.689962 0.202382 0.107657
0.339258 0.204476 0.456266
0.0896794 0.608826 0.301495
0.245994 0.697097 0.0569087
0.0590233 0.0910278 0.849949
0.223725 0.134895 0.64138
0.393534 0.392342 0.214123
0.104948 0.54808 0.346973
0.0531625 0.437325 0.509512
0.111897 0.304963 0.58314
0.0580112 0.750897 0.191092
0.411493 0.460934 0.127573
0.411906 0.196413 0.391681
0.310143 0.168132 0.521725
0.0538019 0.194579 0.75162
0.248745 0.33708 0.414175
0.415405 0.541664 0.0429312
0.616747 0.0439066 0.339346
0.245625 0.494446 0.25993
0.260137 0.435288 0.304575
0.0725356 0.469448 0.458017
0.395408 0.344294 0.260298
0.604156 0.277182 0.118662
0.1751 0.290378 0.534521
0.227904 0.565447 0.206649
0.72199 0.234282 0.0437276
0.0478918 0.555763 0.396345
0.324189 0.632132 0.0436785
0.545131 0.410641 0.0442278
0.0579459 0.668366 0.273689
0.34583 0.456146 0.198025
0.177901 0.071683 0.750416
0.129266 0.833486 0.0372489
0.269554 0.278949 0.451497
0.196137 0.195273 0.60859
0.356029 0.0967448 0.547226
0.182447 0.638472 0.179081
0.110009 0.039544 0.850447
0.159794 0.732919 0.107287
0.185754 0.117373 0.696873
0.404963 0.0394155 0.555621
0.0449792 0.598862 0.356159
0.321031 0.369648 0.30932
0.664917 0.298837 0.0362458


3 1 35
17 2 51
38 37 57
44 43 58
24 23 60
40 39 65
23 22 67
60 23 67
20 19 69
15 14 70
14 62 70
0 16 72
36 0 72
71 79 83
79 68 83
83 68 85
46 45 86
25 24 88
24 60 88
74 78 88
90 75 91
6 5 93
52 61 94
90 52 94
75 90 94
61 63 95
87 94 95
94 61 95
34 33 97
78 74 99
33 32 100
97 33 100
93 97 100
16 15 102
15 70 102
72 16 102
79 71 103
47 46 104
46 86 104
86 54 104
48 47 107
47 104 107
75 94 109
94 87 109
64 91 111
91 75 111
75 109 111
10 9 113
53 99 114
99 98 114
43 42 115
42 81 115
58 43 115
73 58 115
81 108 115
22 21 116
67 22 116
65 52 117
52 90 117
108 81 117
90 91 117
91 108 117
70 62 118
63 57 118
102 70 118
39 38 119
38 57 119
57 63 119
63 61 119
65 39 119
61 52 119
52 65 119
12 11 120
4 3 121
3 35 121
35 34 121
34 97 121
80 56 122
56 96 122
96 101 122
101 109 122
109 87 122
60 67 123
67 116 123
112 82 123
116 112 123
73 115 124
115 108 124
49 48 125
89 69 125
18 17 127
17 51 127
51 50 127
37 36 128
36 72 128
57 37 128
72 102 128
102 118 128
118 57 128
92 64 129
64 111 129
95 63 130
87 95 130
63 118 130
118 62 130
73 124 131
77 55 132
7 6 133
85 68 133
6 93 133
69 19 134
125 69 134
19 18 134
18 127 134
104 54 135
101 96 136
53 114 137
114 77 137
77 132 137
26 25 138
25 88 138
88 78 138
88 60 139
60 123 139
123 66 139
100 32 140
105 100 140
32 31 140
31 106 140
106 105 140
103 71 141
96 56 141
56 113 141
113 103 141
91 64 142
108 91 142
64 92 142
124 108 142
92 131 142
131 124 142
110 54 143
84 110 143
131 84 143
73 131 143
20 69 144
69 89 144
21 20 144
89 112 144
112 116 144
116 21 144
98 99 145
99 74 145
92 129 145
129 98 145
9 8 146
8 79 146
79 103 146
103 113 146
113 9 146
41 40 147
40 65 147
42 41 147
81 42 147
65 117 147
117 81 147
77 114 148
114 98 149
126 148 149
148 114 149
27 26 150
53 27 150
78 99 150
99 53 150
26 138 150
138 78 150
109 101 151
111 109 151
101 136 151
136 126 151
59 80 152
80 122 152
122 87 152
87 130 152
130 59 152
66 110 153
110 84 153
139 66 153
84 74 153
74 88 153
88 139 153
55 77 154
76 71 154
71 83 154
77 148 154
148 76 154
14 13 155
62 14 155
59 130 155
130 62 155
28 27 156
27 53 156
53 137 156
8 7 157
79 8 157
68 79 157
7 133 157
133 68 157
11 10 158
10 113 158
113 56 158
120 11 158
56 80 158
80 120 158
31 30 159
106 31 159
30 29 159
29 132 159
55 106 159
132 55 159
126 136 160
71 76 160
141 71 160
136 96 160
96 141 160
76 148 160
148 126 160
48 107 161
125 48 161
89 125 161
5 4 162
93 5 162
97 93 162
4 121 162
121 97 162
84 131 163
131 92 163
74 84 163
145 74 163
92 145 163
110 66 164
66 123 164
123 82 164
54 110 164
135 54 164
82 135 164
58 73 165
54 86 165
73 143 165
143 54 165
83 85 166
85 105 166
105 106 166
106 55 166
55 154 166
154 83 166
50 49 167
49 125 167
125 134 167
127 50 167
134 127 167
93 100 168
100 105 168
105 85 168
85 133 168
133 93 168
82 112 169
112 89 169
135 82 169
107 104 169
104 135 169
161 107 169
89 161 169
45 44 170
44 58 170
58 165 170
86 45 170
165 86 170
29 28 171
132 29 171
137 132 171
28 156 171
156 137 171
98 129 172
149 98 172
129 111 172
111 151 172
126 149 172
151 126 172
13 12 173
12 120 173
80 59 173
120 80 173
59 155 173
155 13 173
