123
1 0 0
0 1 0
0 0 1
0.0666666 0.933333 0
0.133333 0.866667 0
0.2 0.8 0
0.266667 0.733333 0
0.333333 0.666667 0
0.4 0.6 0
0.466667 0.533333 0
0.533333 0.466667 0
0.6 0.4 0
0.666667 0.333333 0
0.733333 0.266667 0
0.8 0.2 0
0.866667 0.133333 0
0.933333 0.0666667 0
0 0.05 0.95
0 0.1 0.9
0 0.15 0.85
0 0.2 0.8
0 0.25 0.75
0 0.3 0.7
0 0.35 0.65
0 0.4 0.6
0 0.45 0.55
0 0.5 0.5
0 0.55 0.45
0 0.6 0.4
0 0.65 0.35
0 0.7 0.3
0 0.75 0.25
0 0.8 0.2
0 0.85 0.15
0 0.9 0.1
0 0.95 0.05
0.909091 0 0.0909091
0.818182 0 0.181818
0.727273 0 0.272727
0.636364 0 0.363636
0.545455 0 0.454545
0.454545 0 0.545455
0.363636 0 0.636364
0.272727 0 0.727273
0.181818 0 0.818182
0.0909091 0 0.909091
0.637026 0.111161 0.251813
0.10253 0.49144 0.40603
0.29901 0.124845 0.576144
0.158733 0.601856 0.239411
0.502013 0.404158 0.0938281
0.787346 0.0592134 0.15344
0.420065 0.0608354 0.5191
0.66418 0.258166 0.077654
0.732961 0.182664 0.0843748
0.733601 0.122237 0.144161
0.394988 0.254234 0.350777
0.633708 0.0605797 0.305713
0.171552 0.241317 0.587131
0.279074 0.636994 0.083932
0.286086 0.531304 0.18261
0.411645 0.116881 0.471474
0.19082 0.331111 0.478069
0.509354 0.226279 0.264367
0.179925 0.541063 0.279012
0.12112 0.397101 0.48178
0.588616 0.332951 0.0784331
0.872199 0.0559717 0.0718296
0.542831 0.0708782 0.386291
0.171977 0.183822 0.644201
0.24814 0.251868 0.499992
0.336016 0.0576809 0.606303
0.569986 0.254151 0.175863
0.281935 0.483687 0.234378
0.0753873 0.370671 0.553942
0.136179 0.132132 0.731689
0.594648 0.164543 0.240809
0.1621 0.770516 0.0673832
0.635633 0.189528 0.174839
0.0898434 0.839041 0.0711156
0.217074 0.38243 0.400496
0.442082 0.333149 0.224769
0.107463 0.303772 0.588764
0.243234 0.0573593 0.699407
0.146471 0.692465 0.161064
0.424011 0.292373 0.283616
0.362384 0.223789 0.413827
0.229321 0.112547 0.658131
0.454339 0.380082 0.165579
0.110289 0.444448 0.445263
0.513031 0.121835 0.365134
0.0593926 0.895796 0.0448117
0.14218 0.0650384 0.792782
0.0811098 0.252615 0.666276
0.401496 0.51374 0.0847638
0.284539 0.580601 0.134859
0.335128 0.416159 0.248712
0.20088 0.482932 0.316188
0.480109 0.452067 0.0678242
0.277 0.185809 0.537191
0.223542 0.704212 0.0722456
0.106878 0.748074 0.145049
0.0852097 0.670398 0.244392
0.0770016 0.202306 0.720692
0.829162 0.110649 0.0601896
0.0821046 0.591867 0.326029
0.368827 0.572709 0.0584649
0.544112 0.310934 0.144954
0.301463 0.322106 0.376431
0.290942 0.280311 0.428747
0.0776634 0.0467857 0.875551
0.0695564 0.801351 0.129092
0.0894201 0.542973 0.367607
0.511132 0.0497021 0.439166
0.32828 0.362418 0.309303
0.386874 0.457104 0.156022
0.382503 0.176619 0.440878
0.728156 0.0478387 0.224005
0.221713 0.429738 0.348549
0.483241 0.180003 0.336756
0.19352 0.636018 0.170462
0.585511 0.37195 0.0425383
0.0685502 0.124114 0.807335


3 1 35
17 2 45
27 26 47
37 36 51
41 40 52
14 13 53
15 14 54
14 53 54
46 51 55
39 38 57
8 7 59
48 52 61
60 49 64
13 12 66
53 13 66
0 16 67
36 0 67
51 36 67
55 51 67
39 57 68
42 41 71
41 52 71
52 48 71
54 53 72
60 64 73
24 23 74
25 24 74
65 25 74
62 65 74
46 55 76
6 5 77
55 54 78
76 55 78
54 72 78
72 63 78
63 76 78
5 4 79
34 33 79
77 5 79
65 62 80
23 22 82
74 23 82
58 70 82
70 62 82
62 74 82
43 42 83
42 71 83
56 63 85
63 72 85
72 81 85
48 69 87
69 75 87
71 48 87
75 83 87
83 71 87
66 50 88
26 25 89
25 65 89
47 26 89
65 80 89
57 46 90
68 57 90
61 68 90
4 3 91
3 35 91
35 34 91
34 79 91
79 4 91
83 75 92
44 43 92
43 83 92
22 21 93
69 58 93
58 82 93
82 22 93
10 9 94
49 60 95
60 94 95
81 88 96
73 64 97
96 73 97
11 10 98
50 11 98
10 94 98
48 61 99
58 69 99
69 48 99
70 58 99
7 6 100
6 77 100
59 7 100
84 59 100
32 31 101
31 84 101
84 100 101
100 77 101
30 29 102
29 49 102
31 30 102
84 31 102
21 20 103
20 75 103
75 69 103
69 93 103
93 21 103
15 54 104
54 55 104
16 15 104
67 16 104
55 67 104
29 28 105
49 29 105
64 49 105
9 8 106
8 59 106
59 95 106
94 9 106
95 94 106
53 66 107
72 53 107
81 72 107
66 88 107
88 81 107
80 62 108
56 85 108
86 56 109
62 70 109
70 86 109
56 108 109
108 62 109
18 17 110
17 45 110
45 44 110
44 92 110
92 18 110
33 32 111
77 79 111
79 33 111
32 101 111
101 77 111
28 27 112
27 47 112
47 97 112
97 64 112
64 105 112
105 28 112
40 39 113
39 68 113
52 40 113
61 52 113
68 61 113
81 96 114
80 108 114
85 81 114
108 85 114
88 50 115
73 96 115
96 88 115
60 73 115
50 98 115
94 60 115
98 94 115
61 90 116
99 61 116
86 70 116
70 99 116
38 37 117
57 38 117
37 51 117
51 46 117
46 57 117
47 89 118
97 47 118
89 80 118
96 97 118
114 96 118
80 114 118
63 56 119
76 63 119
56 86 119
46 76 119
90 46 119
86 116 119
116 90 119
59 84 120
95 59 120
49 95 120
102 49 120
84 102 120
12 11 121
11 50 121
50 66 121
66 12 121
20 19 122
75 20 122
19 18 122
18 92 122
92 75 122
