156
1 0 0
0 1 0
0 0 1
0.0666666 0.933333 0
0.133333 0.866667 0
0.2 0.8 0
0.266667 0.733333 0
0.333333 0.666667 0
0.4 0.6 0
0.466667 0.533333 0
0.533333 0.466667 0
0.6 0.4 0
0.666667 0.333333 0
0.733333 0.266667 0
0.8 0.2 0
0.866667 0.133333 0
0.933333 0.0666667 0
0 0.05 0.95
0 0.1 0.9
0 0.15 0.85
0 0.2 0.8
0 0.25 0.75
0 0.3 0.7
0 0.35 0.65
0 0.4 0.6
0 0.45 0.55
0 0.5 0.5
0 0.55 0.45
0 0.6 0.4
0 0.65 0.35
0 0.7 0.3
0 0.75 0.25
0 0.8 0.2
0 0.85 0.15
0 0.9 0.1
0 0.95 0.05
0.933333 0 0.0666667
0.866667 0 0.133333
0.8 0 0.2
0.733333 0 0.266667
0.666667 0 0.333333
0.6 0 0.4
0.533333 0 0.466667
0.466667 0 0.533333
0.4 0 0.6
0.333333 0 0.666667
0.266667 0 0.733333
0.2 0 0.8
0.133333 0 0.866667
0.0666667 0 0.933333
0.80649 0.0333826 0.160127
0.649824 0.101856 0.24832
0.0956028 0.496932 0.407465
0.290826 0.12771 0.581464
0.14551 0.614494 0.239996
0.504695 0.395018 0.100288
0.441524 0.0574902 0.500986
0.641056 0.281698 0.0772456
0.661828 0.139568 0.198604
0.758947 0.17123 0.0698231
0.746031 0.125298 0.128671
0.397589 0.255047 0.347364
0.659148 0.0518411 0.289011
0.171992 0.254331 0.573678
0.269714 0.637213 0.0930734
0.06438 0.140338 0.795282
0.3206 0.523971 0.155429
0.375017 0.125254 0.499729
0.181721 0.329571 0.488708
0.48585 0.230606 0.283544
0.175936 0.534874 0.289189
0.136176 0.389552 0.474273
0.327886 0.576898 0.0952166
0.58718 0.335559 0.077261
0.894991 0.0435339 0.0614749
0.551867 0.0683053 0.379827
0.137263 0.189922 0.672815
0.248355 0.253444 0.498201
0.197623 0.685575 0.116803
0.322081 0.0587256 0.619193
0.587253 0.253915 0.158832
0.27948 0.488792 0.231728
0.081017 0.378726 0.540257
0.07533 0.326287 0.598383
0.13429 0.132499 0.733211
0.571003 0.165269 0.263728
0.166542 0.762838 0.0706198
0.661578 0.183443 0.154979
0.0755074 0.83677 0.087723
0.228025 0.395632 0.376342
0.142103 0.431822 0.426075
0.0753451 0.788879 0.135776
0.434111 0.33894 0.226949
0.816291 0.0669097 0.116799
0.40515 0.515418 0.0794322
0.265104 0.0489091 0.685987
0.0779417 0.694718 0.22734
0.495733 0.120937 0.383329
0.497639 0.277923 0.224438
0.413579 0.296096 0.290325
0.719511 0.0457552 0.234734
0.358568 0.223759 0.417673
0.492186 0.455889 0.0519247
0.222472 0.115925 0.661603
0.236197 0.608861 0.154943
0.181564 0.467091 0.351346
0.436264 0.390382 0.173354
0.317176 0.287598 0.395225
0.488035 0.0728555 0.43911
0.473948 0.180496 0.345556
0.577797 0.380007 0.0421956
0.0651875 0.888939 0.0458738
0.52773 0.321793 0.150477
0.093368 0.265764 0.640868
0.129485 0.0768702 0.793645
0.345039 0.408407 0.246553
0.056076 0.0481929 0.895731
0.31849 0.332242 0.349268
0.273139 0.189066 0.537796
0.254488 0.691361 0.0541512
0.672271 0.222527 0.105202
0.0594383 0.24294 0.697622
0.0584294 0.0928037 0.848767
0.57222 0.108784 0.318997
0.834768 0.106993 0.0582389
0.0666931 0.193367 0.739939
0.0628181 0.650161 0.287021
0.0803459 0.595874 0.32378
0.0643683 0.441041 0.49459
0.0556561 0.753462 0.190882
0.570613 0.211946 0.217441
0.36027 0.450622 0.189109
0.416805 0.456744 0.126451
0.147786 0.309306 0.542908
0.4221 0.151934 0.425966
0.335663 0.190537 0.4738
0.0893032 0.541337 0.36936
0.230267 0.557921 0.211812
0.393372 0.565549 0.0410796
0.724589 0.229696 0.0457155
0.252205 0.458125 0.28967
0.361005 0.353258 0.285736
0.330669 0.624936 0.044395
0.740807 0.0737524 0.18544
0.124481 0.725809 0.14971
0.267851 0.284183 0.447965
0.154985 0.664734 0.180282
0.200821 0.190069 0.60911
0.228466 0.34995 0.421584
0.0568374 0.486702 0.456461
0.280115 0.399936 0.319948
0.196151 0.0651417 0.738707
0.37411 0.0697101 0.55618
0.611396 0.044689 0.343915
0.115321 0.0413422 0.843337
0.130965 0.831108 0.037927


3 1 35
17 2 49
38 37 50
43 42 56
13 12 57
15 14 59
40 39 62
20 19 65
57 12 73
0 16 74
36 0 74
37 36 74
45 44 79
25 24 82
68 71 82
24 23 83
82 24 83
51 58 85
6 5 86
58 60 87
60 59 87
34 33 88
33 32 91
88 33 91
86 88 91
50 37 93
37 74 93
72 66 94
46 45 95
45 79 95
31 30 96
61 69 99
69 98 99
98 92 99
39 38 100
51 62 100
62 39 100
11 10 102
10 9 102
9 94 102
79 53 103
95 79 103
76 84 103
72 64 104
66 72 104
64 78 104
52 90 105
90 89 105
101 61 107
42 41 108
41 75 108
56 42 108
67 56 108
75 97 108
69 61 109
85 69 109
61 101 109
12 11 110
73 12 110
55 73 110
11 102 110
102 55 110
4 3 111
3 35 111
35 34 111
34 88 111
57 73 112
80 57 112
92 98 112
98 80 112
73 55 112
55 106 112
106 92 112
23 22 113
83 23 113
63 83 113
84 65 114
92 106 115
18 17 116
17 49 116
49 48 116
61 99 117
107 61 117
77 63 118
53 67 118
7 6 119
78 64 119
6 86 119
86 78 119
87 59 120
57 80 120
80 87 120
22 21 121
113 22 121
76 113 121
19 18 122
65 19 122
114 65 122
18 116 122
62 51 123
51 85 123
97 75 123
85 109 123
109 97 123
16 15 124
74 16 124
15 59 124
59 60 124
60 93 124
93 74 124
21 20 125
20 65 125
65 84 125
121 21 125
84 76 125
76 121 125
30 29 126
54 96 126
96 30 126
29 28 127
126 29 127
70 54 127
54 126 127
26 25 128
25 82 128
82 71 128
71 90 128
32 31 129
31 96 129
91 32 129
87 80 130
85 58 130
58 87 130
69 85 130
98 69 130
80 98 130
66 81 131
81 115 131
115 106 131
55 102 132
102 94 132
94 66 132
66 131 132
106 55 132
131 106 132
63 77 133
77 68 133
83 63 133
68 82 133
82 83 133
67 108 134
108 97 134
97 109 134
109 101 134
101 77 135
77 118 135
134 101 135
118 67 135
67 134 135
28 27 136
27 52 136
52 105 136
105 70 136
127 28 136
70 127 136
81 66 137
54 70 137
70 81 137
66 104 137
104 54 137
9 8 138
72 94 138
94 9 138
14 13 139
59 14 139
120 59 139
13 57 139
57 120 139
81 70 140
70 105 140
115 81 140
99 92 141
92 115 141
117 99 141
8 7 142
7 119 142
119 64 142
138 8 142
64 72 142
72 138 142
60 58 143
50 93 143
93 60 143
38 50 143
100 38 143
58 51 143
51 100 143
78 86 144
86 91 144
91 129 144
129 96 144
68 77 145
77 101 145
101 107 145
104 78 146
96 54 146
54 104 146
78 144 146
144 96 146
76 103 147
103 53 147
63 113 147
113 76 147
118 63 147
53 118 147
71 68 148
89 90 148
90 71 148
107 117 148
117 89 148
68 145 148
145 107 148
27 26 149
52 27 149
26 128 149
90 52 149
128 90 149
105 89 150
140 105 150
89 117 150
117 141 150
115 140 150
141 115 150
95 103 151
103 84 151
47 46 151
114 47 151
46 95 151
84 114 151
56 67 152
67 53 152
44 43 152
79 44 152
43 56 152
53 79 152
41 40 153
75 41 153
40 62 153
62 123 153
123 75 153
48 47 154
47 114 154
114 122 154
116 48 154
122 116 154
5 4 155
86 5 155
88 86 155
4 111 155
111 88 155
