50
1 0 0
0 1 0
0 0 1
0.0666666 0.933333 0
0.133333 0.866667 0
0.2 0.8 0
0.266667 0.733333 0
0.333333 0.666667 0
0.4 0.6 0
0.466667 0.533333 0
0.533333 0.466667 0
0.6 0.4 0
0.666667 0.333333 0
0.733333 0.266667 0
0.8 0.2 0
0.866667 0.133333 0
0.933333 0.0666667 0
0 0.333333 0.666667
0 0.666667 0.333333
0.941176 0 0.0588235
0.882353 0 0.117647
0.823529 0 0.176471
0.764706 0 0.235294
0.705882 0 0.294118
0.647059 0 0.352941
0.588235 0 0.411765
0.529412 0 0.470588
0.470588 0 0.529412
0.411765 0 0.588235
0.352941 0 0.647059
0.294118 0 0.705882
0.235294 0 0.764706
0.176471 0 0.823529
0.117647 0 0.882353
0.0588235 0 0.941177
0.103954 0.425482 0.470565
0.0544471 0.33419 0.611363
0.395165 0.314202 0.290633
0.172957 0.294611 0.532431
0.329016 0.373848 0.297136
0.451818 0.286513 0.261669
0.582972 0.227732 0.189296
0.535257 0.252547 0.212195
0.654002 0.183605 0.162394
0.216498 0.416269 0.367233
0.291836 0.259855 0.448309
0.136723 0.603816 0.259461
0.0448338 0.670163 0.285004
0.259197 0.530098 0.210705
0.717368 0.149514 0.133118


0 16 19
16 15 20
19 16 20
15 14 21
20 15 21
14 13 22
21 14 22
17 2 34
33 32 35
18 17 36
17 34 36
34 33 36
33 35 36
8 7 37
28 27 37
32 31 38
35 32 38
7 6 39
29 28 39
28 37 39
37 7 39
9 8 40
26 9 40
27 26 40
8 37 40
37 27 40
11 10 41
24 11 41
25 24 41
10 9 42
9 26 42
26 25 42
25 41 42
41 10 42
12 11 43
11 24 43
23 12 43
24 23 43
5 4 44
31 30 44
38 31 44
30 29 45
29 39 45
44 30 45
4 3 46
3 35 46
35 38 46
38 44 46
44 4 46
3 1 47
35 3 47
1 18 47
18 36 47
36 35 47
6 5 48
39 6 48
45 39 48
5 44 48
44 45 48
13 12 49
12 23 49
22 13 49
23 22 49
