38
1 0 0
0 1 0
0 0 1
0.0666667 0.933333 0
0.133333 0.866667 0
0.2 0.8 0
0.266667 0.733333 0
0.333333 0.666667 0
0.4 0.6 0
0.466667 0.533333 0
0.533333 0.466667 0
0.6 0.4 0
0.666667 0.333333 0
0.733333 0.266667 0
0.8 0.2 0
0.866667 0.133333 0
0.933333 0.0666667 0
0 0.25 0.75
0 0.5 0.5
0 0.75 0.25
0.947368 0 0.0526316
0.894737 0 0.105263
0.842105 0 0.157895
0.789474 0 0.210526
0.736842 0 0.263158
0.684211 0 0.315789
0.631579 0 0.368421
0.578947 0 0.421053
0.526316 0 0.473684
0.473684 0 0.526316
0.421053 0 0.578947
0.368421 0 0.631579
0.315789 0 0.684211
0.263158 0 0.736842
0.210526 0 0.789474
0.157895 0 0.842105
0.105263 0 0.894737
0.0526316 0 0.947368


0 16 20
16 15 21
20 16 21
15 14 22
21 15 22
14 13 23
22 14 23
13 12 24
23 13 24
12 11 25
24 12 25
11 10 26
25 11 26
10 9 27
26 10 27
9 8 28
27 9 28
8 7 29
28 8 29
7 6 30
29 7 30
6 5 31
30 6 31
5 4 32
31 5 32
4 3 33
32 4 33
3 1 34
33 3 34
1 19 34
19 18 35
34 19 35
18 17 36
35 18 36
17 2 37
36 17 37
