57
1 0 0
0 1 0
0 0 1
0.0666666 0.933333 0
0.133333 0.866667 0
0.2 0.8 0
0.266667 0.733333 0
0.333333 0.666667 0
0.4 0.6 0
0.466667 0.533333 0
0.533333 0.466667 0
0.6 0.4 0
0.666667 0.333333 0
0.733333 0.266667 0
0.8 0.2 0
0.866667 0.133333 0
0.933333 0.0666667 0
0 0.25 0.75
0 0.5 0.5
0 0.75 0.25
0.928571 0 0.0714286
0.857143 0 0.142857
0.785714 0 0.214286
0.714286 0 0.285714
0.642857 0 0.357143
0.571429 0 0.428571
0.5 0 0.5
0.428571 0 0.571429
0.357143 0 0.642857
0.285714 0 0.714286
0.214286 0 0.785714
0.142857 0 0.857143
0.0714287 0 0.928571
0.103699 0.462083 0.434218
0.158441 0.588866 0.252694
0.48541 0.366378 0.148212
0.0512662 0.373209 0.575525
0.678207 0.152632 0.169161
0.742508 0.123555 0.133936
0.388036 0.217649 0.394316
0.170404 0.271349 0.558246
0.0463853 0.161263 0.792351
0.28692 0.499943 0.213137
0.0468073 0.62467 0.328523
0.25834 0.239192 0.502468
0.604469 0.200957 0.194574
0.459764 0.200392 0.339844
0.103463 0.209903 0.686634
0.217169 0.433196 0.349634
0.227026 0.609383 0.163591
0.340486 0.374757 0.284758
0.421839 0.39753 0.180631
0.826382 0.0862794 0.0873385
0.0932312 0.715816 0.190953
0.532871 0.219033 0.248096
0.322639 0.146528 0.530833
0.0369533 0.832479 0.130568


0 16 20
16 15 21
20 16 21
5 4 34
10 9 35
18 17 36
13 12 37
24 23 37
14 13 38
22 14 38
23 22 38
13 37 38
37 23 38
28 27 39
31 30 40
34 33 40
17 2 41
2 32 41
36 17 41
7 6 42
19 18 43
18 36 43
36 33 43
30 29 44
40 30 44
12 11 45
25 24 45
24 37 45
37 12 45
27 26 46
39 27 46
32 31 47
31 40 47
33 36 47
36 41 47
41 32 47
40 33 47
34 40 48
40 44 48
44 42 48
6 5 49
5 34 49
34 48 49
42 6 49
48 42 49
8 7 50
7 42 50
42 44 50
9 8 51
35 9 51
39 46 51
46 35 51
8 50 51
50 39 51
15 14 52
14 22 52
21 15 52
22 21 52
33 34 53
34 4 53
4 3 53
43 33 53
11 10 54
45 11 54
26 25 54
25 45 54
10 35 54
35 46 54
46 26 54
29 28 55
28 39 55
39 50 55
44 29 55
50 44 55
3 1 56
1 19 56
19 43 56
43 53 56
53 3 56
