53
1 0 0
0 1 0
0 0 1
0.0666666 0.933333 0
0.133333 0.866667 0
0.2 0.8 0
0.266667 0.733333 0
0.333333 0.666667 0
0.4 0.6 0
0.466667 0.533333 0
0.533333 0.466667 0
0.6 0.4 0
0.666667 0.333333 0
0.733333 0.266667 0
0.8 0.2 0
0.866667 0.133333 0
0.933333 0.0666667 0
0 0.25 0.75
0 0.5 0.5
0 0.75 0.25
0.923077 0 0.0769231
0.846154 0 0.153846
0.769231 0 0.230769
0.692308 0 0.307692
0.615385 0 0.384615
0.538462 0 0.461538
0.461538 0 0.538462
0.384615 0 0.615385
0.307692 0 0.692308
0.230769 0 0.769231
0.153846 0 0.846154
0.0769231 0 0.923077
0.0935273 0.489042 0.417431
0.29789 0.177511 0.5246
0.677203 0.146252 0.176545
0.737329 0.122102 0.140568
0.381733 0.22053 0.397737
0.166459 0.271058 0.562483
0.0720142 0.235103 0.692883
0.470728 0.203165 0.326106
0.261128 0.481341 0.257531
0.545582 0.217979 0.236439
0.141094 0.427764 0.431141
0.0699764 0.685531 0.244492
0.331402 0.401574 0.267024
0.238605 0.235752 0.525644
0.204488 0.562423 0.233089
0.14382 0.654858 0.201322
0.407141 0.433426 0.159433
0.455609 0.360377 0.184014
0.611596 0.18007 0.208333
0.819915 0.0851434 0.0949412
0.044885 0.432469 0.522646


3 1 19
0 16 20
16 15 21
20 16 21
29 28 33
13 12 34
24 23 34
14 13 35
22 14 35
23 22 35
13 34 35
34 23 35
28 27 36
33 28 36
31 30 37
17 2 38
2 31 38
31 37 38
27 26 39
36 27 39
7 6 40
11 10 41
10 39 41
26 25 41
39 26 41
32 38 42
38 37 42
4 3 43
3 19 43
19 18 43
8 7 44
33 36 44
7 40 44
30 29 45
37 30 45
29 33 45
40 37 45
33 44 45
44 40 45
6 5 46
37 40 46
42 37 46
40 6 46
5 4 47
32 42 47
4 43 47
43 32 47
42 46 47
46 5 47
9 8 48
8 44 48
44 36 48
10 9 49
39 10 49
36 39 49
48 36 49
9 48 49
24 34 50
34 12 50
12 11 50
11 41 50
25 24 50
41 25 50
15 14 51
14 22 51
21 15 51
22 21 51
18 17 52
17 38 52
38 32 52
32 43 52
43 18 52
