67
1 0 0
0 1 0
0 0 1
0.0666666 0.933333 0
0.133333 0.866667 0
0.2 0.8 0
0.266667 0.733333 0
0.333333 0.666667 0
0.4 0.6 0
0.466667 0.533333 0
0.533333 0.466667 0
0.6 0.4 0
0.666667 0.333333 0
0.733333 0.266667 0
0.8 0.2 0
0.866667 0.133333 0
0.933333 0.0666667 0
0 0.2 0.8
0 0.4 0.6
0 0.6 0.4
0 0.8 0.2
0.928571 0 0.0714286
0.857143 0 0.142857
0.785714 0 0.214286
0.714286 0 0.285714
0.642857 0 0.357143
0.571429 0 0.428571
0.5 0 0.5
0.428571 0 0.571429
0.357143 0 0.642857
0.285714 0 0.714286
0.214286 0 0.785714
0.142857 0 0.857143
0.0714285 0 0.928571
0.621203 0.143523 0.235274
0.0946596 0.531607 0.373733
0.270788 0.160255 0.568957
0.171259 0.595363 0.233378
0.485736 0.39133 0.122934
0.744584 0.124656 0.13076
0.395647 0.268708 0.335645
0.164952 0.236087 0.598961
0.0472047 0.339964 0.612831
0.0520968 0.157811 0.790093
0.314549 0.497788 0.187662
0.475627 0.232165 0.292208
0.248707 0.601641 0.149652
0.595381 0.25556 0.149059
0.686037 0.156444 0.157519
0.233585 0.382369 0.384046
0.155631 0.422514 0.421855
0.824078 0.0837457 0.0921762
0.0882045 0.752314 0.159481
0.345191 0.136487 0.518323
0.110131 0.141836 0.748033
0.317015 0.30371 0.379275
0.428445 0.407383 0.164171
0.547947 0.143859 0.308194
0.423748 0.119643 0.456608
0.0405276 0.510726 0.448746
0.208631 0.158461 0.632908
0.101214 0.308815 0.589972
0.367538 0.419853 0.212609
0.539151 0.315495 0.145354
0.0355661 0.855276 0.109158
0.0438529 0.685879 0.270268
0.142573 0.729034 0.128392


0 16 21
16 15 22
21 16 22
26 25 34
31 30 36
10 9 38
14 13 39
23 14 39
24 23 39
18 17 42
17 2 43
2 33 43
42 17 43
8 7 44
6 5 46
5 37 46
7 6 46
44 7 46
12 11 47
34 12 47
13 12 48
12 34 48
25 24 48
34 25 48
39 13 48
24 39 48
46 37 49
44 46 49
37 35 50
41 49 50
49 37 50
15 14 51
14 23 51
22 15 51
23 22 51
4 3 52
30 29 53
36 30 53
33 32 54
43 33 54
32 41 54
44 49 55
49 36 55
53 40 55
36 53 55
9 8 56
38 9 56
40 45 56
45 38 56
27 26 57
45 27 57
26 34 57
34 47 57
28 27 58
27 45 58
45 40 58
29 28 58
53 29 58
40 53 58
19 18 59
18 42 59
42 35 59
32 31 60
41 32 60
31 36 60
36 49 60
49 41 60
35 42 61
50 35 61
42 43 61
43 54 61
41 50 61
54 41 61
44 55 62
55 40 62
8 44 62
56 8 62
40 56 62
11 10 63
47 11 63
10 38 63
57 47 63
38 45 63
45 57 63
3 1 64
1 20 64
52 3 64
20 19 65
35 52 65
59 35 65
19 59 65
52 64 65
64 20 65
5 4 66
37 5 66
35 37 66
52 35 66
4 52 66
