71
1 0 0
0 1 0
0 0 1
0.0666666 0.933333 0
0.133333 0.866667 0
0.2 0.8 0
0.266667 0.733333 0
0.333333 0.666667 0
0.4 0.6 0
0.466667 0.533333 0
0.533333 0.466667 0
0.6 0.4 0
0.666667 0.333333 0
0.733333 0.266667 0
0.8 0.2 0
0.866667 0.133333 0
0.933333 0.0666667 0
0 0.2 0.8
0 0.4 0.6
0 0.6 0.4
0 0.8 0.2
0.9375 0 0.0625
0.875 0 0.125
0.8125 0 0.1875
0.75 0 0.25
0.6875 0 0.3125
0.625 0 0.375
0.5625 0 0.4375
0.5 0 0.5
0.4375 0 0.5625
0.375 0 0.625
0.3125 0 0.6875
0.25 0 0.75
0.1875 0 0.8125
0.125 0 0.875
0.0625001 0 0.9375
0.626804 0.144488 0.228709
0.0973876 0.524419 0.378193
0.278032 0.182103 0.539865
0.157132 0.607624 0.235244
0.494991 0.386966 0.118043
0.753873 0.125323 0.120805
0.385584 0.309942 0.304474
0.173179 0.235746 0.591075
0.0560313 0.173499 0.770469
0.317052 0.4963 0.186649
0.0454448 0.635025 0.31953
0.500041 0.245538 0.254421
0.236492 0.585664 0.177844
0.561519 0.292023 0.146458
0.0579662 0.382507 0.559527
0.119246 0.166391 0.714364
0.332501 0.269743 0.397756
0.218376 0.379944 0.40168
0.154457 0.421902 0.423641
0.0894089 0.736115 0.174476
0.435176 0.389834 0.17499
0.566782 0.141425 0.291793
0.451632 0.163639 0.384728
0.336054 0.114191 0.549754
0.689757 0.160574 0.149669
0.22174 0.160725 0.617535
0.179905 0.709338 0.110757
0.83531 0.0900259 0.0746642
0.372632 0.493115 0.134253
0.279631 0.385489 0.33488
0.115786 0.330764 0.55345
0.389467 0.131853 0.47868
0.626901 0.266607 0.106492
0.0361202 0.833313 0.130566
0.517271 0.105455 0.377274


0 16 21
16 15 22
21 16 22
17 2 35
26 25 36
32 31 38
10 9 40
14 13 41
23 14 41
24 23 41
18 17 44
17 35 44
35 34 44
7 6 45
20 19 46
6 5 48
45 6 48
11 10 49
10 40 49
40 47 49
18 44 50
19 18 50
46 19 50
37 46 50
34 33 51
33 43 51
44 34 51
50 44 51
42 45 52
48 39 53
39 37 54
43 53 54
53 39 54
4 3 55
39 4 55
37 39 55
46 37 55
9 8 56
40 9 56
47 40 56
27 26 57
26 36 57
36 49 57
49 47 57
29 28 58
47 56 58
56 42 58
31 30 59
38 31 59
52 38 59
36 25 60
13 12 60
41 13 60
25 24 60
24 41 60
33 32 61
43 33 61
32 38 61
38 53 61
53 43 61
5 4 62
4 39 62
39 48 62
48 5 62
15 14 63
14 23 63
22 15 63
23 22 63
8 7 64
7 45 64
45 42 64
42 56 64
56 8 64
45 48 65
52 45 65
38 52 65
53 38 65
48 53 65
37 50 66
50 51 66
54 37 66
51 43 66
43 54 66
30 29 67
42 52 67
29 58 67
58 42 67
52 59 67
59 30 67
12 11 68
11 49 68
49 36 68
36 60 68
60 12 68
3 1 69
1 20 69
55 3 69
20 46 69
46 55 69
28 27 70
27 57 70
57 47 70
47 58 70
58 28 70
