40
1 0 0
0 1 0
0 0 1
0.0666667 0.933333 0
0.133333 0.866667 0
0.2 0.8 0
0.266667 0.733333 0
0.333333 0.666667 0
0.4 0.6 0
0.466667 0.533333 0
0.533333 0.466667 0
0.6 0.4 0
0.666667 0.333333 0
0.733333 0.266667 0
0.8 0.2 0
0.866667 0.133333 0
0.933333 0.0666667 0
0 0.2 0.8
0 0.4 0.6
0 0.6 0.4
0 0.8 0.2
0.95 0 0.05
0.9 0 0.1
0.85 0 0.15
0.8 0 0.2
0.75 0 0.25
0.7 0 0.3
0.65 0 0.35
0.6 0 0.4
0.55 0 0.45
0.5 0 0.5
0.45 0 0.55
0.4 0 0.6
0.35 0 0.65
0.3 0 0.7
0.25 0 0.75
0.2 0 0.8
0.15 0 0.85
0.1 0 0.9
0.0500001 0 0.95


0 16 21
16 15 22
21 16 22
15 14 23
22 15 23
14 13 24
23 14 24
13 12 25
24 13 25
12 11 26
25 12 26
11 10 27
26 11 27
10 9 28
27 10 28
9 8 29
28 9 29
8 7 30
29 8 30
7 6 31
30 7 31
6 5 32
31 6 32
5 4 33
32 5 33
4 3 34
33 4 34
3 1 35
34 3 35
1 20 35
20 19 36
35 20 36
19 18 37
36 19 37
18 17 38
37 18 38
17 2 39
38 17 39
