77
1 0 0
0 1 0
0 0 1
0.0666667 0.933333 0
0.133333 0.866667 0
0.2 0.8 0
0.266667 0.733333 0
0.333333 0.666667 0
0.4 0.6 0
0.466667 0.533333 0
0.533333 0.466667 0
0.6 0.4 0
0.666667 0.333333 0
0.733333 0.266667 0
0.8 0.2 0
0.866667 0.133333 0
0.933333 0.0666667 0
0 0.166667 0.833333
0 0.333333 0.666667
0 0.5 0.5
0 0.666667 0.333333
0 0.833333 0.166667
0.941176 0 0.0588235
0.882353 0 0.117647
0.823529 0 0.176471
0.764706 0 0.235294
0.705882 0 0.294118
0.647059 0 0.352941
0.588235 0 0.411765
0.529412 0 0.470588
0.470588 0 0.529412
0.411765 0 0.588235
0.352941 0 0.647059
0.294118 0 0.705882
0.235294 0 0.764706
0.176471 0 0.823529
0.117647 0 0.882353
0.0588235 0 0.941176
0.631067 0.140159 0.228774
0.0949195 0.493377 0.411703
0.279173 0.169829 0.550998
0.160879 0.583415 0.255707
0.496705 0.38611 0.117185
0.053441 0.323724 0.622835
0.679799 0.159552 0.160649
0.74064 0.133483 0.125877
0.378092 0.300194 0.321714
0.169047 0.215288 0.615665
0.0566981 0.1613 0.782002
0.316295 0.504018 0.179687
0.378734 0.136243 0.485023
0.49773 0.227505 0.274766
0.251206 0.625071 0.123722
0.541572 0.097911 0.360517
0.19537 0.647084 0.157546
0.561888 0.295835 0.142277
0.117144 0.162634 0.720222
0.573961 0.148007 0.278033
0.229162 0.402456 0.368382
0.0638814 0.793824 0.142295
0.439138 0.425231 0.135632
0.224469 0.114943 0.660588
0.10857 0.335413 0.556017
0.312105 0.299578 0.388317
0.446976 0.131839 0.421185
0.156909 0.418643 0.424449
0.0481273 0.491882 0.45999
0.627033 0.267706 0.105261
0.0491765 0.655943 0.294881
0.840086 0.0809156 0.0789988
0.377078 0.476602 0.146319
0.262714 0.473571 0.263715
0.107025 0.617777 0.275198
0.329928 0.1418 0.528272
0.124694 0.756757 0.118549
0.215179 0.268198 0.516624
0.428341 0.304035 0.267624


0 16 22
16 15 23
22 16 23
17 2 37
27 26 38
33 32 40
10 9 42
19 18 43
38 26 44
14 13 45
24 14 45
25 24 45
13 12 45
12 44 45
26 25 45
44 26 45
18 17 48
43 18 48
17 37 48
37 36 48
7 6 49
32 31 50
6 5 52
49 6 52
29 28 53
51 29 53
5 4 54
52 5 54
11 10 55
10 42 55
42 51 55
36 35 56
35 47 56
43 48 56
48 36 56
28 27 57
27 38 57
38 55 57
53 28 57
51 53 57
55 51 57
54 41 58
3 1 59
1 21 59
9 8 60
42 9 60
51 42 60
34 33 61
33 40 61
35 34 61
47 35 61
43 56 62
56 47 62
46 49 63
58 40 63
50 46 63
31 30 64
50 31 64
46 50 64
30 29 64
29 51 64
58 41 65
39 62 65
62 47 65
20 19 66
19 43 66
43 62 66
62 39 66
12 11 67
44 12 67
38 44 67
11 55 67
55 38 67
21 20 68
59 21 68
20 66 68
66 39 68
15 14 69
14 24 69
23 15 69
24 23 69
8 7 70
7 49 70
60 8 70
49 46 70
52 54 71
54 58 71
49 52 71
63 49 71
58 63 71
39 65 72
65 41 72
68 39 72
59 68 72
40 32 73
63 40 73
32 50 73
50 63 73
41 54 74
54 4 74
4 3 74
3 59 74
59 72 74
72 41 74
40 58 75
61 40 75
47 61 75
65 47 75
58 65 75
51 60 76
64 51 76
46 64 76
60 70 76
70 46 76
