57
1 0 0
0 1 0
0 0 1
0.0666667 0.933333 0
0.133333 0.866667 0
0.2 0.8 0
0.266667 0.733333 0
0.333333 0.666667 0
0.4 0.6 0
0.466667 0.533333 0
0.533333 0.466667 0
0.6 0.4 0
0.666667 0.333333 0
0.733333 0.266667 0
0.8 0.2 0
0.866667 0.133333 0
0.933333 0.0666667 0
0 0.166667 0.833333
0 0.333333 0.666667
0 0.5 0.5
0 0.666667 0.333333
0 0.833333 0.166667
0.909091 0 0.0909091
0.818182 0 0.181818
0.727273 0 0.272727
0.636364 0 0.363636
0.545455 0 0.454545
0.454545 0 0.545455
0.363636 0 0.636364
0.272727 0 0.727273
0.181818 0 0.818182
0.0909091 0 0.909091
0.631539 0.147619 0.220842
0.100464 0.4868 0.412735
0.283788 0.162551 0.553661
0.39111 0.244985 0.363905
0.157389 0.230994 0.611617
0.0772642 0.181304 0.741432
0.308361 0.522138 0.1695
0.497452 0.271175 0.231374
0.224114 0.566325 0.209562
0.143201 0.632792 0.224007
0.249083 0.268208 0.482708
0.582504 0.243477 0.174019
0.0651187 0.318927 0.615954
0.788431 0.089957 0.121612
0.184465 0.122882 0.692653
0.146993 0.386693 0.466314
0.0880012 0.704519 0.20748
0.443408 0.382177 0.174416
0.526203 0.123102 0.350694
0.350236 0.108623 0.541141
0.345827 0.388919 0.265254
0.718564 0.117577 0.163859
0.059441 0.808253 0.132306
0.434497 0.123493 0.44201
0.239828 0.406139 0.354033


3 1 21
0 16 22
16 15 23
22 16 23
13 12 32
26 25 32
19 18 33
30 29 34
17 2 37
2 31 37
31 36 37
8 7 38
11 10 39
7 6 40
38 7 40
19 33 41
6 5 41
40 6 41
33 40 41
12 11 43
11 39 43
32 12 43
18 17 44
17 37 44
33 18 44
15 14 45
23 15 45
24 23 45
31 30 46
36 31 46
30 34 46
34 42 46
42 36 46
37 36 47
44 37 47
40 33 47
33 44 47
5 4 48
41 5 48
20 19 48
19 41 48
10 9 49
35 39 49
39 10 49
27 26 50
26 32 50
32 43 50
43 39 50
29 28 51
34 29 51
35 34 51
34 35 52
42 34 52
8 38 52
9 8 52
49 9 52
35 49 52
14 13 53
25 24 53
13 32 53
32 25 53
24 45 53
45 14 53
4 3 54
3 21 54
21 20 54
20 48 54
48 4 54
28 27 55
27 50 55
50 39 55
51 28 55
39 35 55
35 51 55
36 42 56
47 36 56
38 40 56
40 47 56
42 52 56
52 38 56
