64
1 0 0
0 1 0
0 0 1
0.0666666 0.933333 0
0.133333 0.866667 0
0.2 0.8 0
0.266667 0.733333 0
0.333333 0.666667 0
0.4 0.6 0
0.466667 0.533333 0
0.533333 0.466667 0
0.6 0.4 0
0.666667 0.333333 0
0.733333 0.266667 0
0.8 0.2 0
0.866667 0.133333 0
0.933333 0.0666667 0
0 0.166667 0.833333
0 0.333333 0.666667
0 0.5 0.5
0 0.666667 0.333333
0 0.833333 0.166667
0.95 0 0.05
0.9 0 0.1
0.85 0 0.15
0.8 0 0.2
0.75 0 0.25
0.7 0 0.3
0.65 0 0.35
0.6 0 0.4
0.55 0 0.45
0.5 0 0.5
0.45 0 0.55
0.4 0 0.6
0.35 0 0.65
0.3 0 0.7
0.25 0 0.75
0.2 0 0.8
0.15 0 0.85
0.1 0 0.9
0.05 0 0.95
0.0881536 0.522602 0.389245
0.173128 0.579767 0.247105
0.738173 0.141341 0.120485
0.394947 0.253595 0.351458
0.184756 0.341403 0.473841
0.488524 0.277686 0.23379
0.292792 0.491186 0.216022
0.254453 0.263475 0.482072
0.215821 0.604279 0.1799
0.601476 0.229502 0.169022
0.0919853 0.322668 0.585347
0.542497 0.268629 0.188874
0.0874243 0.703643 0.208932
0.448269 0.233139 0.318592
0.162463 0.237005 0.600532
0.677339 0.181766 0.140896
0.06745 0.236462 0.696088
0.291909 0.305216 0.402875
0.349835 0.483855 0.16631
0.40465 0.447729 0.147621
0.0399451 0.125954 0.834101
0.36382 0.21163 0.42455
0.793501 0.123425 0.0830735


0 16 22
16 15 23
22 16 23
15 14 24
23 15 24
17 2 40
21 20 41
4 3 42
13 12 43
12 26 43
25 13 43
26 25 43
32 31 44
36 35 45
9 8 46
30 29 46
6 5 47
35 34 48
42 45 48
45 35 48
5 4 49
47 5 49
4 42 49
11 10 50
27 11 50
28 27 50
20 19 51
38 37 51
41 20 51
9 46 52
46 29 52
10 9 52
50 10 52
29 28 52
28 50 52
1 21 53
21 41 53
3 1 53
42 3 53
41 45 53
45 42 53
44 31 54
31 30 54
30 46 54
37 36 55
36 45 55
45 41 55
41 51 55
51 37 55
12 11 56
11 27 56
26 12 56
27 26 56
19 18 57
18 39 57
39 38 57
38 51 57
51 19 57
34 33 58
48 34 58
47 49 58
42 48 58
49 42 58
7 6 59
6 47 59
47 44 59
44 54 59
8 7 60
46 8 60
54 46 60
7 59 60
59 54 60
18 17 61
17 40 61
39 18 61
40 39 61
33 32 62
32 44 62
44 47 62
47 58 62
58 33 62
14 13 63
13 25 63
24 14 63
25 24 63
