81
1 0 0
0 1 0
0 0 1
0.0666666 0.933333 0
0.133333 0.866667 0
0.2 0.8 0
0.266667 0.733333 0
0.333333 0.666667 0
0.4 0.6 0
0.466667 0.533333 0
0.533333 0.466667 0
0.6 0.4 0
0.666667 0.333333 0
0.733333 0.266667 0
0.8 0.2 0
0.866667 0.133333 0
0.933333 0.0666667 0
0 0.142857 0.857143
0 0.285714 0.714286
0 0.428572 0.571429
0 0.571429 0.428571
0 0.714286 0.285714
0 0.857143 0.142857
0.947368 0 0.0526316
0.894737 0 0.105263
0.842105 0 0.157895
0.789474 0 0.210526
0.736842 0 0.263158
0.684211 0 0.315789
0.631579 0 0.368421
0.578947 0 0.421053
0.526316 0 0.473684
0.473684 0 0.526316
0.421053 0 0.578947
0.368421 0 0.631579
0.315789 0 0.684211
0.263158 0 0.736842
0.210526 0 0.789474
0.157895 0 0.842105
0.105263 0 0.894737
0.0526315 0 0.947369
0.621515 0.13663 0.241855
0.106045 0.466438 0.427517
0.249454 0.180702 0.569845
0.163626 0.58704 0.249334
0.481486 0.414743 0.103771
0.67357 0.156963 0.169467
0.730045 0.145288 0.124667
0.391302 0.249728 0.358971
0.162659 0.267164 0.570177
0.051869 0.272485 0.675646
0.274087 0.628884 0.0970291
0.0574084 0.137096 0.805496
0.378636 0.137743 0.483621
0.486396 0.272904 0.2407
0.273947 0.513164 0.212889
0.599513 0.286055 0.114432
0.200455 0.670985 0.128559
0.55022 0.274162 0.175618
0.0737442 0.375961 0.550295
0.12471 0.156083 0.719207
0.783697 0.115718 0.100584
0.238571 0.367068 0.394361
0.0732073 0.777909 0.148884
0.415086 0.46832 0.116593
0.461023 0.178631 0.360346
0.179056 0.392881 0.428062
0.311004 0.334411 0.354585
0.39857 0.392724 0.208707
0.334429 0.461091 0.204479
0.0441262 0.556479 0.399395
0.128505 0.763165 0.10833
0.114346 0.585754 0.299899
0.201884 0.130035 0.668081
0.308414 0.18397 0.507616
0.0528542 0.66937 0.277776
0.567735 0.130005 0.30226
0.641008 0.281318 0.0776744
0.848057 0.0844116 0.0675311
0.234477 0.496236 0.269286
0.524465 0.11088 0.364655


0 16 23
16 15 24
23 16 24
17 2 40
29 28 41
36 35 43
9 8 45
10 9 45
28 27 46
41 28 46
13 12 47
27 26 47
12 46 47
46 27 47
19 18 50
7 6 51
6 5 51
18 17 52
17 40 52
40 39 52
50 18 52
33 32 53
32 48 53
34 33 53
11 10 56
41 46 56
5 4 57
51 5 57
55 51 57
45 54 58
10 45 58
56 10 58
41 56 58
20 19 59
19 50 59
49 42 59
38 37 60
39 38 60
52 39 60
50 52 60
49 59 60
59 50 60
14 13 61
25 14 61
26 25 61
13 47 61
47 26 61
3 1 63
1 22 63
8 7 64
45 8 64
54 45 64
32 31 65
48 32 65
62 44 66
42 49 66
49 43 66
43 62 66
53 48 67
64 7 68
54 64 68
65 54 68
48 65 68
55 67 69
67 48 69
51 55 69
48 68 69
7 51 69
68 7 69
21 20 70
20 59 70
59 42 70
44 57 71
57 4 71
4 3 71
3 63 71
63 44 71
44 63 72
42 66 72
66 44 72
37 36 73
36 43 73
43 49 73
49 60 73
60 37 73
35 34 74
43 35 74
62 43 74
34 53 74
53 67 74
67 62 74
22 21 75
63 22 75
72 63 75
21 70 75
70 42 75
42 72 75
30 29 76
29 41 76
41 58 76
58 54 76
12 11 77
46 12 77
11 56 77
56 46 77
15 14 78
14 25 78
24 15 78
25 24 78
55 57 79
57 44 79
44 62 79
62 67 79
67 55 79
31 30 80
54 65 80
65 31 80
30 76 80
76 54 80
