82
1 0 0
0 1 0
0 0 1
0.0666666 0.933333 0
0.133333 0.866667 0
0.2 0.8 0
0.266667 0.733333 0
0.333333 0.666667 0
0.4 0.6 0
0.466667 0.533333 0
0.533333 0.466667 0
0.6 0.4 0
0.666667 0.333333 0
0.733333 0.266667 0
0.8 0.2 0
0.866667 0.133333 0
0.933333 0.0666667 0
0 0.142857 0.857143
0 0.285714 0.714286
0 0.428571 0.571429
0 0.571429 0.428571
0 0.714286 0.285714
0 0.857143 0.142857
0.95 0 0.05
0.9 0 0.1
0.85 0 0.15
0.8 0 0.2
0.75 0 0.25
0.7 0 0.3
0.65 0 0.35
0.6 0 0.4
0.55 0 0.45
0.5 0 0.5
0.45 0 0.55
0.4 0 0.6
0.35 0 0.65
0.3 0 0.7
0.25 0 0.75
0.2 0 0.8
0.15 0 0.85
0.1 0 0.9
0.05 0 0.95
0.105362 0.467991 0.426647
0.267771 0.176807 0.555422
0.165517 0.579869 0.254614
0.484702 0.384934 0.130364
0.657033 0.238735 0.104232
0.729112 0.152288 0.1186
0.387579 0.26001 0.352412
0.157762 0.284239 0.557999
0.045801 0.133355 0.820844
0.323215 0.52262 0.154165
0.373732 0.153829 0.472439
0.181903 0.36948 0.448618
0.477194 0.265001 0.257805
0.286269 0.483949 0.229782
0.597865 0.29696 0.105175
0.200911 0.661457 0.137632
0.568315 0.238225 0.193459
0.0846601 0.352732 0.562608
0.131655 0.156884 0.711461
0.229187 0.370091 0.400723
0.0740369 0.779634 0.146329
0.416328 0.46828 0.115392
0.853519 0.0808761 0.0656045
0.642159 0.144728 0.213113
0.460173 0.185875 0.353952
0.785399 0.122786 0.0918145
0.0459796 0.556515 0.397505
0.0693828 0.213431 0.717186
0.309476 0.209753 0.480771
0.115498 0.581184 0.303317
0.394786 0.403564 0.20165
0.227923 0.148435 0.623642
0.316795 0.321451 0.361755
0.0517009 0.67809 0.270209
0.130811 0.760326 0.108863
0.540951 0.169476 0.289573
0.243821 0.460347 0.295832
0.694182 0.113157 0.192661
0.178596 0.14761 0.673794
0.252471 0.651687 0.0958418


0 16 23
16 15 24
23 16 24
17 2 41
36 35 43
9 8 45
12 11 46
13 12 47
27 26 47
12 46 47
33 32 48
18 17 50
17 41 50
41 40 50
7 6 51
34 33 52
33 48 52
42 49 53
48 51 55
11 10 56
46 11 56
5 4 57
10 9 58
9 45 58
30 29 58
56 10 58
20 19 59
49 42 59
39 38 60
44 53 61
53 43 61
3 1 62
1 22 62
8 7 63
45 8 63
54 45 63
15 14 64
14 25 64
24 15 64
25 24 64
29 28 65
46 56 65
56 58 65
58 29 65
32 31 66
31 54 66
48 32 66
14 13 67
25 14 67
26 25 67
13 47 67
47 26 67
21 20 68
20 59 68
59 42 68
19 18 69
18 50 69
40 39 69
50 40 69
39 60 69
59 19 69
60 59 69
35 34 70
34 52 70
43 35 70
61 43 70
42 53 71
53 44 71
44 62 71
7 51 72
63 7 72
51 48 72
48 66 72
54 63 72
66 54 72
37 36 73
36 43 73
43 53 73
53 49 73
52 48 74
48 55 74
70 52 74
22 21 75
21 68 75
68 42 75
42 71 75
62 22 75
71 62 75
4 3 76
44 57 76
57 4 76
3 62 76
62 44 76
31 30 77
54 31 77
45 54 77
30 58 77
58 45 77
57 44 78
44 61 78
55 57 78
74 55 78
61 70 78
70 74 78
28 27 79
27 47 79
47 46 79
46 65 79
65 28 79
38 37 80
60 38 80
49 59 80
59 60 80
37 73 80
73 49 80
6 5 81
51 6 81
55 51 81
5 57 81
57 55 81
