85
1 0 0
0 1 0
0 0 1
0.0666666 0.933333 0
0.133333 0.866667 0
0.2 0.8 0
0.266667 0.733333 0
0.333333 0.666667 0
0.4 0.6 0
0.466667 0.533333 0
0.533333 0.466667 0
0.6 0.4 0
0.666667 0.333333 0
0.733333 0.266667 0
0.8 0.2 0
0.866667 0.133333 0
0.933333 0.0666667 0
0 0.142857 0.857143
0 0.285714 0.714286
0 0.428571 0.571429
0 0.571429 0.428571
0 0.714286 0.285714
0 0.857143 0.142857
0.933333 0 0.0666667
0.866667 0 0.133333
0.8 0 0.2
0.733333 0 0.266667
0.666667 0 0.333333
0.6 0 0.4
0.533333 0 0.466667
0.466667 0 0.533333
0.4 0 0.6
0.333333 0 0.666667
0.266667 0 0.733333
0.2 0 0.8
0.133333 0 0.866667
0.0666666 0 0.933333
0.625532 0.121074 0.253394
0.0954117 0.527788 0.376801
0.288554 0.132137 0.57931
0.1456 0.593665 0.260734
0.483267 0.418382 0.0983515
0.421023 0.0987085 0.480268
0.0457404 0.329645 0.624615
0.759909 0.157558 0.0825336
0.409381 0.228107 0.362512
0.167887 0.273278 0.558835
0.274501 0.617024 0.108475
0.0572339 0.169097 0.773669
0.321203 0.508804 0.169993
0.0441226 0.62317 0.332707
0.496395 0.217638 0.285967
0.651758 0.243506 0.104736
0.700598 0.128949 0.170453
0.552383 0.114825 0.332792
0.208248 0.651705 0.140047
0.577182 0.242768 0.18005
0.138216 0.131561 0.730223
0.326174 0.253802 0.420023
0.0823039 0.817269 0.100427
0.218885 0.381752 0.399362
0.152288 0.434056 0.413657
0.820759 0.0884842 0.090757
0.443161 0.342092 0.214747
0.398995 0.494093 0.106912
0.358321 0.125853 0.515825
0.0884175 0.680455 0.231128
0.216127 0.129603 0.65427
0.141566 0.736876 0.121558
0.248977 0.253676 0.497346
0.0988078 0.252975 0.648217
0.479515 0.115726 0.404759
0.36453 0.377071 0.258399
0.251736 0.504855 0.243409
0.515066 0.308286 0.176648
0.885106 0.0574066 0.057487
0.0450394 0.476225 0.478736
0.290233 0.373462 0.336304
0.762322 0.072862 0.164816
0.0339666 0.887129 0.0789041
0.0985468 0.379369 0.522084
0.550122 0.370301 0.0795777
0.0945539 0.072785 0.832661
0.194722 0.514206 0.291072
0.0381882 0.768051 0.193761


0 16 23
17 2 36
28 27 37
33 32 39
10 9 41
31 30 42
19 18 43
14 13 44
7 6 47
18 17 48
43 18 48
17 36 48
7 47 49
21 20 50
13 12 52
12 11 52
27 26 53
37 27 53
44 13 53
13 52 53
52 37 53
29 28 54
28 37 54
6 5 55
47 6 55
37 52 56
52 11 56
54 37 56
51 54 56
35 34 57
4 3 59
40 38 61
46 60 61
15 14 62
25 24 62
14 44 62
45 51 63
8 7 64
7 49 64
9 8 64
41 9 64
63 41 64
32 31 65
39 32 65
58 39 65
31 42 65
42 45 65
45 58 65
38 40 66
50 38 66
34 33 67
33 39 67
46 57 67
57 34 67
5 4 68
55 5 68
40 55 68
66 40 68
4 59 68
59 66 68
39 58 69
67 39 69
60 46 69
46 67 69
57 46 70
43 48 70
48 57 70
30 29 71
42 30 71
45 42 71
51 45 71
29 54 71
54 51 71
58 45 72
64 49 72
45 63 72
63 64 72
49 47 73
47 55 73
51 56 74
41 63 74
63 51 74
16 15 75
23 16 75
24 23 75
15 62 75
62 24 75
20 19 76
19 43 76
38 50 76
50 20 76
60 69 77
69 58 77
73 60 77
58 72 77
72 49 77
49 73 77
26 25 78
44 53 78
53 26 78
25 62 78
62 44 78
3 1 79
1 22 79
59 3 79
46 61 80
70 46 80
61 38 80
38 76 80
43 70 80
76 43 80
11 10 81
56 11 81
10 41 81
41 74 81
74 56 81
36 35 82
48 36 82
35 57 82
57 48 82
40 61 83
61 60 83
55 40 83
73 55 83
60 73 83
22 21 84
21 50 84
50 66 84
66 59 84
59 79 84
79 22 84
