74
1 0 0
0 1 0
0 0 1
0.0666667 0.933333 0
0.133333 0.866667 0
0.2 0.8 0
0.266667 0.733333 0
0.333333 0.666667 0
0.4 0.6 0
0.466667 0.533333 0
0.533333 0.466667 0
0.6 0.4 0
0.666667 0.333333 0
0.733333 0.266667 0
0.8 0.2 0
0.866667 0.133333 0
0.933333 0.0666667 0
0 0.142857 0.857143
0 0.285714 0.714286
0 0.428571 0.571429
0 0.571429 0.428571
0 0.714286 0.285714
0 0.857143 0.142857
0.923077 0 0.0769231
0.846154 0 0.153846
0.769231 0 0.230769
0.692308 0 0.307692
0.615385 0 0.384615
0.538462 0 0.461538
0.461538 0 0.538462
0.384615 0 0.615385
0.307692 0 0.692308
0.230769 0 0.769231
0.153846 0 0.846154
0.0769231 0 0.923077
0.64318 0.115363 0.241456
0.107701 0.524217 0.368082
0.277462 0.129291 0.593247
0.16668 0.609151 0.224169
0.46307 0.386022 0.150908
0.431908 0.11516 0.452932
0.0622729 0.383962 0.553765
0.731029 0.125181 0.14379
0.407445 0.253531 0.339024
0.174353 0.25701 0.568637
0.250013 0.618962 0.131025
0.0517013 0.140634 0.807665
0.311077 0.513153 0.17577
0.0509603 0.632923 0.316117
0.488423 0.233376 0.278202
0.666665 0.217849 0.115486
0.24838 0.254501 0.497119
0.813514 0.0827931 0.103693
0.583537 0.232267 0.184196
0.125929 0.12904 0.745031
0.0738158 0.827992 0.0981919
0.227908 0.397397 0.374695
0.143167 0.393325 0.463508
0.40265 0.487277 0.110074
0.353507 0.129635 0.516858
0.511798 0.110613 0.377589
0.325986 0.264379 0.409636
0.375569 0.387721 0.23671
0.107151 0.701519 0.19133
0.878726 0.0572744 0.0639991
0.0917646 0.263575 0.64466
0.0444237 0.505058 0.450518
0.183446 0.715234 0.101321
0.536828 0.340271 0.122901
0.201456 0.118306 0.680238
0.202747 0.509603 0.287651
0.575851 0.090247 0.333902
0.297613 0.381444 0.320943
0.0426605 0.757282 0.200058


3 1 22
0 16 23
27 26 35
32 31 37
10 9 39
30 29 40
19 18 41
14 13 42
26 25 42
35 26 42
7 6 45
17 2 46
2 34 46
18 17 46
8 7 47
7 45 47
21 20 48
39 43 49
43 40 49
13 12 50
35 42 50
42 13 50
15 14 52
25 24 52
14 42 52
42 25 52
12 11 53
50 12 53
35 50 53
34 33 54
46 34 54
4 3 55
3 22 55
44 51 56
36 41 57
44 56 57
9 8 58
39 9 58
8 47 58
31 30 59
37 31 59
30 40 59
40 43 59
29 28 60
40 29 60
49 40 60
53 49 60
59 43 61
51 37 61
37 59 61
43 39 62
39 58 62
61 43 62
58 47 62
36 38 63
48 36 63
4 55 63
16 15 64
23 16 64
24 23 64
15 52 64
52 24 64
41 18 65
18 46 65
54 44 65
46 54 65
44 57 65
57 41 65
20 19 66
19 41 66
41 36 66
36 48 66
48 20 66
6 5 67
45 6 67
38 45 67
5 4 67
4 63 67
63 38 67
11 10 68
10 39 68
39 49 68
49 53 68
53 11 68
32 37 69
37 51 69
51 44 69
33 32 69
54 33 69
44 54 69
45 38 70
47 45 70
56 47 70
38 36 70
36 57 70
57 56 70
28 27 71
27 35 71
60 28 71
35 53 71
53 60 71
47 56 72
56 51 72
51 61 72
61 62 72
62 47 72
22 21 73
55 22 73
21 48 73
48 63 73
63 55 73
