48
1 0 0
0 1 0
0 0 1
0.0666667 0.933333 0
0.133333 0.866667 0
0.2 0.8 0
0.266667 0.733333 0
0.333333 0.666667 0
0.4 0.6 0
0.466667 0.533333 0
0.533333 0.466667 0
0.6 0.4 0
0.666667 0.333333 0
0.733333 0.266667 0
0.8 0.2 0
0.866667 0.133333 0
0.933333 0.0666667 0
0 0.142857 0.857143
0 0.285714 0.714286
0 0.428571 0.571428
0 0.571429 0.428571
0 0.714286 0.285714
0 0.857143 0.142857
0.888889 0 0.111111
0.777778 0 0.222222
0.666667 0 0.333333
0.555556 0 0.444444
0.444444 0 0.555556
0.333333 0 0.666667
0.222222 0 0.777778
0.111111 0 0.888889
0.0991662 0.470419 0.430415
0.278684 0.147135 0.574181
0.673453 0.122821 0.203727
0.15683 0.254901 0.58827
0.403135 0.173714 0.423151
0.253481 0.478138 0.268381
0.126243 0.622825 0.250932
0.514217 0.18308 0.302703
0.285562 0.268843 0.445594
0.426008 0.325985 0.248007
0.122269 0.365448 0.512283
0.0884873 0.714234 0.197279
0.20596 0.568298 0.225742
0.596298 0.148984 0.254718
0.777574 0.0898991 0.132527
0.31699 0.421444 0.261566
0.140868 0.121296 0.737836


3 1 22
4 3 22
21 4 22
0 16 23
16 15 24
23 16 24
19 18 31
30 29 32
14 13 33
25 14 33
26 25 33
17 2 34
29 28 35
32 29 35
8 7 36
6 5 37
20 19 37
19 31 37
12 11 38
11 35 38
28 27 38
35 28 38
11 10 40
35 11 40
32 35 40
10 9 40
9 39 40
39 32 40
18 17 41
17 34 41
31 18 41
34 36 41
5 4 42
4 21 42
21 20 42
20 37 42
37 5 42
7 6 43
36 7 43
6 37 43
37 31 43
31 41 43
41 36 43
26 33 44
33 13 44
13 12 44
12 38 44
27 26 44
38 27 44
15 14 45
14 25 45
24 15 45
25 24 45
9 8 46
39 9 46
8 36 46
36 34 46
34 39 46
2 30 47
34 2 47
30 32 47
32 39 47
39 34 47
