90
1 0 0
0 1 0
0 0 1
0.0666666 0.933333 0
0.133333 0.866667 0
0.2 0.8 0
0.266667 0.733333 0
0.333333 0.666667 0
0.4 0.6 0
0.466667 0.533333 0
0.533333 0.466667 0
0.6 0.4 0
0.666667 0.333333 0
0.733333 0.266667 0
0.8 0.2 0
0.866667 0.133333 0
0.933333 0.0666667 0
0 0.125 0.875
0 0.25 0.75
0 0.375 0.625
0 0.5 0.5
0 0.625 0.375
0 0.75 0.25
0 0.875 0.125
0.95 0 0.05
0.9 0 0.1
0.85 0 0.15
0.8 0 0.2
0.75 0 0.25
0.7 0 0.3
0.65 0 0.35
0.6 0 0.4
0.55 0 0.45
0.5 0 0.5
0.45 0 0.55
0.4 0 0.6
0.35 0 0.65
0.3 0 0.7
0.25 0 0.75
0.2 0 0.8
0.15 0 0.85
0.1 0 0.9
0.05 0 0.95
0.625125 0.135674 0.239201
0.107524 0.481892 0.410584
0.267042 0.169176 0.563782
0.164194 0.600513 0.235293
0.483093 0.410758 0.10615
0.656889 0.257611 0.0855001
0.676814 0.139088 0.184098
0.727996 0.151433 0.120571
0.369247 0.293115 0.337638
0.157576 0.277135 0.565289
0.271738 0.622162 0.1061
0.0473487 0.135712 0.81694
0.0425532 0.619361 0.338086
0.384952 0.140455 0.474592
0.194713 0.314222 0.491065
0.496601 0.244495 0.258904
0.288331 0.476033 0.235636
0.34402 0.54547 0.11051
0.601297 0.287059 0.111644
0.202598 0.665837 0.131564
0.549692 0.278217 0.172092
0.0832484 0.374641 0.542111
0.135405 0.126126 0.73847
0.79044 0.115381 0.0941789
0.233245 0.367835 0.39892
0.0736406 0.790961 0.135398
0.412933 0.464483 0.122584
0.844706 0.087417 0.0678767
0.483613 0.137077 0.37931
0.297979 0.196235 0.505786
0.418102 0.317671 0.264227
0.109847 0.617743 0.27241
0.31063 0.29912 0.39025
0.34227 0.451212 0.206518
0.0594925 0.268002 0.672506
0.12913 0.766413 0.104457
0.230312 0.136101 0.633587
0.125526 0.234268 0.640206
0.0963466 0.107609 0.796045
0.57109 0.122013 0.306897
0.237771 0.488784 0.273445
0.0547725 0.699302 0.245926
0.436332 0.13972 0.423948
0.163248 0.474326 0.362426
0.189005 0.114233 0.696761
0.348364 0.118363 0.533273
0.0491013 0.508533 0.442365


0 16 24
16 15 25
24 16 25
17 2 42
30 29 43
37 36 45
9 8 47
10 9 47
12 11 48
29 28 49
43 29 49
13 12 50
28 27 50
12 48 50
48 49 50
49 28 50
6 5 53
18 17 54
17 42 54
42 41 54
22 21 55
35 34 56
44 52 57
7 6 60
6 53 60
11 10 61
48 11 61
43 49 61
49 48 61
5 4 62
53 5 62
59 53 62
47 58 63
10 47 63
61 10 63
43 61 63
52 44 64
40 39 65
14 13 66
27 26 66
13 50 66
50 27 66
57 45 67
3 1 68
1 23 68
47 8 69
58 47 69
8 7 69
7 60 69
15 14 70
25 15 70
26 25 70
14 66 70
66 26 70
33 32 71
32 58 71
45 36 72
67 45 72
69 60 73
58 69 73
71 58 73
46 68 74
56 51 75
51 59 75
67 72 75
53 59 76
60 53 76
59 51 76
51 73 76
73 60 76
19 18 77
18 54 77
20 19 77
64 20 77
4 3 78
46 62 78
62 4 78
3 68 78
68 46 78
38 37 79
37 45 79
45 57 79
57 52 79
52 64 80
64 77 80
77 65 80
41 40 81
54 41 81
77 54 81
40 65 81
65 77 81
31 30 82
30 43 82
32 31 82
58 32 82
43 63 82
63 58 82
59 62 83
62 46 83
46 67 83
67 75 83
75 59 83
23 22 84
22 55 84
55 44 84
44 74 84
68 23 84
74 68 84
34 33 85
51 56 85
56 34 85
33 71 85
71 73 85
73 51 85
44 57 86
74 44 86
57 67 86
67 46 86
46 74 86
38 79 87
79 52 87
39 38 87
52 80 87
65 39 87
80 65 87
36 35 88
72 36 88
35 56 88
56 75 88
75 72 88
21 20 89
20 64 89
44 55 89
64 44 89
55 21 89
