94
1 0 0
0 1 0
0 0 1
0.0666666 0.933333 0
0.133333 0.866667 0
0.2 0.8 0
0.266667 0.733333 0
0.333333 0.666667 0
0.4 0.6 0
0.466667 0.533333 0
0.533333 0.466667 0
0.6 0.4 0
0.666667 0.333333 0
0.733333 0.266667 0
0.8 0.2 0
0.866667 0.133333 0
0.933333 0.0666667 0
0 0.125 0.875
0 0.25 0.75
0 0.375 0.625
0 0.5 0.5
0 0.625 0.375
0 0.75 0.25
0 0.875 0.125
0.9375 0 0.0625
0.875 0 0.125
0.8125 0 0.1875
0.75 0 0.25
0.6875 0 0.3125
0.625 0 0.375
0.5625 0 0.4375
0.5 0 0.5
0.4375 0 0.5625
0.375 0 0.625
0.3125 0 0.6875
0.25 0 0.75
0.1875 0 0.8125
0.125 0 0.875
0.0624999 0 0.9375
0.632616 0.125945 0.24144
0.0912164 0.494221 0.414563
0.281977 0.127682 0.590341
0.162809 0.616996 0.220195
0.496144 0.378584 0.125272
0.756376 0.163537 0.0800865
0.3993 0.265728 0.334973
0.158798 0.250596 0.590605
0.0441878 0.285398 0.670414
0.281598 0.616111 0.102292
0.0543055 0.157514 0.788181
0.317293 0.505854 0.176853
0.0510003 0.618656 0.330343
0.384913 0.126921 0.488166
0.489729 0.227944 0.282327
0.63645 0.253563 0.109988
0.56881 0.340504 0.0906863
0.701732 0.123098 0.17517
0.252845 0.252676 0.494479
0.212329 0.668338 0.119333
0.565958 0.240253 0.193789
0.0762106 0.379986 0.543803
0.127734 0.123026 0.74924
0.325954 0.238204 0.435842
0.0835274 0.823004 0.0934683
0.222923 0.392665 0.384412
0.148757 0.415334 0.43591
0.824358 0.0906444 0.0849977
0.439531 0.349628 0.210841
0.419564 0.480944 0.0994925
0.511177 0.0980848 0.390738
0.0817704 0.702544 0.215685
0.76858 0.0782554 0.153165
0.224387 0.15265 0.622963
0.566436 0.118954 0.314611
0.333155 0.10501 0.561834
0.142386 0.742807 0.114807
0.0962587 0.241972 0.661769
0.447656 0.128181 0.424163
0.330441 0.385998 0.283562
0.249214 0.508642 0.242144
0.0329421 0.0642788 0.902779
0.887633 0.0579818 0.0543855
0.18195 0.501272 0.316778
0.281944 0.356156 0.3619
0.0430978 0.51242 0.444483
0.6992 0.227511 0.0732893
0.0380908 0.802428 0.159481
0.0340522 0.897013 0.0689346
0.351932 0.559663 0.0884051
0.187161 0.101404 0.711434
0.116954 0.567802 0.315244
0.197886 0.309652 0.492463
0.379129 0.424118 0.196753
0.0834519 0.0679765 0.848572


0 16 24
29 28 39
35 34 41
10 9 43
14 13 44
19 18 47
7 6 48
18 17 49
47 18 49
22 21 51
33 32 52
12 11 54
11 10 55
10 43 55
54 11 55
28 27 56
39 28 56
54 39 56
6 5 58
48 6 58
43 53 59
55 43 59
39 54 59
54 55 59
20 19 60
19 47 60
37 36 61
57 41 62
52 45 62
4 3 63
40 60 65
60 46 65
15 14 66
26 25 66
14 44 66
45 53 67
53 43 67
9 8 68
43 9 68
67 43 68
31 30 69
22 51 70
27 26 71
44 56 71
56 27 71
26 66 71
66 44 71
35 41 72
41 57 72
30 29 73
29 39 73
39 59 73
69 30 73
59 53 73
53 69 73
34 33 74
41 34 74
33 52 74
52 62 74
62 41 74
5 4 75
58 5 75
42 58 75
4 63 75
63 70 75
70 42 75
46 60 76
60 47 76
61 46 76
47 49 76
49 61 76
32 31 77
52 32 77
45 52 77
31 69 77
53 45 77
69 53 77
62 45 78
50 48 79
48 58 79
58 42 79
78 50 79
17 2 80
2 38 80
49 17 80
16 15 81
24 16 81
25 24 81
15 66 81
66 25 81
65 64 82
64 79 82
79 42 82
57 62 83
64 57 83
62 78 83
78 79 83
79 64 83
21 20 84
40 51 84
51 21 84
20 60 84
60 40 84
13 12 85
12 54 85
54 56 85
44 13 85
56 44 85
23 22 86
22 70 86
70 63 86
3 1 87
1 23 87
23 86 87
63 3 87
86 63 87
8 7 88
7 48 88
48 50 88
68 8 88
36 35 89
35 72 89
46 61 89
72 46 89
61 36 89
42 70 90
51 40 90
70 51 90
82 42 90
40 65 90
65 82 90
65 46 91
57 64 91
64 65 91
46 72 91
72 57 91
45 67 92
78 45 92
67 68 92
50 78 92
68 88 92
88 50 92
38 37 93
37 61 93
61 49 93
49 80 93
80 38 93
