80
1 0 0
0 1 0
0 0 1
0.0666667 0.933333 0
0.133333 0.866667 0
0.2 0.8 0
0.266667 0.733333 0
0.333333 0.666667 0
0.4 0.6 0
0.466667 0.533333 0
0.533333 0.466667 0
0.6 0.4 0
0.666667 0.333333 0
0.733333 0.266667 0
0.8 0.2 0
0.866667 0.133333 0
0.933333 0.0666667 0
0 0.125 0.875
0 0.25 0.75
0 0.375 0.625
0 0.5 0.5
0 0.625 0.375
0 0.75 0.25
0 0.875 0.125
0.923077 0 0.0769231
0.846154 0 0.153846
0.769231 0 0.230769
0.692308 0 0.307692
0.615385 0 0.384615
0.538462 0 0.461538
0.461538 0 0.538462
0.384615 0 0.615385
0.307692 0 0.692308
0.230769 0 0.769231
0.153846 0 0.846154
0.0769231 0 0.923077
0.633491 0.114088 0.252422
0.101394 0.503321 0.395286
0.27346 0.126658 0.599882
0.136469 0.617164 0.246367
0.474955 0.4217 0.103345
0.800529 0.0872193 0.112251
0.424141 0.0845903 0.491269
0.755062 0.164668 0.0802701
0.380141 0.268176 0.351684
0.172309 0.26843 0.559262
0.0410363 0.311062 0.647901
0.263715 0.609509 0.126776
0.0536146 0.130435 0.815951
0.330165 0.537727 0.132108
0.497157 0.240703 0.26214
0.656355 0.228066 0.11558
0.71285 0.122014 0.165135
0.564667 0.0946927 0.340641
0.245898 0.249643 0.504459
0.571846 0.213567 0.214587
0.131051 0.130693 0.738257
0.0702829 0.814441 0.115276
0.236681 0.377222 0.386097
0.146139 0.394718 0.459143
0.438652 0.33497 0.226378
0.403447 0.472696 0.123857
0.355056 0.133664 0.511279
0.0704267 0.694966 0.234607
0.497849 0.117822 0.384329
0.0675014 0.399398 0.533101
0.31031 0.268279 0.421412
0.137315 0.742728 0.119957
0.874602 0.0588949 0.0665033
0.0916637 0.263718 0.644619
0.203026 0.67182 0.125155
0.338579 0.395981 0.26544
0.265576 0.486827 0.247597
0.534859 0.339796 0.125345
0.200085 0.0776575 0.722257
0.0641143 0.587143 0.348743
0.192887 0.525056 0.282058
0.432164 0.193082 0.374754
0.204178 0.167703 0.628119
0.60895 0.311275 0.0797744


3 1 23
0 16 24
28 27 36
33 32 38
10 9 40
15 14 41
26 25 41
31 30 42
14 13 43
41 14 43
19 18 46
7 6 47
17 2 48
2 35 48
18 17 48
8 7 49
7 47 49
13 12 51
36 27 52
27 26 52
26 41 52
41 43 52
51 36 52
43 13 52
13 51 52
29 28 53
28 36 53
36 51 55
53 36 55
35 34 56
48 35 56
4 3 57
3 23 57
23 22 57
45 54 58
45 58 59
9 8 61
8 49 61
40 9 61
60 40 61
32 31 62
38 32 62
31 42 62
22 21 63
57 22 63
30 29 64
29 53 64
42 30 64
53 55 64
55 50 64
20 19 65
37 20 65
19 46 65
59 37 65
58 54 66
62 44 66
54 38 66
38 62 66
5 4 67
4 57 67
57 63 67
63 39 67
16 15 68
24 16 68
25 24 68
15 41 68
41 25 68
46 18 69
18 48 69
56 45 69
48 56 69
45 59 69
59 65 69
65 46 69
6 5 70
5 67 70
47 6 70
67 39 70
44 60 71
60 61 71
58 66 71
66 44 71
61 49 71
49 47 72
58 71 72
71 49 72
11 10 73
10 40 73
50 55 73
40 60 73
60 50 73
34 33 74
56 34 74
33 38 74
21 20 75
20 37 75
63 21 75
37 39 75
39 63 75
39 37 76
37 59 76
47 70 76
70 39 76
72 47 76
59 58 76
58 72 76
50 60 77
60 44 77
44 62 77
62 42 77
42 64 77
64 50 77
38 54 78
74 38 78
54 45 78
45 56 78
56 74 78
12 11 79
51 12 79
55 51 79
11 73 79
73 55 79
