94
1 0 0
0 1 0
0 0 1
0.0666666 0.933333 0
0.133333 0.866667 0
0.2 0.8 0
0.266667 0.733333 0
0.333333 0.666667 0
0.4 0.6 0
0.466667 0.533333 0
0.533333 0.466667 0
0.6 0.4 0
0.666667 0.333333 0
0.733333 0.266667 0
0.8 0.2 0
0.866667 0.133333 0
0.933333 0.0666667 0
0 0.125 0.875
0 0.25 0.75
0 0.375 0.625
0 0.5 0.5
0 0.625 0.375
0 0.75 0.25
0 0.875 0.125
0.947368 0 0.0526316
0.894737 0 0.105263
0.842105 0 0.157895
0.789474 0 0.210526
0.736842 0 0.263158
0.684211 0 0.315789
0.631579 0 0.368421
0.578947 0 0.421053
0.526316 0 0.473684
0.473684 0 0.526316
0.421053 0 0.578947
0.368421 0 0.631579
0.315789 0 0.684211
0.263158 0 0.736842
0.210526 0 0.789474
0.157895 0 0.842105
0.105263 0 0.894737
0.0526315 0 0.947369
0.624249 0.131681 0.24407
0.105665 0.473889 0.420446
0.274249 0.171508 0.554242
0.161648 0.603374 0.234978
0.488429 0.403422 0.108149
0.789812 0.110049 0.100139
0.65444 0.259145 0.0864143
0.671674 0.140628 0.187698
0.725725 0.151097 0.123178
0.383756 0.262484 0.35376
0.15837 0.278963 0.562667
0.267797 0.634014 0.0981887
0.0499048 0.131249 0.818846
0.0471792 0.61314 0.339681
0.374615 0.140701 0.484684
0.191311 0.327296 0.481393
0.494649 0.250764 0.254587
0.273378 0.524325 0.202297
0.3341 0.574176 0.0917234
0.588249 0.297765 0.113986
0.203813 0.661931 0.134257
0.553553 0.233332 0.213115
0.0891325 0.358217 0.55265
0.140721 0.123799 0.73548
0.0977416 0.79112 0.111139
0.232137 0.372377 0.395486
0.400129 0.507908 0.0919632
0.840788 0.0875645 0.0716476
0.0749019 0.690386 0.234712
0.488717 0.13889 0.372394
0.438322 0.258516 0.303162
0.23492 0.146008 0.619072
0.314522 0.296629 0.388849
0.539096 0.119939 0.340966
0.325028 0.493884 0.181087
0.0651735 0.25045 0.684377
0.0450023 0.496846 0.458151
0.442893 0.370385 0.186722
0.308975 0.193882 0.497143
0.148028 0.505841 0.346131
0.194556 0.117431 0.688013
0.442842 0.115439 0.441719
0.249568 0.467455 0.282977
0.587811 0.0975969 0.314592
0.328385 0.387513 0.284102
0.909124 0.0517201 0.0391559
0.100015 0.106789 0.793196
0.0427571 0.864969 0.0922737
0.128779 0.228908 0.642313
0.144874 0.738784 0.116342
0.0377138 0.393676 0.568611
0.383278 0.404643 0.212079


0 16 24
17 2 41
30 29 42
36 35 44
9 8 46
10 9 46
14 13 47
27 26 47
12 11 48
29 28 49
42 29 49
27 47 50
47 13 50
13 12 50
12 48 50
28 27 50
48 49 50
49 28 50
6 5 53
18 17 54
17 41 54
41 40 54
22 21 55
35 34 56
43 52 57
7 6 60
6 53 60
11 10 61
10 46 61
48 11 61
42 49 61
49 48 61
5 4 62
53 5 62
59 53 62
46 58 63
42 61 63
61 46 63
52 43 64
39 38 65
4 3 66
57 44 67
46 8 68
8 7 68
7 60 68
15 14 69
25 15 69
26 25 69
14 47 69
47 26 69
23 22 70
22 55 70
55 43 70
45 66 70
71 58 72
37 36 73
36 44 73
44 57 73
57 52 73
56 51 74
63 58 75
32 31 75
71 32 75
58 71 75
53 59 76
60 53 76
19 18 77
18 54 77
21 20 78
43 55 78
64 43 78
55 21 78
58 46 79
46 68 79
72 58 79
44 35 80
35 56 80
56 74 80
67 44 80
74 67 80
43 57 81
57 67 81
67 45 81
45 70 81
70 43 81
65 38 82
38 37 82
37 73 82
73 52 82
34 33 83
56 34 83
51 56 83
33 32 83
32 71 83
71 72 83
72 51 83
59 62 84
62 45 84
45 67 84
67 74 84
30 42 85
42 63 85
31 30 85
75 31 85
63 75 85
76 59 86
74 51 86
59 84 86
84 74 86
16 15 87
15 25 87
24 16 87
25 24 87
40 39 88
39 65 88
54 40 88
77 54 88
65 77 88
3 1 89
66 3 89
1 23 89
23 70 89
70 66 89
52 64 90
64 77 90
77 65 90
65 82 90
82 52 90
45 62 91
66 45 91
62 4 91
4 66 91
20 19 92
19 77 92
77 64 92
64 78 92
78 20 92
51 72 93
68 60 93
60 76 93
79 68 93
72 79 93
76 86 93
86 51 93
