96
1 0 0
0 1 0
0 0 1
0.0666667 0.933333 0
0.133333 0.866667 0
0.2 0.8 0
0.266667 0.733333 0
0.333333 0.666667 0
0.4 0.6 0
0.466667 0.533333 0
0.533333 0.466667 0
0.6 0.4 0
0.666667 0.333333 0
0.733333 0.266667 0
0.8 0.2 0
0.866667 0.133333 0
0.933333 0.0666667 0
0 0.111111 0.888889
0 0.222222 0.777778
0 0.333333 0.666667
0 0.444444 0.555556
0 0.555556 0.444444
0 0.666667 0.333333
0 0.777778 0.222222
0 0.888889 0.111111
0.928571 0 0.0714286
0.857143 0 0.142857
0.785714 0 0.214286
0.714286 0 0.285714
0.642857 0 0.357143
0.571429 0 0.428571
0.5 0 0.5
0.428571 0 0.571429
0.357143 0 0.642857
0.285714 0 0.714286
0.214286 0 0.785714
0.142857 0 0.857143
0.0714287 0 0.928571
0.63633 0.115836 0.247835
0.0958062 0.514741 0.389453
0.271775 0.129905 0.59832
0.144336 0.615909 0.239755
0.467503 0.426611 0.105885
0.79641 0.0674075 0.136183
0.649179 0.237151 0.11367
0.759978 0.151463 0.0885585
0.388896 0.270266 0.340838
0.169479 0.242031 0.58849
0.279378 0.626952 0.0936699
0.0567479 0.149909 0.793343
0.318835 0.512802 0.168363
0.447024 0.0801139 0.472862
0.384729 0.117342 0.497929
0.480737 0.238557 0.280707
0.11587 0.407587 0.476542
0.585967 0.329435 0.0845974
0.698323 0.141603 0.160074
0.881426 0.0573984 0.0611753
0.563732 0.0831264 0.353142
0.247604 0.255141 0.497254
0.345842 0.582013 0.0721447
0.206639 0.685521 0.10784
0.565225 0.209807 0.224967
0.0590213 0.344324 0.596654
0.139724 0.133383 0.726893
0.142292 0.751842 0.105865
0.0837413 0.830198 0.0860608
0.247871 0.378281 0.373848
0.44786 0.332311 0.219829
0.400721 0.50549 0.0937891
0.0731632 0.717017 0.20982
0.500858 0.128401 0.37074
0.17947 0.478186 0.342344
0.310924 0.299344 0.389732
0.328038 0.0859653 0.585997
0.519691 0.33102 0.149289
0.325809 0.394215 0.279976
0.258576 0.474331 0.267093
0.0367216 0.0614291 0.901849
0.181336 0.3488 0.469864
0.0903707 0.0699431 0.839686
0.210094 0.0775895 0.712316
0.0993398 0.230077 0.670583
0.745414 0.066019 0.188567
0.0659866 0.605494 0.328519
0.052922 0.451807 0.495271
0.0431758 0.250837 0.705987
0.39239 0.410959 0.196651
0.0378891 0.821201 0.14091
0.121671 0.313603 0.564727
0.209154 0.17148 0.619365
0.326022 0.193689 0.480288
0.435067 0.175216 0.389717
0.825747 0.1069 0.0673533
0.229173 0.571687 0.19914
0.0352285 0.906335 0.0584364


0 16 25
29 28 38
10 9 42
27 26 43
13 12 44
14 13 45
7 6 48
18 17 49
32 31 51
33 32 52
32 51 52
11 10 55
12 11 55
44 12 55
38 28 56
44 38 56
13 44 56
45 13 56
16 15 57
25 16 57
26 25 57
30 29 58
29 38 58
31 30 58
8 7 60
7 48 60
48 50 60
6 5 61
48 6 61
38 44 62
44 55 62
58 38 62
20 19 63
5 4 65
61 5 65
41 61 65
4 3 66
65 4 66
46 53 68
9 8 69
42 9 69
8 60 69
60 50 69
23 22 70
41 65 70
65 66 70
51 31 71
31 58 71
58 62 71
62 53 71
41 39 72
39 54 72
67 59 73
34 33 74
40 34 74
33 52 74
10 42 75
55 10 75
53 62 75
62 55 75
68 53 75
42 68 75
73 46 76
67 73 76
72 67 77
67 76 77
76 50 77
17 2 78
2 37 78
49 17 78
47 59 79
59 67 79
67 72 79
72 54 79
37 36 80
36 64 80
64 49 80
49 78 80
78 37 80
35 34 81
34 40 81
36 35 81
64 36 81
64 47 82
49 64 82
28 27 83
27 43 83
56 28 83
43 45 83
45 56 83
22 21 84
21 39 84
70 22 84
39 41 84
41 70 84
21 20 85
39 21 85
54 39 85
20 63 85
63 54 85
19 18 86
63 19 86
82 63 86
18 49 86
49 82 86
68 42 87
42 69 87
46 68 87
76 46 87
69 50 87
50 76 87
24 23 88
23 70 88
70 66 88
54 63 89
47 79 89
79 54 89
63 82 89
82 47 89
40 59 90
59 47 90
81 40 90
47 64 90
64 81 90
59 40 91
73 59 91
52 46 91
46 73 91
74 52 91
40 74 91
46 52 92
52 51 92
53 46 92
51 71 92
71 53 92
15 14 93
14 45 93
45 43 93
57 15 93
43 26 93
26 57 93
50 48 94
77 50 94
48 61 94
61 41 94
41 72 94
72 77 94
3 1 95
1 24 95
24 88 95
66 3 95
88 66 95
