106
1 0 0
0 1 0
0 0 1
0.0666666 0.933333 0
0.133333 0.866667 0
0.2 0.8 0
0.266667 0.733333 0
0.333333 0.666667 0
0.4 0.6 0
0.466667 0.533333 0
0.533333 0.466667 0
0.6 0.4 0
0.666667 0.333333 0
0.733333 0.266667 0
0.8 0.2 0
0.866667 0.133333 0
0.933333 0.0666667 0
0 0.111111 0.888889
0 0.222222 0.777778
0 0.333333 0.666667
0 0.444445 0.555556
0 0.555556 0.444444
0 0.666667 0.333333
0 0.777778 0.222222
0 0.888889 0.111111
0.941176 0 0.0588235
0.882353 0 0.117647
0.823529 0 0.176471
0.764706 0 0.235294
0.705882 0 0.294118
0.647059 0 0.352941
0.588235 0 0.411765
0.529412 0 0.470588
0.470588 0 0.529412
0.411765 0 0.588235
0.352941 0 0.647059
0.294118 0 0.705882
0.235294 0 0.764706
0.176471 0 0.823529
0.117647 0 0.882353
0.0588235 0 0.941177
0.632713 0.112436 0.254851
0.095288 0.485833 0.418879
0.292063 0.114217 0.59372
0.157441 0.624672 0.217887
0.485551 0.414292 0.100158
0.414833 0.0807745 0.504393
0.645598 0.269642 0.0847607
0.0419456 0.343186 0.614868
0.67466 0.137359 0.187981
0.76607 0.165047 0.0688824
0.405874 0.267132 0.326995
0.173052 0.227341 0.599607
0.287353 0.628237 0.0844107
0.0538805 0.134495 0.811625
0.310346 0.517328 0.172326
0.190046 0.330191 0.479763
0.491524 0.211504 0.296972
0.568583 0.334295 0.0971218
0.53812 0.0920492 0.369831
0.260074 0.242574 0.497352
0.361032 0.55621 0.0827581
0.190077 0.678125 0.131799
0.565803 0.220021 0.214176
0.120488 0.152012 0.7275
0.343649 0.250673 0.405679
0.0837746 0.823471 0.0927543
0.227764 0.391818 0.380417
0.826979 0.0901421 0.0828791
0.434532 0.345865 0.219602
0.351677 0.133752 0.514571
0.0805195 0.710172 0.209309
0.486203 0.107246 0.406551
0.0589821 0.429995 0.511023
0.769361 0.0823487 0.14829
0.23312 0.124291 0.642589
0.419966 0.454221 0.125813
0.0508763 0.239199 0.709925
0.577292 0.114339 0.308369
0.132867 0.743459 0.123673
0.0472511 0.561644 0.391105
0.0981861 0.282157 0.619657
0.346398 0.381108 0.272494
0.265055 0.467672 0.267273
0.156239 0.451384 0.392377
0.184695 0.0991426 0.716162
0.0462516 0.659604 0.294144
0.190491 0.519146 0.290363
0.889152 0.0584899 0.0523579
0.619627 0.219377 0.160996
0.108881 0.576438 0.314681
0.126225 0.36825 0.505525
0.29135 0.347313 0.361337
0.423681 0.15884 0.417479
0.173208 0.767319 0.0594728
0.0390773 0.809495 0.151428
0.374827 0.447429 0.177743
0.71102 0.187011 0.101969
0.228386 0.703416 0.0681978
0.0350078 0.898032 0.06696
0.51022 0.309313 0.180467
0.102083 0.0712773 0.82664
0.235075 0.588979 0.175946
0.427163 0.515141 0.0576959
0.0221047 0.0414539 0.936441
0.724677 0.0721607 0.203162


0 16 25
30 29 41
36 35 43
10 9 45
34 33 46
12 11 47
20 19 48
41 29 49
14 13 50
7 6 53
18 17 54
11 10 58
10 45 58
47 11 58
32 31 59
56 52 60
8 7 61
7 53 61
53 55 61
4 3 66
56 60 67
15 14 68
27 26 68
14 50 68
51 57 69
35 34 70
34 46 70
43 35 70
60 43 70
65 60 70
33 32 72
32 59 72
59 57 72
21 20 73
20 48 73
28 27 74
27 68 74
68 50 74
37 36 75
36 43 75
43 60 75
60 52 75
69 45 76
19 18 77
18 54 77
48 19 77
54 64 77
31 30 78
30 41 78
59 31 78
57 59 78
63 57 78
41 63 78
44 62 79
4 66 79
66 71 79
71 44 79
22 21 80
21 73 80
73 42 80
64 52 81
73 48 81
48 77 81
77 64 81
65 51 82
51 69 82
82 55 83
56 67 84
38 37 85
64 38 85
52 64 85
75 52 85
37 75 85
23 22 86
71 23 86
22 80 86
67 83 87
84 67 87
16 15 88
25 16 88
26 25 88
15 68 88
68 26 88
41 49 89
49 47 89
63 41 89
47 58 89
58 63 89
42 84 90
44 71 90
71 86 90
80 42 90
86 80 90
84 87 90
87 44 90
42 73 91
52 56 91
81 52 91
73 81 91
56 84 91
84 42 91
60 65 92
67 60 92
83 67 92
65 82 92
82 83 92
51 65 93
65 70 93
70 46 93
46 33 93
33 72 93
57 51 93
72 57 93
5 4 94
4 79 94
79 62 94
24 23 95
23 71 95
71 66 95
61 55 96
76 61 96
69 76 96
82 69 96
55 82 96
13 12 97
12 47 97
50 13 97
47 49 97
74 50 97
6 5 98
53 6 98
5 94 98
94 62 98
3 1 99
1 24 99
66 3 99
24 95 99
95 66 99
57 63 100
58 45 100
63 58 100
45 69 100
69 57 100
40 39 101
54 40 101
39 38 101
38 64 101
64 54 101
55 53 102
83 55 102
62 44 102
44 87 102
87 83 102
53 98 102
98 62 102
9 8 103
45 9 103
76 45 103
8 61 103
61 76 103
17 2 104
2 40 104
40 54 104
54 17 104
29 28 105
49 29 105
28 74 105
74 97 105
97 49 105
