57
1 0 0
0 1 0
0 0 1
0.0666667 0.933333 0
0.133333 0.866667 0
0.2 0.8 0
0.266667 0.733333 0
0.333333 0.666667 0
0.4 0.6 0
0.466667 0.533333 0
0.533333 0.466667 0
0.6 0.4 0
0.666667 0.333333 0
0.733333 0.266667 0
0.8 0.2 0
0.866667 0.133333 0
0.933333 0.0666667 0
0 0.111111 0.888889
0 0.222222 0.777778
0 0.333333 0.666667
0 0.444444 0.555556
0 0.555556 0.444444
0 0.666667 0.333333
0 0.777778 0.222222
0 0.888889 0.111111
0.875 0 0.125
0.75 0 0.25
0.625 0 0.375
0.5 0 0.5
0.375 0 0.625
0.25 0 0.75
0.125 0 0.875
0.63336 0.121081 0.245559
0.0985838 0.492591 0.408825
0.257305 0.12042 0.622275
0.172634 0.615241 0.212125
0.735874 0.0966437 0.167483
0.379932 0.24517 0.374898
0.185702 0.261202 0.553096
0.313645 0.495354 0.191001
0.376312 0.121651 0.502037
0.506168 0.248959 0.244873
0.157337 0.4288 0.413863
0.465649 0.358895 0.175456
0.128707 0.126863 0.744429
0.591544 0.201296 0.20716
0.245048 0.38431 0.370642
0.0884395 0.764907 0.146653
0.121563 0.687431 0.191006
0.394388 0.434326 0.171286
0.326272 0.329358 0.34437
0.851219 0.0544451 0.0943361
0.107223 0.306786 0.585991
0.247392 0.557448 0.19516
0.25922 0.219688 0.521092
0.485563 0.105219 0.409218
0.0752592 0.199298 0.725443


3 1 24
4 3 24
23 4 24
0 16 25
14 13 32
28 27 32
20 19 33
21 20 33
31 30 34
7 6 35
21 33 35
15 14 36
26 15 36
27 26 36
14 32 36
32 27 36
9 8 39
30 29 40
34 30 40
37 34 40
12 11 41
37 40 41
33 19 42
11 10 43
37 41 43
41 11 43
17 2 44
2 31 44
31 34 44
13 12 45
12 41 45
32 13 45
39 42 46
5 4 47
4 23 47
23 22 47
6 5 48
35 6 48
22 21 48
21 35 48
5 47 48
47 22 48
10 9 49
43 10 49
9 39 49
39 46 49
37 43 50
43 49 50
46 38 50
49 46 50
16 15 51
15 26 51
25 16 51
26 25 51
19 18 52
42 19 52
38 46 52
46 42 52
7 35 53
35 33 53
8 7 53
39 8 53
33 42 53
42 39 53
38 44 54
44 34 54
34 37 54
37 50 54
50 38 54
29 28 55
28 32 55
32 45 55
40 29 55
41 40 55
45 41 55
18 17 56
17 44 56
44 38 56
38 52 56
52 18 56
