90
1 0 0
0 1 0
0 0 1
0.0625 0.9375 0
0.125 0.875 0
0.1875 0.8125 0
0.25 0.75 0
0.3125 0.6875 0
0.375 0.625 0
0.4375 0.5625 0
0.5 0.5 0
0.5625 0.4375 0
0.625 0.375 0
0.6875 0.3125 0
0.75 0.25 0
0.8125 0.1875 0
0.875 0.125 0
0.9375 0.0625 0
0 0.0588235 0.941176
0 0.117647 0.882353
0 0.176471 0.823529
0 0.235294 0.764706
0 0.294118 0.705882
0 0.352941 0.647059
0 0.411765 0.588235
0 0.470588 0.529412
0 0.529412 0.470588
0 0.588235 0.411765
0 0.647059 0.352941
0 0.705882 0.294118
0 0.764706 0.235294
0 0.823529 0.176471
0 0.882353 0.117647
0 0.941176 0.0588235
0.857143 0 0.142857
0.714286 0 0.285714
0.571429 0 0.428571
0.428571 0 0.571429
0.285714 0 0.714286
0.142857 0 0.857143
0.896225 0.0319682 0.0718067
0.642072 0.108507 0.249421
0.130584 0.475906 0.39351
0.295414 0.132627 0.571959
0.164415 0.597734 0.237851
0.473761 0.408429 0.11781
0.776959 0.058369 0.164672
0.419702 0.0617555 0.518542
0.627368 0.274859 0.0977732
0.739448 0.122796 0.137756
0.392064 0.26011 0.347826
0.640052 0.0653253 0.294622
0.143954 0.250384 0.605662
0.251134 0.638641 0.110226
0.32669 0.528301 0.145009
0.150813 0.346934 0.502253
0.156678 0.5348 0.308521
0.133748 0.40647 0.459782
0.313469 0.584275 0.102256
0.562808 0.338095 0.0990961
0.149552 0.18983 0.660618
0.202671 0.692663 0.104666
0.563904 0.226942 0.209154
0.13844 0.127893 0.733667
0.590268 0.163557 0.246174
0.116745 0.780814 0.102442
0.488512 0.296757 0.214732
0.690972 0.221409 0.0876198
0.0860312 0.834575 0.0793939
0.108998 0.306533 0.584469
0.258249 0.0721107 0.66964
0.477495 0.124147 0.398358
0.23467 0.419559 0.345771
0.307731 0.203352 0.488917
0.436492 0.467974 0.0955338
0.439888 0.357016 0.203096
0.300878 0.466303 0.232819
0.135033 0.060951 0.804015
0.451014 0.197156 0.35183
0.309392 0.343142 0.347466
0.715486 0.172543 0.111971
0.1141 0.666035 0.219865
0.0698605 0.0289298 0.90121
0.560745 0.0497246 0.38953
0.113221 0.725915 0.160864
0.250761 0.281155 0.468084
0.340899 0.0319415 0.62716
0.0479116 0.907348 0.0447406
0.846299 0.0868842 0.066817
0.351287 0.402887 0.245826


3 1 33
0 17 40
34 0 40
26 25 42
28 27 44
12 11 45
35 34 46
34 40 46
37 36 47
14 13 48
41 46 49
35 46 51
46 41 51
22 21 52
8 7 53
10 9 54
24 23 55
27 26 56
44 27 56
26 42 56
54 44 56
25 24 57
42 25 57
24 55 57
9 8 58
8 53 58
54 9 58
53 44 58
44 54 58
13 12 59
48 13 59
12 45 59
21 20 60
52 21 60
7 6 61
53 7 61
20 19 63
43 60 63
60 20 63
41 49 64
6 5 65
31 30 65
48 59 66
50 62 66
62 48 66
15 14 67
14 48 67
48 62 67
5 4 68
4 32 68
32 31 68
31 65 68
65 5 68
23 22 69
55 23 69
22 52 69
47 43 70
43 63 70
43 47 71
51 41 71
41 64 71
42 57 72
52 60 73
60 43 73
43 71 73
11 10 74
45 11 74
10 54 74
59 45 75
66 59 75
54 56 76
56 42 76
45 74 76
74 54 76
42 72 76
19 18 77
63 19 77
70 63 77
39 38 77
38 70 77
62 50 78
64 62 78
50 73 78
71 64 78
73 71 78
57 55 79
72 57 79
50 66 79
66 75 79
16 15 80
49 16 80
15 67 80
64 49 80
62 64 80
67 62 80
29 28 81
28 44 81
44 53 81
53 61 81
18 2 82
2 39 82
39 77 82
77 18 82
36 35 83
35 51 83
47 36 83
51 71 83
71 47 83
30 29 84
65 30 84
61 6 84
6 65 84
29 81 84
81 61 84
69 52 85
55 69 85
52 73 85
73 50 85
50 79 85
79 55 85
38 37 86
70 38 86
37 47 86
47 70 86
4 3 87
3 33 87
32 4 87
33 32 87
40 17 88
46 40 88
17 16 88
16 49 88
49 46 88
75 45 89
45 76 89
76 72 89
72 79 89
79 75 89
