71
1 0 0
0 1 0
0 0 1
0.0625 0.9375 0
0.125 0.875 0
0.1875 0.8125 0
0.25 0.75 0
0.3125 0.6875 0
0.375 0.625 0
0.4375 0.5625 0
0.5 0.5 0
0.5625 0.4375 0
0.625 0.375 0
0.6875 0.3125 0
0.75 0.25 0
0.8125 0.1875 0
0.875 0.125 0
0.9375 0.0625 0
0 0.1 0.9
0 0.2 0.8
0 0.3 0.7
0 0.4 0.6
0 0.5 0.5
0 0.6 0.4
0 0.7 0.3
0 0.8 0.2
0 0.9 0.1
0.888889 0 0.111111
0.777778 0 0.222222
0.666667 0 0.333333
0.555556 0 0.444444
0.444444 0 0.555556
0.333333 0 0.666667
0.222222 0 0.777778
0.111111 0 0.888889
0.637407 0.120458 0.242135
0.1119 0.503903 0.384197
0.282879 0.157798 0.559323
0.156728 0.607338 0.235933
0.471004 0.388417 0.140579
0.422974 0.0764902 0.500536
0.747252 0.120714 0.132034
0.404018 0.262859 0.333124
0.166361 0.252903 0.580736
0.316347 0.505548 0.178106
0.403544 0.152929 0.443527
0.503523 0.229988 0.266489
0.622426 0.236163 0.14141
0.108104 0.391176 0.50072
0.246598 0.586501 0.166902
0.548016 0.318163 0.13382
0.150543 0.149028 0.700429
0.530095 0.154467 0.315439
0.270151 0.268064 0.461785
0.217981 0.37262 0.409399
0.082184 0.78571 0.132106
0.813412 0.0582641 0.128324
0.121883 0.692457 0.185661
0.0517789 0.860867 0.0873544
0.522031 0.0709543 0.407015
0.0927643 0.284681 0.622554
0.316941 0.394904 0.288154
0.306468 0.070736 0.622796
0.2059 0.47988 0.31422
0.0734687 0.186297 0.740234
0.0730002 0.581406 0.345594
0.379097 0.352572 0.268332
0.193619 0.0717191 0.734662
0.408645 0.459002 0.132352
0.0866132 0.0635877 0.849799
0.223629 0.672936 0.103435


3 1 26
0 17 27
30 29 35
22 21 36
11 10 39
32 31 40
16 15 41
15 14 41
14 35 41
35 29 41
9 8 44
42 37 45
42 45 46
14 13 47
35 14 47
21 20 48
36 21 48
8 7 49
44 8 49
38 36 49
12 11 50
11 39 50
39 42 50
42 46 50
13 12 50
47 13 50
46 47 50
45 40 52
46 45 52
35 47 52
47 46 52
37 42 53
43 51 53
51 37 53
43 53 54
5 4 55
25 24 55
17 16 56
27 17 56
28 27 56
16 41 56
29 28 56
41 29 56
6 5 57
24 23 57
55 24 57
5 55 57
4 3 58
3 26 58
26 25 58
25 55 58
55 4 58
31 30 59
30 35 59
35 52 59
40 31 59
52 40 59
20 19 60
48 20 60
43 54 60
54 48 60
44 54 61
54 53 61
33 32 62
45 37 62
32 40 62
40 45 62
36 48 63
44 49 63
49 36 63
48 54 63
54 44 63
19 18 64
18 51 64
51 43 64
43 60 64
60 19 64
23 22 65
22 36 65
36 38 65
38 57 65
57 23 65
42 39 66
53 42 66
61 53 66
34 33 67
37 51 67
33 62 67
62 37 67
10 9 68
9 44 68
44 61 68
39 10 68
66 39 68
61 66 68
18 2 69
51 18 69
2 34 69
34 67 69
67 51 69
7 6 70
38 49 70
49 7 70
6 57 70
57 38 70
