157
1 0 0
0 1 0
0 0 1
0.0625 0.9375 0
0.125 0.875 0
0.1875 0.8125 0
0.25 0.75 0
0.3125 0.6875 0
0.375 0.625 0
0.4375 0.5625 0
0.5 0.5 0
0.5625 0.4375 0
0.625 0.375 0
0.6875 0.3125 0
0.75 0.25 0
0.8125 0.1875 0
0.875 0.125 0
0.9375 0.0625 0
0 0.0714287 0.928571
0 0.142857 0.857143
0 0.214286 0.785714
0 0.285714 0.714286
0 0.357143 0.642857
0 0.428571 0.571429
0 0.5 0.5
0 0.571429 0.428571
0 0.642857 0.357143
0 0.714286 0.285714
0 0.785714 0.214286
0 0.857143 0.142857
0 0.928571 0.0714286
0.95 0 0.05
0.9 0 0.1
0.85 0 0.15
0.8 0 0.2
0.75 0 0.25
0.7 0 0.3
0.65 0 0.35
0.6 0 0.4
0.55 0 0.45
0.5 0 0.5
0.45 0 0.55
0.4 0 0.6
0.35 0 0.65
0.3 0 0.7
0.25 0 0.75
0.2 0 0.8
0.15 0 0.85
0.1 0 0.9
0.05 0 0.95
0.63056 0.125301 0.244139
0.0991579 0.490714 0.410128
0.287912 0.129558 0.582531
0.155676 0.610198 0.234126
0.482168 0.406108 0.111724
0.798417 0.0750248 0.126558
0.41059 0.0813272 0.508083
0.653971 0.283548 0.0624801
0.048446 0.34097 0.610584
0.677227 0.141123 0.18165
0.76375 0.169386 0.0668645
0.738984 0.125058 0.135958
0.386651 0.248953 0.364396
0.174574 0.247639 0.577787
0.273986 0.626494 0.0995205
0.0611922 0.133665 0.805143
0.317082 0.527267 0.155652
0.0451403 0.636839 0.318021
0.185058 0.31902 0.495923
0.489166 0.240629 0.270205
0.275145 0.50839 0.216465
0.158658 0.542953 0.298389
0.108907 0.411428 0.479666
0.34297 0.582312 0.0747172
0.590151 0.331564 0.0782847
0.546557 0.0705908 0.382852
0.14787 0.201931 0.650199
0.254236 0.25684 0.488924
0.199058 0.679877 0.121065
0.339736 0.0624061 0.597858
0.830797 0.115215 0.0539872
0.594192 0.231104 0.174703
0.074074 0.374681 0.551245
0.513894 0.296755 0.189351
0.121635 0.14895 0.729415
0.5611 0.185688 0.253212
0.338246 0.253729 0.408025
0.158195 0.780814 0.0609907
0.441798 0.396751 0.161451
0.091263 0.838513 0.0702235
0.232835 0.3922 0.374965
0.89365 0.0594736 0.0468763
0.164402 0.411083 0.424514
0.452146 0.323863 0.22399
0.413043 0.490739 0.0962184
0.245178 0.0623422 0.69248
0.138544 0.690128 0.171328
0.351731 0.115603 0.532666
0.0923104 0.689481 0.218209
0.0609687 0.780827 0.158204
0.490306 0.128348 0.381347
0.454356 0.20445 0.341194
0.542935 0.333875 0.12319
0.224454 0.149681 0.625865
0.696866 0.0627847 0.24035
0.109291 0.287974 0.602736
0.499919 0.0645044 0.435576
0.0444115 0.568706 0.386883
0.43642 0.140482 0.423098
0.133748 0.074483 0.791769
0.393352 0.380271 0.226378
0.0686122 0.257987 0.6734
0.524481 0.418612 0.0569069
0.33463 0.43416 0.23121
0.85335 0.052769 0.0938815
0.594424 0.0848903 0.320686
0.290313 0.0662042 0.643483
0.311217 0.331892 0.356891
0.69739 0.194653 0.107957
0.637994 0.232924 0.129082
0.0477467 0.498682 0.453571
0.419028 0.292651 0.288321
0.0977446 0.623297 0.278959
0.0948093 0.0600994 0.845091
0.223977 0.718495 0.0575283
0.318 0.210349 0.471651
0.281343 0.421954 0.296703
0.213251 0.463962 0.322787
0.210185 0.599618 0.190197
0.747626 0.0641404 0.188233
0.191223 0.067158 0.741619
0.0529804 0.204365 0.742655
0.0976408 0.5588 0.343559
0.709873 0.242259 0.0478683
0.231866 0.215658 0.552475
0.524153 0.152992 0.322854
0.221352 0.519978 0.25867
0.354435 0.347025 0.298541
0.654676 0.0524471 0.292877
0.134468 0.329543 0.535989
0.280782 0.296703 0.422514
0.377458 0.172707 0.449834
0.459235 0.491111 0.0496544
0.0437277 0.708859 0.247413
0.189432 0.125207 0.685361
0.0480101 0.0686223 0.883368
0.0463292 0.441241 0.51243
0.0386136 0.888528 0.0728586
0.37442 0.468746 0.156834
0.157566 0.478272 0.364162
0.223122 0.337142 0.439736
0.283213 0.673282 0.0435049
0.29092 0.180451 0.528629
0.401668 0.558156 0.0401764
0.126421 0.756099 0.11748
0.460321 0.0583035 0.481376
0.258622 0.58879 0.152588


0 17 31
18 2 49
34 33 55
42 41 56
13 12 57
23 22 58
15 14 60
55 60 61
20 19 65
27 26 67
8 7 73
64 66 73
12 11 74
57 12 74
39 38 75
43 42 79
16 15 80
15 60 80
60 55 80
50 59 81
23 58 82
50 81 85
81 83 85
83 69 85
5 4 87
83 54 88
4 3 89
87 4 89
17 16 91
31 17 91
32 31 91
16 80 91
51 72 92
72 68 92
69 83 93
83 88 93
88 54 94
45 44 95
42 56 97
79 42 97
52 79 97
53 96 98
29 28 99
98 96 99
54 83 102
81 74 102
83 81 102
63 76 103
36 35 104
59 50 104
82 58 105
76 63 105
40 39 106
39 75 106
75 100 106
26 25 107
67 26 107
100 101 108
101 62 108
106 100 108
47 46 109
84 65 109
93 88 110
22 21 111
58 22 111
105 58 111
84 76 111
76 105 111
11 10 112
54 102 112
74 11 112
102 74 112
66 70 113
33 32 114
55 33 114
80 55 114
32 91 114
91 80 114
38 37 115
75 38 115
50 85 115
44 43 116
43 79 116
79 52 116
95 44 116
52 103 116
103 95 116
86 62 117
59 61 118
61 60 118
57 74 119
74 81 119
118 57 119
81 59 119
59 118 119
25 24 120
72 51 120
51 107 120
107 25 120
69 93 121
101 69 121
62 101 121
93 110 121
71 53 122
53 98 122
48 47 123
47 109 123
109 65 123
78 64 124
6 5 124
5 87 124
87 78 124
90 117 126
113 70 126
90 126 127
78 96 128
96 53 128
35 34 129
34 55 129
55 61 129
104 35 129
61 59 129
59 104 129
46 45 130
45 95 130
84 109 130
109 46 130
21 20 131
20 65 131
111 21 131
65 84 131
84 111 131
67 107 132
107 51 132
122 67 132
71 122 132
14 13 133
60 14 133
118 60 133
13 57 133
57 118 133
68 63 134
77 68 134
103 52 134
63 103 134
85 69 135
100 75 135
69 101 135
101 100 135
75 115 135
115 85 135
126 70 136
127 126 136
70 128 136
53 71 136
128 53 136
71 127 136
110 113 137
121 110 137
117 62 137
62 121 137
113 126 137
126 117 137
37 36 138
36 104 138
104 50 138
50 115 138
115 37 138
63 68 139
68 72 139
72 82 139
82 105 139
105 63 139
86 117 140
117 90 140
77 125 140
125 86 140
62 86 141
108 62 141
56 108 141
86 125 141
97 56 141
125 97 141
10 9 142
94 54 142
54 112 142
112 10 142
28 27 143
27 67 143
98 99 143
99 28 143
67 122 143
122 98 143
76 84 144
84 130 144
95 103 144
130 95 144
103 76 144
19 18 145
18 49 145
49 48 145
48 123 145
65 19 145
123 65 145
24 23 146
23 82 146
120 24 146
82 72 146
72 120 146
3 1 147
1 30 147
89 3 147
30 29 147
29 99 147
99 89 147
73 66 148
94 73 148
88 94 148
110 88 148
66 113 148
113 110 148
127 71 149
92 90 149
90 127 149
51 92 149
132 51 149
71 132 149
68 77 150
90 92 150
92 68 150
77 140 150
140 90 150
7 6 151
64 73 151
73 7 151
6 124 151
124 64 151
125 77 152
52 97 152
97 125 152
77 134 152
134 52 152
9 8 153
8 73 153
73 94 153
94 142 153
142 9 153
78 87 154
96 78 154
87 89 154
89 99 154
99 96 154
41 40 155
56 41 155
108 56 155
40 106 155
106 108 155
66 64 156
70 66 156
128 70 156
64 78 156
78 128 156
