143
1 0 0
0 1 0
0 0 1
0.0625 0.9375 0
0.125 0.875 0
0.1875 0.8125 0
0.25 0.75 0
0.3125 0.6875 0
0.375 0.625 0
0.4375 0.5625 0
0.5 0.5 0
0.5625 0.4375 0
0.625 0.375 0
0.6875 0.3125 0
0.75 0.25 0
0.8125 0.1875 0
0.875 0.125 0
0.9375 0.0625 0
0 0.0833333 0.916667
0 0.166667 0.833333
0 0.25 0.75
0 0.333333 0.666667
0 0.416667 0.583333
0 0.5 0.5
0 0.583333 0.416667
0 0.666667 0.333333
0 0.75 0.25
0 0.833333 0.166667
0 0.916667 0.0833333
0.95 0 0.05
0.9 0 0.1
0.85 0 0.15
0.8 0 0.2
0.75 0 0.25
0.7 0 0.3
0.65 0 0.35
0.6 0 0.4
0.55 0 0.45
0.5 0 0.5
0.45 0 0.55
0.4 0 0.6
0.35 0 0.65
0.3 0 0.7
0.25 0 0.75
0.2 0 0.8
0.15 0 0.85
0.1 0 0.9
0.05 0 0.95
0.631692 0.105856 0.262451
0.0983464 0.48358 0.418073
0.279491 0.138865 0.581644
0.157051 0.603343 0.239606
0.477002 0.418833 0.104165
0.801207 0.0743014 0.124492
0.418741 0.0725635 0.508695
0.654126 0.282788 0.0630854
0.0481545 0.334363 0.617483
0.665561 0.134517 0.199922
0.766064 0.163606 0.0703298
0.751994 0.104999 0.143006
0.400667 0.242467 0.356866
0.166473 0.264814 0.568713
0.28181 0.639778 0.078412
0.0443148 0.158511 0.797174
0.310975 0.531661 0.157364
0.192279 0.324679 0.483041
0.495867 0.238704 0.265429
0.271019 0.511279 0.217702
0.121039 0.38363 0.495331
0.343008 0.575731 0.081261
0.588672 0.333981 0.0773471
0.544112 0.0734159 0.382472
0.151204 0.191991 0.656805
0.261735 0.242603 0.495662
0.193969 0.681491 0.12454
0.593497 0.229525 0.176978
0.0742994 0.384572 0.541129
0.533798 0.266159 0.200043
0.128378 0.134854 0.736768
0.565715 0.177294 0.25699
0.343319 0.261402 0.395279
0.157894 0.77549 0.0666159
0.0911551 0.834327 0.0745177
0.233734 0.378148 0.388118
0.902547 0.0541556 0.0432971
0.159558 0.426762 0.41368
0.445578 0.330803 0.223618
0.410044 0.51018 0.0797761
0.427393 0.415368 0.157239
0.254623 0.0771468 0.668231
0.843216 0.0882593 0.0685244
0.34347 0.132167 0.524363
0.092146 0.688029 0.219825
0.478164 0.160697 0.361138
0.438871 0.26437 0.296759
0.174901 0.499358 0.325741
0.110686 0.297905 0.591409
0.0402359 0.250235 0.709529
0.0399266 0.840418 0.119656
0.138317 0.711404 0.150279
0.441791 0.122062 0.436147
0.391964 0.360126 0.24791
0.525406 0.418026 0.0565684
0.332315 0.42958 0.238105
0.0516885 0.484389 0.463923
0.108974 0.596735 0.294291
0.0985714 0.0805544 0.820874
0.222025 0.710508 0.067467
0.281728 0.419759 0.298513
0.593004 0.0781796 0.328816
0.193843 0.0854613 0.720696
0.342948 0.0677202 0.589332
0.0483333 0.6685 0.283167
0.302737 0.249293 0.44797
0.724693 0.0734479 0.20186
0.212124 0.156566 0.631311
0.222679 0.221772 0.555549
0.224437 0.498486 0.277077
0.0901667 0.237314 0.672519
0.344007 0.337738 0.318254
0.293619 0.336939 0.369442
0.0582778 0.576047 0.365675
0.0483191 0.0750642 0.876617
0.635333 0.234966 0.129701
0.698476 0.1801 0.121423
0.500008 0.0670986 0.432894
0.375809 0.17471 0.449481
0.204604 0.600569 0.194827
0.369811 0.46822 0.161969
0.0355713 0.913953 0.050476
0.468135 0.483761 0.0481035
0.536928 0.336091 0.126982
0.152172 0.060279 0.787549
0.121456 0.522734 0.355809
0.710711 0.237839 0.0514496
0.535058 0.145879 0.319063
0.0794836 0.768778 0.151738
0.0328081 0.426696 0.540495
0.0387678 0.76003 0.201202
0.0803596 0.16981 0.74983
0.249459 0.606938 0.143604
0.48596 0.337728 0.176312
0.30725 0.0567787 0.635971


0 17 29
18 2 47
35 34 48
32 31 53
40 39 54
39 38 54
13 12 55
22 21 56
48 34 57
15 14 58
32 53 59
53 58 59
7 6 62
20 19 63
61 65 68
8 7 69
7 62 69
62 64 69
12 11 70
55 12 70
37 36 71
48 57 75
77 66 79
48 75 79
75 77 79
5 4 81
4 3 82
81 4 82
65 73 83
17 16 84
29 17 84
30 29 84
49 68 85
68 65 85
65 83 85
9 8 87
8 69 87
52 87 88
43 42 89
16 15 90
31 30 90
53 31 90
15 58 90
58 53 90
30 84 90
84 16 90
40 54 91
73 50 91
66 86 94
93 66 94
60 93 94
85 83 95
61 68 96
68 76 96
76 56 96
72 61 96
21 20 97
20 63 97
56 21 97
28 27 98
92 51 99
74 81 99
81 82 99
54 38 100
93 60 100
86 88 101
60 94 101
94 86 101
11 10 102
70 11 102
64 67 103
24 23 104
68 49 104
76 68 104
51 92 105
95 51 105
46 45 106
6 5 107
62 6 107
5 81 107
81 74 107
103 67 108
36 35 109
35 48 109
48 79 109
71 36 109
44 43 110
72 78 110
43 89 110
41 40 111
40 91 111
91 50 111
26 25 112
105 92 112
83 73 113
73 91 113
34 33 114
57 34 114
33 32 114
32 59 114
89 50 115
61 72 115
72 110 115
110 89 115
65 61 116
73 65 116
50 73 116
115 50 116
61 115 116
51 95 117
108 67 117
95 83 117
83 108 117
72 96 118
96 56 118
56 97 118
78 72 118
80 60 119
60 101 119
101 103 119
103 108 119
108 83 120
83 113 120
113 80 120
80 119 120
119 108 120
25 24 121
24 104 121
104 49 121
112 25 121
105 112 121
19 18 122
18 47 122
47 46 122
63 19 122
46 106 122
106 63 122
75 57 123
55 70 123
70 75 123
59 58 124
57 114 124
114 59 124
123 57 124
55 123 124
38 37 125
37 71 125
71 93 125
93 100 125
100 38 125
91 54 126
60 80 126
100 60 126
54 100 126
80 113 126
113 91 126
74 99 127
99 51 127
117 67 127
51 117 127
69 64 128
87 69 128
88 87 128
101 88 128
64 103 128
103 101 128
3 1 129
1 28 129
28 98 129
82 3 129
98 82 129
10 9 130
9 87 130
87 52 130
52 102 130
102 10 130
75 70 131
77 75 131
102 52 131
70 102 131
45 44 132
78 106 132
106 45 132
44 110 132
110 78 132
49 85 133
85 95 133
95 105 133
105 121 133
121 49 133
14 13 134
58 14 134
13 55 134
55 124 134
124 58 134
79 66 135
66 93 135
93 71 135
71 109 135
109 79 135
82 98 136
99 82 136
92 99 136
23 22 137
22 56 137
56 76 137
76 104 137
104 23 137
27 26 138
26 112 138
112 92 138
92 136 138
98 27 138
136 98 138
97 63 139
63 106 139
106 78 139
78 118 139
118 97 139
64 62 140
67 64 140
62 107 140
107 74 140
74 127 140
127 67 140
66 77 141
86 66 141
52 88 141
88 86 141
77 131 141
131 52 141
42 41 142
50 89 142
89 42 142
41 111 142
111 50 142
