135
1 0 0
0 1 0
0 0 1
0.0625 0.9375 0
0.125 0.875 0
0.1875 0.8125 0
0.25 0.75 0
0.3125 0.6875 0
0.375 0.625 0
0.4375 0.5625 0
0.5 0.5 0
0.5625 0.4375 0
0.625 0.375 0
0.6875 0.3125 0
0.75 0.25 0
0.8125 0.1875 0
0.875 0.125 0
0.9375 0.0625 0
0 0.0833334 0.916667
0 0.166667 0.833333
0 0.25 0.75
0 0.333333 0.666667
0 0.416667 0.583333
0 0.5 0.5
0 0.583333 0.416667
0 0.666667 0.333333
0 0.75 0.25
0 0.833333 0.166667
0 0.916667 0.0833333
0.944444 0 0.0555556
0.888889 0 0.111111
0.833333 0 0.166667
0.777778 0 0.222222
0.722222 0 0.277778
0.666667 0 0.333333
0.611111 0 0.388889
0.555556 0 0.444444
0.5 0 0.5
0.444444 0 0.555556
0.388889 0 0.611111
0.333333 0 0.666667
0.277778 0 0.722222
0.222222 0 0.777778
0.166667 0 0.833333
0.111111 0 0.888889
0.0555555 0 0.944444
0.628431 0.125346 0.246222
0.106451 0.504696 0.388853
0.289067 0.129353 0.58158
0.154629 0.623372 0.222
0.484865 0.387259 0.127876
0.787617 0.0711663 0.141217
0.417632 0.0713805 0.510987
0.653472 0.279033 0.0674947
0.0483453 0.33759 0.614065
0.68371 0.127734 0.188556
0.765136 0.164553 0.0703118
0.73698 0.121407 0.141613
0.385946 0.253248 0.360805
0.172718 0.268051 0.559231
0.270251 0.637229 0.0925193
0.042918 0.14852 0.808562
0.306964 0.525701 0.167335
0.195978 0.337316 0.466706
0.497227 0.236843 0.26593
0.165916 0.532591 0.301493
0.116483 0.395115 0.488401
0.340386 0.574707 0.0849068
0.589713 0.330635 0.0796522
0.546849 0.0685356 0.384615
0.152828 0.191739 0.655433
0.242393 0.237917 0.51969
0.197303 0.668559 0.134138
0.352495 0.0629687 0.584536
0.583757 0.242688 0.173555
0.280315 0.472001 0.247683
0.079078 0.36978 0.551142
0.518303 0.287369 0.194328
0.125764 0.13775 0.736486
0.562323 0.182537 0.25514
0.333233 0.262641 0.404126
0.151712 0.77072 0.0775678
0.0849028 0.838151 0.0769461
0.23311 0.386353 0.380537
0.446857 0.335657 0.217487
0.399794 0.522706 0.0775004
0.431679 0.432927 0.135394
0.261615 0.0748413 0.663544
0.136905 0.701239 0.161856
0.838484 0.0865533 0.0749626
0.348067 0.128077 0.523856
0.0807104 0.696783 0.222506
0.489312 0.129251 0.381437
0.451085 0.225108 0.323807
0.113685 0.296625 0.58969
0.0391188 0.264749 0.696132
0.434254 0.14657 0.419176
0.523823 0.418461 0.0577161
0.336039 0.420799 0.243162
0.734277 0.0592417 0.206481
0.309477 0.360513 0.33001
0.697328 0.19172 0.110952
0.0509679 0.498275 0.450757
0.103705 0.597842 0.298453
0.0917349 0.0894026 0.818862
0.168061 0.440963 0.390976
0.0446524 0.792665 0.162683
0.228856 0.568439 0.202705
0.389486 0.335781 0.274734
0.196637 0.07627 0.727093
0.0469843 0.660468 0.292548
0.21606 0.163379 0.62056
0.63691 0.215364 0.147726
0.710077 0.240995 0.0489286
0.374216 0.175791 0.449992
0.461133 0.478309 0.0605578
0.0901426 0.238423 0.671434
0.898249 0.0549856 0.0467651
0.0521508 0.581172 0.366677
0.22966 0.46493 0.30541
0.490831 0.0628699 0.446299
0.141383 0.0573955 0.801222
0.0350499 0.886129 0.0788208
0.218346 0.722106 0.0595479
0.30802 0.209655 0.482325
0.682626 0.0593688 0.258005
0.594529 0.0827334 0.322737
0.377311 0.449515 0.173175
0.525206 0.151976 0.322818
0.269929 0.304744 0.425328
0.0480411 0.073171 0.878788
0.0446294 0.429094 0.526276
0.539913 0.337572 0.122514
0.0685399 0.180739 0.750722
0.0967237 0.762866 0.14041


0 17 29
18 2 45
32 31 51
39 38 52
38 37 52
13 12 53
22 21 54
15 14 56
51 56 57
7 6 60
20 19 61
59 63 66
8 7 67
7 60 67
60 62 67
12 11 68
53 12 68
36 35 69
63 59 71
40 39 73
48 40 73
39 52 73
46 74 79
74 77 79
77 64 79
5 4 81
4 3 82
81 4 82
64 77 84
77 50 84
9 8 85
8 67 85
84 50 86
41 40 87
40 48 87
49 72 88
72 81 88
16 15 89
31 30 89
51 31 89
15 56 89
56 51 89
73 52 90
48 73 90
49 88 91
64 84 93
59 66 94
66 76 94
76 54 94
70 59 94
21 20 95
54 21 95
92 93 96
93 58 96
11 10 97
68 11 97
62 75 98
33 32 99
57 55 99
32 51 99
51 57 99
80 58 100
98 75 100
55 57 101
57 56 101
24 23 102
66 47 102
47 65 103
65 49 103
49 91 103
47 66 105
66 63 105
63 83 105
65 47 105
27 26 106
26 91 106
62 60 107
60 72 107
49 65 107
75 62 107
72 49 107
58 93 108
93 84 108
98 100 108
100 58 108
43 42 109
70 78 109
42 41 109
41 87 109
26 25 110
91 26 110
103 91 110
59 70 111
48 71 111
87 48 111
71 59 111
70 109 111
109 87 111
46 55 112
74 46 112
53 68 112
68 74 112
101 53 112
55 101 112
14 13 113
13 53 113
53 101 113
56 14 113
101 56 113
90 52 114
52 96 114
58 80 114
96 58 114
10 9 115
86 50 115
9 85 115
85 86 115
50 97 115
97 10 115
94 54 116
54 95 116
78 70 116
70 94 116
17 16 117
29 17 117
30 29 117
16 89 117
89 30 117
24 102 118
102 47 118
25 24 118
110 25 118
47 103 118
103 110 118
83 100 119
100 75 119
65 105 119
105 83 119
75 107 119
107 65 119
37 36 120
36 69 120
69 92 120
52 37 120
96 52 120
92 96 120
44 43 121
104 44 121
78 104 121
43 109 121
109 78 121
3 1 122
1 28 122
82 3 122
28 27 122
27 106 122
106 82 122
6 5 123
60 6 123
72 60 123
5 81 123
81 72 123
71 48 124
48 90 124
90 114 124
114 80 124
34 33 125
46 34 125
55 46 125
33 99 125
99 55 125
35 34 126
34 46 126
69 35 126
46 79 126
67 62 127
85 67 127
86 85 127
62 98 127
84 86 127
108 84 127
98 108 127
92 69 128
79 64 128
64 93 128
93 92 128
69 126 128
126 79 128
63 71 129
83 63 129
80 100 129
100 83 129
124 80 129
71 124 129
19 18 130
61 19 130
18 45 130
45 44 130
44 104 130
104 61 130
23 22 131
22 54 131
54 76 131
102 23 131
76 66 131
66 102 131
74 68 132
77 74 132
50 77 132
97 50 132
68 97 132
20 61 133
95 20 133
61 104 133
104 78 133
78 116 133
116 95 133
81 82 134
88 81 134
82 106 134
91 88 134
106 91 134
