81
1 0 0
0 1 0
0 0 1
0.0625 0.9375 0
0.125 0.875 0
0.1875 0.8125 0
0.25 0.75 0
0.3125 0.6875 0
0.375 0.625 0
0.4375 0.5625 0
0.5 0.5 0
0.5625 0.4375 0
0.625 0.375 0
0.6875 0.3125 0
0.75 0.25 0
0.8125 0.1875 0
0.875 0.125 0
0.9375 0.0625 0
0 0.0714286 0.928571
0 0.142857 0.857143
0 0.214286 0.785714
0 0.285714 0.714286
0 0.357143 0.642857
0 0.428571 0.571429
0 0.5 0.5
0 0.571429 0.428571
0 0.642857 0.357143
0 0.714286 0.285714
0 0.785714 0.214286
0 0.857143 0.142857
0 0.928571 0.0714286
0.857143 0 0.142857
0.714286 0 0.285714
0.571429 0 0.428571
0.428571 0 0.571429
0.285714 0 0.714286
0.142857 0 0.857143
0.615372 0.120514 0.264114
0.107838 0.484404 0.407759
0.30081 0.127593 0.571597
0.129832 0.609803 0.260365
0.492877 0.396264 0.110858
0.801518 0.0615079 0.136974
0.386674 0.0673445 0.545981
0.391594 0.268725 0.339681
0.183644 0.251617 0.564739
0.258368 0.623037 0.118595
0.340413 0.518675 0.140912
0.184237 0.327732 0.488031
0.622757 0.238707 0.138535
0.121401 0.403939 0.47466
0.560823 0.3384 0.100777
0.196097 0.679386 0.124517
0.74752 0.12452 0.12796
0.533702 0.279992 0.186305
0.147395 0.129357 0.723247
0.572664 0.175439 0.251897
0.471408 0.211582 0.31701
0.0859321 0.818424 0.0956435
0.442747 0.335039 0.222214
0.241462 0.0665182 0.69202
0.116444 0.196939 0.686618
0.255346 0.407315 0.337339
0.29088 0.198228 0.510891
0.118406 0.741987 0.139607
0.694652 0.18501 0.120338
0.450405 0.13731 0.412285
0.113119 0.0581961 0.828685
0.530947 0.0641465 0.404907
0.372863 0.393383 0.233754
0.316041 0.337428 0.346532
0.206175 0.549438 0.244387
0.0879106 0.666696 0.245394
0.391489 0.455366 0.153145
0.319915 0.576518 0.103567
0.67177 0.0591217 0.269108
0.227373 0.47401 0.298617
0.0794181 0.328066 0.592516
0.27601 0.276282 0.447708
0.0868457 0.547239 0.365916
0.0880295 0.265421 0.64655


3 1 30
4 3 30
29 4 30
0 17 31
24 23 38
26 25 40
12 11 41
17 16 42
31 17 42
32 31 42
35 34 43
8 7 46
10 9 47
14 13 49
23 22 50
38 23 50
13 12 51
12 41 51
7 6 52
40 46 52
46 7 52
16 15 53
42 16 53
49 13 54
13 51 54
19 18 55
49 54 57
56 49 57
54 44 57
5 4 58
4 29 58
29 28 58
51 41 59
44 54 59
54 51 59
36 35 60
35 43 60
43 39 60
39 55 60
20 19 61
19 55 61
50 48 62
57 44 63
45 61 63
55 39 63
61 55 63
52 6 64
6 5 64
5 58 64
28 27 64
58 28 64
15 14 65
14 49 65
49 56 65
37 53 65
56 37 65
53 15 65
39 43 66
37 56 66
56 57 66
57 63 66
63 39 66
18 2 67
2 36 67
36 60 67
55 18 67
60 55 67
34 33 68
43 34 68
37 66 68
66 43 68
59 41 69
44 59 70
59 69 70
62 48 70
69 62 70
46 40 71
27 26 72
26 40 72
40 52 72
52 64 72
64 27 72
11 10 73
41 11 73
69 41 73
10 47 73
62 69 73
9 8 74
47 9 74
8 46 74
46 71 74
71 47 74
32 42 75
42 53 75
53 37 75
33 32 75
68 33 75
37 68 75
38 50 76
50 62 76
47 71 76
71 38 76
62 73 76
73 47 76
22 21 77
48 50 77
50 22 77
45 63 78
63 44 78
44 70 78
48 45 78
70 48 78
25 24 79
24 38 79
38 71 79
40 25 79
71 40 79
21 20 80
20 61 80
61 45 80
77 21 80
45 48 80
48 77 80
