52
1 0 0
0 1 0
0 0 1
0.0625 0.9375 0
0.125 0.875 0
0.1875 0.8125 0
0.25 0.75 0
0.3125 0.6875 0
0.375 0.625 0
0.4375 0.5625 0
0.5 0.5 0
0.5625 0.4375 0
0.625 0.375 0
0.6875 0.3125 0
0.75 0.25 0
0.8125 0.1875 0
0.875 0.125 0
0.9375 0.0625 0
0 0.0555555 0.944444
0 0.111111 0.888889
0 0.166667 0.833333
0 0.222222 0.777778
0 0.277778 0.722222
0 0.333333 0.666667
0 0.388889 0.611111
0 0.444444 0.555556
0 0.5 0.5
0 0.555556 0.444444
0 0.611111 0.388889
0 0.666667 0.333333
0 0.722222 0.277778
0 0.777778 0.222222
0 0.833333 0.166667
0 0.888889 0.111111
0 0.944444 0.0555556
0.666667 0 0.333333
0.333333 0 0.666667
0.630318 0.114851 0.254831
0.319034 0.135612 0.545354
0.368954 0.0763615 0.554684
0.4006 0.253117 0.346283
0.272988 0.487202 0.239809
0.474092 0.178961 0.346947
0.316977 0.380891 0.302132
0.170154 0.674515 0.155331
0.365603 0.320139 0.314258
0.678737 0.0590018 0.262262
0.244637 0.2271 0.528263
0.206464 0.614296 0.17924
0.274408 0.0463083 0.679284
0.293112 0.436143 0.270746
0.244561 0.554841 0.200598


7 6 31
30 7 31
6 5 32
31 6 32
5 4 33
32 5 33
3 1 34
4 3 34
33 4 34
18 2 36
17 16 37
21 20 38
20 19 39
38 20 39
15 14 40
23 22 40
11 10 41
10 27 41
27 26 41
37 16 42
21 38 42
38 37 42
16 15 42
15 40 42
13 12 43
25 24 43
8 7 44
7 30 44
29 8 44
30 29 44
14 13 45
24 23 45
23 40 45
40 14 45
13 43 45
43 24 45
0 17 46
17 37 46
35 0 46
39 35 46
37 38 46
38 39 46
22 21 47
21 42 47
40 22 47
42 40 47
9 8 48
8 29 48
28 9 48
29 28 48
19 18 49
39 19 49
18 36 49
36 35 49
35 39 49
12 11 50
26 25 50
11 41 50
41 26 50
25 43 50
43 12 50
10 9 51
9 28 51
27 10 51
28 27 51
