146
1 0 0
0 1 0
0 0 1
0.0625 0.9375 0
0.125 0.875 0
0.1875 0.8125 0
0.25 0.75 0
0.3125 0.6875 0
0.375 0.625 0
0.4375 0.5625 0
0.5 0.5 0
0.5625 0.4375 0
0.625 0.375 0
0.6875 0.3125 0
0.75 0.25 0
0.8125 0.1875 0
0.875 0.125 0
0.9375 0.0625 0
0 0.0769231 0.923077
0 0.153846 0.846154
0 0.230769 0.769231
0 0.307692 0.692308
0 0.384615 0.615385
0 0.461538 0.538462
0 0.538462 0.461538
0 0.615385 0.384615
0 0.692308 0.307692
0 0.769231 0.230769
0 0.846154 0.153846
0 0.923077 0.0769231
0.95 0 0.05
0.9 0 0.1
0.85 0 0.15
0.8 0 0.2
0.75 0 0.25
0.7 0 0.3
0.65 0 0.35
0.6 0 0.4
0.55 0 0.45
0.5 0 0.5
0.45 0 0.55
0.4 0 0.6
0.35 0 0.65
0.3 0 0.7
0.25 0 0.75
0.2 0 0.8
0.15 0 0.85
0.1 0 0.9
0.0500001 0 0.95
0.630801 0.123041 0.246158
0.0953483 0.498088 0.406564
0.287968 0.12623 0.585802
0.156456 0.611402 0.232142
0.482923 0.406961 0.110116
0.794756 0.0726162 0.132628
0.42379 0.0746146 0.501596
0.65437 0.283283 0.0623465
0.677228 0.140131 0.182641
0.76591 0.16454 0.0695498
0.7381 0.123817 0.138083
0.38384 0.261483 0.354677
0.17145 0.250408 0.578142
0.0384496 0.301658 0.659892
0.267775 0.613754 0.118471
0.0535991 0.138376 0.808025
0.321647 0.515109 0.163243
0.0531224 0.603732 0.343145
0.191597 0.325079 0.483323
0.489163 0.242076 0.268762
0.276568 0.514021 0.209411
0.16303 0.529759 0.307211
0.116603 0.391704 0.491693
0.338478 0.581844 0.0796776
0.590427 0.331376 0.0781976
0.544536 0.0689562 0.386508
0.144504 0.205722 0.649774
0.263401 0.241061 0.495538
0.200439 0.679268 0.120293
0.344781 0.0635777 0.591642
0.594358 0.229523 0.176119
0.0807278 0.374055 0.545218
0.51425 0.29628 0.18947
0.131659 0.149673 0.718667
0.562518 0.181256 0.256226
0.341552 0.257619 0.40083
0.15801 0.77206 0.0699293
0.448596 0.399678 0.151726
0.0938926 0.83001 0.0760975
0.240821 0.360596 0.398583
0.902287 0.0542646 0.0434488
0.161188 0.438452 0.400359
0.444269 0.341475 0.214256
0.411997 0.507677 0.0803261
0.268222 0.0699642 0.661814
0.141338 0.704856 0.153806
0.842523 0.0875154 0.069962
0.343684 0.132553 0.523762
0.0908239 0.69294 0.216236
0.48991 0.126209 0.383881
0.455073 0.204579 0.340349
0.543126 0.333397 0.123476
0.227253 0.157657 0.61509
0.696351 0.0630554 0.240594
0.111497 0.300245 0.588258
0.0413053 0.844556 0.114138
0.433889 0.147706 0.418405
0.125076 0.0880539 0.78687
0.391573 0.379384 0.229044
0.525209 0.417883 0.0569079
0.342905 0.398955 0.258141
0.311833 0.335212 0.352955
0.697983 0.193585 0.108432
0.638723 0.231672 0.129605
0.100761 0.616035 0.283204
0.0938472 0.0619753 0.844178
0.223922 0.716714 0.0593632
0.274085 0.425889 0.300025
0.596582 0.0787131 0.324705
0.213866 0.604102 0.182033
0.185447 0.0692993 0.745254
0.49041 0.0643615 0.445228
0.0604343 0.204759 0.734806
0.302942 0.254051 0.443007
0.710414 0.241154 0.0484318
0.746362 0.0631828 0.190455
0.220955 0.520492 0.258553
0.0397268 0.772078 0.188195
0.0521586 0.515616 0.432226
0.37312 0.179332 0.447548
0.465878 0.484245 0.0498774
0.087037 0.252457 0.660506
0.047734 0.0701185 0.882147
0.226966 0.222612 0.550422
0.0480533 0.362341 0.589606
0.381599 0.455178 0.163223
0.037063 0.913961 0.0489762
0.114619 0.537347 0.348034
0.0428915 0.694862 0.262247
0.28162 0.671242 0.047138
0.5258 0.150047 0.324153
0.0463401 0.446733 0.506927
0.198687 0.125607 0.675706
0.655225 0.0518685 0.292907
0.0833739 0.766932 0.149694
0.211912 0.45422 0.333868
0.415915 0.298763 0.285321


0 17 30
18 2 48
33 32 54
41 40 55
40 39 55
13 12 56
15 14 58
54 58 59
22 21 62
20 19 64
26 25 66
65 63 69
61 67 71
8 7 72
63 65 72
12 11 73
56 12 73
38 37 74
42 41 78
51 42 78
49 57 79
49 79 83
79 81 83
81 68 83
5 4 85
81 53 86
4 3 87
85 4 87
67 76 88
17 16 89
30 17 89
31 30 89
50 71 90
71 67 90
67 88 90
68 81 91
81 86 91
9 8 92
8 72 92
86 53 92
43 42 93
42 51 93
44 43 93
77 85 94
85 87 94
15 58 95
58 54 95
16 15 95
89 16 95
32 31 95
31 89 95
54 32 95
41 55 96
78 41 96
76 51 96
51 78 96
52 94 97
53 81 100
79 73 100
81 79 100
93 51 101
35 34 102
57 49 102
61 71 103
71 80 103
75 61 103
29 28 104
99 60 105
98 99 105
46 45 106
11 10 108
53 100 108
73 11 108
100 73 108
65 69 109
84 60 110
60 109 110
57 59 111
59 58 111
79 57 112
56 73 112
73 79 112
57 111 112
111 56 112
70 52 113
52 97 113
47 46 114
46 106 114
106 64 114
6 5 115
77 63 115
5 85 115
85 77 115
88 110 116
109 69 116
110 109 116
37 36 117
74 37 117
49 83 117
69 63 118
63 77 118
77 94 118
94 52 118
45 44 119
82 106 119
106 45 119
39 38 120
38 74 120
74 98 120
55 39 120
105 55 120
98 105 120
21 20 121
62 21 121
20 64 121
64 106 121
106 82 121
88 76 122
76 96 122
84 110 122
110 88 122
14 13 123
58 14 123
111 58 123
13 56 123
56 111 123
34 33 124
33 54 124
54 59 124
102 34 124
59 57 124
57 102 124
116 69 125
69 118 125
52 70 125
118 52 125
28 27 126
104 28 126
25 24 127
50 66 127
66 25 127
71 50 127
96 55 128
60 84 128
105 60 128
55 105 128
84 122 128
122 96 128
10 9 129
9 92 129
92 53 129
53 108 129
108 10 129
82 75 130
75 103 130
62 121 130
121 82 130
19 18 131
18 48 131
48 47 131
47 114 131
64 19 131
114 64 131
67 61 132
76 67 132
51 76 132
101 51 132
61 101 132
23 22 133
22 62 133
103 80 133
62 130 133
130 103 133
72 65 134
92 72 134
91 86 134
107 91 134
86 92 134
65 109 134
109 107 134
3 1 135
1 29 135
29 104 135
87 3 135
104 87 135
50 90 136
90 70 136
66 50 136
113 66 136
70 113 136
27 26 137
113 97 137
26 66 137
66 113 137
97 126 137
126 27 137
7 6 138
63 72 138
72 7 138
6 115 138
115 63 138
83 68 139
98 74 139
68 99 139
99 98 139
74 117 139
117 83 139
24 23 140
127 24 140
80 71 140
71 127 140
23 133 140
133 80 140
61 75 141
101 61 141
75 82 141
82 119 141
44 93 141
119 44 141
93 101 141
36 35 142
35 102 142
102 49 142
49 117 142
117 36 142
94 87 143
87 104 143
97 94 143
104 126 143
126 97 143
70 90 144
90 88 144
125 70 144
88 116 144
116 125 144
68 91 145
99 68 145
60 99 145
91 107 145
107 109 145
109 60 145
