146
1 0 0
0 1 0
0 0 1
0.0625 0.9375 0
0.125 0.875 0
0.1875 0.8125 0
0.25 0.75 0
0.3125 0.6875 0
0.375 0.625 0
0.4375 0.5625 0
0.5 0.5 0
0.5625 0.4375 0
0.625 0.375 0
0.6875 0.3125 0
0.75 0.25 0
0.8125 0.1875 0
0.875 0.125 0
0.9375 0.0625 0
0 0.0666666 0.933333
0 0.133333 0.866667
0 0.2 0.8
0 0.266667 0.733333
0 0.333333 0.666667
0 0.4 0.6
0 0.466667 0.533333
0 0.533333 0.466667
0 0.6 0.4
0 0.666667 0.333333
0 0.733333 0.266667
0 0.8 0.2
0 0.866667 0.133333
0 0.933333 0.0666667
0.941176 0 0.0588235
0.882353 0 0.117647
0.823529 0 0.176471
0.764706 0 0.235294
0.705882 0 0.294118
0.647059 0 0.352941
0.588235 0 0.411765
0.529412 0 0.470588
0.470588 0 0.529412
0.411765 0 0.588235
0.352941 0 0.647059
0.294118 0 0.705882
0.235294 0 0.764706
0.176471 0 0.823529
0.117647 0 0.882353
0.0588235 0 0.941176
0.627585 0.122192 0.250223
0.104257 0.48136 0.414382
0.27923 0.125378 0.595392
0.153234 0.617975 0.228791
0.4904 0.407793 0.101807
0.799978 0.0581879 0.141834
0.420057 0.0662557 0.513687
0.646255 0.275398 0.0783469
0.0460898 0.330065 0.623845
0.684385 0.132141 0.183474
0.757419 0.18273 0.0598516
0.748696 0.117558 0.133746
0.380992 0.262012 0.356996
0.180304 0.249909 0.569787
0.273059 0.617141 0.1098
0.0592431 0.135085 0.805672
0.32308 0.527201 0.149719
0.37411 0.131647 0.494243
0.18894 0.332783 0.478276
0.488862 0.240737 0.270401
0.707478 0.247207 0.0453147
0.154631 0.552036 0.293333
0.116534 0.399569 0.483897
0.33946 0.572126 0.0884135
0.59003 0.331841 0.0781288
0.876338 0.0598145 0.0638474
0.548118 0.0637251 0.388156
0.149921 0.1932 0.656879
0.256403 0.248981 0.494616
0.195095 0.692255 0.112649
0.346578 0.0713836 0.582038
0.816075 0.120217 0.0637074
0.585615 0.262823 0.151562
0.292794 0.4812 0.226006
0.0685338 0.373401 0.558065
0.123686 0.137209 0.739105
0.567863 0.196862 0.235275
0.32062 0.263671 0.415709
0.168825 0.773477 0.0576981
0.518848 0.284373 0.196779
0.0848831 0.829111 0.0860058
0.227248 0.388591 0.384161
0.161841 0.419497 0.418662
0.434505 0.346211 0.219284
0.397653 0.508371 0.0939759
0.432784 0.427638 0.139578
0.264493 0.067735 0.667772
0.146361 0.680623 0.173016
0.0761564 0.705554 0.218289
0.0528859 0.790065 0.157049
0.492492 0.124137 0.38337
0.0951009 0.207511 0.697389
0.451167 0.201919 0.346914
0.466802 0.473659 0.0595394
0.634288 0.195992 0.169721
0.210808 0.617697 0.171494
0.177857 0.480229 0.341915
0.709916 0.0634163 0.226668
0.62351 0.0598821 0.316608
0.102177 0.274627 0.623196
0.435163 0.13178 0.433057
0.123492 0.0690708 0.807437
0.346552 0.392725 0.260723
0.314567 0.340294 0.345139
0.695673 0.193206 0.111121
0.405298 0.301346 0.293356
0.536987 0.34229 0.120723
0.105684 0.617075 0.277241
0.257671 0.315439 0.426889
0.25105 0.694959 0.0539903
0.326922 0.202679 0.470399
0.117189 0.751507 0.131304
0.0479161 0.265521 0.686563
0.190398 0.0632057 0.746396
0.485094 0.0619412 0.452965
0.0525767 0.650242 0.297181
0.0964962 0.55756 0.345944
0.0533174 0.457447 0.489236
0.370263 0.445415 0.184322
0.215056 0.16095 0.623993
0.131777 0.322225 0.545998
0.051442 0.198059 0.750499
0.544104 0.141023 0.314872
0.0536117 0.888008 0.0583806
0.261793 0.437132 0.301075
0.0610092 0.068763 0.870228
0.310234 0.158282 0.531483
0.19045 0.121542 0.688008
0.0474483 0.536459 0.416093
0.216186 0.534178 0.249636
0.245497 0.195918 0.558585
0.54146 0.409631 0.0489099
0.385034 0.1967 0.418266
0.32196 0.632855 0.0451847
0.480234 0.359003 0.160763
0.262348 0.556805 0.180848
0.381896 0.576982 0.0411218
0.0393605 0.60315 0.357489


3 1 31
0 17 32
18 2 47
34 33 53
35 34 53
41 40 54
13 12 55
23 22 56
15 14 58
20 19 63
14 13 68
13 55 68
58 14 68
62 64 71
55 12 72
17 16 73
32 17 73
33 32 73
53 33 73
39 38 74
66 61 76
42 41 78
41 54 78
54 65 78
58 59 79
59 53 79
16 15 79
73 16 79
15 58 79
53 73 79
55 72 80
24 23 82
23 56 82
5 4 86
6 5 86
67 84 87
84 80 87
86 4 88
49 70 90
70 66 90
66 89 90
67 87 91
71 64 92
44 43 94
43 42 94
42 78 94
78 50 94
29 28 96
51 95 96
30 29 97
88 30 97
29 96 97
83 75 99
10 9 101
9 92 101
92 93 101
93 52 101
55 80 102
48 57 102
84 48 102
80 84 102
62 77 103
77 95 103
95 51 103
49 90 104
90 89 104
36 35 105
57 48 105
35 53 105
53 59 105
59 57 105
37 36 106
38 37 106
74 38 106
36 105 106
105 48 106
75 61 107
82 56 107
99 75 107
65 54 108
98 100 108
46 45 109
83 63 109
85 60 111
57 59 112
59 58 112
58 68 112
102 57 112
68 55 112
55 102 112
67 91 113
60 100 113
100 67 113
91 110 113
110 111 113
111 60 113
80 72 114
87 80 114
69 51 115
51 96 115
66 76 116
89 66 116
76 85 116
85 111 116
111 89 116
7 6 117
77 62 117
6 86 117
86 77 117
85 76 118
77 86 119
95 77 119
86 88 119
88 97 119
96 95 119
97 96 119
22 21 120
56 22 120
99 107 120
107 56 120
44 94 121
45 44 121
109 45 121
83 109 121
40 39 122
54 40 122
39 74 122
74 98 122
108 54 122
98 108 122
28 27 123
96 28 123
115 96 123
49 104 124
104 69 124
69 115 124
115 123 124
25 24 125
70 49 125
24 82 125
82 70 125
92 64 126
93 92 126
64 81 126
81 110 126
91 93 126
110 91 126
61 75 127
94 50 127
61 66 128
66 70 128
70 82 128
82 107 128
107 61 128
21 20 129
20 63 129
63 83 129
83 99 129
99 120 129
120 21 129
98 74 130
84 67 130
67 100 130
100 98 130
48 84 130
106 48 130
74 106 130
4 3 131
88 4 131
3 31 131
31 30 131
30 88 131
104 89 132
89 111 132
110 81 132
111 110 132
19 18 133
18 47 133
47 46 133
63 19 133
46 109 133
109 63 133
50 78 134
78 65 134
65 118 134
118 76 134
75 83 135
83 121 135
127 75 135
121 94 135
94 127 135
26 25 136
49 124 136
25 125 136
125 49 136
51 69 137
103 51 137
132 81 137
69 104 137
104 132 137
127 50 138
76 61 138
61 127 138
50 134 138
134 76 138
12 11 139
72 12 139
11 10 139
10 101 139
101 52 139
52 114 139
114 72 139
100 60 140
108 100 140
60 85 140
85 118 140
65 108 140
118 65 140
8 7 141
62 71 141
7 117 141
117 62 141
52 93 142
93 91 142
114 52 142
91 87 142
87 114 142
64 62 143
62 103 143
81 64 143
103 137 143
137 81 143
9 8 144
92 9 144
71 92 144
8 141 144
141 71 144
27 26 145
123 27 145
124 123 145
26 136 145
136 124 145
