87
1 0 0
0 1 0
0 0 1
0.0625 0.9375 0
0.125 0.875 0
0.1875 0.8125 0
0.25 0.75 0
0.3125 0.6875 0
0.375 0.625 0
0.4375 0.5625 0
0.5 0.5 0
0.5625 0.4375 0
0.625 0.375 0
0.6875 0.3125 0
0.75 0.25 0
0.8125 0.1875 0
0.875 0.125 0
0.9375 0.0625 0
0 0.0909091 0.909091
0 0.181818 0.818182
0 0.272727 0.727273
0 0.363636 0.636364
0 0.454545 0.545455
0 0.545455 0.454545
0 0.636364 0.363636
0 0.727273 0.272727
0 0.818182 0.181818
0 0.909091 0.0909091
0.9 0 0.1
0.8 0 0.2
0.7 0 0.3
0.6 0 0.4
0.5 0 0.5
0.4 0 0.6
0.3 0 0.7
0.2 0 0.8
0.1 0 0.9
0.641698 0.120457 0.237845
0.103559 0.508046 0.388395
0.279192 0.128751 0.592057
0.167188 0.606417 0.226395
0.466734 0.41515 0.118116
0.807143 0.0574163 0.135441
0.416774 0.0617362 0.521489
0.754615 0.121151 0.124233
0.402076 0.2452 0.352724
0.167779 0.234855 0.597367
0.27254 0.614493 0.112967
0.0595607 0.145319 0.79512
0.313833 0.520406 0.165761
0.382757 0.142662 0.474581
0.172861 0.322508 0.504631
0.504175 0.235971 0.259854
0.720533 0.184651 0.0948166
0.641179 0.227147 0.131674
0.135435 0.409077 0.455487
0.540112 0.0766047 0.383283
0.253251 0.263203 0.483546
0.535548 0.342388 0.122065
0.0741463 0.333166 0.592688
0.132274 0.152147 0.715579
0.567432 0.167547 0.26502
0.0897908 0.778972 0.131238
0.439827 0.332247 0.227926
0.406396 0.484996 0.108608
0.288983 0.0604024 0.650615
0.131198 0.687106 0.181696
0.480473 0.136841 0.382687
0.241093 0.417316 0.341591
0.0538664 0.863028 0.0831057
0.199022 0.479491 0.321487
0.353638 0.409984 0.236378
0.0826997 0.0709378 0.846363
0.316643 0.211256 0.472101
0.602358 0.293913 0.103729
0.0766219 0.604373 0.319005
0.0855396 0.237623 0.676838
0.345206 0.309134 0.345661
0.185681 0.0790705 0.735249
0.690101 0.0591413 0.250757
0.219705 0.682646 0.0976492
0.21513 0.548498 0.236372
0.0614772 0.686869 0.251654
0.272222 0.343731 0.384048
0.219512 0.174831 0.605658
0.058112 0.415944 0.525944
0.175105 0.747172 0.0777236


3 1 27
0 17 28
23 22 38
11 10 41
17 16 42
28 17 42
29 28 42
30 29 42
33 32 43
34 33 43
16 15 44
42 16 44
8 7 47
19 18 48
9 8 49
8 47 49
45 50 52
15 14 53
44 15 53
37 44 53
14 13 54
53 14 54
37 53 54
32 31 56
31 37 56
43 32 56
51 46 57
12 11 58
11 41 58
21 20 59
51 55 59
37 54 61
56 37 61
54 52 61
5 4 62
26 25 62
58 41 63
45 52 63
52 58 63
10 9 64
41 10 64
9 49 64
35 34 65
50 39 65
34 43 65
43 50 65
50 43 67
43 56 67
56 61 67
52 50 67
61 52 67
55 51 68
4 3 69
3 27 69
27 26 69
26 62 69
62 4 69
68 49 70
38 55 70
55 68 70
63 41 71
41 64 71
64 49 71
49 68 71
18 2 72
2 36 72
48 18 72
60 48 72
39 50 73
50 45 73
13 12 74
12 58 74
54 13 74
52 54 74
58 52 74
24 23 75
23 38 75
38 40 75
40 66 75
20 19 76
19 48 76
59 20 76
46 51 76
51 59 76
48 60 76
60 46 76
45 63 77
63 71 77
57 73 77
73 45 77
35 65 78
65 39 78
36 35 78
72 36 78
60 72 78
31 30 79
37 31 79
44 37 79
30 42 79
42 44 79
7 6 80
47 7 80
40 47 80
66 40 80
40 38 81
38 70 81
47 40 81
49 47 81
70 49 81
25 24 82
62 25 82
66 62 82
24 75 82
75 66 82
51 57 83
68 51 83
57 77 83
71 68 83
77 71 83
57 46 84
46 60 84
39 73 84
73 57 84
60 78 84
78 39 84
22 21 85
38 22 85
55 38 85
21 59 85
59 55 85
6 5 86
5 62 86
62 66 86
66 80 86
80 6 86
