149
1 0 0
0 1 0
0 0 1
0.0625 0.9375 0
0.125 0.875 0
0.1875 0.8125 0
0.25 0.75 0
0.3125 0.6875 0
0.375 0.625 0
0.4375 0.5625 0
0.5 0.5 0
0.5625 0.4375 0
0.625 0.375 0
0.6875 0.3125 0
0.75 0.25 0
0.8125 0.1875 0
0.875 0.125 0
0.9375 0.0625 0
0 0.0714286 0.928571
0 0.142857 0.857143
0 0.214286 0.785714
0 0.285714 0.714286
0 0.357143 0.642857
0 0.428571 0.571429
0 0.5 0.5
0 0.571429 0.428571
0 0.642857 0.357143
0 0.714286 0.285714
0 0.785714 0.214286
0 0.857143 0.142857
0 0.928571 0.0714286
0.944444 0 0.0555556
0.888889 0 0.111111
0.833333 0 0.166667
0.777778 0 0.222222
0.722222 0 0.277778
0.666667 0 0.333333
0.611111 0 0.388889
0.555556 0 0.444444
0.5 0 0.5
0.444444 0 0.555556
0.388889 0 0.611111
0.333333 0 0.666667
0.277778 0 0.722222
0.222222 0 0.777778
0.166667 0 0.833333
0.111111 0 0.888889
0.0555556 0 0.944444
0.628501 0.112399 0.2591
0.0971058 0.491441 0.411453
0.283797 0.14861 0.567593
0.153652 0.615894 0.230453
0.48007 0.40338 0.11655
0.811093 0.0680059 0.120901
0.420697 0.062131 0.517172
0.653278 0.283158 0.0635646
0.0473559 0.341192 0.611452
0.678883 0.13103 0.190087
0.763582 0.168634 0.0677834
0.745495 0.104025 0.15048
0.383564 0.264272 0.352164
0.172154 0.251941 0.575905
0.278752 0.62858 0.0926678
0.0588177 0.140416 0.800766
0.315963 0.52447 0.159568
0.0485513 0.638527 0.312922
0.191429 0.324492 0.484079
0.492255 0.237585 0.27016
0.276271 0.504094 0.219635
0.156372 0.544935 0.298693
0.108388 0.411507 0.480106
0.341328 0.570835 0.0878376
0.585595 0.335548 0.0788568
0.880417 0.0592131 0.06037
0.554281 0.0682802 0.377439
0.143169 0.201661 0.655171
0.255093 0.240673 0.504234
0.197516 0.688667 0.113817
0.342593 0.0662711 0.591136
0.826871 0.120456 0.0526731
0.578915 0.256049 0.165036
0.0737697 0.372756 0.553474
0.52152 0.274725 0.203754
0.118748 0.147695 0.733557
0.565336 0.184968 0.249696
0.329585 0.264238 0.406178
0.170304 0.773538 0.0561582
0.0872737 0.843972 0.0687547
0.224417 0.39325 0.382333
0.157293 0.418502 0.424205
0.447551 0.344757 0.207692
0.388166 0.504628 0.107206
0.431359 0.433108 0.135533
0.267451 0.0766988 0.65585
0.148888 0.676614 0.174498
0.360762 0.130842 0.508396
0.0756203 0.701192 0.223187
0.229953 0.0475903 0.722457
0.054376 0.79346 0.152164
0.489999 0.1251 0.384901
0.724405 0.0562689 0.219326
0.44916 0.198605 0.352235
0.43237 0.277169 0.290461
0.108176 0.289004 0.60282
0.492847 0.0633691 0.443784
0.0437101 0.569125 0.387165
0.521081 0.421988 0.0569308
0.431051 0.130671 0.438278
0.118178 0.0708954 0.810927
0.0675757 0.25861 0.673814
0.335232 0.417529 0.247239
0.582048 0.106797 0.311155
0.311447 0.343381 0.345172
0.697644 0.193248 0.109108
0.637226 0.229533 0.133241
0.0478316 0.497437 0.454732
0.10369 0.615167 0.281142
0.264096 0.304029 0.431875
0.313162 0.210313 0.476525
0.269516 0.435586 0.294899
0.209209 0.471672 0.319119
0.226075 0.599962 0.173963
0.244638 0.703824 0.0515382
0.0454143 0.439947 0.514638
0.0526153 0.207294 0.74009
0.379885 0.433516 0.1866
0.212628 0.162871 0.624501
0.37985 0.339644 0.280506
0.0962495 0.558134 0.345616
0.52305 0.153986 0.322963
0.135557 0.330361 0.534082
0.452082 0.488858 0.0590597
0.0588585 0.0714442 0.869697
0.524736 0.341415 0.133848
0.216143 0.531536 0.252321
0.674116 0.057235 0.268649
0.0371824 0.922404 0.0404136
0.382325 0.193509 0.424166
0.336205 0.624092 0.0397025
0.119193 0.751087 0.12972
0.620591 0.179336 0.200074
0.710051 0.244382 0.0455667
0.222934 0.222222 0.554844
0.17665 0.0604414 0.762908
0.155305 0.480982 0.363713
0.191006 0.114395 0.694599
0.621201 0.0504937 0.328305
0.0360618 0.868351 0.095587
0.391844 0.564538 0.0436182


0 17 31
18 2 47
33 32 53
34 33 53
40 39 54
41 40 54
13 12 55
23 22 56
15 14 58
34 53 59
53 58 59
20 19 63
27 26 65
62 64 71
12 11 72
55 12 72
17 16 73
31 17 73
32 31 73
53 32 73
38 37 74
42 41 78
41 54 78
15 58 79
58 53 79
16 15 79
73 16 79
53 73 79
23 56 81
82 67 84
80 82 84
5 4 86
6 5 86
4 3 87
86 4 87
49 70 89
70 66 89
66 88 89
67 82 90
71 64 91
90 52 92
43 42 93
42 78 93
78 50 93
50 78 95
78 54 95
28 27 96
27 65 96
51 94 96
44 43 97
43 93 97
29 28 98
28 96 98
35 34 100
34 59 100
59 57 100
67 90 102
60 101 102
101 67 102
75 61 103
81 56 103
54 39 104
39 38 104
38 74 104
74 99 104
26 25 105
65 26 105
11 10 106
72 11 106
95 54 107
99 101 107
54 104 107
104 99 107
46 45 108
83 63 108
22 21 109
56 22 109
83 75 109
103 56 109
75 103 109
64 68 110
48 84 111
85 60 112
57 59 113
59 58 113
55 72 114
72 80 114
113 55 114
57 113 114
25 24 115
70 49 115
49 105 115
105 25 115
69 51 116
51 96 116
96 65 116
66 76 117
88 66 117
85 112 117
112 88 117
76 50 118
50 95 118
85 117 118
117 76 118
88 112 119
110 68 119
112 110 119
88 119 120
64 62 121
68 64 121
62 77 121
77 94 121
94 51 121
7 6 122
62 7 122
77 62 122
6 86 122
86 77 122
24 23 123
23 81 123
115 24 123
81 70 123
70 115 123
21 20 124
109 21 124
20 63 124
63 83 124
83 109 124
90 92 125
91 64 125
64 110 125
92 91 125
93 50 126
61 75 126
60 102 127
102 90 127
110 112 127
112 60 127
90 125 127
125 110 127
69 116 128
105 49 128
65 105 128
116 65 128
67 101 129
101 99 129
99 74 129
74 111 129
84 67 129
111 84 129
61 66 130
66 70 130
70 81 130
81 103 130
103 61 130
10 9 131
92 52 131
91 92 131
52 106 131
106 10 131
19 18 132
18 47 132
47 46 132
63 19 132
46 108 132
108 63 132
80 72 133
82 80 133
52 90 133
90 82 133
72 106 133
106 52 133
69 120 134
119 68 134
120 119 134
51 69 134
121 51 134
68 121 134
36 35 135
35 100 135
57 48 135
100 57 135
3 1 136
1 30 136
87 3 136
60 85 137
95 107 137
101 60 137
107 101 137
85 118 137
118 95 137
8 7 138
7 62 138
62 71 138
77 86 139
94 77 139
86 87 139
87 98 139
96 94 139
98 96 139
80 84 140
84 48 140
48 57 140
57 114 140
114 80 140
14 13 141
13 55 141
55 113 141
58 14 141
113 58 141
66 61 142
76 66 142
50 76 142
126 50 142
61 126 142
45 44 143
108 45 143
44 97 143
83 108 143
49 89 144
120 69 144
89 88 144
88 120 144
69 128 144
128 49 144
97 93 145
93 126 145
75 83 145
83 143 145
143 97 145
126 75 145
37 36 146
48 111 146
74 37 146
111 74 146
36 135 146
135 48 146
29 98 147
98 87 147
30 29 147
136 30 147
87 136 147
9 8 148
71 91 148
91 131 148
131 9 148
8 138 148
138 71 148
