54
1 0 0
0 1 0
0 0 1
0.0625 0.9375 0
0.125 0.875 0
0.1875 0.8125 0
0.25 0.75 0
0.3125 0.6875 0
0.375 0.625 0
0.4375 0.5625 0
0.5 0.5 0
0.5625 0.4375 0
0.625 0.375 0
0.6875 0.3125 0
0.75 0.25 0
0.8125 0.1875 0
0.875 0.125 0
0.9375 0.0625 0
0 0.1 0.9
0 0.2 0.8
0 0.3 0.7
0 0.4 0.6
0 0.5 0.5
0 0.6 0.4
0 0.7 0.3
0 0.8 0.2
0 0.9 0.1
0.857143 0 0.142857
0.714286 0 0.285714
0.571429 0 0.428571
0.428571 0 0.571429
0.285714 0 0.714286
0.142857 0 0.857143
0.620476 0.113362 0.266162
0.132423 0.505512 0.362065
0.249323 0.125259 0.625418
0.14896 0.615364 0.235676
0.458597 0.100806 0.440597
0.18776 0.252977 0.559264
0.268865 0.511229 0.219906
0.472733 0.223139 0.304129
0.131891 0.417453 0.450656
0.726132 0.087126 0.186742
0.1515 0.143759 0.70474
0.332491 0.25041 0.417099
0.58793 0.19071 0.22136
0.240947 0.38798 0.371073
0.0778532 0.793262 0.128885
0.386929 0.371094 0.241977
0.11462 0.693762 0.191617
0.477363 0.33147 0.191167
0.845186 0.0481868 0.106627
0.332135 0.0932811 0.574584
0.247691 0.587213 0.165096


3 1 26
4 3 26
25 4 26
0 17 27
15 14 33
30 29 33
22 21 34
2 32 35
7 6 36
23 22 36
22 34 36
31 30 37
30 33 37
19 18 38
9 8 39
13 12 40
21 20 41
34 21 41
39 34 41
16 15 42
28 16 42
29 28 42
15 33 42
33 29 42
18 2 43
2 35 43
38 18 43
35 40 44
43 35 44
38 43 44
14 13 45
33 14 45
37 33 45
13 40 45
40 37 45
10 9 46
20 19 46
19 38 46
41 20 46
9 39 46
39 41 46
5 4 47
4 25 47
24 5 47
25 24 47
11 10 48
38 44 48
10 46 48
46 38 48
6 5 49
5 24 49
24 23 49
23 36 49
36 6 49
12 11 50
40 12 50
44 40 50
11 48 50
48 44 50
17 16 51
16 28 51
27 17 51
28 27 51
32 31 52
35 32 52
40 35 52
31 37 52
37 40 52
8 7 53
7 36 53
36 34 53
34 39 53
39 8 53
