56
1 0 0
0 1 0
0 0 1
0.0625 0.9375 0
0.125 0.875 0
0.1875 0.8125 0
0.25 0.75 0
0.3125 0.6875 0
0.375 0.625 0
0.4375 0.5625 0
0.5 0.5 0
0.5625 0.4375 0
0.625 0.375 0
0.6875 0.3125 0
0.75 0.25 0
0.8125 0.1875 0
0.875 0.125 0
0.9375 0.0625 0
0 0.0625 0.9375
0 0.125 0.875
0 0.1875 0.8125
0 0.25 0.75
0 0.3125 0.6875
0 0.375 0.625
0 0.4375 0.5625
0 0.5 0.5
0 0.5625 0.4375
0 0.625 0.375
0 0.6875 0.3125
0 0.75 0.25
0 0.8125 0.1875
0 0.875 0.125
0 0.9375 0.0625
0.666667 0 0.333333
0.333333 0 0.666667
0.743091 0.0424304 0.214478
0.632245 0.100859 0.266896
0.300958 0.136136 0.562907
0.446097 0.059985 0.493918
0.450254 0.259673 0.290073
0.24302 0.527941 0.229039
0.220189 0.341805 0.438006
0.186713 0.401939 0.411348
0.170812 0.646247 0.182941
0.564704 0.163939 0.271357
0.393094 0.38956 0.217345
0.277178 0.210312 0.512511
0.266399 0.459542 0.274059
0.201547 0.590391 0.208062
0.442968 0.317291 0.23974
0.194401 0.0392603 0.766339
0.569452 0.215683 0.214865
0.13838 0.717053 0.144567
0.203023 0.278536 0.518441
0.189001 0.0874557 0.723544
0.109093 0.780397 0.11051


5 4 31
30 5 31
3 1 32
4 3 32
31 4 32
0 17 35
33 0 35
17 16 36
35 17 36
20 19 37
34 33 38
33 35 38
35 36 38
36 37 38
14 13 39
10 9 40
26 25 40
23 22 41
24 23 42
23 41 42
8 7 43
7 28 43
28 27 43
16 15 44
36 16 44
37 36 44
12 11 45
42 41 45
21 20 46
20 37 46
37 44 46
11 10 47
25 24 47
10 40 47
40 25 47
24 42 47
42 45 47
45 11 47
9 8 48
27 26 48
26 40 48
40 9 48
8 43 48
43 27 48
13 12 49
39 13 49
12 45 49
45 41 49
18 2 50
2 34 50
34 38 50
15 14 51
14 39 51
44 15 51
39 46 51
46 44 51
7 6 52
6 29 52
28 7 52
29 28 52
22 21 53
21 46 53
46 39 53
39 49 53
41 22 53
49 41 53
19 18 54
37 19 54
38 37 54
18 50 54
50 38 54
6 5 55
5 30 55
29 6 55
30 29 55
