92
1 0 0
0 1 0
0 0 1
0.0625 0.9375 0
0.125 0.875 0
0.1875 0.8125 0
0.25 0.75 0
0.3125 0.6875 0
0.375 0.625 0
0.4375 0.5625 0
0.5 0.5 0
0.5625 0.4375 0
0.625 0.375 0
0.6875 0.3125 0
0.75 0.25 0
0.8125 0.1875 0
0.875 0.125 0
0.9375 0.0625 0
0 0.0714286 0.928571
0 0.142857 0.857143
0 0.214286 0.785714
0 0.285714 0.714286
0 0.357143 0.642857
0 0.428571 0.571429
0 0.5 0.5
0 0.571429 0.428571
0 0.642857 0.357143
0 0.714286 0.285714
0 0.785714 0.214286
0 0.857143 0.142857
0 0.928571 0.0714286
0.875 0 0.125
0.75 0 0.25
0.625 0 0.375
0.5 0 0.5
0.375 0 0.625
0.25 0 0.75
0.125 0 0.875
0.803665 0.0437531 0.152582
0.629845 0.120841 0.249315
0.085897 0.487544 0.426559
0.282479 0.14571 0.571811
0.174263 0.615174 0.210564
0.490246 0.39892 0.110834
0.424469 0.063129 0.512402
0.639601 0.270338 0.0900609
0.75567 0.115858 0.128473
0.386346 0.262281 0.351373
0.168624 0.260009 0.571367
0.269211 0.632389 0.0983998
0.688447 0.0552754 0.256278
0.310091 0.512654 0.177255
0.375873 0.120297 0.50383
0.195198 0.33025 0.474552
0.49036 0.227291 0.28235
0.173185 0.537467 0.289349
0.11048 0.397715 0.491805
0.307001 0.57152 0.121479
0.568017 0.334058 0.0979249
0.558054 0.0621794 0.379767
0.195593 0.688513 0.115894
0.154001 0.135821 0.710178
0.558088 0.176007 0.265905
0.0818767 0.828939 0.0891847
0.236803 0.395367 0.36783
0.438986 0.338339 0.222674
0.0927376 0.317741 0.589521
0.278743 0.073432 0.647825
0.0913642 0.683133 0.225502
0.494837 0.123835 0.381328
0.254862 0.204676 0.540461
0.108608 0.197104 0.694288
0.278233 0.463139 0.258627
0.686614 0.194042 0.119343
0.055211 0.888227 0.0565617
0.149151 0.0618034 0.789046
0.35768 0.399917 0.242403
0.119701 0.756935 0.123364
0.317839 0.334075 0.348086
0.400897 0.52131 0.0777935
0.851213 0.0749869 0.0738006
0.273056 0.27456 0.452384
0.405723 0.18446 0.409817
0.180526 0.458273 0.361201
0.08035 0.607904 0.311747
0.905433 0.0310078 0.063559
0.410055 0.460648 0.129297
0.518278 0.283527 0.198195
0.0593569 0.0410582 0.899585
0.589465 0.231446 0.179089
0.0727584 0.255513 0.671729
0.0647303 0.0989733 0.836296


3 1 30
32 31 38
24 23 40
25 24 40
12 11 43
35 34 44
14 13 45
16 15 46
8 7 49
33 32 50
32 38 50
38 46 50
46 39 50
25 40 55
23 22 56
40 23 56
9 8 57
8 49 57
49 42 57
42 55 57
55 51 57
13 12 58
45 13 58
12 43 58
34 33 59
44 34 59
33 50 59
50 39 59
7 6 60
49 7 60
42 49 60
5 4 63
29 28 63
56 53 64
58 43 65
22 21 66
48 53 66
53 56 66
56 22 66
36 35 67
35 44 67
52 41 67
44 52 67
41 61 67
27 26 68
42 60 68
52 44 69
44 59 69
59 39 69
39 62 69
61 41 70
20 19 71
19 61 71
61 70 71
70 48 71
51 55 72
39 46 73
46 15 73
15 14 73
62 39 73
14 45 73
4 3 74
3 30 74
30 29 74
29 63 74
63 4 74
37 36 75
36 67 75
67 61 75
65 43 76
72 64 76
5 63 77
63 28 77
6 5 77
60 6 77
68 60 77
28 27 77
27 68 77
47 65 78
64 53 78
76 64 78
65 76 78
10 9 79
9 57 79
57 51 79
17 16 80
16 46 80
46 38 80
48 70 81
70 47 81
47 78 81
53 48 81
78 53 81
54 47 82
52 69 82
62 54 82
69 62 82
41 52 82
70 41 82
47 70 82
55 40 83
72 55 83
40 56 83
56 64 83
64 72 83
26 25 84
25 55 84
55 42 84
42 68 84
68 26 84
0 17 85
31 0 85
17 80 85
38 31 85
80 38 85
11 10 86
43 11 86
76 43 86
51 72 86
79 51 86
72 76 86
10 79 86
45 58 87
47 54 87
65 47 87
58 65 87
18 2 88
2 37 88
37 75 88
54 62 89
62 73 89
73 45 89
45 87 89
87 54 89
21 20 90
48 66 90
66 21 90
20 71 90
71 48 90
19 18 91
61 19 91
75 61 91
18 88 91
88 75 91
