103
1 0 0
0 1 0
0 0 1
0.0625 0.9375 0
0.125 0.875 0
0.1875 0.8125 0
0.25 0.75 0
0.3125 0.6875 0
0.375 0.625 0
0.4375 0.5625 0
0.5 0.5 0
0.5625 0.4375 0
0.625 0.375 0
0.6875 0.3125 0
0.75 0.25 0
0.8125 0.1875 0
0.875 0.125 0
0.9375 0.0625 0
0 0.0526316 0.947368
0 0.105263 0.894737
0 0.157895 0.842105
0 0.210526 0.789474
0 0.263158 0.736842
0 0.315789 0.684211
0 0.368421 0.631579
0 0.421053 0.578947
0 0.473684 0.526316
0 0.526316 0.473684
0 0.578947 0.421053
0 0.631579 0.368421
0 0.684211 0.315789
0 0.736842 0.263158
0 0.789474 0.210526
0 0.842105 0.157895
0 0.894737 0.105263
0 0.947368 0.0526316
0.875 0 0.125
0.75 0 0.25
0.625 0 0.375
0.5 0 0.5
0.375 0 0.625
0.25 0 0.75
0.125 0 0.875
0.645853 0.109055 0.245092
0.121082 0.495091 0.383826
0.266552 0.132017 0.601432
0.177997 0.598826 0.223178
0.469649 0.417717 0.112634
0.789851 0.0647755 0.145374
0.409455 0.0798035 0.510741
0.607198 0.284377 0.108425
0.75004 0.121932 0.128028
0.365794 0.27102 0.363186
0.657578 0.0620021 0.28042
0.141219 0.256299 0.602481
0.244589 0.646048 0.109363
0.315946 0.529719 0.154335
0.211371 0.326619 0.46201
0.165416 0.540802 0.293782
0.138736 0.398613 0.46265
0.336088 0.575115 0.0887969
0.554282 0.346588 0.0991303
0.165165 0.194141 0.640694
0.361776 0.0428078 0.595417
0.587967 0.242785 0.169248
0.290304 0.476189 0.233507
0.132822 0.138541 0.728637
0.573205 0.162393 0.264402
0.125537 0.78366 0.0908028
0.64933 0.186478 0.164193
0.0867921 0.839872 0.0733354
0.437364 0.33951 0.223127
0.11319 0.314453 0.572357
0.264276 0.0397324 0.695991
0.1352 0.697152 0.167647
0.504478 0.118786 0.376736
0.259285 0.415297 0.325419
0.281076 0.207419 0.511504
0.431006 0.473453 0.0955411
0.418612 0.383334 0.198054
0.12001 0.446997 0.432993
0.700458 0.218729 0.0808125
0.148788 0.0720376 0.779175
0.417073 0.198294 0.384633
0.467827 0.286014 0.246159
0.308497 0.341094 0.35041
0.208308 0.714464 0.0772281
0.261281 0.262033 0.476685
0.0971871 0.746763 0.15605
0.253606 0.0872758 0.659119
0.353835 0.152216 0.493949
0.764422 0.164188 0.0713899
0.0837455 0.588382 0.327872
0.563389 0.0460175 0.390594
0.344262 0.429929 0.225809
0.509534 0.224606 0.26586
0.903724 0.0345859 0.0616901
0.086298 0.367883 0.545819
0.102171 0.0442655 0.853563
0.0983601 0.661906 0.239734
0.0481917 0.911894 0.0399146
0.0718183 0.115798 0.812384
0.771008 0.0295874 0.199405


3 1 35
18 2 42
27 26 44
28 27 44
12 11 47
14 13 50
17 16 51
48 17 51
43 48 51
48 43 53
23 22 54
8 7 55
28 44 58
56 46 58
26 25 59
9 8 60
8 55 60
55 46 60
10 9 60
56 10 60
46 56 60
13 12 61
12 47 61
50 13 61
22 21 62
54 22 62
40 39 63
39 49 63
58 44 65
56 58 65
21 20 66
62 21 66
45 62 66
43 51 67
6 5 68
33 32 68
67 51 69
5 4 70
4 34 70
34 33 70
33 68 70
68 5 70
50 61 71
24 23 72
23 54 72
41 40 73
40 63 73
53 43 75
43 67 75
65 44 76
54 62 77
11 10 78
10 56 78
47 11 78
56 65 78
65 47 78
61 47 79
71 61 79
76 71 79
44 26 80
76 44 80
26 59 80
59 76 80
15 14 81
14 50 81
50 64 81
64 69 81
41 73 82
75 67 83
64 50 84
50 71 84
59 57 85
71 76 85
76 59 85
57 52 85
52 84 85
84 71 85
55 7 86
74 55 86
7 6 86
6 68 86
52 57 87
57 72 87
72 54 87
54 77 87
77 83 87
83 52 87
32 31 88
31 74 88
68 32 88
86 68 88
74 86 88
49 45 89
63 49 89
45 66 89
73 63 89
66 82 89
82 73 89
45 49 90
49 75 90
62 45 90
77 62 90
75 83 90
83 77 90
16 15 91
51 16 91
69 51 91
15 81 91
81 69 91
29 28 92
28 58 92
46 29 92
58 46 92
39 38 93
49 39 93
38 37 93
37 53 93
53 75 93
75 49 93
47 65 94
79 47 94
65 76 94
76 79 94
67 69 95
69 64 95
52 83 95
83 67 95
64 84 95
84 52 95
0 17 96
17 48 96
36 0 96
48 36 96
25 24 97
59 25 97
57 59 97
24 72 97
72 57 97
19 18 98
82 19 98
18 42 98
42 41 98
41 82 98
30 29 99
29 46 99
46 55 99
31 30 99
74 31 99
55 74 99
4 3 100
3 35 100
34 4 100
35 34 100
20 19 101
19 82 101
66 20 101
82 66 101
37 36 102
36 48 102
48 53 102
53 37 102
