118
1 0 0
0 1 0
0 0 1
0.0625 0.9375 0
0.125 0.875 0
0.1875 0.8125 0
0.25 0.75 0
0.3125 0.6875 0
0.375 0.625 0
0.4375 0.5625 0
0.5 0.5 0
0.5625 0.4375 0
0.625 0.375 0
0.6875 0.3125 0
0.75 0.25 0
0.8125 0.1875 0
0.875 0.125 0
0.9375 0.0625 0
0 0.0625 0.9375
0 0.125 0.875
0 0.1875 0.8125
0 0.25 0.75
0 0.3125 0.6875
0 0.375 0.625
0 0.4375 0.5625
0 0.5 0.5
0 0.5625 0.4375
0 0.625 0.375
0 0.6875 0.3125
0 0.75 0.25
0 0.8125 0.1875
0 0.875 0.125
0 0.9375 0.0625
0.909091 0 0.0909091
0.818182 0 0.181818
0.727273 0 0.272727
0.636364 0 0.363636
0.545455 0 0.454545
0.454545 0 0.545455
0.363636 0 0.636364
0.272727 0 0.727273
0.181818 0 0.818182
0.0909091 0 0.909091
0.620814 0.11575 0.263436
0.0907129 0.505051 0.404236
0.276288 0.129878 0.593835
0.157899 0.621569 0.220532
0.491565 0.415306 0.0931285
0.804052 0.0574065 0.138541
0.441091 0.0732833 0.485626
0.663757 0.254287 0.0819561
0.736743 0.186913 0.076344
0.725464 0.118198 0.156338
0.38888 0.25805 0.35307
0.174717 0.242497 0.582786
0.26602 0.636445 0.0975352
0.0651675 0.132472 0.802361
0.695506 0.0527563 0.251738
0.322386 0.512731 0.164883
0.374705 0.136925 0.48837
0.213371 0.333486 0.453143
0.491511 0.236512 0.271977
0.159433 0.545129 0.295438
0.131819 0.393193 0.474988
0.339223 0.573448 0.0873291
0.59061 0.320561 0.088829
0.876896 0.0632203 0.0598836
0.559841 0.0633207 0.376838
0.166439 0.188626 0.644935
0.238959 0.261287 0.499754
0.182546 0.675284 0.14217
0.353105 0.0622104 0.584685
0.582721 0.245408 0.171872
0.0722991 0.336382 0.591319
0.126982 0.141522 0.731496
0.555204 0.177088 0.267708
0.15912 0.770987 0.0698929
0.653431 0.183191 0.163378
0.0849205 0.830746 0.0843335
0.237557 0.398675 0.363768
0.421302 0.351783 0.226914
0.406843 0.510156 0.0830008
0.258368 0.0654021 0.67623
0.0879401 0.69913 0.21293
0.0719981 0.770748 0.157253
0.498515 0.123411 0.378074
0.471151 0.46245 0.066399
0.181228 0.46542 0.353352
0.2899 0.455747 0.254354
0.143666 0.729118 0.127216
0.0556684 0.891389 0.0529423
0.148633 0.0751107 0.776257
0.0820865 0.262206 0.655707
0.336989 0.396684 0.266326
0.32601 0.334234 0.339756
0.810057 0.122326 0.0676171
0.26686 0.192239 0.540901
0.512292 0.297626 0.190081
0.0693644 0.197518 0.733118
0.443232 0.186692 0.370075
0.339671 0.216471 0.443858
0.0801069 0.582626 0.337268
0.401299 0.434768 0.163933
0.0689602 0.64578 0.28526
0.238841 0.513303 0.247856
0.0746354 0.0657271 0.859637
0.0550593 0.394501 0.55044
0.0697117 0.447795 0.482493
0.242044 0.573138 0.184818
0.211662 0.0363646 0.751974
0.296764 0.285423 0.417813
0.55627 0.383571 0.0601596
0.228574 0.708735 0.0626903
0.494895 0.0377569 0.467348
0.49293 0.363588 0.143481
0.199369 0.121192 0.679439
0.429543 0.293716 0.276741
0.141463 0.308225 0.550312


3 1 32
0 17 33
18 2 42
26 25 44
34 33 48
14 13 50
15 14 51
14 50 51
8 7 55
20 19 56
36 35 57
35 34 57
34 48 57
52 43 57
48 52 57
9 8 64
8 55 64
13 12 65
50 13 65
17 16 66
33 17 66
48 33 66
37 36 67
36 57 67
57 43 67
46 55 70
39 38 71
38 49 71
49 59 71
59 45 71
50 65 72
23 22 73
72 61 75
6 5 76
51 50 77
50 72 77
43 52 77
75 43 77
52 51 77
72 75 77
5 4 78
76 5 78
31 30 78
63 60 79
10 9 81
9 64 81
64 58 81
40 39 82
39 71 82
71 45 82
29 28 83
46 70 83
30 29 84
76 78 84
78 30 84
29 83 84
59 49 85
49 67 85
67 43 85
43 75 85
11 10 86
47 11 86
10 81 86
62 44 87
63 79 87
87 79 88
76 84 89
83 70 89
84 83 89
4 3 90
3 32 90
32 31 90
31 78 90
78 4 90
74 56 91
22 21 92
68 54 92
73 22 92
88 79 93
79 60 94
93 79 94
80 93 94
16 15 95
15 51 95
52 48 95
51 52 95
48 66 95
66 16 95
54 68 96
68 45 96
69 54 96
45 59 96
61 72 97
72 65 97
21 20 98
74 68 98
20 56 98
56 74 98
68 92 98
92 21 98
59 85 99
61 53 99
75 61 99
85 75 99
69 96 100
99 53 100
96 59 100
59 99 100
27 26 101
26 44 101
44 62 101
62 46 101
81 58 102
86 81 102
47 86 102
58 88 102
93 80 102
88 93 102
46 83 103
83 28 103
28 27 103
27 101 103
101 46 103
88 58 104
62 87 104
87 88 104
19 18 105
56 19 105
18 42 105
91 56 105
42 41 105
41 91 105
24 23 106
23 73 106
73 63 106
25 24 107
44 25 107
63 87 107
87 44 107
24 106 107
106 63 107
55 46 108
64 55 108
46 62 108
62 104 108
58 64 108
104 58 108
41 40 109
91 41 109
40 82 109
82 91 109
60 69 110
94 60 110
53 94 110
69 100 110
100 53 110
12 11 111
11 47 111
65 12 111
7 6 112
55 7 112
70 55 112
89 70 112
6 76 112
76 89 112
38 37 113
49 38 113
37 67 113
67 49 113
47 102 114
102 80 114
97 65 114
65 111 114
111 47 114
80 97 114
45 68 115
68 74 115
82 45 115
74 91 115
91 82 115
80 94 116
94 53 116
53 61 116
61 97 116
97 80 116
60 63 117
63 73 117
54 69 117
69 60 117
73 92 117
92 54 117
