49
1 0 0
0 1 0
0 0 1
0.0625 0.9375 0
0.125 0.875 0
0.1875 0.8125 0
0.25 0.75 0
0.3125 0.6875 0
0.375 0.625 0
0.4375 0.5625 0
0.5 0.5 0
0.5625 0.4375 0
0.625 0.375 0
0.6875 0.3125 0
0.75 0.25 0
0.8125 0.1875 0
0.875 0.125 0
0.9375 0.0625 0
0 0.0769231 0.923077
0 0.153846 0.846154
0 0.230769 0.769231
0 0.307692 0.692308
0 0.384615 0.615385
0 0.461538 0.538462
0 0.538462 0.461538
0 0.615385 0.384615
0 0.692308 0.307692
0 0.769231 0.230769
0 0.846154 0.153846
0 0.923077 0.0769231
0.75 0 0.25
0.5 0 0.5
0.25 0 0.75
0.574446 0.0904863 0.335068
0.281521 0.154395 0.564084
0.173282 0.605139 0.221579
0.384005 0.250657 0.365338
0.238593 0.345239 0.416168
0.199675 0.543556 0.256769
0.532569 0.22807 0.239361
0.244603 0.477906 0.277491
0.544649 0.163768 0.291582
0.175759 0.234665 0.589576
0.284076 0.0790509 0.636874
0.71919 0.0551772 0.225632
0.350075 0.318526 0.331399
0.285919 0.416325 0.297756
0.14002 0.685057 0.174924
0.113759 0.756287 0.129954


5 4 28
27 5 28
3 1 29
4 3 29
28 4 29
0 17 30
16 15 33
32 31 33
19 18 34
8 7 35
7 25 35
25 24 35
13 12 36
19 34 36
21 20 37
9 8 38
24 23 38
8 35 38
35 24 38
14 13 39
13 36 39
36 34 39
10 9 40
23 22 40
9 38 40
38 23 40
15 14 41
33 15 41
14 39 41
39 34 41
20 19 42
19 36 42
18 2 43
34 18 43
2 32 43
41 34 43
32 33 43
33 41 43
17 16 44
30 17 44
31 30 44
16 33 44
33 31 44
12 11 45
11 37 45
37 20 45
20 42 45
36 12 45
42 36 45
11 10 46
37 11 46
22 21 46
21 37 46
10 40 46
40 22 46
7 6 47
6 26 47
25 7 47
26 25 47
6 5 48
5 27 48
26 6 48
27 26 48
