120
1 0 0
0 1 0
0 0 1
0.0625 0.9375 0
0.125 0.875 0
0.1875 0.8125 0
0.25 0.75 0
0.3125 0.6875 0
0.375 0.625 0
0.4375 0.5625 0
0.5 0.5 0
0.5625 0.4375 0
0.625 0.375 0
0.6875 0.3125 0
0.75 0.25 0
0.8125 0.1875 0
0.875 0.125 0
0.9375 0.0625 0
0 0.0714286 0.928571
0 0.142857 0.857143
0 0.214286 0.785714
0 0.285714 0.714286
0 0.357143 0.642857
0 0.428571 0.571429
0 0.5 0.5
0 0.571429 0.428571
0 0.642857 0.357143
0 0.714286 0.285714
0 0.785714 0.214286
0 0.857143 0.142857
0 0.928571 0.0714286
0.916667 0 0.0833333
0.833333 0 0.166667
0.75 0 0.25
0.666667 0 0.333333
0.583333 0 0.416667
0.5 0 0.5
0.416667 0 0.583333
0.333333 0 0.666667
0.25 0 0.75
0.166667 0 0.833333
0.0833333 0 0.916667
0.634218 0.110457 0.255324
0.0975782 0.492113 0.410309
0.294177 0.132889 0.572933
0.141021 0.621746 0.237233
0.47177 0.402694 0.125536
0.78579 0.0598055 0.154405
0.431754 0.0623132 0.505932
0.665183 0.253819 0.0809976
0.737838 0.186305 0.0758566
0.72535 0.118848 0.155802
0.403451 0.256369 0.34018
0.175112 0.257129 0.567759
0.281076 0.636204 0.0827202
0.698241 0.0553752 0.246384
0.315728 0.518577 0.165695
0.38391 0.129665 0.486425
0.190857 0.327608 0.481535
0.49194 0.246691 0.26137
0.159781 0.544291 0.295928
0.130464 0.39997 0.469566
0.339855 0.574548 0.0855975
0.600016 0.319787 0.0801962
0.866196 0.0587507 0.075053
0.557849 0.0824496 0.359702
0.148269 0.19846 0.653271
0.251757 0.261058 0.487185
0.189124 0.676933 0.133943
0.349997 0.0635768 0.586426
0.580289 0.24853 0.171181
0.0591313 0.350225 0.590644
0.122415 0.136101 0.741485
0.553039 0.167938 0.279023
0.162269 0.761599 0.0761318
0.652758 0.182521 0.164721
0.0941501 0.82814 0.07771
0.224949 0.394706 0.380345
0.444677 0.325791 0.229532
0.404942 0.515412 0.0796459
0.26376 0.0665499 0.669691
0.0924854 0.69567 0.211845
0.0634999 0.773358 0.163142
0.479219 0.118693 0.402088
0.18847 0.464996 0.346534
0.290828 0.446836 0.262336
0.322007 0.285687 0.392306
0.519975 0.321972 0.158052
0.0910882 0.266566 0.642346
0.124676 0.0585426 0.816782
0.0545261 0.886763 0.0587114
0.379488 0.392722 0.22779
0.808027 0.122007 0.0699658
0.621777 0.0469791 0.331244
0.332431 0.204029 0.46354
0.243117 0.700835 0.0560471
0.309265 0.365693 0.325042
0.060768 0.0971708 0.842061
0.0676634 0.210282 0.722055
0.0599132 0.65203 0.288056
0.465558 0.461712 0.0727299
0.441892 0.185645 0.372463
0.0580024 0.433419 0.508579
0.258631 0.326543 0.414825
0.0741296 0.580846 0.345024
0.239368 0.513509 0.247124
0.200495 0.0396224 0.759883
0.0538725 0.0405928 0.905535
0.383855 0.456643 0.159502
0.208721 0.13876 0.652519
0.236802 0.584852 0.178346
0.375806 0.324022 0.300172
0.55062 0.3809 0.0684802
0.235943 0.19647 0.567587
0.504703 0.0518081 0.443489
0.127627 0.730566 0.141807
0.0442449 0.532899 0.422856
0.0515164 0.157066 0.791418
0.125994 0.319122 0.554884
0.185723 0.0898533 0.724424


3 1 30
0 17 31
33 32 47
37 36 48
14 13 49
15 14 50
14 49 50
8 7 54
34 33 55
51 42 55
33 47 55
47 51 55
9 8 62
8 54 62
13 12 63
49 13 63
17 16 64
31 17 64
32 31 64
47 32 64
58 53 67
38 37 69
37 48 69
48 57 69
57 44 69
49 63 70
22 21 71
23 22 71
65 42 73
70 59 73
6 5 74
50 49 75
42 51 75
51 50 75
49 70 75
70 73 75
73 42 75
5 4 76
74 5 76
61 58 77
52 59 78
10 9 79
9 62 79
62 56 79
39 38 80
38 69 80
69 44 80
45 68 81
29 28 82
76 29 82
28 27 82
27 81 82
74 76 82
57 48 83
65 73 83
60 43 84
43 61 84
61 77 84
84 77 85
46 78 87
59 70 87
78 59 87
70 63 87
66 53 88
71 21 88
41 40 89
4 3 90
76 4 90
3 30 90
30 29 90
29 76 90
78 46 91
16 15 92
51 47 92
15 50 92
50 51 92
47 64 92
64 16 92
34 55 93
55 42 93
35 34 93
65 35 93
42 65 93
44 57 94
52 86 94
86 67 94
7 6 95
54 7 95
68 54 95
6 74 95
74 68 95
85 77 96
91 85 96
19 18 97
89 72 97
72 66 98
21 20 98
88 21 98
66 88 98
27 26 99
81 27 99
45 81 99
11 10 100
46 11 100
10 79 100
57 83 101
59 52 101
73 59 101
83 73 101
52 94 101
94 57 101
24 23 102
43 24 102
61 43 102
23 71 102
71 61 102
58 67 103
67 86 103
77 58 103
96 77 103
86 96 103
43 60 104
26 25 104
99 26 104
60 45 104
45 99 104
85 56 105
60 84 105
84 85 105
40 39 106
89 40 106
39 80 106
18 2 107
2 41 107
97 18 107
41 89 107
89 97 107
79 56 108
56 85 108
85 91 108
100 79 108
91 46 108
46 100 108
80 44 109
66 72 109
56 62 110
62 54 110
54 68 110
68 45 110
45 60 110
60 105 110
105 56 110
52 78 111
86 52 111
96 86 111
78 91 111
91 96 111
12 11 112
63 12 112
11 46 112
46 87 112
87 63 112
44 94 113
94 67 113
53 66 113
66 109 113
109 44 113
67 53 113
36 35 114
35 65 114
48 36 114
83 48 114
65 83 114
68 74 115
81 68 115
74 82 115
82 81 115
25 24 116
24 43 116
43 104 116
104 25 116
19 97 117
97 72 117
20 19 117
98 20 117
72 98 117
53 58 118
58 61 118
61 71 118
71 88 118
88 53 118
72 89 119
89 106 119
109 72 119
106 80 119
80 109 119
