107
1 0 0
0 1 0
0 0 1
0.0625 0.9375 0
0.125 0.875 0
0.1875 0.8125 0
0.25 0.75 0
0.3125 0.6875 0
0.375 0.625 0
0.4375 0.5625 0
0.5 0.5 0
0.5625 0.4375 0
0.625 0.375 0
0.6875 0.3125 0
0.75 0.25 0
0.8125 0.1875 0
0.875 0.125 0
0.9375 0.0625 0
0 0.0909091 0.909091
0 0.181818 0.818182
0 0.272727 0.727273
0 0.363636 0.636364
0 0.454545 0.545455
0 0.545455 0.454545
0 0.636364 0.363636
0 0.727273 0.272727
0 0.818182 0.181818
0 0.909091 0.0909091
0.923077 0 0.0769231
0.846154 0 0.153846
0.769231 0 0.230769
0.692308 0 0.307692
0.615385 0 0.384615
0.538462 0 0.461538
0.461538 0 0.538462
0.384615 0 0.615385
0.307692 0 0.692308
0.230769 0 0.769231
0.153846 0 0.846154
0.0769231 0 0.923077
0.623823 0.104711 0.271466
0.10102 0.486699 0.412281
0.291606 0.143003 0.565391
0.143811 0.631185 0.225004
0.496621 0.398162 0.105217
0.787625 0.0727012 0.139674
0.422295 0.0691088 0.508597
0.649951 0.276308 0.0737402
0.750801 0.162468 0.0867311
0.395901 0.249271 0.354828
0.166152 0.246298 0.58755
0.0475728 0.310357 0.64207
0.270899 0.630188 0.098914
0.0540518 0.133987 0.811961
0.317072 0.518381 0.164547
0.3826 0.143579 0.473821
0.193729 0.328283 0.477988
0.490726 0.232528 0.276747
0.135562 0.406024 0.458414
0.574626 0.339535 0.085839
0.704412 0.113792 0.181796
0.868808 0.0583169 0.0728755
0.554954 0.0775988 0.367447
0.25174 0.24804 0.50022
0.203639 0.67335 0.123011
0.342506 0.0674628 0.590031
0.580419 0.246077 0.173504
0.125635 0.158783 0.715582
0.565588 0.166294 0.268118
0.519293 0.306934 0.173774
0.660855 0.1919 0.147245
0.0808208 0.83505 0.0841291
0.21474 0.402606 0.382654
0.444854 0.329246 0.2259
0.398444 0.52456 0.0769969
0.0706183 0.683534 0.245847
0.480414 0.132404 0.387182
0.726656 0.0497596 0.223584
0.181124 0.477921 0.340955
0.321472 0.283633 0.394895
0.130693 0.739952 0.129354
0.0568825 0.407265 0.535852
0.0998182 0.251082 0.6491
0.330109 0.423166 0.246725
0.260165 0.464231 0.275604
0.818609 0.118598 0.0627927
0.100576 0.0703731 0.829051
0.261848 0.0699979 0.668154
0.327169 0.207039 0.465792
0.0553542 0.7674 0.177246
0.182198 0.0740405 0.743761
0.0709778 0.583675 0.345347
0.211541 0.156356 0.632103
0.407926 0.436027 0.156047
0.335691 0.592962 0.0713464
0.222682 0.565482 0.211836
0.109999 0.329901 0.5601
0.665418 0.054701 0.279881
0.0448422 0.498278 0.45688
0.0533724 0.218993 0.727635
0.36795 0.344628 0.287422
0.43543 0.188253 0.376317
0.0398533 0.0524949 0.907652
0.490823 0.0554982 0.453679
0.191486 0.747491 0.0610226
0.145129 0.548008 0.306863
0.279386 0.355407 0.365208


3 1 27
0 17 28
11 10 44
30 29 45
35 34 46
14 13 47
13 12 47
15 14 48
21 20 51
7 6 52
19 18 53
12 11 59
11 44 59
47 12 59
45 48 60
17 16 61
28 17 61
29 28 61
45 29 61
33 32 62
32 40 62
56 50 63
52 6 64
36 35 65
55 42 65
35 46 65
46 55 65
47 59 66
66 57 68
62 40 68
59 44 69
57 66 69
66 59 69
14 47 70
48 14 70
40 60 70
60 48 70
47 66 70
66 68 70
68 40 70
5 4 71
4 3 71
3 27 71
27 26 71
58 56 72
69 44 73
49 57 73
57 69 73
10 9 74
9 8 74
25 24 75
55 46 76
62 68 76
68 57 76
31 30 77
30 45 77
45 60 77
41 58 78
58 72 78
43 64 80
75 43 80
5 71 80
22 21 81
21 51 81
58 41 81
67 50 82
78 72 84
83 54 84
16 15 85
15 48 85
48 45 85
45 61 85
61 16 85
39 38 86
67 53 86
37 36 87
36 65 87
65 42 87
42 55 88
55 49 88
49 79 88
63 42 88
79 63 88
26 25 89
71 26 89
25 75 89
75 80 89
80 71 89
67 86 90
86 38 90
38 37 90
37 87 90
24 23 91
43 75 91
75 24 91
42 63 92
63 50 92
50 67 92
67 90 92
87 42 92
90 87 92
44 10 93
10 74 93
73 44 93
74 54 93
54 83 93
8 7 94
7 52 94
52 54 94
54 74 94
74 8 94
52 64 95
64 43 95
54 52 95
84 54 95
78 84 95
58 81 96
81 51 96
51 82 96
50 56 96
82 50 96
56 58 96
32 31 97
40 32 97
31 77 97
60 40 97
77 60 97
23 22 98
22 81 98
81 41 98
41 91 98
91 23 98
20 19 99
19 53 99
51 20 99
82 51 99
53 67 99
67 82 99
49 73 100
79 49 100
73 93 100
93 83 100
49 55 101
55 76 101
57 49 101
76 57 101
18 2 102
2 39 102
39 86 102
53 18 102
86 53 102
34 33 103
33 62 103
62 76 103
46 34 103
76 46 103
6 5 104
64 6 104
5 80 104
80 64 104
41 78 105
43 91 105
91 41 105
78 95 105
95 43 105
56 63 106
63 79 106
72 56 106
83 84 106
84 72 106
79 100 106
100 83 106
