121
1 0 0
0 1 0
0 0 1
0.0625 0.9375 0
0.125 0.875 0
0.1875 0.8125 0
0.25 0.75 0
0.3125 0.6875 0
0.375 0.625 0
0.4375 0.5625 0
0.5 0.5 0
0.5625 0.4375 0
0.625 0.375 0
0.6875 0.3125 0
0.75 0.25 0
0.8125 0.1875 0
0.875 0.125 0
0.9375 0.0625 0
0 0.1 0.9
0 0.2 0.8
0 0.3 0.7
0 0.4 0.6
0 0.5 0.5
0 0.6 0.4
0 0.7 0.3
0 0.8 0.2
0 0.9 0.1
0.947368 0 0.0526316
0.894737 0 0.105263
0.842105 0 0.157895
0.789474 0 0.210526
0.736842 0 0.263158
0.684211 0 0.315789
0.631579 0 0.368421
0.578947 0 0.421053
0.526316 0 0.473684
0.473684 0 0.526316
0.421053 0 0.578947
0.368421 0 0.631579
0.31579 0 0.68421
0.263158 0 0.736842
0.210526 0 0.789474
0.157895 0 0.842105
0.105263 0 0.894737
0.0526316 0 0.947368
0.628943 0.114033 0.257023
0.0938186 0.510511 0.39567
0.285161 0.129792 0.585047
0.153834 0.622627 0.223538
0.474521 0.428882 0.0965973
0.796733 0.0865673 0.1167
0.413557 0.0777483 0.508694
0.649742 0.28129 0.0689679
0.0398407 0.346808 0.613351
0.68502 0.107249 0.207731
0.761297 0.159561 0.0791422
0.382567 0.26979 0.347642
0.148714 0.279862 0.571424
0.272536 0.634304 0.0931605
0.0435107 0.140226 0.816263
0.317644 0.52244 0.159917
0.048566 0.630438 0.320996
0.189251 0.318979 0.49177
0.499967 0.218304 0.281729
0.268266 0.534608 0.197126
0.341834 0.576873 0.0812932
0.586224 0.325643 0.088133
0.541356 0.096685 0.361959
0.161929 0.174241 0.663831
0.258234 0.241541 0.500225
0.202181 0.658958 0.138861
0.58681 0.233045 0.180145
0.0752836 0.377935 0.546782
0.525314 0.303312 0.171374
0.121899 0.138239 0.739862
0.562352 0.17341 0.264238
0.340494 0.24381 0.415696
0.0922566 0.835234 0.0725098
0.224774 0.374591 0.400635
0.446735 0.354146 0.199119
0.408882 0.498736 0.0923818
0.261106 0.0788034 0.660091
0.850284 0.0796251 0.0700914
0.342914 0.135928 0.521158
0.0800379 0.696274 0.223689
0.490674 0.12373 0.385595
0.188065 0.496089 0.315847
0.125772 0.730761 0.143467
0.0997131 0.259854 0.640433
0.437078 0.133874 0.429048
0.396217 0.350564 0.253219
0.530879 0.397508 0.0716125
0.333062 0.414529 0.25241
0.0509011 0.502456 0.446643
0.703186 0.198889 0.0979248
0.056143 0.21962 0.724237
0.212822 0.0880061 0.699172
0.328253 0.0694581 0.602289
0.741351 0.0884868 0.170163
0.117314 0.397813 0.484873
0.118069 0.571714 0.310217
0.0959387 0.0933822 0.810679
0.28803 0.293354 0.418616
0.262756 0.433172 0.304072
0.442339 0.237596 0.320066
0.902093 0.0546609 0.0432463
0.171275 0.0755547 0.753171
0.214956 0.553154 0.231891
0.0551236 0.8033 0.141576
0.217939 0.18669 0.595371
0.215418 0.725406 0.0591752
0.0601916 0.0635155 0.876293
0.592552 0.0739669 0.333482
0.155347 0.441453 0.4032
0.156577 0.778008 0.0654145
0.384106 0.169662 0.446232
0.0370011 0.901213 0.0617862
0.482168 0.0581545 0.459677
0.640229 0.211098 0.148673
0.375141 0.458004 0.166855
0.319815 0.341735 0.33845


0 17 27
18 2 44
33 32 45
10 9 49
30 29 50
37 36 51
13 12 52
21 20 53
22 21 53
32 31 54
45 32 54
15 14 55
50 15 55
7 6 58
19 18 59
24 23 61
25 24 61
60 58 64
8 7 65
7 58 65
58 60 65
12 11 66
52 12 66
35 34 67
64 58 70
22 53 72
71 66 73
63 67 75
45 71 75
71 73 75
73 63 75
4 3 77
62 69 78
63 73 79
73 49 79
9 8 80
8 65 80
49 9 80
79 49 80
40 39 81
39 47 81
16 15 82
29 28 82
15 50 82
50 29 82
38 37 83
37 51 83
69 47 83
25 61 84
35 67 85
67 63 85
48 70 87
84 48 87
72 53 88
68 57 88
57 72 88
74 68 88
51 36 89
11 10 91
66 11 91
10 49 91
49 73 91
73 66 91
60 64 92
56 90 92
23 22 93
46 61 93
61 23 93
22 72 93
14 13 94
55 14 94
13 52 94
20 19 95
19 59 95
53 20 95
88 53 95
74 88 95
41 40 96
40 81 96
39 38 97
47 39 97
38 83 97
83 47 97
30 50 98
50 55 98
31 30 98
54 31 98
94 54 98
55 94 98
57 62 99
72 57 99
46 93 99
93 72 99
48 84 100
61 46 100
84 61 100
86 48 100
43 42 101
42 74 101
74 95 101
95 59 101
78 69 102
69 83 102
83 76 102
86 78 103
78 102 103
92 64 103
56 89 104
89 85 104
63 79 104
79 90 104
90 56 104
85 63 104
17 16 105
27 17 105
28 27 105
16 82 105
82 28 105
42 41 106
74 42 106
68 74 106
41 96 106
96 68 106
64 70 107
70 48 107
48 86 107
86 103 107
103 64 107
26 25 108
25 84 108
84 87 108
87 77 108
62 57 109
47 69 109
81 47 109
69 62 109
57 68 109
68 96 109
96 81 109
6 5 110
58 6 110
70 58 110
18 44 111
59 18 111
44 43 111
43 101 111
101 59 111
34 33 112
67 34 112
33 45 112
45 75 112
75 67 112
62 78 113
78 86 113
46 99 113
99 62 113
86 100 113
100 46 113
5 4 114
4 77 114
77 87 114
110 5 114
87 70 114
70 110 114
76 83 115
83 51 115
56 76 115
89 56 115
51 89 115
3 1 116
1 26 116
26 108 116
77 3 116
108 77 116
36 35 117
35 85 117
85 89 117
89 36 117
45 54 118
71 45 118
52 66 118
66 71 118
54 94 118
94 52 118
65 60 119
80 65 119
79 80 119
90 79 119
60 92 119
92 90 119
76 56 120
56 92 120
92 103 120
102 76 120
103 102 120
