83
1 0 0
0 1 0
0 0 1
0.0625 0.9375 0
0.125 0.875 0
0.1875 0.8125 0
0.25 0.75 0
0.3125 0.6875 0
0.375 0.625 0
0.4375 0.5625 0
0.5 0.5 0
0.5625 0.4375 0
0.625 0.375 0
0.6875 0.3125 0
0.75 0.25 0
0.8125 0.1875 0
0.875 0.125 0
0.9375 0.0625 0
0 0.0769231 0.923077
0 0.153846 0.846154
0 0.230769 0.769231
0 0.307692 0.692308
0 0.384615 0.615385
0 0.461538 0.538462
0 0.538462 0.461538
0 0.615385 0.384615
0 0.692308 0.307692
0 0.769231 0.230769
0 0.846154 0.153846
0 0.923077 0.0769231
0.875 0 0.125
0.75 0 0.25
0.625 0 0.375
0.5 0 0.5
0.375 0 0.625
0.25 0 0.75
0.125 0 0.875
0.816267 0.0380853 0.145647
0.629722 0.118896 0.251382
0.0994745 0.498353 0.402173
0.255384 0.132218 0.612398
0.137867 0.623784 0.238349
0.483042 0.409795 0.107163
0.427224 0.0644234 0.508353
0.751796 0.125195 0.123009
0.399627 0.274345 0.326029
0.150251 0.25956 0.590189
0.263079 0.621603 0.115318
0.700486 0.057105 0.242409
0.30265 0.496476 0.200874
0.386826 0.135565 0.477609
0.197694 0.335259 0.467047
0.48447 0.219927 0.295603
0.625354 0.246836 0.12781
0.117224 0.410661 0.472115
0.559738 0.0625731 0.377689
0.198337 0.685092 0.116571
0.543503 0.31458 0.141917
0.124871 0.134845 0.740284
0.582629 0.179591 0.23778
0.0858954 0.792157 0.121947
0.431293 0.342368 0.226339
0.0842052 0.31833 0.597465
0.295322 0.066368 0.63831
0.0824071 0.700489 0.217104
0.221023 0.199098 0.579878
0.10214 0.198036 0.699824
0.249049 0.414595 0.336356
0.696701 0.18531 0.11799
0.816537 0.0808522 0.102611
0.14507 0.0623878 0.792543
0.362174 0.417728 0.220098
0.316682 0.340498 0.34282
0.404761 0.494423 0.100816
0.204876 0.553051 0.242072
0.276971 0.268057 0.454972
0.158029 0.748372 0.0935992
0.346414 0.200981 0.452605
0.0846464 0.567973 0.347381
0.199169 0.477499 0.323332
0.500725 0.130577 0.368698
0.0486243 0.889776 0.0615993
0.335636 0.564335 0.100029


3 1 29
0 17 30
30 17 37
31 30 37
24 23 39
11 10 42
12 11 42
34 33 43
16 15 44
8 7 47
32 31 48
44 38 48
31 37 48
14 13 53
23 22 54
39 23 54
33 32 55
43 33 55
32 48 55
48 38 55
7 6 56
41 47 56
47 7 56
12 42 57
13 12 57
53 13 57
45 52 57
52 53 57
19 18 58
53 52 59
5 4 60
4 28 60
28 27 60
45 57 61
57 42 61
21 20 62
20 46 62
46 51 62
22 21 62
54 22 62
51 54 62
35 34 63
34 43 63
43 50 63
50 40 63
26 25 64
25 41 64
41 56 64
27 26 64
60 27 64
58 40 65
20 19 66
46 20 66
19 58 66
58 65 66
65 46 66
54 51 67
15 14 68
44 15 68
38 44 68
59 38 68
14 53 68
53 59 68
17 16 69
37 17 69
16 44 69
44 48 69
48 37 69
18 2 70
2 36 70
58 18 70
40 58 70
36 35 70
35 63 70
63 40 70
49 67 71
61 42 71
45 61 72
61 71 72
67 51 72
71 67 72
10 9 73
42 10 73
71 42 73
49 71 73
47 41 74
51 46 75
72 51 75
46 65 75
45 72 75
6 5 76
5 60 76
56 6 76
64 56 76
60 64 76
50 52 77
52 45 77
40 50 77
65 40 77
45 75 77
75 65 77
25 24 78
41 25 78
24 39 78
39 74 78
74 41 78
67 49 79
39 54 79
54 67 79
49 74 79
74 39 79
52 50 80
59 52 80
55 38 80
38 59 80
50 43 80
43 55 80
4 3 81
3 29 81
28 4 81
29 28 81
9 8 82
49 73 82
73 9 82
8 47 82
47 74 82
74 49 82
