126
1 0 0
0 1 0
0 0 1
0.0625 0.9375 0
0.125 0.875 0
0.1875 0.8125 0
0.25 0.75 0
0.3125 0.6875 0
0.375 0.625 0
0.4375 0.5625 0
0.5 0.5 0
0.5625 0.4375 0
0.625 0.375 0
0.6875 0.3125 0
0.75 0.25 0
0.8125 0.1875 0
0.875 0.125 0
0.9375 0.0625 0
0 0.0666667 0.933333
0 0.133333 0.866667
0 0.2 0.8
0 0.266667 0.733333
0 0.333333 0.666667
0 0.4 0.6
0 0.466667 0.533333
0 0.533333 0.466667
0 0.6 0.4
0 0.666667 0.333333
0 0.733333 0.266667
0 0.8 0.2
0 0.866667 0.133333
0 0.933333 0.0666667
0.923077 0 0.0769231
0.846154 0 0.153846
0.769231 0 0.230769
0.692308 0 0.307692
0.615385 0 0.384615
0.538462 0 0.461538
0.461538 0 0.538462
0.384615 0 0.615385
0.307692 0 0.692308
0.230769 0 0.769231
0.153846 0 0.846154
0.0769231 0 0.923077
0.626263 0.106636 0.267102
0.0991048 0.491287 0.409608
0.29925 0.137377 0.563373
0.153736 0.608325 0.237939
0.498 0.395847 0.106153
0.793592 0.0658497 0.140559
0.419067 0.0655134 0.51542
0.657371 0.271711 0.0709178
0.0511876 0.333263 0.61555
0.757841 0.182369 0.05979
0.737358 0.136173 0.126469
0.394976 0.246795 0.358229
0.170727 0.263371 0.565902
0.282338 0.638612 0.0790503
0.0642221 0.136985 0.798793
0.813233 0.124683 0.0620839
0.688915 0.0485882 0.262497
0.31794 0.518014 0.164046
0.38256 0.129287 0.488153
0.183922 0.33964 0.476438
0.481754 0.253433 0.264813
0.155319 0.537529 0.307152
0.118814 0.406695 0.474491
0.339774 0.57541 0.084816
0.58833 0.329241 0.0824294
0.868475 0.0605278 0.0709968
0.5577 0.0736917 0.368608
0.153994 0.194446 0.651559
0.250716 0.261973 0.487311
0.186756 0.675698 0.137546
0.329784 0.0672875 0.602928
0.588604 0.245435 0.165961
0.135267 0.136012 0.72872
0.550942 0.16719 0.281867
0.163812 0.760861 0.075327
0.650137 0.166477 0.183386
0.0952926 0.82908 0.0756274
0.230306 0.382515 0.387179
0.444968 0.348553 0.206478
0.394454 0.514163 0.0913827
0.261998 0.0495861 0.688416
0.084469 0.69092 0.224611
0.0646552 0.778148 0.157197
0.477517 0.118577 0.403906
0.465285 0.473923 0.0607926
0.228952 0.119508 0.65154
0.182501 0.481583 0.335916
0.310242 0.450684 0.239074
0.322095 0.28558 0.392325
0.126776 0.730473 0.142751
0.0560612 0.88858 0.0553592
0.519498 0.314131 0.166371
0.0990613 0.268592 0.632347
0.136877 0.0674105 0.795712
0.37027 0.389344 0.240387
0.0988053 0.347865 0.553329
0.238961 0.702224 0.058815
0.332081 0.202932 0.464987
0.563572 0.388331 0.048097
0.307677 0.369509 0.322814
0.49119 0.0533776 0.455432
0.0675939 0.210368 0.722038
0.441265 0.184604 0.374131
0.0897762 0.570771 0.339453
0.0547693 0.439651 0.505579
0.401266 0.441675 0.157059
0.25993 0.325305 0.414765
0.628277 0.0468612 0.324862
0.194727 0.0726781 0.732594
0.0657353 0.629606 0.304659
0.233242 0.521212 0.245546
0.0681176 0.0652354 0.866647
0.245043 0.592208 0.162749
0.0452829 0.549241 0.405476
0.237389 0.193037 0.569574
0.388506 0.31517 0.296325
0.712266 0.0879663 0.199767
0.0348026 0.0309483 0.934249
0.0413115 0.282535 0.676153
0.688132 0.211277 0.100591
0.244169 0.438974 0.316857
0.171637 0.4238 0.404563


3 1 31
0 17 32
34 33 49
39 38 50
14 13 51
23 22 52
15 14 53
8 7 57
20 19 58
16 15 59
15 53 59
54 49 59
53 54 59
35 34 60
9 8 67
8 57 67
13 12 68
51 13 68
32 17 69
33 32 69
49 33 69
17 16 69
16 59 69
59 49 69
37 36 70
63 56 72
40 39 74
39 50 74
50 62 74
62 46 74
51 68 75
70 44 77
75 64 77
6 5 78
75 77 79
77 44 79
5 4 80
78 5 80
9 67 83
67 61 83
41 40 84
40 74 84
28 27 85
47 73 85
30 29 86
80 30 86
78 80 86
29 28 86
28 85 86
62 50 87
70 77 87
11 10 88
48 11 88
10 9 88
9 83 88
71 76 89
74 46 89
84 74 89
65 45 90
73 78 93
85 73 93
78 86 93
86 85 93
4 3 94
80 4 94
3 31 94
31 30 94
30 80 94
68 48 95
48 82 95
64 75 95
82 64 95
75 68 95
71 56 96
42 41 97
76 58 97
56 63 99
23 52 99
63 66 99
52 96 99
96 56 99
7 6 100
57 7 100
73 57 100
6 78 100
78 73 100
46 62 101
55 92 101
92 72 101
12 11 102
11 48 102
48 68 102
68 12 102
98 91 103
38 37 104
50 38 104
87 50 104
37 70 104
70 87 104
21 20 105
20 58 105
58 76 105
76 71 105
71 96 105
64 55 106
77 64 106
62 87 106
87 77 106
55 101 106
101 62 106
45 65 107
65 47 107
25 24 108
45 25 108
24 23 108
66 45 108
23 99 108
99 66 108
83 61 109
61 91 109
82 48 109
98 82 109
48 88 109
88 83 109
91 98 109
63 72 110
72 92 110
81 63 110
92 103 110
103 81 110
36 35 111
35 60 111
70 36 111
60 44 111
44 70 111
41 84 112
97 41 112
84 89 112
89 76 112
76 97 112
27 26 113
26 107 113
47 85 113
107 47 113
85 27 113
47 65 114
65 90 114
91 61 114
19 18 115
58 19 115
97 58 115
43 42 115
42 97 115
61 67 116
67 57 116
57 73 116
73 47 116
47 114 116
114 61 116
26 25 117
107 26 117
25 45 117
45 107 117
56 71 118
72 56 118
71 89 118
89 46 118
46 101 118
101 72 118
55 64 119
64 82 119
82 98 119
92 55 119
103 92 119
98 103 119
34 49 120
60 34 120
49 54 120
44 60 120
54 79 120
79 44 120
18 2 121
2 43 121
43 115 121
115 18 121
22 21 122
52 22 122
96 52 122
21 105 122
105 96 122
14 51 123
53 14 123
54 53 123
79 54 123
51 75 123
75 79 123
81 103 124
103 91 124
91 114 124
114 90 124
66 63 125
63 81 125
45 66 125
90 45 125
81 124 125
124 90 125
