169
1 0 0
0 1 0
0 0 1
0.0625 0.9375 0
0.125 0.875 0
0.1875 0.8125 0
0.25 0.75 0
0.3125 0.6875 0
0.375 0.625 0
0.4375 0.5625 0
0.5 0.5 0
0.5625 0.4375 0
0.625 0.375 0
0.6875 0.3125 0
0.75 0.25 0
0.8125 0.1875 0
0.875 0.125 0
0.9375 0.0625 0
0 0.0588236 0.941176
0 0.117647 0.882353
0 0.176471 0.823529
0 0.235294 0.764706
0 0.294118 0.705882
0 0.352941 0.647059
0 0.411765 0.588235
0 0.470588 0.529412
0 0.529412 0.470588
0 0.588235 0.411765
0 0.647059 0.352941
0 0.705882 0.294118
0 0.764706 0.235294
0 0.823529 0.176471
0 0.882353 0.117647
0 0.941176 0.0588235
0.944444 0 0.0555556
0.888889 0 0.111111
0.833333 0 0.166667
0.777778 0 0.222222
0.722222 0 0.277778
0.666667 0 0.333333
0.611111 0 0.388889
0.555556 0 0.444444
0.5 0 0.5
0.444444 0 0.555556
0.388889 0 0.611111
0.333333 0 0.666667
0.277778 0 0.722222
0.222222 0 0.777778
0.166667 0 0.833333
0.111111 0 0.888889
0.0555556 0 0.944444
0.63121 0.11483 0.25396
0.108786 0.484384 0.406829
0.279462 0.129189 0.591348
0.155314 0.621071 0.223614
0.485373 0.417428 0.0971987
0.814438 0.0595923 0.125969
0.429286 0.0678592 0.502855
0.650786 0.27348 0.0757337
0.048984 0.331978 0.619038
0.685003 0.122337 0.19266
0.757442 0.183054 0.059504
0.744526 0.125805 0.129669
0.379563 0.270365 0.350072
0.164327 0.250923 0.58475
0.273598 0.625697 0.100705
0.062163 0.128685 0.809152
0.82505 0.134392 0.0405582
0.297117 0.544265 0.158617
0.374511 0.142312 0.483177
0.192168 0.340794 0.467038
0.491066 0.228314 0.28062
0.700465 0.256355 0.0431798
0.277044 0.499228 0.223727
0.165205 0.550395 0.2844
0.113613 0.408498 0.477889
0.343424 0.561742 0.0948333
0.595473 0.327382 0.077145
0.873026 0.0652068 0.0617667
0.552533 0.0655137 0.381954
0.155564 0.187151 0.657285
0.254316 0.252757 0.492927
0.200067 0.690415 0.109519
0.252031 0.69733 0.0506396
0.334509 0.0561049 0.609386
0.584613 0.239665 0.175722
0.0739682 0.374851 0.551181
0.12714 0.133463 0.739397
0.56688 0.161568 0.271552
0.329721 0.266641 0.403638
0.174781 0.766464 0.0587554
0.530256 0.29789 0.171854
0.0864736 0.824632 0.0888944
0.228419 0.387955 0.383627
0.16224 0.420635 0.417125
0.0855052 0.764866 0.149629
0.465161 0.309898 0.224941
0.419755 0.499764 0.0804812
0.428509 0.431336 0.140155
0.26518 0.0687557 0.666065
0.141344 0.689499 0.169157
0.0745129 0.698256 0.227231
0.491135 0.124581 0.384284
0.23913 0.208823 0.552048
0.0970227 0.203782 0.699195
0.722314 0.0485615 0.229125
0.449086 0.201737 0.349177
0.488568 0.467116 0.044316
0.642864 0.198968 0.158169
0.219306 0.619492 0.161202
0.180949 0.475232 0.343819
0.494108 0.0640716 0.441821
0.607508 0.0740442 0.318447
0.802124 0.111835 0.0860405
0.0634788 0.886269 0.0502521
0.10034 0.259078 0.640583
0.436718 0.133108 0.430174
0.134403 0.0618908 0.803706
0.33814 0.407622 0.254238
0.0454216 0.0527015 0.901877
0.304205 0.338269 0.357526
0.688332 0.200633 0.111035
0.318531 0.22082 0.460649
0.418401 0.297242 0.284356
0.5384 0.34695 0.11465
0.106957 0.614818 0.278225
0.263626 0.305638 0.430735
0.0418074 0.773673 0.184519
0.561629 0.388859 0.0495112
0.638927 0.325576 0.035497
0.53114 0.141272 0.327588
0.043999 0.264883 0.691118
0.20119 0.061988 0.736822
0.222277 0.135709 0.642014
0.0525824 0.641956 0.305462
0.39748 0.389208 0.213312
0.0987496 0.556408 0.344842
0.0440124 0.442977 0.513011
0.105884 0.308151 0.585964
0.306644 0.170933 0.522423
0.226882 0.50121 0.271907
0.14057 0.328574 0.530856
0.276503 0.429078 0.294419
0.385105 0.571713 0.0431823
0.32863 0.460733 0.210637
0.0484692 0.540228 0.411303
0.223996 0.560759 0.215245
0.32313 0.631328 0.0455417
0.674164 0.0576356 0.2682
0.385297 0.199678 0.415025
0.0541221 0.188987 0.756891
0.0706328 0.075515 0.853852
0.472477 0.364915 0.162608
0.190819 0.116499 0.692682
0.605098 0.271413 0.12349
0.353072 0.0986703 0.548258
0.136177 0.750855 0.112968
0.197849 0.276677 0.525474
0.0620866 0.480128 0.457785
0.537068 0.237959 0.224973
0.37046 0.481892 0.147648
0.0385666 0.825364 0.136069
0.0400363 0.595821 0.364142
0.353373 0.351514 0.295112
0.759222 0.0613452 0.179433
0.609167 0.177462 0.213372
0.126683 0.8339 0.0394163
0.393485 0.0417334 0.564782
0.210607 0.185963 0.603431


3 1 33
0 17 34
18 2 50
36 35 56
43 42 57
24 23 59
15 14 61
20 19 66
16 15 67
15 61 67
14 13 72
61 14 72
65 68 76
17 16 78
34 17 78
35 34 78
16 67 78
56 35 78
41 40 79
7 6 83
82 65 83
45 44 84
24 59 86
6 5 90
83 6 90
82 83 90
52 75 94
75 70 94
70 93 94
55 97 98
46 45 99
45 84 99
84 53 99
30 29 101
54 100 101
100 95 101
87 80 104
38 37 105
11 10 107
10 9 107
9 97 107
97 55 107
68 65 109
65 82 109
82 100 109
100 54 109
52 94 110
94 93 110
42 41 111
41 79 111
79 102 111
57 42 111
40 39 112
79 40 112
51 88 112
61 62 113
67 61 113
62 56 113
56 78 113
78 67 113
4 3 114
3 33 114
33 32 114
32 92 114
80 64 115
104 80 115
102 106 116
69 57 116
57 111 116
111 102 116
49 48 117
48 47 117
87 66 117
19 18 119
18 50 119
50 49 119
89 63 120
60 62 121
108 60 121
62 61 121
61 72 121
72 58 121
71 96 123
63 106 123
106 71 123
74 54 125
54 101 125
70 81 126
93 70 126
89 120 126
120 93 126
81 122 126
122 89 126
31 30 127
30 101 127
101 95 127
12 11 128
11 107 128
107 55 128
55 124 128
124 77 128
13 12 129
58 72 129
72 13 129
77 58 129
12 128 129
128 77 129
102 79 130
88 71 130
71 106 130
106 102 130
79 112 130
112 88 130
23 22 131
59 23 131
22 21 131
115 59 131
104 115 131
47 46 132
46 99 132
87 117 132
117 47 132
99 53 133
29 28 134
101 29 134
125 101 134
123 96 135
52 110 136
110 74 136
74 125 136
125 134 136
26 25 137
25 24 137
24 86 137
86 75 137
86 59 138
59 115 138
115 64 138
103 53 139
81 103 139
122 81 139
69 122 139
74 110 140
70 75 141
75 86 141
138 64 141
86 138 141
73 140 142
110 93 142
140 110 142
93 120 142
9 8 143
76 97 143
97 9 143
68 73 144
118 135 144
73 142 144
142 118 144
27 26 145
52 136 145
73 68 146
68 109 146
54 74 146
74 140 146
140 73 146
109 54 146
8 7 147
65 76 147
7 83 147
83 65 147
76 143 147
143 8 147
39 38 148
38 105 148
60 51 148
105 60 148
51 112 148
112 39 148
63 89 149
106 63 149
116 106 149
69 116 149
122 69 149
89 122 149
21 20 150
20 66 150
66 87 150
87 104 150
104 131 150
131 21 150
66 19 151
19 119 151
49 117 151
119 49 151
117 66 151
96 91 152
55 98 152
124 55 152
91 124 152
98 135 152
135 96 152
80 87 153
133 80 153
87 132 153
132 99 153
99 133 153
58 77 154
85 108 154
108 121 154
121 58 154
77 124 154
91 85 154
124 91 154
57 69 155
53 84 155
139 53 155
69 139 155
82 90 156
90 92 156
92 95 156
95 100 156
100 82 156
64 103 157
103 81 157
141 64 157
81 70 157
70 141 157
75 52 158
137 75 158
26 137 158
145 26 158
52 145 158
71 88 159
85 91 159
91 96 159
96 71 159
76 68 160
97 76 160
98 97 160
68 144 160
135 98 160
144 135 160
32 31 161
92 32 161
95 92 161
31 127 161
127 95 161
28 27 162
134 28 162
136 134 162
27 145 162
145 136 162
120 63 163
63 123 163
123 135 163
135 118 163
118 142 163
142 120 163
37 36 164
36 56 164
105 37 164
56 62 164
62 60 164
60 105 164
88 51 165
51 60 165
60 108 165
108 85 165
85 159 165
159 88 165
5 4 166
90 5 166
92 90 166
4 114 166
114 92 166
44 43 167
43 57 167
57 155 167
84 44 167
155 84 167
64 80 168
80 133 168
103 64 168
53 103 168
133 53 168
