166
1 0 0
0 1 0
0 0 1
0.0625 0.9375 0
0.125 0.875 0
0.1875 0.8125 0
0.25 0.75 0
0.3125 0.6875 0
0.375 0.625 0
0.4375 0.5625 0
0.5 0.5 0
0.5625 0.4375 0
0.625 0.375 0
0.6875 0.3125 0
0.75 0.25 0
0.8125 0.1875 0
0.875 0.125 0
0.9375 0.0625 0
0 0.0526316 0.947368
0 0.105263 0.894737
0 0.157895 0.842105
0 0.210526 0.789474
0 0.263158 0.736842
0 0.315789 0.684211
0 0.368421 0.631579
0 0.421053 0.578947
0 0.473684 0.526316
0 0.526316 0.473684
0 0.578947 0.421053
0 0.631579 0.368421
0 0.684211 0.315789
0 0.736842 0.263158
0 0.789474 0.210526
0 0.842105 0.157895
0 0.894737 0.105263
0 0.947368 0.0526316
0.933333 0 0.0666667
0.866667 0 0.133333
0.8 0 0.2
0.733333 0 0.266667
0.666667 0 0.333333
0.6 0 0.4
0.533333 0 0.466667
0.466667 0 0.533333
0.4 0 0.6
0.333333 0 0.666667
0.266667 0 0.733333
0.2 0 0.8
0.133333 0 0.866667
0.0666666 0 0.933333
0.804281 0.0400237 0.155695
0.652644 0.101186 0.24617
0.109874 0.494672 0.395454
0.258936 0.147663 0.593401
0.168988 0.599755 0.231258
0.496384 0.397289 0.106327
0.424685 0.0668074 0.508508
0.660719 0.281014 0.058267
0.670279 0.134509 0.195212
0.741275 0.177866 0.0808587
0.742424 0.130522 0.127054
0.391927 0.262853 0.34522
0.66105 0.052022 0.286928
0.173053 0.246987 0.57996
0.271094 0.638527 0.090379
0.315156 0.523874 0.16097
0.93273 0.0323401 0.0349294
0.0508761 0.628446 0.320678
0.378477 0.131853 0.48967
0.182703 0.345435 0.471862
0.486064 0.227643 0.286293
0.16174 0.545256 0.293004
0.113838 0.406844 0.479317
0.346767 0.577229 0.0760037
0.574666 0.337881 0.0874529
0.484435 0.460038 0.055527
0.540422 0.070359 0.389219
0.161419 0.191823 0.646758
0.226858 0.263029 0.510112
0.204276 0.674996 0.120727
0.23638 0.704435 0.0591845
0.328076 0.0507691 0.621155
0.813713 0.131664 0.0546232
0.579537 0.25123 0.169233
0.2957 0.472718 0.231583
0.0792406 0.372502 0.548258
0.0622677 0.327108 0.610624
0.14006 0.135365 0.724575
0.583585 0.164898 0.251517
0.159639 0.775857 0.0645034
0.652098 0.183578 0.164325
0.0734864 0.836535 0.0899787
0.223961 0.395062 0.380978
0.152648 0.427284 0.420068
0.811316 0.0828862 0.105798
0.0741875 0.789115 0.136697
0.434957 0.338978 0.226065
0.397767 0.510008 0.092225
0.261118 0.0465688 0.692313
0.0840263 0.70611 0.209864
0.492063 0.132027 0.375909
0.496366 0.277567 0.226067
0.24189 0.202735 0.555375
0.41484 0.295391 0.289769
0.72962 0.0458298 0.224551
0.445276 0.198281 0.356443
0.361644 0.228278 0.410079
0.238066 0.108183 0.653751
0.241456 0.607685 0.150859
0.180322 0.479304 0.340374
0.43312 0.39114 0.17574
0.321606 0.287273 0.391121
0.140029 0.727003 0.132968
0.0631127 0.889399 0.0474881
0.515997 0.325531 0.158472
0.0977097 0.27125 0.63104
0.130772 0.0763161 0.792912
0.347733 0.400458 0.251809
0.0449262 0.0568224 0.898251
0.31871 0.346109 0.33518
0.318841 0.204868 0.476292
0.561174 0.392709 0.0461178
0.662505 0.228159 0.109336
0.0647743 0.247551 0.687675
0.0592278 0.0976268 0.843145
0.578648 0.105191 0.31616
0.502295 0.0422555 0.455449
0.0848924 0.561525 0.353583
0.0520214 0.432029 0.515949
0.0798895 0.660572 0.259538
0.560681 0.2181 0.221219
0.111636 0.598292 0.290072
0.362684 0.448338 0.188978
0.415074 0.457045 0.127882
0.138864 0.306915 0.554221
0.609576 0.0453568 0.345067
0.0664257 0.148267 0.785307
0.263039 0.435943 0.301017
0.432664 0.525673 0.041663
0.373416 0.348288 0.278296
0.873615 0.0383105 0.0880742
0.237843 0.565135 0.197023
0.0648024 0.47482 0.460378
0.5191 0.164598 0.316302
0.313868 0.642439 0.0436922
0.877659 0.0787713 0.0435696
0.256285 0.334098 0.409617
0.337554 0.0960537 0.566393
0.456961 0.10113 0.441909
0.410534 0.165445 0.424021
0.189861 0.0828001 0.727339
0.0593993 0.750428 0.190172
0.312271 0.157865 0.529864
0.150559 0.663795 0.185646
0.7365 0.0837435 0.179757
0.27379 0.27652 0.44969
0.0502842 0.533345 0.41637
0.399142 0.0379806 0.562877
0.0748882 0.198251 0.726861
0.205011 0.0374697 0.75752
0.727001 0.225537 0.0474626
0.626102 0.337505 0.0363937
0.105716 0.0379908 0.856294
0.229055 0.519049 0.251896
0.125739 0.836346 0.0379149
0.596883 0.284327 0.11879


3 1 35
18 2 49
38 37 50
14 13 57
40 39 62
0 17 66
36 0 66
30 29 67
9 8 73
11 10 75
7 6 80
79 64 80
45 44 81
16 15 82
15 59 82
59 60 82
25 24 85
69 72 85
24 23 86
85 24 86
51 58 88
6 5 89
80 6 89
58 60 90
60 59 90
88 58 90
34 33 91
72 69 93
69 92 93
82 60 94
33 32 95
91 33 95
89 91 95
73 65 97
46 45 98
45 81 98
63 77 102
77 53 102
78 63 102
61 70 103
70 101 103
101 96 103
39 38 104
38 50 104
51 62 104
62 39 104
70 61 105
105 61 106
53 77 107
77 87 107
98 81 107
65 73 108
73 64 108
64 79 108
52 93 109
93 92 109
106 61 111
79 80 112
80 89 112
89 95 112
4 3 113
3 35 113
35 34 113
34 91 113
101 83 114
96 101 114
74 55 114
55 110 114
110 96 114
86 23 115
77 63 115
96 110 117
19 18 118
18 49 118
61 103 119
111 61 119
78 102 120
12 11 121
55 74 121
11 75 121
75 55 121
90 59 122
83 90 122
23 22 123
115 23 123
77 115 123
20 19 124
19 118 124
62 51 125
100 76 125
51 88 125
43 42 126
56 43 126
42 41 126
41 76 126
29 28 127
67 29 127
52 109 127
109 71 127
26 25 128
25 85 128
85 72 128
31 30 129
99 31 129
30 67 129
88 90 130
90 83 130
70 88 130
101 70 130
83 101 130
71 54 131
67 127 131
127 71 131
54 129 131
129 67 131
65 84 132
84 117 132
117 110 132
55 75 133
75 97 133
97 65 133
65 132 133
110 55 133
132 110 133
63 78 134
78 69 134
69 85 134
85 86 134
86 115 134
115 63 134
41 40 135
76 41 135
40 62 135
62 125 135
125 76 135
21 20 136
20 124 136
116 87 136
124 116 136
117 84 137
109 92 137
92 119 137
119 117 137
10 9 138
75 10 138
97 75 138
9 73 138
73 97 138
103 96 139
96 117 139
117 119 139
119 103 139
37 36 140
36 66 140
50 37 140
94 50 140
65 108 141
108 54 141
72 93 142
93 52 142
27 26 142
26 128 142
128 72 142
88 70 143
70 105 143
125 88 143
105 100 143
100 125 143
8 7 144
64 73 144
73 8 144
7 80 144
80 64 144
17 16 145
16 82 145
66 17 145
140 66 145
82 94 145
94 140 145
92 69 146
111 119 146
119 92 146
56 68 147
53 107 147
107 81 147
68 56 148
56 126 148
76 100 148
126 76 148
100 105 149
105 106 149
106 120 149
120 68 149
148 100 149
68 148 149
98 107 150
107 87 150
87 116 150
32 31 151
31 99 151
95 32 151
99 112 151
112 95 151
102 53 152
68 120 152
120 102 152
53 147 152
147 68 152
54 108 153
108 79 153
79 112 153
112 99 153
99 129 153
129 54 153
50 94 154
94 60 154
58 51 154
51 104 154
104 50 154
60 58 154
106 111 155
120 106 155
78 120 155
69 78 155
146 69 155
111 146 155
28 27 156
52 127 156
127 28 156
27 142 156
142 52 156
44 43 157
43 56 157
56 147 157
81 44 157
147 81 157
22 21 158
123 22 158
87 77 158
77 123 158
136 87 158
21 136 158
47 46 159
116 47 159
150 116 159
46 98 159
98 150 159
15 14 160
59 15 160
14 57 160
57 122 160
122 59 160
13 12 161
57 13 161
74 57 161
12 121 161
121 74 161
48 47 162
47 116 162
49 48 162
118 49 162
116 124 162
124 118 162
71 109 163
109 137 163
137 84 163
84 65 163
65 141 163
54 71 163
141 54 163
5 4 164
89 5 164
91 89 164
4 113 164
113 91 164
57 74 165
74 114 165
114 83 165
83 122 165
122 57 165
