43
1 0 0
0 1 0
0 0 1
0.0625 0.9375 0
0.125 0.875 0
0.1875 0.8125 0
0.25 0.75 0
0.3125 0.6875 0
0.375 0.625 0
0.4375 0.5625 0
0.5 0.5 0
0.5625 0.4375 0
0.625 0.375 0
0.6875 0.3125 0
0.75 0.25 0
0.8125 0.1875 0
0.875 0.125 0
0.9375 0.0625 0
0 0.0666667 0.933333
0 0.133333 0.866667
0 0.2 0.8
0 0.266667 0.733333
0 0.333333 0.666667
0 0.4 0.6
0 0.466667 0.533333
0 0.533333 0.466667
0 0.6 0.4
0 0.666667 0.333333
0 0.733333 0.266667
0 0.8 0.2
0 0.866667 0.133333
0 0.933333 0.0666667
0.5 0 0.5
0.449262 0.0639882 0.486749
0.363983 0.256763 0.379254
0.417287 0.12928 0.453433
0.400484 0.194365 0.405151
0.316002 0.317378 0.36662
0.291893 0.374208 0.3339
0.221304 0.513772 0.264925
0.280406 0.450477 0.269116
0.198409 0.579023 0.222568
0.170206 0.644421 0.185373


7 6 28
27 7 28
6 5 29
28 6 29
5 4 30
29 5 30
3 1 31
4 3 31
30 4 31
0 17 32
18 2 33
2 32 33
17 16 33
32 17 33
14 13 34
21 20 34
16 15 35
19 18 35
18 33 35
33 16 35
15 14 36
20 19 36
14 34 36
34 20 36
19 35 36
35 15 36
13 12 37
22 21 37
21 34 37
34 13 37
12 11 38
11 23 38
23 22 38
22 37 38
37 12 38
10 9 39
9 25 39
24 10 39
25 24 39
11 10 40
10 24 40
23 11 40
24 23 40
9 8 41
8 26 41
25 9 41
26 25 41
8 7 42
7 27 42
26 8 42
27 26 42
