50
1 0 0
0 1 0
0 0 1
0.0625 0.9375 0
0.125 0.875 0
0.1875 0.8125 0
0.25 0.75 0
0.3125 0.6875 0
0.375 0.625 0
0.4375 0.5625 0
0.5 0.5 0
0.5625 0.4375 0
0.625 0.375 0
0.6875 0.3125 0
0.75 0.25 0
0.8125 0.1875 0
0.875 0.125 0
0.9375 0.0625 0
0 0.0833333 0.916667
0 0.166667 0.833333
0 0.25 0.75
0 0.333333 0.666667
0 0.416667 0.583333
0 0.5 0.5
0 0.583333 0.416667
0 0.666667 0.333333
0 0.75 0.25
0 0.833333 0.166667
0 0.916667 0.0833333
0.8 0 0.2
0.6 0 0.4
0.4 0 0.6
0.2 0 0.8
0.631173 0.0921898 0.276637
0.26509 0.133461 0.601449
0.16828 0.600714 0.231006
0.794632 0.052413 0.152955
0.410675 0.260216 0.32911
0.200637 0.259266 0.540097
0.203561 0.34518 0.451259
0.243762 0.448623 0.307615
0.520033 0.214839 0.265127
0.484449 0.121842 0.393709
0.396975 0.346484 0.256541
0.176903 0.178366 0.644731
0.113816 0.744084 0.1421
0.197726 0.527391 0.274883
0.141615 0.66302 0.195364
0.377875 0.417345 0.20478
0.231578 0.0636578 0.704764


5 4 27
26 5 27
3 1 28
4 3 28
27 4 28
0 17 29
16 15 33
30 16 33
31 30 33
18 2 34
8 7 35
24 23 35
17 16 36
16 30 36
29 17 36
30 29 36
13 12 37
20 19 38
21 20 39
20 38 39
10 9 40
22 21 40
21 39 40
14 13 41
13 37 41
37 34 41
15 14 42
33 15 42
32 31 42
31 33 42
14 41 42
41 34 42
12 11 43
37 12 43
38 37 43
39 38 43
19 18 44
18 34 44
34 37 44
37 38 44
38 19 44
6 5 45
5 26 45
25 6 45
26 25 45
9 8 46
23 22 46
8 35 46
35 23 46
22 40 46
40 9 46
7 6 47
6 25 47
25 24 47
24 35 47
35 7 47
11 10 48
10 40 48
40 39 48
39 43 48
43 11 48
2 32 49
34 2 49
32 42 49
42 34 49
