133
1 0 0
0 1 0
0 0 1
0.0625 0.9375 0
0.125 0.875 0
0.1875 0.8125 0
0.25 0.75 0
0.3125 0.6875 0
0.375 0.625 0
0.4375 0.5625 0
0.5 0.5 0
0.5625 0.4375 0
0.625 0.375 0
0.6875 0.3125 0
0.75 0.25 0
0.8125 0.1875 0
0.875 0.125 0
0.9375 0.0625 0
0 0.0769231 0.923077
0 0.153846 0.846154
0 0.230769 0.769231
0 0.307692 0.692308
0 0.384615 0.615385
0 0.461538 0.538462
0 0.538462 0.461538
0 0.615385 0.384615
0 0.692308 0.307692
0 0.769231 0.230769
0 0.846154 0.153846
0 0.923077 0.0769231
0.9375 0 0.0625
0.875 0 0.125
0.8125 0 0.1875
0.75 0 0.25
0.6875 0 0.3125
0.625 0 0.375
0.5625 0 0.4375
0.5 0 0.5
0.4375 0 0.5625
0.375 0 0.625
0.3125 0 0.6875
0.25 0 0.75
0.1875 0 0.8125
0.125 0 0.875
0.0625 0 0.9375
0.6409 0.100263 0.258838
0.101704 0.490072 0.408224
0.273691 0.149291 0.577018
0.165762 0.618179 0.216059
0.492547 0.385147 0.122305
0.79558 0.0667125 0.137707
0.420466 0.0604177 0.519116
0.64365 0.274162 0.0821885
0.681884 0.13042 0.187696
0.761996 0.169472 0.0685322
0.737319 0.118288 0.144392
0.382527 0.265984 0.35149
0.168297 0.255015 0.576688
0.276144 0.624778 0.0990785
0.061937 0.152532 0.785531
0.307285 0.535044 0.157671
0.0472722 0.640574 0.312153
0.37541 0.131821 0.492769
0.190022 0.334406 0.475572
0.493523 0.233193 0.273284
0.160654 0.537144 0.302202
0.118392 0.403139 0.478469
0.335855 0.592602 0.071543
0.569376 0.346466 0.0841579
0.875749 0.0589376 0.0653133
0.546627 0.0833277 0.370045
0.1399 0.209131 0.650969
0.239607 0.236116 0.524276
0.202082 0.675314 0.122604
0.824312 0.119367 0.0563202
0.586444 0.251851 0.161705
0.0651935 0.379235 0.555572
0.137707 0.136958 0.725335
0.563645 0.168843 0.267512
0.331455 0.262179 0.406366
0.151962 0.77092 0.0771174
0.526048 0.288987 0.184966
0.0815034 0.8282 0.0902964
0.232291 0.383838 0.383871
0.447954 0.336076 0.21597
0.389657 0.523465 0.0868786
0.262945 0.0752463 0.661809
0.135347 0.691038 0.173616
0.0658821 0.705628 0.22849
0.0500138 0.784098 0.165888
0.49838 0.142005 0.359615
0.090458 0.206287 0.703255
0.44269 0.203676 0.353633
0.716268 0.0611333 0.222599
0.309692 0.447949 0.242359
0.0431551 0.240943 0.715902
0.334964 0.0852281 0.579808
0.518718 0.430019 0.0512629
0.436912 0.130918 0.432171
0.12563 0.0707086 0.803661
0.369705 0.394328 0.235968
0.4234 0.426004 0.150596
0.315844 0.350597 0.333559
0.693078 0.192152 0.11477
0.107301 0.623011 0.269688
0.163112 0.439088 0.3978
0.208447 0.465003 0.326551
0.603932 0.0610175 0.33505
0.225794 0.584559 0.189647
0.0781396 0.292026 0.629834
0.631181 0.188844 0.179975
0.195043 0.0734463 0.73151
0.492951 0.0639825 0.443067
0.457335 0.474841 0.0678237
0.0519318 0.457939 0.490129
0.205856 0.15942 0.634723
0.12818 0.324515 0.547305
0.383142 0.329422 0.287436
0.0527369 0.883633 0.0636301
0.243597 0.509943 0.24646
0.314667 0.195428 0.489905
0.0433632 0.534573 0.422063
0.0600001 0.0723488 0.867651
0.382121 0.196474 0.421405
0.21115 0.738662 0.0501875
0.0781569 0.568683 0.35316
0.269166 0.298827 0.432006
0.264987 0.427211 0.307802
0.103334 0.756437 0.140229
0.362281 0.467503 0.170216
0.708589 0.244034 0.0473767
0.257733 0.690745 0.0515226
0.433485 0.275699 0.290816


3 1 29
0 17 30
18 2 44
32 31 50
33 32 50
38 37 51
39 38 51
13 12 52
15 14 54
50 54 55
20 19 59
26 25 61
8 7 67
7 58 67
58 60 67
12 11 68
52 12 68
17 16 69
30 17 69
31 30 69
50 31 69
63 57 72
15 54 74
54 50 74
16 15 74
69 16 74
50 69 74
52 68 75
23 22 76
5 4 80
68 49 81
75 68 81
64 78 81
78 75 81
80 4 82
64 81 84
81 49 84
9 8 85
8 67 85
67 60 85
41 40 86
48 73 87
73 80 87
27 26 88
26 61 88
28 27 89
82 28 89
27 88 89
70 78 90
78 64 90
59 77 91
77 71 91
90 64 92
34 33 93
45 34 93
53 45 93
33 50 93
50 55 93
55 53 93
21 20 95
20 59 95
59 91 95
39 51 96
51 62 96
40 39 96
86 40 96
47 86 96
11 10 97
49 68 97
68 11 97
62 51 98
90 92 98
43 42 99
77 59 99
84 49 101
100 84 101
79 56 102
100 94 102
53 55 103
55 54 103
65 48 104
88 61 104
48 87 104
87 88 104
65 46 105
46 66 105
66 63 105
63 83 105
65 105 106
105 83 106
35 34 107
34 45 107
36 35 107
70 36 107
45 78 107
78 70 107
60 58 108
58 73 108
73 48 108
48 65 108
22 21 109
76 22 109
71 57 109
91 71 109
21 95 109
95 91 109
45 53 110
75 78 110
78 45 110
52 75 110
103 52 110
53 103 110
42 41 111
41 86 111
77 99 111
99 42 111
37 36 112
36 70 112
51 37 112
98 51 112
70 90 112
90 98 112
10 9 113
9 85 113
85 101 113
97 10 113
49 97 113
101 49 113
24 23 114
66 46 114
23 76 114
76 66 114
57 71 115
47 72 115
72 57 115
86 47 115
71 77 115
77 111 115
111 86 115
57 63 116
63 66 116
66 76 116
76 109 116
109 57 116
84 100 117
100 102 117
102 56 117
4 3 118
82 4 118
3 29 118
29 28 118
28 82 118
65 106 119
108 65 119
94 60 119
60 108 119
72 47 120
47 96 120
96 62 120
25 24 121
24 114 121
114 46 121
19 18 122
59 19 122
18 44 122
44 43 122
43 99 122
99 59 122
56 79 123
62 98 123
92 56 123
98 92 123
79 120 123
120 62 123
6 5 124
5 80 124
80 73 124
104 61 125
46 65 125
65 104 125
121 46 125
61 25 125
25 121 125
63 72 126
83 63 126
79 102 126
102 83 126
72 120 126
120 79 126
83 102 127
102 94 127
106 83 127
94 119 127
119 106 127
80 82 128
82 89 128
87 80 128
88 87 128
89 88 128
60 94 129
94 100 129
85 60 129
101 85 129
100 101 129
14 13 130
13 52 130
52 103 130
54 14 130
103 54 130
7 6 131
58 7 131
6 124 131
73 58 131
124 73 131
64 84 132
84 117 132
56 92 132
117 56 132
92 64 132
