116
1 0 0
0 1 0
0 0 1
0.0625 0.9375 0
0.125 0.875 0
0.1875 0.8125 0
0.25 0.75 0
0.3125 0.6875 0
0.375 0.625 0
0.4375 0.5625 0
0.5 0.5 0
0.5625 0.4375 0
0.625 0.375 0
0.6875 0.3125 0
0.75 0.25 0
0.8125 0.1875 0
0.875 0.125 0
0.9375 0.0625 0
0 0.1 0.9
0 0.2 0.8
0 0.3 0.7
0 0.4 0.6
0 0.5 0.5
0 0.6 0.4
0 0.7 0.3
0 0.8 0.2
0 0.9 0.1
0.9375 0 0.0625
0.875 0 0.125
0.8125 0 0.1875
0.75 0 0.25
0.6875 0 0.3125
0.625 0 0.375
0.5625 0 0.4375
0.5 0 0.5
0.4375 0 0.5625
0.375 0 0.625
0.3125 0 0.6875
0.25 0 0.75
0.1875 0 0.8125
0.125 0 0.875
0.0624999 0 0.9375
0.642421 0.0933012 0.264278
0.0957484 0.507356 0.396896
0.284934 0.141885 0.573181
0.155597 0.623294 0.221109
0.484754 0.401139 0.114107
0.428667 0.0738026 0.497531
0.642506 0.276483 0.0810118
0.0444769 0.341252 0.614271
0.766692 0.164124 0.0691841
0.402912 0.245681 0.351406
0.17998 0.24494 0.575081
0.272892 0.63366 0.0934479
0.0510429 0.141848 0.807109
0.303325 0.524619 0.172056
0.050318 0.622323 0.327359
0.179362 0.346169 0.47447
0.480265 0.223613 0.296122
0.126391 0.411402 0.462207
0.582153 0.335571 0.0822759
0.692097 0.127758 0.180145
0.888615 0.0541689 0.0572158
0.538895 0.0792461 0.381859
0.251937 0.259429 0.488634
0.340938 0.577739 0.0813234
0.198158 0.693847 0.107995
0.590838 0.248616 0.160545
0.753809 0.0920382 0.154153
0.526084 0.295127 0.178789
0.118624 0.139702 0.741674
0.562891 0.168906 0.268203
0.333922 0.264825 0.401254
0.14909 0.783775 0.0671354
0.089914 0.83624 0.0738461
0.233214 0.381932 0.384855
0.82454 0.0878494 0.0876106
0.450752 0.32319 0.226058
0.399939 0.523293 0.0767675
0.424504 0.423459 0.152037
0.361623 0.140674 0.497702
0.0843499 0.691766 0.223884
0.123485 0.22721 0.649305
0.49113 0.120851 0.388019
0.63965 0.18703 0.17332
0.227873 0.133638 0.638489
0.175246 0.485933 0.338822
0.0622917 0.240771 0.696937
0.325626 0.424794 0.24958
0.259147 0.465798 0.275055
0.0425991 0.527515 0.429886
0.111375 0.58778 0.300845
0.0890796 0.0686324 0.842288
0.120147 0.734774 0.145079
0.188836 0.0768852 0.734279
0.0375236 0.0603213 0.902155
0.325644 0.0686184 0.605738
0.428845 0.165715 0.405439
0.299624 0.351577 0.348799
0.107953 0.322107 0.56994
0.0378696 0.897712 0.0644181
0.706091 0.0574066 0.236502
0.591406 0.0697338 0.33886
0.228087 0.571285 0.200628
0.453326 0.485672 0.0610022
0.704561 0.203513 0.0919263
0.27533 0.0611584 0.663512
0.0493249 0.801279 0.149396
0.306928 0.202816 0.490256
0.143647 0.0570984 0.799254
0.0589068 0.427895 0.513198
0.37711 0.351589 0.271301
0.367269 0.466562 0.166168
0.171108 0.161015 0.667877
0.532128 0.392962 0.0749099
0.0332369 0.727225 0.239538


0 17 27
32 31 42
36 35 47
35 34 47
13 12 48
21 20 49
15 14 50
7 6 53
19 18 54
24 23 56
12 11 60
48 12 60
17 16 62
27 17 62
28 27 62
34 33 63
57 52 64
8 7 65
7 53 65
53 55 65
6 5 66
53 6 66
48 60 67
30 29 68
67 60 69
67 69 71
69 58 71
5 4 73
66 5 73
4 3 74
73 4 74
57 64 75
15 50 76
16 15 76
62 16 76
29 28 76
28 62 76
50 68 76
68 29 76
51 58 77
58 69 77
69 46 77
9 8 78
8 65 78
77 46 79
36 47 80
51 72 80
47 34 83
34 63 83
63 71 83
71 58 83
42 61 84
48 67 84
67 71 84
71 42 84
44 64 85
64 52 85
43 59 86
59 57 86
57 75 86
20 19 87
19 54 87
49 20 87
54 70 87
70 82 87
86 75 89
88 55 89
23 22 90
43 56 90
56 23 90
56 43 91
45 81 91
81 56 91
43 86 91
86 45 91
41 40 92
70 54 92
45 66 93
66 73 93
81 45 93
73 74 93
39 38 94
38 85 94
18 2 95
2 41 95
41 92 95
54 18 95
92 54 95
37 36 96
36 80 96
80 44 96
51 80 97
80 47 97
47 83 97
58 51 97
83 58 97
64 72 98
75 64 98
88 89 98
89 75 98
52 57 99
57 59 99
82 52 99
49 87 99
87 82 99
3 1 100
1 26 100
74 3 100
31 30 101
42 31 101
61 42 101
30 68 101
68 61 101
33 32 102
63 33 102
32 42 102
42 71 102
71 63 102
53 66 103
66 45 103
55 53 103
89 55 103
45 86 103
86 89 103
10 9 104
46 10 104
79 46 104
9 78 104
78 79 104
14 13 105
13 48 105
50 14 105
61 68 105
68 50 105
48 84 105
84 61 105
38 37 106
85 38 106
44 85 106
37 96 106
96 44 106
81 93 107
93 74 107
26 25 107
100 26 107
74 100 107
64 44 108
72 64 108
44 80 108
80 72 108
40 39 109
70 92 109
92 40 109
39 94 109
94 70 109
22 21 110
21 49 110
59 43 110
43 90 110
90 22 110
49 99 110
99 59 110
72 51 111
51 77 111
77 79 111
88 98 111
98 72 111
65 55 112
78 65 112
55 88 112
79 78 112
88 111 112
111 79 112
52 82 113
85 52 113
82 70 113
70 94 113
94 85 113
11 10 114
10 46 114
60 11 114
46 69 114
69 60 114
25 24 115
24 56 115
56 81 115
81 107 115
107 25 115
