120
1 0 0
0 1 0
0 0 1
0.0625 0.9375 0
0.125 0.875 0
0.1875 0.8125 0
0.25 0.75 0
0.3125 0.6875 0
0.375 0.625 0
0.4375 0.5625 0
0.5 0.5 0
0.5625 0.4375 0
0.625 0.375 0
0.6875 0.3125 0
0.75 0.25 0
0.8125 0.1875 0
0.875 0.125 0
0.9375 0.0625 0
0 0.0555555 0.944444
0 0.111111 0.888889
0 0.166667 0.833333
0 0.222222 0.777778
0 0.277778 0.722222
0 0.333333 0.666667
0 0.388889 0.611111
0 0.444444 0.555556
0 0.5 0.5
0 0.555556 0.444444
0 0.611111 0.388889
0 0.666667 0.333333
0 0.722222 0.277778
0 0.777778 0.222222
0 0.833333 0.166667
0 0.888889 0.111111
0 0.944444 0.0555556
0.9 0 0.1
0.8 0 0.2
0.7 0 0.3
0.6 0 0.4
0.5 0 0.5
0.4 0 0.6
0.3 0 0.7
0.2 0 0.8
0.1 0 0.9
0.653471 0.109969 0.23656
0.0938844 0.506175 0.399941
0.27987 0.126248 0.593882
0.158669 0.620602 0.220729
0.506161 0.408792 0.0850472
0.792477 0.0605081 0.147015
0.419926 0.0641773 0.515897
0.649636 0.268523 0.0818407
0.73862 0.184753 0.0766274
0.737716 0.124481 0.137803
0.398232 0.257466 0.344302
0.636218 0.0642698 0.299512
0.174504 0.258317 0.567179
0.267113 0.631595 0.101292
0.306997 0.525364 0.16764
0.398242 0.137336 0.464423
0.194855 0.327785 0.47736
0.495924 0.227682 0.276393
0.181843 0.54051 0.277647
0.121875 0.400286 0.477839
0.339258 0.575583 0.0851589
0.560046 0.341384 0.0985695
0.892414 0.0441495 0.0634367
0.523531 0.0793425 0.397126
0.158945 0.195618 0.645437
0.198607 0.678539 0.122854
0.217915 0.721431 0.0606535
0.325328 0.0526208 0.622051
0.59097 0.233892 0.175138
0.283402 0.476135 0.240463
0.15424 0.132119 0.713641
0.563032 0.174552 0.262416
0.157732 0.776042 0.0662265
0.255578 0.256217 0.488205
0.654805 0.171773 0.173422
0.086115 0.838277 0.0756081
0.235544 0.384503 0.379953
0.439254 0.342329 0.218417
0.0907928 0.321877 0.58733
0.0930904 0.698252 0.208658
0.23871 0.0407075 0.720582
0.525411 0.125671 0.348918
0.354247 0.215238 0.430515
0.472223 0.46575 0.0620266
0.0560913 0.895487 0.048422
0.135812 0.0740281 0.79016
0.339963 0.402244 0.257793
0.460023 0.284679 0.255298
0.188 0.482486 0.329514
0.33083 0.33213 0.33704
0.0829014 0.269159 0.64794
0.273197 0.193256 0.533547
0.121114 0.739803 0.139082
0.527957 0.0353815 0.436662
0.403483 0.518021 0.0784964
0.22848 0.0879612 0.683559
0.3032 0.284199 0.412601
0.831645 0.102642 0.0657134
0.0689947 0.126282 0.804724
0.390957 0.457778 0.151265
0.452284 0.186546 0.36117
0.540843 0.296893 0.162264
0.0666655 0.646488 0.286847
0.0719939 0.176989 0.751017
0.0848372 0.576174 0.338989
0.0796701 0.375094 0.545236
0.0644326 0.228185 0.707382
0.0855965 0.0482268 0.866177
0.0686433 0.455936 0.475421
0.154801 0.441933 0.403266
0.0713782 0.792943 0.135678
0.244991 0.578636 0.176373
0.442296 0.38989 0.167814
0.726697 0.046833 0.22647
0.609325 0.0326834 0.357992
0.247215 0.434466 0.318319


3 1 34
18 2 43
27 26 45
12 11 48
36 35 49
40 39 50
14 13 51
16 15 52
15 14 52
14 51 52
44 49 53
8 7 57
46 50 59
9 8 64
8 57 64
13 12 65
12 48 65
51 13 65
0 17 66
35 0 66
49 35 66
59 50 67
57 7 69
47 57 69
7 6 70
69 7 70
41 40 71
40 50 71
50 46 71
52 51 72
58 62 73
46 68 74
72 61 75
6 5 76
70 6 76
60 56 77
53 52 78
52 72 78
44 53 78
75 44 78
72 75 78
5 4 79
33 32 79
76 5 79
63 60 80
24 23 82
56 60 82
31 30 83
47 69 83
42 41 84
41 71 84
55 44 85
67 55 85
44 75 85
59 67 85
11 10 87
48 11 87
4 3 88
3 34 88
34 33 88
33 79 88
79 4 88
42 84 89
54 61 91
61 72 91
62 45 92
73 62 92
80 60 93
81 90 93
90 80 93
54 91 93
91 81 93
68 56 94
23 22 94
82 23 94
56 82 94
56 68 95
77 56 95
46 59 95
59 86 95
68 46 95
86 77 95
69 70 96
83 69 96
70 76 96
31 83 96
39 38 97
50 39 97
67 50 97
10 9 98
9 64 98
64 58 98
87 10 98
71 46 99
46 74 99
84 71 99
74 89 99
89 84 99
60 77 100
77 86 100
86 54 100
54 93 100
93 60 100
16 52 101
52 53 101
17 16 101
66 17 101
53 49 101
49 66 101
20 19 102
19 89 102
89 74 102
58 73 103
48 87 103
73 90 103
87 98 103
98 58 103
59 85 104
86 59 104
61 54 104
54 86 104
75 61 104
85 75 104
51 65 105
72 51 105
91 72 105
65 81 105
81 91 105
29 28 106
30 29 106
83 30 106
47 83 106
21 20 107
74 68 107
20 102 107
102 74 107
28 27 108
27 45 108
45 62 108
106 28 108
62 47 108
47 106 108
25 24 109
63 25 109
60 63 109
82 60 109
24 82 109
22 21 110
94 22 110
68 94 110
21 107 110
107 68 110
19 18 111
89 19 111
18 43 111
43 42 111
42 89 111
26 25 112
25 63 112
45 26 112
92 45 113
45 112 113
63 80 113
112 63 113
76 79 114
79 32 114
32 31 114
31 96 114
96 76 114
47 62 115
62 58 115
57 47 115
64 57 115
58 64 115
65 48 116
81 65 116
90 81 116
48 103 116
103 90 116
37 36 117
55 37 117
36 49 117
49 44 117
44 55 117
38 37 118
37 55 118
97 38 118
55 67 118
67 97 118
90 73 119
73 92 119
80 90 119
113 80 119
92 113 119
