97
1 0 0
0 1 0
0 0 1
0.0625 0.9375 0
0.125 0.875 0
0.1875 0.8125 0
0.25 0.75 0
0.3125 0.6875 0
0.375 0.625 0
0.4375 0.5625 0
0.5 0.5 0
0.5625 0.4375 0
0.625 0.375 0
0.6875 0.3125 0
0.75 0.25 0
0.8125 0.1875 0
0.875 0.125 0
0.9375 0.0625 0
0 0.0625 0.9375
0 0.125 0.875
0 0.1875 0.8125
0 0.25 0.75
0 0.3125 0.6875
0 0.375 0.625
0 0.4375 0.5625
0 0.5 0.5
0 0.5625 0.4375
0 0.625 0.375
0 0.6875 0.3125
0 0.75 0.25
0 0.8125 0.1875
0 0.875 0.125
0 0.9375 0.0625
0.875 0 0.125
0.75 0 0.25
0.625 0 0.375
0.5 0 0.5
0.375 0 0.625
0.25 0 0.75
0.125 0 0.875
0.616625 0.111777 0.271597
0.0892637 0.483254 0.427482
0.274715 0.134608 0.590677
0.166064 0.611147 0.222789
0.487103 0.396171 0.116726
0.789862 0.0527334 0.157405
0.41698 0.0703238 0.512697
0.639721 0.265578 0.0947009
0.739135 0.121578 0.139287
0.409217 0.26503 0.325754
0.665368 0.0565287 0.278104
0.192676 0.255832 0.551493
0.267191 0.628663 0.104146
0.30803 0.519209 0.17276
0.181566 0.325525 0.492909
0.166319 0.531404 0.302277
0.11002 0.401229 0.488751
0.33955 0.572919 0.0875308
0.568166 0.333196 0.0986377
0.545003 0.0776936 0.377303
0.169745 0.198988 0.631267
0.189092 0.685949 0.124959
0.560496 0.22853 0.210974
0.0813089 0.336134 0.582557
0.129938 0.138024 0.732039
0.594812 0.165953 0.239235
0.453298 0.194526 0.352176
0.152015 0.76116 0.0868252
0.521797 0.287235 0.190968
0.0858573 0.830137 0.0840054
0.229705 0.385291 0.385005
0.438112 0.338971 0.222917
0.264563 0.0689588 0.666478
0.0911971 0.713923 0.19488
0.495212 0.128249 0.376539
0.306569 0.207166 0.486264
0.282723 0.471137 0.246139
0.699882 0.193875 0.106243
0.128365 0.0652493 0.806386
0.341439 0.405293 0.253268
0.0542778 0.891952 0.0537698
0.318493 0.334429 0.347078
0.096234 0.269904 0.633862
0.404553 0.521067 0.0743801
0.896556 0.0365024 0.0669413
0.414516 0.461844 0.12364
0.198013 0.448912 0.353076
0.0650776 0.0330875 0.901835
0.0815915 0.591652 0.326757
0.385379 0.143707 0.470914
0.087729 0.651208 0.261063
0.282846 0.277124 0.44003
0.0722125 0.772912 0.154875
0.850092 0.0839846 0.0659238
0.550549 0.0351086 0.414343
0.0735665 0.208194 0.718239
0.24263 0.572079 0.18529


3 1 32
25 24 41
26 25 41
12 11 44
34 33 45
37 36 46
14 13 47
16 15 48
35 34 50
34 45 50
45 48 50
48 40 50
8 7 52
26 41 55
24 23 56
41 24 56
9 8 57
8 52 57
13 12 58
12 44 58
47 13 58
50 40 59
7 6 61
52 7 61
43 52 61
23 22 63
54 56 63
56 23 63
20 19 64
42 60 64
40 48 65
62 49 66
65 62 66
6 5 67
61 6 67
47 58 68
62 47 68
49 62 68
5 4 69
31 30 69
67 5 69
56 54 70
58 44 71
68 58 71
49 68 71
38 37 72
37 46 72
46 42 72
42 64 72
29 28 73
61 67 73
46 59 74
59 40 74
40 65 74
65 66 74
66 49 75
51 60 75
60 42 75
53 55 76
15 14 77
14 47 77
47 62 77
48 15 77
65 48 77
62 65 77
19 18 78
64 19 78
72 64 78
39 38 78
38 72 78
71 44 79
4 3 80
3 32 80
32 31 80
31 69 80
69 4 80
70 54 81
49 71 81
71 79 81
79 70 81
22 21 82
60 51 82
63 22 82
51 54 82
54 63 82
10 9 83
9 57 83
57 53 83
0 17 84
33 0 84
45 33 84
11 10 85
44 11 85
76 79 85
79 44 85
10 83 85
53 76 85
83 53 85
41 56 86
56 70 86
55 41 86
76 55 86
70 79 86
79 76 86
18 2 87
2 39 87
39 78 87
78 18 87
27 26 88
26 55 88
55 43 88
42 46 89
46 74 89
75 42 89
74 66 89
66 75 89
28 27 90
73 28 90
43 61 90
61 73 90
27 88 90
88 43 90
51 75 91
75 49 91
49 81 91
54 51 91
81 54 91
30 29 92
67 69 92
69 30 92
29 73 92
73 67 92
17 16 93
16 48 93
48 45 93
45 84 93
84 17 93
36 35 94
46 36 94
59 46 94
35 50 94
50 59 94
21 20 95
20 64 95
64 60 95
60 82 95
82 21 95
43 55 96
55 53 96
52 43 96
57 52 96
53 57 96
