78
1 0 0
0 1 0
0 0 1
0.0625 0.9375 0
0.125 0.875 0
0.1875 0.8125 0
0.25 0.75 0
0.3125 0.6875 0
0.375 0.625 0
0.4375 0.5625 0
0.5 0.5 0
0.5625 0.4375 0
0.625 0.375 0
0.6875 0.3125 0
0.75 0.25 0
0.8125 0.1875 0
0.875 0.125 0
0.9375 0.0625 0
0 0.0666667 0.933333
0 0.133333 0.866667
0 0.2 0.8
0 0.266667 0.733333
0 0.333333 0.666667
0 0.4 0.6
0 0.466667 0.533333
0 0.533333 0.466667
0 0.6 0.4
0 0.666667 0.333333
0 0.733333 0.266667
0 0.8 0.2
0 0.866667 0.133333
0 0.933333 0.0666667
0.833333 0 0.166667
0.666667 0 0.333333
0.5 0 0.5
0.333333 0 0.666667
0.166667 0 0.833333
0.634806 0.109345 0.255849
0.138134 0.494778 0.367088
0.289248 0.128585 0.582167
0.148934 0.613176 0.23789
0.484777 0.394742 0.120481
0.769993 0.0646946 0.165312
0.407357 0.062485 0.530158
0.627978 0.270962 0.10106
0.377899 0.250735 0.371366
0.179595 0.256451 0.563953
0.322992 0.514944 0.162063
0.176451 0.339248 0.484301
0.138436 0.411714 0.449849
0.299636 0.581163 0.119201
0.563302 0.332893 0.103806
0.166347 0.189088 0.644565
0.17749 0.681992 0.140517
0.73318 0.141736 0.125085
0.542693 0.229866 0.227442
0.121506 0.140794 0.7377
0.586043 0.168554 0.245403
0.0817436 0.833435 0.0848216
0.433995 0.345072 0.220933
0.263705 0.0525304 0.683765
0.47819 0.121956 0.399854
0.291315 0.203697 0.504988
0.26475 0.456372 0.278878
0.112027 0.739144 0.148829
0.682656 0.207766 0.109578
0.127156 0.0711604 0.801683
0.319821 0.391671 0.288508
0.578298 0.0590387 0.362663
0.19896 0.550142 0.250898
0.429501 0.18655 0.383949
0.415189 0.455305 0.129506
0.0878409 0.559297 0.352862
0.487379 0.288705 0.223916
0.0919124 0.299054 0.609034
0.894673 0.0286543 0.0766727
0.323388 0.312009 0.364604
0.26592 0.636229 0.0978511


3 1 31
4 3 31
30 4 31
25 24 38
27 26 40
12 11 41
17 16 42
33 32 42
35 34 43
14 13 44
21 20 46
10 9 47
23 22 48
24 23 49
38 24 49
23 48 49
9 8 50
47 9 50
13 12 51
44 13 51
12 41 51
46 20 52
7 6 53
27 40 53
16 15 54
37 42 54
42 16 54
20 19 56
52 20 56
39 52 56
37 54 57
5 4 58
4 30 58
29 5 58
30 29 58
51 41 59
36 35 60
35 43 60
43 39 60
39 43 61
37 57 61
52 39 62
45 46 62
46 52 62
47 38 63
38 49 63
6 5 64
5 29 64
29 28 64
53 6 64
28 27 64
27 53 64
14 44 65
44 55 65
15 14 65
55 57 65
54 15 65
57 54 65
18 2 66
2 36 66
19 18 66
56 19 66
36 60 66
39 56 66
60 39 66
49 48 67
63 49 67
59 41 67
34 33 68
33 42 68
42 37 68
43 34 68
37 61 68
61 43 68
50 40 69
38 47 69
47 50 69
39 61 70
62 39 70
55 45 70
45 62 70
57 55 70
61 57 70
11 10 71
41 11 71
10 47 71
47 63 71
63 67 71
67 41 71
26 25 72
40 26 72
69 40 72
25 38 72
38 69 72
44 51 73
45 55 73
55 44 73
51 59 73
22 21 74
48 22 74
21 46 74
46 48 74
0 17 75
32 0 75
17 42 75
42 32 75
46 45 76
48 46 76
59 67 76
67 48 76
45 73 76
73 59 76
40 50 77
50 8 77
8 7 77
7 53 77
53 40 77
