131
1 0 0
0 1 0
0 0 1
0.0625001 0.9375 0
0.125 0.875 0
0.1875 0.8125 0
0.25 0.75 0
0.3125 0.6875 0
0.375 0.625 0
0.4375 0.5625 0
0.5 0.5 0
0.5625 0.4375 0
0.625 0.375 0
0.6875 0.3125 0
0.75 0.25 0
0.8125 0.1875 0
0.875 0.125 0
0.9375 0.0625 0
0 0.0526316 0.947368
0 0.105263 0.894737
0 0.157895 0.842105
0 0.210526 0.789474
0 0.263158 0.736842
0 0.315789 0.684211
0 0.368421 0.631579
0 0.421053 0.578947
0 0.473684 0.526316
0 0.526316 0.473684
0 0.578947 0.421053
0 0.631579 0.368421
0 0.68421 0.315789
0 0.736842 0.263158
0 0.789474 0.210526
0 0.842105 0.157895
0 0.894737 0.105263
0 0.947368 0.0526316
0.909091 0 0.0909091
0.818182 0 0.181818
0.727273 0 0.272727
0.636364 0 0.363636
0.545455 0 0.454545
0.454545 0 0.545455
0.363636 0 0.636364
0.272727 0 0.727273
0.181818 0 0.818182
0.0909091 0 0.909091
0.638897 0.114047 0.247057
0.0852323 0.490602 0.424166
0.298763 0.127 0.574237
0.158072 0.598824 0.243104
0.477185 0.412631 0.110184
0.792499 0.0620419 0.145459
0.419524 0.0716431 0.508832
0.641917 0.279723 0.0783598
0.763267 0.162135 0.0745982
0.733336 0.123593 0.143072
0.40759 0.245138 0.347272
0.63508 0.0597881 0.305132
0.167536 0.249314 0.58315
0.275131 0.634495 0.0903745
0.320213 0.526383 0.153404
0.400972 0.123549 0.475479
0.206939 0.334208 0.458853
0.5084 0.229523 0.262077
0.165713 0.541012 0.293276
0.110518 0.404674 0.484808
0.344975 0.574999 0.0800259
0.57138 0.348236 0.0803844
0.89346 0.0443599 0.06218
0.527335 0.0740469 0.398618
0.173824 0.185285 0.64089
0.251783 0.259425 0.488793
0.205332 0.682866 0.111802
0.224237 0.720091 0.0556715
0.340096 0.0589923 0.600912
0.588129 0.246812 0.165059
0.281292 0.479789 0.238919
0.0892856 0.361918 0.548796
0.0780559 0.31285 0.609094
0.14214 0.128997 0.728863
0.570775 0.170757 0.258468
0.161042 0.774712 0.064246
0.644624 0.181614 0.173762
0.0872791 0.838782 0.0739392
0.214853 0.386154 0.398994
0.0760289 0.78919 0.134781
0.422252 0.338942 0.238806
0.409511 0.516906 0.0735829
0.0898398 0.698364 0.211797
0.512705 0.121998 0.365297
0.49165 0.282337 0.226013
0.356274 0.220974 0.422752
0.481879 0.459143 0.0589785
0.233029 0.113344 0.653626
0.177745 0.484109 0.338146
0.456336 0.374297 0.169367
0.482059 0.179833 0.338108
0.0566229 0.896507 0.0468705
0.145587 0.0670481 0.787365
0.0806335 0.256767 0.6626
0.343145 0.40173 0.255125
0.309084 0.351069 0.339847
0.24466 0.0574935 0.697847
0.285189 0.1904 0.524411
0.310297 0.288603 0.4011
0.834018 0.0995123 0.0664695
0.729229 0.0484433 0.222328
0.0778142 0.59257 0.329616
0.0686865 0.113192 0.818122
0.382104 0.432389 0.185508
0.0767614 0.646911 0.276328
0.536011 0.310582 0.153407
0.0772513 0.202022 0.720726
0.158939 0.303105 0.537956
0.0782699 0.0561863 0.865544
0.082971 0.538463 0.378566
0.513691 0.0359245 0.450384
0.392856 0.471647 0.135497
0.547916 0.40434 0.0477441
0.696796 0.220305 0.0828993
0.139635 0.733322 0.127043
0.253047 0.587775 0.159178
0.141583 0.442748 0.415669
0.401474 0.29407 0.304456
0.0561734 0.163819 0.780008
0.232386 0.546635 0.220979
0.207372 0.0297361 0.762892
0.40188 0.167974 0.430146
0.0600277 0.749739 0.190233
0.253562 0.423724 0.322715
0.171163 0.645596 0.183241


3 1 35
18 2 45
27 26 47
37 36 51
14 13 53
16 15 54
46 51 55
39 38 57
8 7 59
48 52 61
26 25 65
9 8 66
8 59 66
13 12 67
53 13 67
0 17 68
36 0 68
51 36 68
39 57 69
61 52 69
59 7 72
7 6 73
72 7 73
42 41 74
41 52 74
52 48 74
25 24 77
65 25 77
62 65 77
24 23 78
77 24 78
6 5 81
73 6 81
55 54 82
46 55 82
80 46 82
75 63 82
63 80 82
5 4 83
34 33 83
81 5 83
65 62 84
33 32 85
81 83 85
83 33 85
10 9 87
9 66 87
66 60 87
31 30 88
57 46 89
69 57 89
46 80 89
61 69 89
63 75 90
11 10 92
10 87 92
48 70 93
70 79 93
74 48 93
76 64 94
67 50 95
63 56 96
80 63 96
89 80 96
56 91 96
4 3 97
3 35 97
35 34 97
34 83 97
83 4 97
23 22 99
70 58 99
58 78 99
78 23 99
86 95 100
84 62 101
86 100 101
43 42 102
42 74 102
74 93 102
93 79 102
79 98 102
58 70 103
70 48 103
71 58 103
48 61 103
91 71 103
62 71 104
71 91 104
91 56 104
101 62 104
16 54 105
54 55 105
17 16 105
68 17 105
55 51 105
51 68 105
38 37 106
37 51 106
57 38 106
51 46 106
46 57 106
29 28 107
64 49 107
20 19 108
98 79 108
76 100 109
95 50 109
100 95 109
88 30 110
30 29 110
29 107 110
107 49 110
53 67 111
75 53 111
90 75 111
86 90 111
95 86 111
67 95 111
79 70 112
22 21 112
99 22 112
70 99 112
58 71 113
78 58 113
71 62 113
62 77 113
77 78 113
19 18 114
18 45 114
45 44 114
44 98 114
98 108 114
108 19 114
28 27 115
27 47 115
47 94 115
94 64 115
64 107 115
107 28 115
41 40 116
52 41 116
40 39 116
39 69 116
69 52 116
87 60 117
92 87 117
60 76 117
76 109 117
50 92 117
109 50 117
12 11 118
50 67 118
67 12 118
11 92 118
92 50 118
15 14 119
54 15 119
14 53 119
53 75 119
75 82 119
82 54 119
72 73 120
73 81 120
81 85 120
88 72 120
66 59 121
60 66 121
47 26 122
26 65 122
65 84 122
94 47 122
56 63 123
63 90 123
90 86 123
86 101 123
101 104 123
104 56 123
21 20 124
20 108 124
108 79 124
79 112 124
112 21 124
49 64 125
64 76 125
76 60 125
60 121 125
121 49 125
44 43 126
98 44 126
43 102 126
102 98 126
61 89 127
89 96 127
96 91 127
91 103 127
103 61 127
32 31 128
31 88 128
85 32 128
120 85 128
88 120 128
76 94 129
100 76 129
84 101 129
101 100 129
94 122 129
122 84 129
88 110 130
110 49 130
59 72 130
121 59 130
72 88 130
49 121 130
