55
1 0 0
0 1 0
0 0 1
0.0625 0.9375 0
0.125 0.875 0
0.1875 0.8125 0
0.25 0.75 0
0.3125 0.6875 0
0.375 0.625 0
0.4375 0.5625 0
0.5 0.5 0
0.5625 0.4375 0
0.625 0.375 0
0.6875 0.3125 0
0.75 0.25 0
0.8125 0.1875 0
0.875 0.125 0
0.9375 0.0625 0
0 0.0714286 0.928571
0 0.142857 0.857143
0 0.214286 0.785714
0 0.285714 0.714286
0 0.357143 0.642857
0 0.428571 0.571429
0 0.5 0.5
0 0.571429 0.428571
0 0.642857 0.357143
0 0.714286 0.285714
0 0.785714 0.214286
0 0.857143 0.142857
0 0.928571 0.0714286
0.75 0 0.25
0.5 0 0.5
0.25 0 0.75
0.655685 0.117166 0.227149
0.292195 0.146937 0.560868
0.17183 0.624366 0.203804
0.440053 0.0757038 0.484243
0.399154 0.246583 0.354264
0.20938 0.268371 0.52225
0.686197 0.0571315 0.256671
0.314118 0.505912 0.17997
0.232916 0.346986 0.420098
0.163118 0.408794 0.428088
0.43671 0.381708 0.181582
0.529116 0.228276 0.242608
0.442869 0.319932 0.237199
0.558527 0.166111 0.275361
0.145551 0.685208 0.169241
0.34032 0.436411 0.223269
0.203527 0.0613701 0.735103
0.20151 0.553337 0.245153
0.183504 0.197732 0.618764
0.103156 0.762192 0.134653
0.165859 0.474827 0.359315


5 4 29
28 5 29
3 1 30
4 3 30
29 4 30
0 17 31
16 15 34
19 18 35
8 7 36
26 25 36
33 32 37
21 20 39
17 16 40
31 17 40
32 31 40
16 34 40
34 37 40
37 32 40
10 9 41
22 21 42
21 39 42
23 22 43
22 42 43
12 11 44
14 13 45
13 38 45
38 35 45
13 12 46
38 13 46
39 38 46
12 44 46
42 39 46
44 42 46
35 37 47
37 34 47
15 14 47
14 45 47
34 15 47
45 35 47
7 6 48
6 27 48
27 26 48
26 36 48
36 7 48
11 10 49
10 41 49
44 11 49
43 42 49
42 44 49
18 2 50
2 33 50
33 37 50
35 18 50
37 35 50
9 8 51
25 24 51
8 36 51
36 25 51
41 9 51
20 19 52
19 35 52
35 38 52
38 39 52
39 20 52
6 5 53
5 28 53
27 6 53
28 27 53
24 23 54
23 43 54
43 49 54
49 41 54
41 51 54
51 24 54
