110
1 0 0
0 1 0
0 0 1
0.0625 0.9375 0
0.125 0.875 0
0.1875 0.8125 0
0.25 0.75 0
0.3125 0.6875 0
0.375 0.625 0
0.4375 0.5625 0
0.5 0.5 0
0.5625 0.4375 0
0.625 0.375 0
0.6875 0.3125 0
0.75 0.25 0
0.8125 0.1875 0
0.875 0.125 0
0.9375 0.0625 0
0 0.1 0.9
0 0.2 0.8
0 0.3 0.7
0 0.4 0.6
0 0.5 0.5
0 0.6 0.4
0 0.7 0.3
0 0.8 0.2
0 0.9 0.1
0.933333 0 0.0666667
0.866667 0 0.133333
0.8 0 0.2
0.733333 0 0.266667
0.666667 0 0.333333
0.6 0 0.4
0.533333 0 0.466667
0.466667 0 0.533333
0.4 0 0.6
0.333333 0 0.666667
0.266667 0 0.733333
0.2 0 0.8
0.133333 0 0.866667
0.0666666 0 0.933333
0.627067 0.114746 0.258186
0.0992691 0.490595 0.410136
0.288361 0.138076 0.573564
0.152386 0.619416 0.228198
0.493638 0.400032 0.10633
0.801937 0.0677783 0.130285
0.425371 0.0800186 0.494611
0.640511 0.279309 0.0801803
0.0537395 0.348694 0.597567
0.761953 0.151005 0.0870416
0.388359 0.281468 0.330174
0.178016 0.227349 0.594636
0.270418 0.630307 0.0992755
0.0539587 0.141626 0.804415
0.684852 0.0579579 0.25719
0.31715 0.514064 0.168786
0.0445655 0.631866 0.323569
0.179488 0.343047 0.477465
0.477532 0.22877 0.293698
0.114343 0.400943 0.484714
0.573371 0.340853 0.0857756
0.696133 0.130003 0.173864
0.887315 0.0547046 0.0579803
0.55835 0.0795437 0.362107
0.250948 0.253593 0.495459
0.197956 0.695074 0.10697
0.589042 0.251043 0.159915
0.129463 0.149298 0.721239
0.559799 0.178219 0.261982
0.328402 0.254303 0.417295
0.524286 0.290657 0.185057
0.0818501 0.821207 0.0969432
0.23354 0.380582 0.385878
0.451888 0.326742 0.22137
0.388768 0.521374 0.0898588
0.36173 0.156058 0.482212
0.0798845 0.700244 0.219871
0.121583 0.224492 0.653925
0.491005 0.130333 0.378662
0.638422 0.190105 0.171472
0.219222 0.116129 0.66465
0.172665 0.481499 0.345835
0.131282 0.725729 0.142989
0.0636336 0.239085 0.697282
0.337587 0.404559 0.257854
0.261733 0.462767 0.2755
0.0956676 0.0701904 0.834142
0.0496212 0.443149 0.50723
0.351091 0.0689855 0.579924
0.0392553 0.0598349 0.90091
0.289246 0.0624825 0.648272
0.426854 0.172645 0.400501
0.102208 0.582075 0.315717
0.831613 0.10108 0.0673065
0.4018 0.414913 0.183287
0.335249 0.591217 0.0735346
0.302045 0.346354 0.351601
0.0468839 0.541499 0.411617
0.115551 0.305682 0.578767
0.226252 0.568272 0.205477
0.160072 0.0671728 0.772755
0.447937 0.477491 0.0745726
0.699158 0.215679 0.0851631
0.746416 0.0676494 0.185934
0.0390523 0.784722 0.176226
0.492662 0.0558004 0.451537
0.147828 0.789609 0.0625629
0.305991 0.198133 0.495876
0.625389 0.0524796 0.322132


3 1 26
0 17 27
11 10 45
29 28 46
35 34 47
13 12 48
21 20 49
15 14 50
7 6 53
19 18 54
31 30 55
24 23 57
12 11 61
48 12 61
11 45 61
41 55 62
17 16 63
27 17 63
28 27 63
33 32 64
58 52 65
6 5 66
53 6 66
48 61 67
64 41 69
61 45 71
67 61 71
59 69 71
69 67 71
4 3 72
3 26 72
58 65 73
51 59 74
59 71 74
71 45 74
9 8 75
51 70 76
24 57 77
68 52 78
64 69 79
69 59 79
41 62 80
48 67 80
67 69 80
69 41 80
38 37 81
43 65 81
65 52 81
52 68 81
42 60 82
60 58 82
58 73 82
44 66 83
77 44 83
72 77 83
20 19 84
19 54 84
49 20 84
54 68 84
68 78 84
82 73 86
85 56 86
40 39 87
68 54 87
22 21 88
21 49 88
60 42 88
49 60 88
36 35 89
76 43 89
35 47 89
47 76 89
18 2 90
2 40 90
40 87 90
54 18 90
87 54 90
37 36 91
43 81 91
81 37 91
36 89 91
89 43 91
59 51 92
51 76 92
76 47 92
47 79 92
79 59 92
44 77 93
77 57 93
42 82 93
82 44 93
16 15 94
15 50 94
50 46 94
63 16 94
46 28 94
28 63 94
74 45 95
75 56 95
56 85 95
51 74 95
85 51 95
8 7 96
7 53 96
53 56 96
56 75 96
75 8 96
65 70 97
73 65 97
70 51 97
51 85 97
85 86 97
86 73 97
23 22 98
57 23 98
22 88 98
88 42 98
42 93 98
93 57 98
60 49 99
52 58 99
78 52 99
58 60 99
49 84 99
84 78 99
53 66 100
66 44 100
44 82 100
82 86 100
56 53 100
86 56 100
39 38 101
38 81 101
81 68 101
68 87 101
87 39 101
10 9 102
45 10 102
9 75 102
75 95 102
95 45 102
14 13 103
13 48 103
50 14 103
62 50 103
48 80 103
80 62 103
30 29 104
29 46 104
46 50 104
50 62 104
55 30 104
62 55 104
26 25 105
72 26 105
25 24 105
24 77 105
77 72 105
34 33 106
47 34 106
79 47 106
33 64 106
64 79 106
5 4 107
4 72 107
72 83 107
66 5 107
83 66 107
65 43 108
70 65 108
43 76 108
76 70 108
32 31 109
31 55 109
55 41 109
41 64 109
64 32 109
