124
1 0 0
0 1 0
0 0 1
0.0625 0.9375 0
0.125 0.875 0
0.1875 0.8125 0
0.25 0.75 0
0.3125 0.6875 0
0.375 0.625 0
0.4375 0.5625 0
0.5 0.5 0
0.5625 0.4375 0
0.625 0.375 0
0.6875 0.3125 0
0.75 0.25 0
0.8125 0.1875 0
0.875 0.125 0
0.9375 0.0625 0
0 0.0833333 0.916667
0 0.166667 0.833333
0 0.25 0.75
0 0.333333 0.666667
0 0.416667 0.583333
0 0.5 0.5
0 0.583333 0.416667
0 0.666667 0.333333
0 0.75 0.25
0 0.833333 0.166667
0 0.916667 0.0833333
0.933333 0 0.0666667
0.866667 0 0.133333
0.8 0 0.2
0.733333 0 0.266667
0.666667 0 0.333333
0.6 0 0.4
0.533333 0 0.466667
0.466667 0 0.533333
0.4 0 0.6
0.333333 0 0.666667
0.266667 0 0.733333
0.2 0 0.8
0.133333 0 0.866667
0.0666666 0 0.933333
0.640771 0.104167 0.255062
0.104779 0.506736 0.388484
0.289344 0.130557 0.580099
0.150977 0.628402 0.220622
0.486529 0.403571 0.1099
0.797878 0.0757495 0.126372
0.425291 0.0788047 0.495904
0.642668 0.277037 0.0802945
0.0500157 0.335149 0.614836
0.762549 0.161017 0.0764343
0.410739 0.256496 0.332765
0.172243 0.262327 0.56543
0.271908 0.624785 0.103306
0.0477581 0.144975 0.807267
0.692648 0.0558113 0.251541
0.308639 0.525242 0.166119
0.362413 0.143384 0.494203
0.18653 0.340409 0.473061
0.480925 0.226989 0.292086
0.167716 0.535725 0.296559
0.113649 0.414843 0.471508
0.335215 0.591182 0.0736033
0.584433 0.324483 0.0910833
0.709771 0.124508 0.165721
0.874577 0.058952 0.0664712
0.54769 0.0734213 0.378889
0.161463 0.193609 0.644928
0.25017 0.258445 0.491385
0.197101 0.672844 0.130055
0.347698 0.0668573 0.585444
0.82492 0.119951 0.0551292
0.588655 0.248701 0.162645
0.1238 0.143235 0.732965
0.562599 0.169363 0.268038
0.338686 0.249982 0.411332
0.168254 0.766784 0.0649622
0.524519 0.29904 0.176442
0.0871457 0.816439 0.0964157
0.23647 0.391767 0.371763
0.442042 0.332863 0.225095
0.386876 0.516118 0.0970056
0.272902 0.0667215 0.660376
0.126431 0.72208 0.151489
0.0808023 0.689806 0.229392
0.0590847 0.769688 0.171228
0.488906 0.131721 0.379373
0.0545729 0.41422 0.531207
0.640539 0.188631 0.170831
0.286874 0.443406 0.26972
0.103556 0.252585 0.643859
0.363434 0.417405 0.219161
0.425073 0.427683 0.147244
0.112541 0.333919 0.553541
0.310785 0.356346 0.332868
0.0914388 0.0673155 0.841246
0.165159 0.440302 0.394539
0.21721 0.46473 0.31806
0.603909 0.0689996 0.327092
0.224624 0.586565 0.188811
0.0537399 0.242022 0.704239
0.201893 0.0678081 0.730299
0.490611 0.0579166 0.451472
0.0459667 0.660435 0.293598
0.421577 0.174142 0.404281
0.37242 0.32404 0.30354
0.0507965 0.884158 0.0650456
0.101169 0.597413 0.301418
0.451298 0.485231 0.0634704
0.241874 0.518117 0.240009
0.211243 0.130604 0.658153
0.747002 0.0553742 0.197624
0.699945 0.2158 0.0842549
0.30119 0.195073 0.503737
0.052108 0.495656 0.452236
0.0386117 0.0578245 0.903564
0.543259 0.392185 0.0645561
0.0484684 0.581909 0.369623
0.265135 0.314368 0.420497
0.148777 0.0554661 0.795757
0.230636 0.19457 0.574794
0.240035 0.702111 0.0578535


3 1 28
0 17 29
31 30 48
37 36 49
13 12 50
22 21 51
15 14 52
19 18 56
20 19 56
33 32 57
43 33 57
8 7 64
7 55 64
55 58 64
50 12 65
48 52 66
43 57 66
17 16 67
29 17 67
30 29 67
48 30 67
35 34 68
60 54 70
38 37 72
59 45 72
37 49 72
49 59 72
16 15 73
15 52 73
52 48 73
48 67 73
67 16 73
50 65 74
5 4 78
6 5 78
74 65 79
61 76 79
76 74 79
78 4 80
79 47 82
53 61 82
61 79 82
9 8 83
8 64 83
64 58 83
39 38 84
38 72 84
72 45 84
46 71 85
71 78 85
78 80 85
46 85 86
27 26 87
80 27 87
26 86 87
85 80 87
86 85 87
68 76 88
76 61 88
23 22 89
22 51 89
43 66 90
50 74 90
74 76 90
76 43 90
69 54 92
75 69 92
83 58 93
58 91 93
82 47 94
93 82 94
83 93 94
54 60 95
60 63 95
63 89 95
89 51 95
51 92 95
92 54 95
91 81 96
93 91 96
42 41 97
75 56 97
63 60 98
60 81 98
62 44 98
44 63 98
81 91 99
62 98 99
98 81 99
34 33 100
33 43 100
68 34 100
43 76 100
76 68 100
46 62 101
58 55 101
55 71 101
71 46 101
21 20 102
51 21 102
92 51 102
20 56 102
56 75 102
75 92 102
40 39 103
39 84 103
36 35 104
49 36 104
88 49 104
35 68 104
68 88 104
26 25 105
86 26 105
53 77 106
77 59 106
59 49 106
49 88 106
61 53 106
88 61 106
53 82 107
82 93 107
77 53 107
96 77 107
93 96 107
4 3 108
80 4 108
3 28 108
28 27 108
27 80 108
44 62 109
62 46 109
46 86 109
86 105 109
10 9 110
9 83 110
47 10 110
94 47 110
83 94 110
62 99 111
101 62 111
91 58 111
58 101 111
99 91 111
84 45 112
69 75 112
75 103 112
103 84 112
32 31 113
31 48 113
48 66 113
57 32 113
66 57 113
14 13 114
13 50 114
52 14 114
50 90 114
66 52 114
90 66 114
45 59 115
59 77 115
77 70 115
24 23 116
23 89 116
63 44 116
89 63 116
18 2 117
2 42 117
42 97 117
56 18 117
97 56 117
11 10 118
10 47 118
12 11 118
65 12 118
47 79 118
79 65 118
25 24 119
105 25 119
44 109 119
109 105 119
24 116 119
116 44 119
60 70 120
81 60 120
70 77 120
77 96 120
96 81 120
41 40 121
40 103 121
97 41 121
75 97 121
103 75 121
54 69 122
69 112 122
70 54 122
112 45 122
45 115 122
115 70 122
7 6 123
55 7 123
71 55 123
6 78 123
78 71 123
