157
1 0 0
0 1 0
0 0 1
0.0625 0.9375 0
0.125 0.875 0
0.1875 0.8125 0
0.25 0.75 0
0.3125 0.6875 0
0.375 0.625 0
0.4375 0.5625 0
0.5 0.5 0
0.5625 0.4375 0
0.625 0.375 0
0.6875 0.3125 0
0.75 0.25 0
0.8125 0.1875 0
0.875 0.125 0
0.9375 0.0625 0
0 0.0555556 0.944444
0 0.111111 0.888889
0 0.166667 0.833333
0 0.222222 0.777778
0 0.277778 0.722222
0 0.333333 0.666667
0 0.388889 0.611111
0 0.444444 0.555556
0 0.5 0.5
0 0.555556 0.444444
0 0.611111 0.388889
0 0.666667 0.333333
0 0.722222 0.277778
0 0.777778 0.222222
0 0.833333 0.166667
0 0.888889 0.111111
0 0.944444 0.0555556
0.933333 0 0.0666667
0.866667 0 0.133333
0.8 0 0.2
0.733333 0 0.266667
0.666667 0 0.333333
0.6 0 0.4
0.533333 0 0.466667
0.466667 0 0.533333
0.4 0 0.6
0.333333 0 0.666667
0.266667 0 0.733333
0.2 0 0.8
0.133333 0 0.866667
0.0666667 0 0.933333
0.819644 0.0373008 0.143056
0.641285 0.106696 0.252018
0.101535 0.493667 0.404799
0.280667 0.123067 0.596267
0.155383 0.604141 0.240476
0.495486 0.39844 0.106074
0.416293 0.061139 0.522568
0.647074 0.278558 0.0743682
0.0533248 0.329482 0.617193
0.678377 0.123321 0.198302
0.753875 0.180047 0.0660786
0.738637 0.137251 0.124112
0.395138 0.25879 0.346072
0.659931 0.0514215 0.288647
0.174588 0.257562 0.56785
0.268744 0.639613 0.0916433
0.0577065 0.142457 0.799836
0.813288 0.134133 0.0525788
0.319905 0.525304 0.154791
0.931059 0.0341067 0.0348344
0.380418 0.136593 0.482988
0.177287 0.337939 0.484774
0.483935 0.229699 0.286367
0.168737 0.543654 0.287609
0.121025 0.395297 0.483678
0.325134 0.578881 0.0959849
0.574107 0.330222 0.0956706
0.484931 0.459598 0.055471
0.538127 0.0783282 0.383545
0.153518 0.196796 0.649686
0.248008 0.263357 0.488635
0.199567 0.686739 0.113694
0.249375 0.69917 0.0514553
0.342835 0.0553078 0.601857
0.590464 0.252936 0.1566
0.290361 0.479386 0.230253
0.0761922 0.377033 0.546775
0.132602 0.136828 0.73057
0.579627 0.178363 0.24201
0.325483 0.264551 0.409966
0.164692 0.76744 0.0678679
0.650063 0.181422 0.168515
0.0746446 0.833902 0.0914539
0.224383 0.390483 0.385134
0.150524 0.423682 0.425794
0.813708 0.0849265 0.101366
0.0841632 0.788481 0.127356
0.440345 0.33955 0.220105
0.397172 0.517068 0.0857605
0.269574 0.0653816 0.665045
0.0698302 0.713288 0.216881
0.477287 0.139383 0.38333
0.2398 0.195939 0.564261
0.715674 0.0556721 0.228654
0.456007 0.197352 0.34664
0.236132 0.608107 0.155761
0.175293 0.477248 0.347459
0.126779 0.729398 0.143824
0.0632258 0.887916 0.0488584
0.512418 0.329805 0.157776
0.0991525 0.261489 0.639358
0.130755 0.0704184 0.798827
0.352109 0.394396 0.253495
0.588441 0.101862 0.309696
0.319171 0.339776 0.341053
0.0447564 0.506971 0.448273
0.318991 0.20646 0.47455
0.411554 0.307388 0.281059
0.60913 0.0430773 0.347793
0.428718 0.3967 0.174582
0.561482 0.391129 0.047388
0.199519 0.0677769 0.732704
0.50879 0.268819 0.222391
0.0741929 0.0771852 0.848622
0.500851 0.0441175 0.455032
0.0682722 0.212373 0.719355
0.0994644 0.568065 0.332471
0.066774 0.447529 0.485697
0.0804456 0.650469 0.269085
0.118192 0.310327 0.571481
0.413415 0.46151 0.125075
0.39975 0.188555 0.411696
0.258056 0.320708 0.421236
0.0572289 0.0473371 0.895434
0.526102 0.151309 0.322589
0.6804 0.211432 0.108168
0.26729 0.428545 0.304165
0.209377 0.134599 0.656024
0.312507 0.158663 0.52883
0.87546 0.039286 0.0852544
0.232707 0.551283 0.21601
0.320491 0.634911 0.0445982
0.875808 0.0819289 0.0422632
0.357524 0.453393 0.189083
0.451628 0.106739 0.441633
0.0491232 0.552374 0.398503
0.0510986 0.621326 0.327576
0.147454 0.66498 0.187565
0.383989 0.574929 0.0410815
0.349014 0.102045 0.548942
0.757818 0.0715988 0.170584
0.720692 0.237017 0.0422917
0.625496 0.336183 0.0383216
0.44137 0.521534 0.0370957
0.0550374 0.765411 0.179552
0.22594 0.498239 0.275821
0.0445315 0.281508 0.67396
0.126194 0.834676 0.0391304


3 1 34
18 2 48
37 36 49
43 42 55
24 23 57
39 38 62
20 19 65
21 20 65
16 15 66
15 59 66
59 60 66
0 17 68
35 0 68
11 10 76
70 63 79
7 6 81
80 64 81
44 43 82
43 55 82
56 75 83
25 24 85
24 57 85
70 73 85
50 58 87
6 5 89
81 6 89
80 81 89
58 60 90
83 87 90
87 58 90
33 32 91
73 70 93
70 92 93
66 60 94
91 32 95
89 91 95
74 67 97
45 44 98
44 82 98
82 52 98
31 30 99
63 78 101
79 63 101
38 37 102
62 38 102
58 50 102
50 62 102
71 61 103
67 74 104
74 64 104
64 80 104
51 93 105
93 92 105
80 89 106
89 95 106
4 3 107
3 34 107
34 33 107
33 91 107
75 54 108
83 75 108
78 63 109
47 46 110
86 65 110
62 50 112
50 87 112
88 61 113
27 26 114
88 79 115
79 101 115
61 71 116
113 61 116
96 111 116
111 113 116
40 39 117
77 40 117
39 62 117
62 112 117
112 77 117
96 108 118
108 54 118
111 96 118
12 11 119
54 75 119
11 76 119
76 54 119
46 45 120
110 46 120
45 98 120
86 110 120
71 87 121
87 83 121
83 108 121
108 96 121
96 116 121
116 71 121
47 110 122
65 19 122
110 65 122
42 41 123
55 42 123
41 40 123
40 77 123
22 21 124
21 65 124
65 86 124
86 78 124
78 109 124
72 53 125
51 105 125
105 72 125
26 25 126
25 85 126
85 73 126
114 26 126
73 93 126
93 51 126
51 114 126
30 29 127
99 30 127
125 53 127
85 57 128
63 70 128
70 85 128
57 109 128
109 63 128
97 67 129
54 76 129
118 54 129
76 97 129
61 88 130
103 61 130
88 115 130
115 69 130
100 103 130
70 79 131
79 88 131
92 70 131
88 113 131
113 92 131
19 18 132
122 19 132
18 48 132
48 47 132
47 122 132
87 71 133
71 103 133
100 77 133
77 112 133
112 87 133
103 100 133
56 83 134
83 90 134
60 59 134
90 60 134
111 84 135
105 92 135
92 113 135
113 111 135
98 52 136
78 86 136
52 101 136
101 78 136
86 120 136
120 98 136
101 52 137
69 115 137
115 101 137
36 35 138
35 68 138
49 36 138
94 49 138
84 67 139
67 104 139
53 72 139
104 53 139
8 7 140
64 74 140
7 81 140
81 64 140
17 16 141
68 17 141
138 68 141
16 66 141
66 94 141
94 138 141
84 111 142
111 118 142
67 84 142
129 67 142
118 129 142
69 55 143
55 123 143
77 100 143
123 77 143
100 130 143
130 69 143
27 114 144
114 51 144
28 27 144
125 28 144
51 125 144
29 28 145
28 125 145
125 127 145
127 29 145
53 104 146
104 80 146
80 106 146
106 99 146
99 127 146
127 53 146
9 8 147
74 97 147
8 140 147
140 74 147
52 82 148
82 55 148
137 52 148
55 69 148
69 137 148
49 94 149
94 60 149
37 49 149
102 37 149
60 58 149
58 102 149
14 13 150
13 56 150
15 14 150
59 15 150
56 134 150
134 59 150
13 12 151
56 13 151
75 56 151
12 119 151
119 75 151
10 9 152
76 10 152
97 76 152
9 147 152
147 97 152
32 31 153
95 32 153
31 99 153
99 106 153
106 95 153
72 105 154
105 135 154
135 84 154
84 139 154
139 72 154
23 22 155
57 23 155
109 57 155
22 124 155
124 109 155
5 4 156
89 5 156
91 89 156
4 107 156
107 91 156
