98
1 0 0
0 1 0
0 0 1
0.0625 0.9375 0
0.125 0.875 0
0.1875 0.8125 0
0.25 0.75 0
0.3125 0.6875 0
0.375 0.625 0
0.4375 0.5625 0
0.5 0.5 0
0.5625 0.4375 0
0.625 0.375 0
0.6875 0.3125 0
0.75 0.25 0
0.8125 0.1875 0
0.875 0.125 0
0.9375 0.0625 0
0 0.0769231 0.923077
0 0.153846 0.846154
0 0.230769 0.769231
0 0.307692 0.692308
0 0.384615 0.615385
0 0.461538 0.538462
0 0.538462 0.461538
0 0.615385 0.384615
0 0.692308 0.307692
0 0.769231 0.230769
0 0.846154 0.153846
0 0.923077 0.0769231
0.9 0 0.1
0.8 0 0.2
0.7 0 0.3
0.6 0 0.4
0.5 0 0.5
0.4 0 0.6
0.3 0 0.7
0.2 0 0.8
0.1 0 0.9
0.639309 0.112386 0.248304
0.090004 0.493397 0.416599
0.273759 0.128374 0.597867
0.163789 0.620837 0.215374
0.480404 0.407858 0.111738
0.801009 0.0750905 0.123901
0.439691 0.0656223 0.494687
0.65176 0.267098 0.0811418
0.727887 0.123851 0.148262
0.391175 0.264572 0.344253
0.155379 0.260878 0.583744
0.269809 0.630019 0.100172
0.296198 0.519604 0.184198
0.377823 0.128335 0.493843
0.193627 0.329422 0.47695
0.491895 0.219081 0.289023
0.746618 0.183252 0.0701304
0.152474 0.546818 0.300708
0.137464 0.407632 0.454904
0.568072 0.33693 0.0949986
0.546784 0.0747476 0.378469
0.264473 0.260378 0.475149
0.197995 0.689595 0.11241
0.084611 0.337432 0.577957
0.156125 0.127556 0.716318
0.566689 0.16364 0.269671
0.663679 0.191893 0.144428
0.0733964 0.842108 0.0844957
0.245179 0.398297 0.356524
0.440483 0.339651 0.219866
0.388349 0.511035 0.100617
0.238421 0.0679344 0.693645
0.0836258 0.68608 0.230295
0.479788 0.136865 0.383347
0.0938427 0.192499 0.713658
0.204577 0.48064 0.314783
0.717692 0.0577792 0.224528
0.311849 0.458583 0.229568
0.13899 0.0595728 0.801438
0.0693605 0.266149 0.66449
0.128718 0.759759 0.111523
0.365162 0.395608 0.23923
0.314741 0.329799 0.355461
0.320489 0.196992 0.482519
0.500278 0.287828 0.211894
0.0678719 0.105888 0.82624
0.580156 0.245473 0.174371
0.0755879 0.591818 0.332594
0.416599 0.189835 0.393566
0.635273 0.0488482 0.315879
0.337666 0.574104 0.0882295
0.208666 0.18967 0.601664
0.23898 0.563891 0.197129
0.0588781 0.417491 0.523631
0.86565 0.0504957 0.0838547
0.339967 0.0625827 0.597451
0.0570703 0.0417773 0.901152
0.800902 0.136621 0.0624765
0.412478 0.454185 0.133337


3 1 29
0 17 30
24 23 40
11 10 43
35 34 45
14 13 46
8 7 50
15 14 55
12 11 58
11 43 58
13 12 58
46 13 58
34 33 59
45 34 59
53 49 60
7 6 61
50 7 61
42 50 61
49 53 62
22 21 62
53 57 62
59 39 64
14 46 65
55 14 65
39 47 65
47 55 65
64 39 65
5 4 66
28 27 66
4 3 66
3 29 66
29 28 66
57 53 67
58 43 68
10 9 69
37 36 70
41 63 70
26 25 71
27 26 71
42 61 71
52 45 72
45 59 72
59 64 72
64 54 72
20 19 73
56 40 74
40 57 74
57 67 74
32 31 75
31 44 75
47 39 75
44 47 75
69 51 76
51 74 76
74 67 76
38 37 77
37 70 77
70 63 77
21 20 78
49 62 78
62 21 78
20 73 78
73 49 78
6 5 79
61 6 79
71 61 79
5 66 79
66 27 79
27 71 79
76 67 80
68 43 80
53 60 81
67 53 81
60 48 81
80 67 81
48 68 81
68 80 81
41 52 82
48 60 82
48 54 83
68 48 83
58 68 83
19 18 84
63 73 84
73 19 84
77 63 84
54 64 85
64 65 85
65 46 85
83 54 85
46 58 85
58 83 85
25 24 86
56 42 86
24 40 86
40 56 86
42 71 86
71 25 86
52 72 87
72 54 87
82 52 87
54 48 87
48 82 87
39 59 88
59 33 88
33 32 88
32 75 88
75 39 88
8 50 89
9 8 89
69 9 89
51 69 89
60 49 90
63 41 90
49 73 90
73 63 90
41 82 90
82 60 90
50 42 91
42 56 91
56 74 91
74 51 91
51 89 91
89 50 91
23 22 92
40 23 92
57 40 92
22 62 92
62 57 92
17 16 93
16 44 93
30 17 93
31 30 93
44 31 93
36 35 94
35 45 94
45 52 94
70 36 94
52 41 94
41 70 94
18 2 95
2 38 95
84 18 95
38 77 95
77 84 95
16 15 96
44 16 96
47 44 96
15 55 96
55 47 96
43 10 97
10 69 97
80 43 97
69 76 97
76 80 97
