156
1 0 0
0 1 0
0 0 1
0.0625 0.9375 0
0.125 0.875 0
0.1875 0.8125 0
0.25 0.75 0
0.3125 0.6875 0
0.375 0.625 0
0.4375 0.5625 0
0.5 0.5 0
0.5625 0.4375 0
0.625 0.375 0
0.6875 0.3125 0
0.75 0.25 0
0.8125 0.1875 0
0.875 0.125 0
0.9375 0.0625 0
0 0.0666666 0.933333
0 0.133333 0.866667
0 0.2 0.8
0 0.266667 0.733333
0 0.333333 0.666667
0 0.4 0.6
0 0.466667 0.533333
0 0.533333 0.466667
0 0.6 0.4
0 0.666667 0.333333
0 0.733333 0.266667
0 0.8 0.2
0 0.866667 0.133333
0 0.933333 0.0666667
0.947368 0 0.0526316
0.894737 0 0.105263
0.842105 0 0.157895
0.789474 0 0.210526
0.736842 0 0.263158
0.684211 0 0.315789
0.631579 0 0.368421
0.578947 0 0.421053
0.526316 0 0.473684
0.473684 0 0.526316
0.421053 0 0.578947
0.368421 0 0.631579
0.315789 0 0.684211
0.263158 0 0.736842
0.210526 0 0.789474
0.157895 0 0.842105
0.105263 0 0.894737
0.0526316 0 0.947368
0.63474 0.118074 0.247186
0.100294 0.493632 0.406073
0.279419 0.129277 0.591304
0.157046 0.611728 0.231226
0.48132 0.417044 0.101636
0.787966 0.0697721 0.142262
0.428229 0.0667424 0.505028
0.654447 0.282745 0.0628082
0.0478604 0.339276 0.612864
0.68113 0.133077 0.185793
0.768349 0.162026 0.0696248
0.737642 0.12221 0.140148
0.384255 0.263807 0.351938
0.173321 0.252507 0.574172
0.275296 0.620884 0.10382
0.0619442 0.128984 0.809072
0.683399 0.0583601 0.258241
0.31666 0.534539 0.148801
0.375257 0.137581 0.487162
0.191944 0.324687 0.483368
0.494089 0.234349 0.271562
0.289738 0.492378 0.217884
0.160778 0.541627 0.297595
0.110062 0.412706 0.477232
0.34108 0.570386 0.0885341
0.595318 0.318749 0.0859331
0.888 0.0606399 0.0513597
0.558685 0.0667041 0.374611
0.141888 0.204794 0.653318
0.257176 0.246638 0.496186
0.198171 0.692251 0.109578
0.832194 0.123933 0.0438732
0.581627 0.252327 0.166047
0.0661051 0.382191 0.551704
0.519819 0.277461 0.202721
0.124803 0.138471 0.736727
0.570195 0.179685 0.25012
0.330039 0.266452 0.403509
0.154082 0.786057 0.0598617
0.0822907 0.841592 0.0761173
0.225276 0.391508 0.383216
0.158698 0.417883 0.423419
0.432718 0.342555 0.224727
0.404601 0.499846 0.0955529
0.429301 0.419653 0.151046
0.254176 0.0763559 0.669468
0.13864 0.688127 0.173233
0.0732868 0.699679 0.227035
0.0642018 0.778055 0.157743
0.494027 0.124101 0.381872
0.0898338 0.211795 0.698371
0.452609 0.19704 0.350351
0.538122 0.336226 0.125651
0.472753 0.476952 0.0502951
0.432061 0.274792 0.293147
0.314875 0.060739 0.624387
0.109256 0.293408 0.597335
0.497997 0.058314 0.443689
0.614638 0.0760839 0.309278
0.437494 0.131419 0.431086
0.138005 0.0703894 0.791606
0.34358 0.399308 0.257111
0.7371 0.0601778 0.202722
0.311718 0.341777 0.346505
0.697498 0.195229 0.107273
0.639439 0.227691 0.132869
0.0719601 0.2758 0.652239
0.107293 0.615016 0.277691
0.0975741 0.0580369 0.844389
0.263961 0.306034 0.430005
0.260906 0.68739 0.0517041
0.319578 0.216931 0.463491
0.274591 0.427571 0.297838
0.21197 0.465278 0.322752
0.226345 0.59646 0.177195
0.358562 0.0791405 0.562297
0.622061 0.181241 0.196698
0.19754 0.0652704 0.737189
0.0527692 0.198508 0.748722
0.0514022 0.64719 0.301408
0.710714 0.243702 0.0455835
0.0999926 0.560795 0.339212
0.047902 0.453835 0.498263
0.367527 0.448202 0.18427
0.211766 0.165151 0.623084
0.534027 0.145124 0.320849
0.232186 0.216226 0.551589
0.377423 0.33118 0.291397
0.0369307 0.906443 0.0566262
0.223622 0.520658 0.25572
0.134982 0.331406 0.533612
0.0515729 0.50939 0.439037
0.543034 0.405355 0.0516109
0.306282 0.165216 0.528502
0.833516 0.0711601 0.0953238
0.18791 0.125024 0.687066
0.0495289 0.0656589 0.884812
0.385692 0.197493 0.416814
0.325113 0.632478 0.0424093
0.124494 0.756567 0.11894
0.156817 0.480295 0.362888
0.48196 0.354743 0.163297
0.38317 0.573793 0.0430365
0.0482036 0.580181 0.371615
0.210285 0.746282 0.0434333
0.0381859 0.264513 0.697301


0 17 32
18 2 49
35 34 55
42 41 56
13 12 57
23 22 58
15 14 60
55 60 61
20 19 65
37 36 66
59 50 66
64 67 74
57 12 75
17 16 76
32 17 76
33 32 76
39 38 77
16 15 81
76 16 81
15 60 81
24 23 83
23 58 83
84 70 86
82 84 86
5 4 88
4 3 89
88 4 89
51 73 91
73 69 91
69 90 91
70 84 92
74 67 93
54 93 94
45 44 95
29 28 97
53 96 97
30 29 98
89 30 98
29 97 98
97 96 98
85 78 100
82 75 102
84 82 102
10 9 103
9 93 103
93 54 103
70 92 104
62 101 104
101 70 104
44 43 105
52 95 105
95 44 105
78 63 106
83 58 106
41 40 107
56 41 107
40 39 107
39 77 107
77 99 107
38 37 108
37 66 108
66 50 108
77 38 108
50 86 108
68 56 109
99 101 109
56 107 109
107 99 109
47 46 110
85 65 110
36 35 112
61 59 112
35 55 112
55 61 112
59 66 112
66 36 112
87 62 113
59 61 114
61 60 114
57 75 115
75 82 115
114 57 115
59 114 115
58 22 116
106 58 116
100 78 116
78 106 116
72 53 117
53 97 117
48 47 118
47 110 118
110 65 118
69 79 119
90 69 119
87 113 119
113 90 119
7 6 120
80 64 120
87 119 121
119 79 121
90 113 122
111 71 122
113 111 122
90 122 123
67 64 124
71 67 124
64 80 124
80 96 124
96 53 124
42 56 125
56 68 125
43 42 125
105 43 125
52 105 125
82 86 126
86 50 126
50 59 126
59 115 126
115 82 126
46 45 127
45 95 127
85 110 127
110 46 127
21 20 128
20 65 128
65 85 128
85 100 128
28 27 129
97 28 129
117 97 129
14 13 130
13 57 130
57 114 130
60 14 130
114 60 130
72 117 131
117 129 131
25 24 132
24 83 132
83 73 132
93 67 133
94 93 133
67 71 133
71 111 133
92 94 133
111 92 133
95 52 134
63 78 134
99 77 135
86 70 135
70 101 135
101 99 135
77 108 135
108 86 135
69 63 136
79 69 136
134 52 136
63 134 136
62 104 137
104 92 137
92 111 137
111 113 137
113 62 137
3 1 138
1 31 138
89 3 138
31 30 138
30 89 138
72 123 139
122 71 139
123 122 139
53 72 139
124 53 139
71 124 139
63 69 140
106 63 140
69 73 140
73 83 140
83 106 140
26 25 141
25 132 141
73 51 141
132 73 141
12 11 142
75 12 142
54 102 142
102 75 142
11 10 142
10 103 142
103 54 142
121 79 143
68 121 143
125 68 143
52 125 143
79 136 143
136 52 143
34 33 144
33 76 144
76 81 144
55 34 144
60 55 144
81 60 144
78 85 145
85 127 145
134 78 145
127 95 145
95 134 145
19 18 146
18 49 146
49 48 146
48 118 146
65 19 146
118 65 146
62 87 147
68 109 147
101 62 147
109 101 147
87 121 147
121 68 147
8 7 148
64 74 148
120 64 148
7 120 148
80 88 149
96 80 149
88 89 149
89 98 149
98 96 149
51 91 150
123 72 150
91 90 150
90 123 150
72 131 150
131 51 150
92 84 151
94 92 151
54 94 151
102 54 151
84 102 151
9 8 152
93 9 152
74 93 152
8 148 152
148 74 152
27 26 153
129 27 153
131 129 153
51 131 153
141 51 153
26 141 153
6 5 154
5 88 154
120 6 154
88 80 154
80 120 154
22 21 155
116 22 155
100 116 155
21 128 155
128 100 155
