117
1 0 0
0 1 0
0 0 1
0.0625 0.9375 0
0.125 0.875 0
0.1875 0.8125 0
0.25 0.75 0
0.3125 0.6875 0
0.375 0.625 0
0.4375 0.5625 0
0.5 0.5 0
0.5625 0.4375 0
0.625 0.375 0
0.6875 0.3125 0
0.75 0.25 0
0.8125 0.1875 0
0.875 0.125 0
0.9375 0.0625 0
0 0.0588235 0.941176
0 0.117647 0.882353
0 0.176471 0.823529
0 0.235294 0.764706
0 0.294118 0.705882
0 0.352941 0.647059
0 0.411765 0.588235
0 0.470588 0.529412
0 0.529412 0.470588
0 0.588235 0.411765
0 0.647059 0.352941
0 0.705882 0.294118
0 0.764706 0.235294
0 0.823529 0.176471
0 0.882353 0.117647
0 0.941176 0.0588235
0.9 0 0.1
0.8 0 0.2
0.7 0 0.3
0.6 0 0.4
0.5 0 0.5
0.4 0 0.6
0.3 0 0.7
0.2 0 0.8
0.1 0 0.9
0.631065 0.112753 0.256183
0.107432 0.496981 0.395587
0.282599 0.127374 0.590026
0.162291 0.621855 0.215854
0.488536 0.402099 0.109366
0.802156 0.0562556 0.141589
0.426263 0.0691414 0.504595
0.651298 0.258677 0.0900245
0.752345 0.178495 0.0691602
0.731655 0.119201 0.149144
0.375366 0.257312 0.367323
0.641985 0.0512337 0.306782
0.175622 0.25543 0.568947
0.269932 0.629129 0.100939
0.072588 0.133508 0.793905
0.309684 0.519484 0.170831
0.373682 0.135523 0.490795
0.192266 0.328673 0.479061
0.490066 0.239477 0.270457
0.181282 0.536962 0.281756
0.121826 0.398042 0.480131
0.341832 0.572731 0.0854363
0.56939 0.334755 0.0958554
0.892401 0.0445859 0.0630127
0.549001 0.0727208 0.378278
0.16776 0.194999 0.637241
0.201121 0.676407 0.122472
0.222498 0.719675 0.0578274
0.327799 0.0550301 0.61717
0.583317 0.23287 0.183813
0.556813 0.176981 0.266206
0.157281 0.773187 0.069532
0.156828 0.0955091 0.747663
0.272026 0.251769 0.476205
0.657756 0.18216 0.160084
0.085158 0.833215 0.0816265
0.238453 0.399796 0.36175
0.443256 0.347557 0.209188
0.089904 0.308919 0.601177
0.0920353 0.702836 0.205129
0.225827 0.0465746 0.727598
0.0714643 0.774071 0.154464
0.485508 0.131304 0.383188
0.475712 0.462864 0.0614248
0.282658 0.464967 0.252376
0.142238 0.730562 0.1272
0.055971 0.893381 0.0506478
0.0797512 0.251162 0.669087
0.451933 0.197019 0.351048
0.357424 0.401979 0.240596
0.202143 0.469326 0.328531
0.323725 0.336778 0.339496
0.100871 0.0606914 0.838438
0.27051 0.191131 0.538359
0.410045 0.515568 0.0743874
0.51955 0.0353773 0.445073
0.528618 0.289598 0.181784
0.724544 0.0534921 0.221964
0.0775511 0.363428 0.559021
0.0824773 0.597361 0.320162
0.391549 0.460093 0.148359
0.830449 0.102845 0.066706
0.0718541 0.6539 0.274246
0.240627 0.0956306 0.663742
0.0724084 0.194123 0.733468
0.0743679 0.547917 0.377715
0.152843 0.440819 0.406338
0.24665 0.574475 0.178875
0.287692 0.29604 0.416268
0.42801 0.294336 0.277653
0.368988 0.193166 0.437846
0.0637802 0.456317 0.479902
0.0465912 0.0277334 0.925675
0.157037 0.146434 0.696529


3 1 33
12 11 47
35 34 48
39 38 49
14 13 50
16 15 51
15 14 51
14 50 51
37 36 54
8 7 56
20 19 57
45 49 59
9 8 64
8 56 64
13 12 65
12 47 65
50 13 65
0 17 66
34 0 66
48 34 66
54 43 67
37 54 67
56 7 69
46 56 69
7 6 70
69 7 70
40 39 71
39 49 71
49 45 71
72 61 73
6 5 74
70 6 74
60 55 76
52 51 77
51 50 77
50 72 77
43 52 77
73 43 77
72 73 77
5 4 78
32 31 78
74 5 78
63 60 79
65 47 80
23 22 81
55 60 81
30 29 82
46 69 82
41 40 83
40 71 83
31 30 84
74 78 84
78 31 84
30 82 84
59 49 85
49 67 85
67 43 85
43 73 85
11 10 86
47 11 86
58 62 87
69 70 88
82 69 88
70 74 88
74 84 88
84 82 88
4 3 89
3 33 89
33 32 89
32 78 89
78 4 89
22 21 90
68 55 90
55 81 90
81 22 90
61 53 91
73 61 91
85 73 91
87 79 92
80 47 92
62 44 93
87 62 93
79 87 93
79 60 94
80 92 94
92 79 94
19 18 95
57 19 95
75 57 95
42 41 95
41 83 95
83 75 95
45 59 96
68 45 96
55 68 96
76 55 96
10 9 97
9 64 97
64 58 97
86 10 97
38 37 98
37 67 98
49 38 98
67 49 98
50 65 99
72 50 99
61 72 99
65 80 99
48 52 100
52 43 100
36 35 100
54 36 100
35 48 100
43 54 100
24 23 101
63 24 101
60 63 101
81 60 101
23 81 101
28 27 102
62 46 102
58 87 103
47 86 103
92 47 103
87 92 103
86 97 103
97 58 103
52 48 104
16 51 104
51 52 104
17 16 104
66 17 104
48 66 104
29 28 105
82 29 105
46 82 105
28 102 105
102 46 105
71 45 106
75 83 106
83 71 106
21 20 107
20 57 107
68 90 107
90 21 107
27 26 108
26 44 108
102 27 108
44 62 108
62 102 108
93 44 109
63 79 109
79 93 109
46 62 110
62 58 110
56 46 110
64 56 110
58 64 110
60 76 111
94 60 111
76 53 111
53 94 111
53 61 112
94 53 112
80 94 112
61 99 112
99 80 112
53 76 113
91 53 113
59 85 113
85 91 113
96 59 113
76 96 113
26 25 114
44 26 114
25 24 114
24 63 114
109 44 114
63 109 114
18 2 115
2 42 115
42 95 115
95 18 115
45 68 116
106 45 116
75 106 116
57 75 116
107 57 116
68 107 116
