36
1 0 0
0 1 0
0 0 1
0.0625 0.9375 0
0.125 0.875 0
0.1875 0.8125 0
0.25 0.75 0
0.3125 0.6875 0
0.375 0.625 0
0.4375 0.5625 0
0.5 0.5 0
0.5625 0.4375 0
0.625 0.375 0
0.6875 0.3125 0
0.75 0.25 0
0.8125 0.1875 0
0.875 0.125 0
0.9375 0.0625 0
0 0.5 0.5
0.944444 0 0.0555556
0.888889 0 0.111111
0.833333 0 0.166667
0.777778 0 0.222222
0.722222 0 0.277778
0.666667 0 0.333333
0.611111 0 0.388889
0.555556 0 0.444444
0.5 0 0.5
0.444444 0 0.555556
0.388889 0 0.611111
0.333333 0 0.666667
0.277778 0 0.722222
0.222222 0 0.777778
0.166667 0 0.833333
0.111111 0 0.888889
0.0555556 0 0.944444


0 17 19
17 16 20
19 17 20
16 15 21
20 16 21
15 14 22
21 15 22
14 13 23
22 14 23
13 12 24
23 13 24
12 11 25
24 12 25
11 10 26
25 11 26
10 9 27
26 10 27
9 8 28
27 9 28
8 7 29
28 8 29
7 6 30
29 7 30
6 5 31
30 6 31
5 4 32
31 5 32
4 3 33
32 4 33
3 1 34
33 3 34
1 18 34
18 2 35
34 18 35
