198
1 0 0
0 1 0
0 0 1
0.0625 0.9375 0
0.125 0.875 0
0.1875 0.8125 0
0.25 0.75 0
0.3125 0.6875 0
0.375 0.625 0
0.4375 0.5625 0
0.5 0.5 0
0.5625 0.4375 0
0.625 0.375 0
0.6875 0.3125 0
0.75 0.25 0
0.8125 0.1875 0
0.875 0.125 0
0.9375 0.0625 0
0 0.05 0.95
0 0.1 0.9
0 0.15 0.85
0 0.2 0.8
0 0.25 0.75
0 0.3 0.7
0 0.35 0.65
0 0.4 0.6
0 0.45 0.55
0 0.5 0.5
0 0.55 0.45
0 0.6 0.4
0 0.65 0.35
0 0.7 0.3
0 0.75 0.25
0 0.8 0.2
0 0.85 0.15
0 0.9 0.1
0 0.95 0.05
0.95 0 0.05
0.9 0 0.1
0.85 0 0.15
0.8 0 0.2
0.75 0 0.25
0.7 0 0.3
0.65 0 0.35
0.6 0 0.4
0.55 0 0.45
0.5 0 0.5
0.45 0 0.55
0.4 0 0.6
0.35 0 0.65
0.3 0 0.7
0.25 0 0.75
0.2 0 0.8
0.15 0 0.85
0.1 0 0.9
0.05 0 0.95
0.632379 0.116049 0.251572
0.104419 0.493902 0.401678
0.283427 0.12857 0.588003
0.144141 0.627828 0.228031
0.485662 0.408062 0.106276
0.799617 0.0545554 0.145827
0.423708 0.0585731 0.517719
0.664963 0.262662 0.0723755
0.0509842 0.336123 0.612893
0.682561 0.121439 0.195999
0.746163 0.181465 0.0723724
0.737554 0.126793 0.135652
0.38928 0.252366 0.358355
0.647692 0.0554785 0.296829
0.163528 0.250902 0.58557
0.0405216 0.298154 0.661324
0.267037 0.645159 0.0878034
0.0639129 0.129407 0.80668
0.8258 0.132148 0.0420524
0.31118 0.524955 0.163866
0.0500723 0.631046 0.318882
0.376439 0.137024 0.486537
0.187315 0.334189 0.478496
0.496063 0.223873 0.280064
0.707254 0.256732 0.0360142
0.268917 0.512708 0.218375
0.168113 0.530345 0.301543
0.119029 0.392846 0.488125
0.939903 0.0334546 0.0266421
0.334835 0.569919 0.0952465
0.59128 0.330733 0.0779865
0.509963 0.45753 0.0325066
0.883201 0.0536564 0.063143
0.550992 0.0773075 0.371701
0.157114 0.194399 0.648488
0.260449 0.598016 0.141535
0.249835 0.256575 0.49359
0.200522 0.670959 0.128519
0.259764 0.699443 0.0407931
0.34419 0.0530941 0.602716
0.581178 0.250052 0.16877
0.0679871 0.379923 0.55209
0.12244 0.129954 0.747607
0.562425 0.169687 0.267888
0.45703 0.217897 0.325073
0.325669 0.27011 0.40422
0.147839 0.784677 0.0674836
0.512137 0.302318 0.185545
0.608889 0.180406 0.210706
0.654297 0.189118 0.156585
0.457407 0.380873 0.16172
0.0798032 0.838841 0.0813554
0.228632 0.388548 0.38282
0.164734 0.411801 0.423465
0.810611 0.0975481 0.0918412
0.0838655 0.783779 0.132355
0.440352 0.334317 0.225331
0.399998 0.512852 0.0871499
0.249213 0.049223 0.701564
0.127931 0.699685 0.172384
0.0784398 0.70019 0.221371
0.492033 0.120529 0.387438
0.480082 0.279333 0.240585
0.236738 0.209592 0.553671
0.416054 0.289704 0.294241
0.104035 0.197429 0.698536
0.539706 0.334006 0.126288
0.223138 0.115189 0.661674
0.17752 0.473432 0.349048
0.698527 0.0574676 0.244006
0.42673 0.452878 0.120391
0.510586 0.0583923 0.431022
0.0489234 0.247863 0.703214
0.584034 0.105883 0.310084
0.0603062 0.896013 0.043681
0.0965316 0.260942 0.642526
0.439106 0.131658 0.429236
0.13572 0.0669141 0.797366
0.165112 0.138603 0.696285
0.330802 0.417854 0.251344
0.0461134 0.0509444 0.902942
0.251202 0.475755 0.273043
0.290304 0.060127 0.649569
0.586199 0.377106 0.0366956
0.318748 0.338472 0.342779
0.68748 0.202933 0.109586
0.0457402 0.501109 0.45315
0.31541 0.224675 0.459915
0.116037 0.598981 0.284982
0.605792 0.0470196 0.347188
0.0897879 0.0590589 0.851153
0.245242 0.31642 0.438338
0.298705 0.405522 0.295774
0.643433 0.320997 0.0355705
0.36131 0.0875896 0.5511
0.748351 0.0594642 0.192185
0.191869 0.63106 0.177071
0.19311 0.0694739 0.737416
0.392827 0.393443 0.213731
0.444991 0.180704 0.374305
0.0591814 0.188316 0.752503
0.0987166 0.554807 0.346477
0.461614 0.47517 0.0632151
0.0532066 0.444127 0.502667
0.105804 0.308711 0.585485
0.297738 0.184187 0.518075
0.0516781 0.762976 0.185345
0.616657 0.264566 0.118777
0.0939745 0.452744 0.453281
0.124421 0.839094 0.0364855
0.407793 0.551292 0.0409155
0.328149 0.458569 0.213282
0.139643 0.326604 0.533753
0.20462 0.717031 0.0783492
0.891659 0.0807941 0.0275472
0.0276939 0.950752 0.0215538
0.230138 0.571033 0.198828
0.21182 0.178062 0.610118
0.0469234 0.549528 0.403548
0.327551 0.628346 0.0441027
0.368394 0.356237 0.275369
0.38205 0.197446 0.420504
0.451471 0.0772587 0.47127
0.0633528 0.669882 0.266765
0.196106 0.276462 0.527433
0.517133 0.153411 0.329456
0.0394401 0.0994607 0.861099
0.852087 0.0373261 0.110587
0.146608 0.735446 0.117945
0.382283 0.449187 0.168529
0.039997 0.842308 0.117695
0.329023 0.134698 0.536279
0.247473 0.422843 0.329684
0.277645 0.328218 0.394137
0.542234 0.23251 0.225256
0.399621 0.0353294 0.56505
0.53103 0.403503 0.0654675
0.366743 0.504128 0.129129
0.767822 0.202634 0.0295446
0.0375524 0.597979 0.364468
0.206538 0.760179 0.0332833
0.196091 0.552155 0.251754


18 2 55
40 39 61
47 46 62
25 24 64
43 42 69
24 23 71
64 24 71
21 20 73
16 15 74
31 30 76
14 13 80
63 66 80
0 17 84
37 0 84
11 10 87
38 37 88
37 84 88
75 85 91
85 72 91
91 72 93
7 6 94
49 48 95
26 25 97
25 64 97
56 65 104
99 56 104
65 67 105
96 104 105
104 65 105
83 78 109
66 67 110
74 66 110
67 61 110
88 74 110
102 107 111
103 106 112
51 50 114
59 115 116
103 112 118
68 100 120
118 112 120
100 79 120
79 118 120
103 96 122
60 106 122
106 103 122
57 109 124
109 108 124
65 56 125
42 41 125
69 42 125
56 69 125
106 60 126
45 44 127
44 89 127
46 45 127
89 117 127
23 22 128
71 23 128
69 56 129
56 99 129
4 3 130
36 35 130
35 107 130
64 71 131
90 70 131
121 90 131
71 128 131
128 121 131
127 117 132
53 52 133
98 73 133
114 123 134
90 121 134
123 90 134
121 98 134
19 18 136
18 55 136
55 54 136
82 124 137
50 49 138
114 50 138
49 95 138
123 114 138
95 58 138
58 123 138
12 11 139
101 68 140
68 120 140
66 63 141
67 66 141
105 67 141
28 27 142
44 43 145
89 44 145
43 69 145
69 129 145
129 89 145
54 53 146
136 54 146
53 133 146
133 73 146
78 92 147
108 109 147
109 78 147
92 143 147
143 101 147
135 137 148
63 80 149
80 13 149
86 63 149
13 12 149
12 139 149
139 86 149
62 77 150
58 95 150
40 61 151
61 67 151
67 65 151
41 40 151
125 41 151
65 125 151
91 93 152
93 115 152
115 59 152
52 51 153
133 52 153
51 114 153
98 133 153
114 134 153
134 98 153
112 106 154
100 68 155
132 117 155
22 21 156
21 73 156
73 98 156
98 121 156
121 128 156
128 22 156
57 124 157
124 82 157
82 144 157
144 76 157
87 10 158
126 60 158
113 126 158
27 26 159
26 97 159
97 83 159
142 27 159
97 64 160
64 131 160
131 70 160
119 58 161
92 119 161
143 92 161
77 143 161
34 33 162
111 34 162
33 32 162
32 116 162
115 111 162
116 115 162
63 86 163
86 122 163
122 96 163
141 63 163
96 105 163
105 141 163
83 109 164
109 57 164
57 142 164
142 159 164
159 83 164
5 4 165
102 5 165
107 102 165
4 130 165
130 107 165
9 8 166
85 113 166
10 9 166
158 10 166
113 158 166
75 81 167
81 137 167
137 135 167
135 154 167
160 70 168
78 83 168
83 97 168
97 160 168
93 72 169
72 94 169
17 16 170
84 17 170
88 84 170
16 74 170
74 88 170
3 1 171
1 36 171
36 130 171
130 3 171
81 75 172
75 91 172
152 59 172
91 152 172
70 90 173
119 70 173
58 119 173
90 123 173
123 58 173
29 28 174
28 142 174
142 57 174
57 157 174
8 7 175
72 85 175
7 94 175
94 72 175
85 166 175
166 8 175
120 112 176
135 148 176
140 120 176
148 140 176
112 154 176
154 135 176
77 132 177
143 77 177
101 143 177
68 101 177
155 68 177
132 155 177
62 46 178
46 127 178
77 62 178
132 77 178
127 132 178
32 31 179
116 32 179
31 76 179
59 116 179
144 59 179
76 144 179
92 78 180
78 168 180
70 119 180
168 70 180
119 92 180
99 79 181
79 100 181
117 89 181
89 129 181
129 99 181
100 155 181
155 117 181
20 19 182
19 136 182
136 146 182
73 20 182
146 73 182
39 38 183
61 39 183
110 61 183
38 88 183
88 110 183
111 115 184
115 93 184
102 111 184
169 102 184
93 169 184
106 126 185
154 106 185
75 167 185
167 154 185
35 34 186
107 35 186
34 111 186
111 107 186
58 150 187
161 58 187
150 77 187
77 161 187
124 108 188
137 124 188
148 137 188
108 140 188
140 148 188
101 140 189
140 108 189
108 147 189
147 101 189
79 99 190
118 79 190
99 104 190
96 103 190
103 118 190
104 96 190
48 47 191
47 62 191
62 150 191
95 48 191
150 95 191
60 122 192
122 86 192
86 139 192
11 87 192
139 11 192
87 158 192
158 60 192
85 75 193
113 85 193
75 185 193
126 113 193
185 126 193
15 14 194
66 74 194
74 15 194
14 80 194
80 66 194
30 29 195
76 30 195
157 76 195
29 174 195
174 157 195
6 5 196
5 102 196
94 6 196
169 94 196
102 169 196
82 137 197
137 81 197
59 144 197
144 82 197
172 59 197
81 172 197
