54
1 0 0
0 1 0
0 0 1
0.0625 0.9375 0
0.125 0.875 0
0.1875 0.8125 0
0.25 0.75 0
0.3125 0.6875 0
0.375 0.625 0
0.4375 0.5625 0
0.5 0.5 0
0.5625 0.4375 0
0.625 0.375 0
0.6875 0.3125 0
0.75 0.25 0
0.8125 0.1875 0
0.875 0.125 0
0.9375 0.0625 0
0 0.333333 0.666667
0 0.666667 0.333333
0.933333 0 0.0666667
0.866667 0 0.133333
0.8 0 0.2
0.733333 0 0.266667
0.666667 0 0.333333
0.6 0 0.4
0.533333 0 0.466667
0.466667 0 0.533333
0.4 0 0.6
0.333333 0 0.666667
0.266667 0 0.733333
0.2 0 0.8
0.133333 0 0.866667
0.0666667 0 0.933333
0.0967818 0.509603 0.393616
0.151319 0.547851 0.30083
0.387039 0.291429 0.321532
0.175751 0.268721 0.555527
0.0518802 0.241799 0.706321
0.501712 0.241434 0.256854
0.274268 0.477607 0.248124
0.587235 0.206535 0.20623
0.320884 0.284511 0.394604
0.446841 0.281635 0.271524
0.113216 0.24287 0.643914
0.243367 0.257843 0.49879
0.644297 0.173194 0.182509
0.0416298 0.530178 0.428192
0.698611 0.147214 0.154174
0.212851 0.528848 0.258302
0.326124 0.502935 0.170941
0.0751581 0.729044 0.195798
0.773594 0.114219 0.112187
0.0319903 0.790749 0.177261


0 17 20
17 16 21
20 17 21
16 15 22
21 16 22
5 4 35
4 34 35
9 8 36
29 28 36
32 31 37
18 2 38
2 33 38
11 10 39
26 11 39
27 26 39
7 6 40
12 11 41
11 26 41
26 25 41
30 29 42
29 36 42
36 8 42
10 9 43
39 10 43
9 36 43
28 27 43
27 39 43
36 28 43
33 32 44
32 37 44
35 34 44
37 35 44
34 38 44
38 33 44
31 30 45
37 31 45
30 42 45
42 40 45
13 12 46
25 24 46
12 41 46
41 25 46
19 18 47
18 38 47
38 34 47
14 13 48
23 14 48
24 23 48
13 46 48
46 24 48
6 5 49
5 35 49
35 37 49
40 6 49
37 45 49
45 40 49
8 7 50
42 8 50
7 40 50
40 42 50
4 3 51
34 4 51
47 34 51
15 14 52
14 23 52
22 15 52
23 22 52
3 1 53
1 19 53
51 3 53
19 47 53
47 51 53
