65
1 0 0
0 1 0
0 0 1
0.0625 0.9375 0
0.125 0.875 0
0.1875 0.8125 0
0.25 0.75 0
0.3125 0.6875 0
0.375 0.625 0
0.4375 0.5625 0
0.5 0.5 0
0.5625 0.4375 0
0.625 0.375 0
0.6875 0.3125 0
0.75 0.25 0
0.8125 0.1875 0
0.875 0.125 0
0.9375 0.0625 0
0 0.25 0.75
0 0.5 0.5
0 0.75 0.25
0.9375 0 0.0625
0.875 0 0.125
0.8125 0 0.1875
0.75 0 0.25
0.6875 0 0.3125
0.625 0 0.375
0.5625 0 0.4375
0.5 0 0.5
0.4375 0 0.5625
0.375 0 0.625
0.3125 0 0.6875
0.25 0 0.75
0.1875 0 0.8125
0.125 0 0.875
0.0625 0 0.9375
0.101789 0.467018 0.431193
0.274474 0.19161 0.533916
0.156867 0.590678 0.252456
0.0494376 0.364681 0.585882
0.400006 0.219873 0.380121
0.16303 0.269902 0.567067
0.273226 0.569109 0.157665
0.0448073 0.156229 0.798963
0.044026 0.611244 0.34473
0.491837 0.252537 0.255626
0.654102 0.182309 0.163589
0.333254 0.505748 0.160998
0.588199 0.213856 0.197945
0.771139 0.107021 0.12184
0.339092 0.256618 0.40429
0.44567 0.370378 0.183953
0.226194 0.396837 0.376969
0.0871271 0.727703 0.18517
0.10187 0.197061 0.701068
0.218194 0.616695 0.165111
0.534184 0.324992 0.140824
0.716793 0.138791 0.144416
0.289458 0.393692 0.31685
0.450992 0.169438 0.37957
0.219275 0.160668 0.620057
0.388568 0.43447 0.176962
0.536742 0.151898 0.31136
0.0343645 0.825247 0.140389
0.842889 0.078825 0.0782863


0 17 21
17 16 22
21 17 22
32 31 37
5 4 38
19 18 39
30 29 40
34 33 41
38 36 41
7 6 42
18 2 43
2 35 43
39 18 43
20 19 44
19 39 44
39 36 44
13 12 46
26 25 46
8 7 47
7 42 47
12 11 48
27 26 48
26 46 48
46 12 48
15 14 49
23 15 49
24 23 49
31 30 50
30 40 50
37 31 50
10 9 51
45 10 51
38 41 52
36 38 53
38 4 53
4 3 53
44 36 53
36 39 54
34 41 54
41 36 54
35 34 54
43 35 54
39 43 54
6 5 55
5 38 55
38 52 55
42 6 55
52 42 55
11 10 56
10 45 56
48 11 56
14 13 57
25 24 57
13 46 57
46 25 57
24 49 57
49 14 57
37 50 58
47 42 58
50 47 58
42 52 58
52 37 58
29 28 59
28 45 59
40 29 59
51 40 59
45 51 59
33 32 60
41 33 60
32 37 60
37 52 60
52 41 60
8 47 61
47 50 61
50 40 61
9 8 61
51 9 61
40 51 61
28 27 62
45 28 62
56 45 62
27 48 62
48 56 62
3 1 63
1 20 63
20 44 63
44 53 63
53 3 63
16 15 64
15 23 64
22 16 64
23 22 64
