32
1 0 0
0 1 0
0 0 1
0.0624999 0.9375 0
0.125 0.875 0
0.1875 0.8125 0
0.25 0.75 0
0.3125 0.6875 0
0.375 0.625 0
0.4375 0.5625 0
0.5 0.5 0
0.5625 0.4375 0
0.625 0.375 0
0.6875 0.3125 0
0.75 0.25 0
0.8125 0.1875 0
0.875 0.125 0
0.9375 0.0625 0
0 0.25 0.75
0 0.5 0.5
0 0.75 0.25
0.916667 0 0.0833333
0.833333 0 0.166667
0.75 0 0.25
0.666667 0 0.333333
0.583333 0 0.416667
0.5 0 0.5
0.416667 0 0.583333
0.333333 0 0.666667
0.25 0 0.75
0.166667 0 0.833333
0.0833333 0 0.916667


2 6 18
6 5 18
5 4 19
18 5 19
3 1 20
4 3 20
19 4 20
0 17 21
17 16 21
16 15 22
21 16 22
15 14 23
22 15 23
14 13 24
23 14 24
13 12 25
24 13 25
12 11 26
25 12 26
11 10 27
26 11 27
10 9 28
27 10 28
9 8 29
28 9 29
8 7 30
29 8 30
6 2 31
7 6 31
30 7 31
