61
1 0 0
0 1 0
0 0 1
0.0625 0.9375 0
0.125 0.875 0
0.1875 0.8125 0
0.25 0.75 0
0.3125 0.6875 0
0.375 0.625 0
0.4375 0.5625 0
0.5 0.5 0
0.5625 0.4375 0
0.625 0.375 0
0.6875 0.3125 0
0.75 0.25 0
0.8125 0.1875 0
0.875 0.125 0
0.9375 0.0625 0
0 0.25 0.75
0 0.5 0.5
0 0.75 0.25
0.933333 0 0.0666667
0.866667 0 0.133333
0.8 0 0.2
0.733333 0 0.266667
0.666667 0 0.333333
0.6 0 0.4
0.533333 0 0.466667
0.466667 0 0.533333
0.4 0 0.6
0.333333 0 0.666667
0.266667 0 0.733333
0.2 0 0.8
0.133333 0 0.866667
0.0666667 0 0.933333
0.639378 0.166584 0.194038
0.102219 0.475181 0.4226
0.149954 0.599439 0.250607
0.050518 0.37385 0.575632
0.388623 0.220546 0.390831
0.166329 0.27536 0.558312
0.0455791 0.163159 0.791262
0.318392 0.472621 0.208987
0.0441798 0.618891 0.336929
0.503531 0.240039 0.25643
0.696772 0.141988 0.16124
0.259559 0.545592 0.194849
0.254363 0.26601 0.479627
0.575057 0.208794 0.216149
0.333411 0.270871 0.395718
0.444721 0.365425 0.189854
0.0857674 0.733869 0.180364
0.101296 0.214206 0.684499
0.205595 0.446513 0.347893
0.384958 0.439717 0.175325
0.771238 0.105289 0.123474
0.440522 0.164428 0.39505
0.837758 0.0791915 0.0830506
0.0341076 0.830335 0.135558
0.298619 0.130227 0.571154
0.209518 0.644494 0.145988


0 17 21
17 16 22
21 17 22
13 12 35
26 25 35
5 4 37
19 18 38
30 29 39
33 32 40
37 36 40
18 2 41
2 34 41
38 18 41
8 7 42
20 19 43
19 38 43
38 36 43
11 10 44
28 27 44
14 13 45
24 14 45
25 24 45
13 35 45
35 25 45
7 6 46
42 7 46
32 31 47
40 32 47
42 46 47
12 11 48
27 26 48
26 35 48
35 12 48
11 44 48
44 27 48
30 39 49
42 47 49
10 9 50
44 10 50
36 37 51
37 4 51
4 3 51
43 36 51
36 38 52
38 41 52
34 33 52
41 34 52
33 40 52
40 36 52
37 40 53
40 47 53
47 46 53
9 8 54
49 39 54
8 42 54
42 49 54
39 50 54
50 9 54
15 14 55
14 24 55
23 15 55
24 23 55
29 28 56
39 29 56
50 39 56
28 44 56
44 50 56
16 15 57
15 23 57
22 16 57
23 22 57
3 1 58
1 20 58
20 43 58
43 51 58
51 3 58
31 30 59
30 49 59
47 31 59
49 47 59
6 5 60
5 37 60
37 53 60
46 6 60
53 46 60
