69
1 0 0
0 1 0
0 0 1
0.0625001 0.9375 0
0.125 0.875 0
0.1875 0.8125 0
0.25 0.75 0
0.3125 0.6875 0
0.375 0.625 0
0.4375 0.5625 0
0.5 0.5 0
0.5625 0.4375 0
0.625 0.375 0
0.6875 0.3125 0
0.75 0.25 0
0.8125 0.1875 0
0.875 0.125 0
0.9375 0.0625 0
0 0.2 0.8
0 0.4 0.6
0 0.6 0.4
0 0.8 0.2
0.947368 0 0.0526316
0.894737 0 0.105263
0.842105 0 0.157895
0.789474 0 0.210526
0.736842 0 0.263158
0.684211 0 0.315789
0.631579 0 0.368421
0.578947 0 0.421053
0.526316 0 0.473684
0.473684 0 0.526316
0.421053 0 0.578947
0.368421 0 0.631579
0.315789 0 0.684211
0.263158 0 0.736842
0.210526 0 0.789474
0.157895 0 0.842105
0.105263 0 0.894737
0.0526316 0 0.947368
0.112156 0.491152 0.396692
0.161524 0.576322 0.262154
0.484963 0.383897 0.13114
0.738679 0.137802 0.123519
0.394839 0.247957 0.357204
0.181348 0.223211 0.595442
0.04371 0.171483 0.784807
0.322159 0.490782 0.187059
0.0446647 0.608234 0.347102
0.498703 0.208034 0.293263
0.275981 0.45697 0.267049
0.246937 0.308803 0.444261
0.580508 0.255367 0.164126
0.0770245 0.388962 0.534013
0.34631 0.242746 0.410944
0.143363 0.200619 0.656018
0.647364 0.193728 0.158909
0.0858659 0.765253 0.148881
0.432881 0.417093 0.150026
0.10733 0.167145 0.725526
0.447064 0.226006 0.32693
0.547754 0.205441 0.246805
0.191756 0.338795 0.46945
0.79644 0.113628 0.0899324
0.211878 0.611488 0.176634
0.375949 0.467366 0.156685
0.0532768 0.294457 0.652266
0.307228 0.20574 0.487032
0.0449949 0.75835 0.196655


0 17 22
17 16 23
22 17 23
16 15 24
23 16 24
18 2 39
10 9 42
14 13 43
13 26 43
25 14 43
26 25 43
32 31 44
36 35 45
19 18 46
18 39 46
39 38 46
7 6 47
21 20 48
30 29 49
47 6 50
35 34 51
11 10 52
48 20 53
40 48 53
33 32 54
32 44 54
44 47 54
47 50 54
37 36 55
36 45 55
45 40 55
40 53 55
13 12 56
26 13 56
27 26 56
12 11 56
11 52 56
28 27 56
52 28 56
4 3 57
41 4 57
40 41 57
9 8 58
42 9 58
49 42 58
38 37 59
37 55 59
55 53 59
31 30 60
30 49 60
44 31 60
49 58 60
42 49 61
49 29 61
29 28 61
28 52 61
10 42 61
52 10 61
41 40 62
40 45 62
51 41 62
45 35 62
35 51 62
15 14 63
14 25 63
24 15 63
25 24 63
5 4 64
4 41 64
6 5 64
50 6 64
41 51 64
51 50 64
8 7 65
7 47 65
47 44 65
58 8 65
44 60 65
60 58 65
20 19 66
53 20 66
19 46 66
59 53 66
46 38 66
38 59 66
34 33 67
51 34 67
50 51 67
54 50 67
33 54 67
3 1 68
57 3 68
48 40 68
40 57 68
1 21 68
21 48 68
