32
1 0 0
0 1 0
0 0 1
0.0624999 0.9375 0
0.125 0.875 0
0.1875 0.8125 0
0.25 0.75 0
0.3125 0.6875 0
0.375 0.625 0
0.4375 0.5625 0
0.5 0.5 0
0.5625 0.4375 0
0.625 0.375 0
0.6875 0.3125 0
0.75 0.25 0
0.8125 0.1875 0
0.875 0.125 0
0.9375 0.0625 0
0 0.2 0.8
0 0.4 0.6
0 0.6 0.4
0 0.8 0.2
0.909091 0 0.0909091
0.818182 0 0.181818
0.727273 0 0.272727
0.636364 0 0.363636
0.545455 0 0.454545
0.454545 0 0.545455
0.363636 0 0.636364
0.272727 0 0.727273
0.181818 0 0.818182
0.090909 0 0.909091


2 7 18
7 6 18
6 5 19
18 6 19
5 4 20
19 5 20
3 1 21
4 3 21
20 4 21
0 17 22
17 16 22
16 15 23
22 16 23
15 14 24
23 15 24
14 13 25
24 14 25
13 12 26
25 13 26
12 11 27
26 12 27
11 10 28
27 11 28
10 9 29
28 10 29
9 8 30
29 9 30
7 2 31
8 7 31
30 8 31
