64
1 0 0
0 1 0
0 0 1
0.0625 0.9375 0
0.125 0.875 0
0.1875 0.8125 0
0.25 0.75 0
0.3125 0.6875 0
0.375 0.625 0
0.4375 0.5625 0
0.5 0.5 0
0.5625 0.4375 0
0.625 0.375 0
0.6875 0.3125 0
0.75 0.25 0
0.8125 0.1875 0
0.875 0.125 0
0.9375 0.0625 0
0 0.2 0.8
0 0.4 0.6
0 0.6 0.4
0 0.8 0.2
0.95 0 0.05
0.9 0 0.1
0.85 0 0.15
0.8 0 0.2
0.75 0 0.25
0.7 0 0.3
0.65 0 0.35
0.6 0 0.4
0.55 0 0.45
0.5 0 0.5
0.45 0 0.55
0.4 0 0.6
0.35 0 0.65
0.3 0 0.7
0.25 0 0.75
0.2 0 0.8
0.15 0 0.85
0.1 0 0.9
0.05 0 0.95
0.0982948 0.501729 0.399977
0.157299 0.605327 0.237375
0.380415 0.322888 0.296697
0.0433612 0.164577 0.792062
0.189423 0.32187 0.488707
0.471847 0.286901 0.241252
0.270501 0.516647 0.212851
0.522185 0.276907 0.200908
0.685346 0.165265 0.149389
0.251731 0.278439 0.46983
0.579814 0.236715 0.183471
0.0926595 0.343663 0.563678
0.212478 0.566912 0.22061
0.42041 0.309265 0.270325
0.635848 0.201365 0.162788
0.16481 0.227371 0.607819
0.096685 0.676548 0.226767
0.0637575 0.257109 0.679134
0.304257 0.258874 0.43687
0.745867 0.13887 0.115263
0.315569 0.506505 0.177926
0.356105 0.243076 0.400819
0.0436627 0.760087 0.196251


0 17 22
17 16 23
22 17 23
16 15 24
23 16 24
15 14 25
24 15 25
18 2 40
4 3 42
19 18 44
18 40 44
40 39 44
36 35 45
9 8 46
31 30 46
6 5 47
10 9 48
9 46 48
30 29 48
46 30 48
13 12 49
26 13 49
27 26 49
35 34 50
42 45 50
45 35 50
11 10 51
29 28 51
10 48 51
48 29 51
21 20 52
41 21 52
38 37 52
5 4 53
4 42 53
42 50 53
47 5 53
8 7 54
7 43 54
32 31 54
43 32 54
46 8 54
31 46 54
12 11 55
28 27 55
27 49 55
49 12 55
11 51 55
51 28 55
37 36 56
36 45 56
45 41 56
41 52 56
52 37 56
3 1 57
42 3 57
41 45 57
45 42 57
19 44 58
44 39 58
20 19 58
52 20 58
39 38 58
38 52 58
34 33 59
47 53 59
50 34 59
53 50 59
14 13 60
13 26 60
25 14 60
26 25 60
7 6 61
43 7 61
6 47 61
33 32 62
32 43 62
47 59 62
59 33 62
43 61 62
61 47 62
1 21 63
21 41 63
41 57 63
57 1 63
