80
1 0 0
0 1 0
0 0 1
0.0625 0.9375 0
0.125 0.875 0
0.1875 0.8125 0
0.25 0.75 0
0.3125 0.6875 0
0.375 0.625 0
0.4375 0.5625 0
0.5 0.5 0
0.5625 0.4375 0
0.625 0.375 0
0.6875 0.3125 0
0.75 0.25 0
0.8125 0.1875 0
0.875 0.125 0
0.9375 0.0625 0
0 0.166667 0.833333
0 0.333333 0.666667
0 0.5 0.5
0 0.666667 0.333333
0 0.833333 0.166667
0.933333 0 0.0666667
0.866667 0 0.133333
0.8 0 0.2
0.733333 0 0.266667
0.666667 0 0.333333
0.6 0 0.4
0.533333 0 0.466667
0.466667 0 0.533333
0.4 0 0.6
0.333333 0 0.666667
0.266667 0 0.733333
0.2 0 0.8
0.133333 0 0.866667
0.0666667 0 0.933333
0.629935 0.114227 0.255838
0.0887332 0.483905 0.427362
0.29162 0.151902 0.556478
0.155325 0.615897 0.228778
0.476084 0.401925 0.121991
0.755539 0.11903 0.125431
0.403387 0.2446 0.352013
0.177065 0.260917 0.562018
0.273755 0.62189 0.104355
0.0583585 0.149972 0.79167
0.32317 0.521411 0.155419
0.435902 0.116253 0.447844
0.479096 0.241032 0.279873
0.640125 0.235027 0.124848
0.585407 0.306924 0.107669
0.0479212 0.328919 0.62316
0.134693 0.124027 0.74128
0.563534 0.169545 0.266921
0.338605 0.248711 0.412685
0.0819098 0.815641 0.102449
0.220329 0.382399 0.397271
0.154962 0.424895 0.420143
0.820403 0.0863203 0.0932763
0.389119 0.497677 0.113204
0.687847 0.114323 0.197831
0.366813 0.119723 0.513463
0.428711 0.379165 0.192124
0.217631 0.642517 0.139852
0.109832 0.293129 0.597039
0.0945192 0.667047 0.238434
0.24037 0.251194 0.508436
0.0450185 0.5948 0.360181
0.361634 0.382365 0.256001
0.498823 0.108359 0.392817
0.199322 0.513877 0.286801
0.216083 0.123925 0.659992
0.290406 0.35188 0.357714
0.0423977 0.743565 0.214037
0.135609 0.758497 0.105894
0.0337107 0.879186 0.0871028
0.702792 0.208424 0.0887832
0.256475 0.502942 0.240582
0.529239 0.334748 0.136013


0 17 23
17 16 24
23 17 24
28 27 37
33 32 39
10 9 41
15 14 42
26 25 42
7 6 45
18 2 46
2 36 46
8 7 47
7 45 47
31 30 48
43 48 49
13 12 50
12 11 51
50 12 51
20 19 52
38 20 52
19 18 52
18 46 52
35 34 53
36 35 53
46 36 53
29 28 54
28 37 54
37 50 54
50 51 54
4 3 56
40 38 58
44 57 58
16 15 59
24 16 59
25 24 59
15 42 59
42 25 59
9 8 60
8 47 60
27 26 61
26 42 61
37 27 61
50 37 61
31 48 62
48 43 62
32 31 62
43 55 62
39 32 62
55 39 62
43 49 63
49 41 63
41 9 63
9 60 63
6 5 64
5 40 64
45 6 64
53 44 65
52 46 65
46 53 65
38 52 65
58 38 65
44 58 65
38 40 66
57 44 67
21 20 68
20 38 68
38 66 68
60 47 69
55 43 69
43 63 69
63 60 69
30 29 70
48 30 70
49 48 70
29 54 70
54 49 70
40 58 71
64 40 71
58 57 71
44 53 72
53 34 72
34 33 72
33 39 72
39 67 72
67 44 72
39 55 73
67 39 73
57 67 73
55 69 73
69 47 73
22 21 74
21 68 74
66 56 74
68 66 74
5 4 75
40 5 75
66 40 75
4 56 75
56 66 75
3 1 76
1 22 76
22 74 76
56 3 76
74 56 76
14 13 77
42 14 77
61 42 77
13 50 77
50 61 77
71 57 78
45 64 78
64 71 78
47 45 78
73 47 78
57 73 78
11 10 79
10 41 79
41 49 79
51 11 79
49 54 79
54 51 79
