81
1 0 0
0 1 0
0 0 1
0.0625001 0.9375 0
0.125 0.875 0
0.1875 0.8125 0
0.25 0.75 0
0.3125 0.6875 0
0.375 0.625 0
0.4375 0.5625 0
0.5 0.5 0
0.5625 0.4375 0
0.625 0.375 0
0.6875 0.3125 0
0.75 0.25 0
0.8125 0.1875 0
0.875 0.125 0
0.9375 0.0625 0
0 0.166667 0.833333
0 0.333333 0.666667
0 0.5 0.5
0 0.666667 0.333333
0 0.833333 0.166667
0.9375 0 0.0625
0.875 0 0.125
0.8125 0 0.1875
0.75 0 0.25
0.6875 0 0.3125
0.625 0 0.375
0.5625 0 0.4375
0.5 0 0.5
0.4375 0 0.5625
0.375 0 0.625
0.3125 0 0.6875
0.25 0 0.75
0.1875 0 0.8125
0.125 0 0.875
0.0625 0 0.9375
0.633069 0.133459 0.233473
0.0978339 0.492008 0.410158
0.282242 0.151591 0.566167
0.153145 0.615983 0.230872
0.47924 0.397737 0.123023
0.648107 0.247564 0.104328
0.0507866 0.377643 0.57157
0.761541 0.121243 0.117216
0.397056 0.25203 0.350913
0.177005 0.235972 0.587023
0.274158 0.618848 0.106994
0.0616491 0.171826 0.766525
0.324605 0.517606 0.157789
0.496229 0.240183 0.263588
0.59281 0.284739 0.122451
0.388416 0.125185 0.486399
0.130982 0.139113 0.729905
0.566979 0.157977 0.275043
0.337052 0.240894 0.422054
0.0777013 0.814442 0.107857
0.220375 0.378953 0.400672
0.15706 0.423497 0.419443
0.434303 0.350399 0.215298
0.391364 0.491829 0.116808
0.0865925 0.663491 0.249917
0.697536 0.140843 0.161621
0.222111 0.123934 0.653955
0.217718 0.644312 0.13797
0.108931 0.301094 0.589975
0.452789 0.147111 0.4001
0.517045 0.107636 0.375319
0.043838 0.568598 0.387564
0.823496 0.0884445 0.0880595
0.362107 0.381859 0.256034
0.258737 0.497072 0.244191
0.238348 0.252813 0.50884
0.533752 0.329519 0.136729
0.0322589 0.876187 0.0915545
0.290585 0.347265 0.36215
0.335707 0.102716 0.561577
0.130189 0.745492 0.124319
0.0372332 0.74037 0.222397
0.201308 0.516161 0.282531


0 17 23
17 16 24
23 17 24
18 2 37
28 27 38
34 33 40
10 9 42
13 12 43
20 19 44
15 14 45
26 25 45
7 6 48
19 18 49
44 19 49
18 37 49
37 36 49
8 7 50
7 48 50
12 11 52
38 43 52
43 12 52
32 31 53
36 35 54
35 47 54
49 36 54
29 28 55
28 38 55
38 52 55
53 46 56
4 3 57
41 39 59
47 58 59
42 9 60
51 42 60
9 8 61
60 9 61
8 50 61
39 41 62
38 27 63
43 38 63
14 13 63
45 14 63
27 26 63
26 45 63
13 43 63
35 34 64
47 35 64
34 40 64
6 5 65
5 41 65
48 6 65
54 47 66
44 49 66
49 54 66
39 44 66
59 39 66
47 59 66
31 30 67
46 53 67
53 31 67
51 60 67
60 46 67
30 29 68
29 55 68
55 51 68
51 67 68
67 30 68
21 20 69
20 44 69
44 39 69
39 62 69
16 15 70
24 16 70
25 24 70
15 45 70
45 25 70
56 46 71
61 50 71
46 60 71
60 61 71
50 48 72
48 65 72
64 40 73
58 47 73
47 64 73
11 10 74
10 42 74
42 51 74
52 11 74
51 55 74
55 52 74
3 1 75
1 22 75
57 3 75
56 71 76
71 50 76
50 72 76
40 56 76
73 40 76
72 58 76
58 73 76
33 32 77
40 33 77
56 40 77
32 53 77
53 56 77
5 4 78
41 5 78
4 57 78
57 62 78
62 41 78
22 21 79
62 57 79
21 69 79
69 62 79
57 75 79
75 22 79
41 59 80
59 58 80
65 41 80
58 72 80
72 65 80
