84
1 0 0
0 1 0
0 0 1
0.0625 0.9375 0
0.125 0.875 0
0.1875 0.8125 0
0.25 0.75 0
0.3125 0.6875 0
0.375 0.625 0
0.4375 0.5625 0
0.5 0.5 0
0.5625 0.4375 0
0.625 0.375 0
0.6875 0.3125 0
0.75 0.25 0
0.8125 0.1875 0
0.875 0.125 0
0.9375 0.0625 0
0 0.166667 0.833333
0 0.333333 0.666667
0 0.5 0.5
0 0.666667 0.333333
0 0.833333 0.166667
0.944444 0 0.0555556
0.888889 0 0.111111
0.833333 0 0.166667
0.777778 0 0.222222
0.722222 0 0.277778
0.666667 0 0.333333
0.611111 0 0.388889
0.555556 0 0.444444
0.5 0 0.5
0.444444 0 0.555556
0.388889 0 0.611111
0.333333 0 0.666667
0.277778 0 0.722222
0.222222 0 0.777778
0.166667 0 0.833333
0.111111 0 0.888889
0.0555556 0 0.944444
0.628979 0.128521 0.2425
0.0990794 0.473843 0.427078
0.279948 0.165092 0.55496
0.173613 0.568979 0.257408
0.475601 0.39488 0.129519
0.646138 0.246195 0.107668
0.0490035 0.324947 0.626049
0.734376 0.134589 0.131035
0.379957 0.277087 0.342956
0.159803 0.28259 0.557607
0.275824 0.606575 0.117601
0.0549771 0.162486 0.782537
0.384858 0.143893 0.471249
0.484348 0.238676 0.276975
0.341399 0.549769 0.108832
0.206571 0.670559 0.12287
0.587984 0.272153 0.139863
0.531841 0.252779 0.21538
0.116052 0.168959 0.714989
0.785814 0.10941 0.104776
0.223496 0.351921 0.424583
0.155071 0.447135 0.397794
0.076582 0.773322 0.150096
0.407851 0.477726 0.114423
0.850165 0.0795588 0.0702767
0.684303 0.13208 0.183617
0.0933287 0.339513 0.567158
0.432229 0.316509 0.251261
0.224255 0.161274 0.614471
0.316273 0.439199 0.244528
0.307951 0.29337 0.398679
0.571903 0.128899 0.299198
0.450682 0.143894 0.405424
0.132334 0.754969 0.112698
0.0445877 0.500444 0.454968
0.0492209 0.67079 0.279989
0.335736 0.125011 0.539253
0.246325 0.493544 0.260131
0.374277 0.41256 0.213163
0.109273 0.620981 0.269747
0.517 0.118172 0.364829
0.179392 0.114461 0.706147
0.0346395 0.849816 0.115545
0.533494 0.377379 0.0891273


0 17 23
17 16 24
23 17 24
18 2 39
29 28 40
35 34 42
10 9 44
13 12 45
20 19 46
14 13 47
27 26 47
7 6 50
19 18 51
46 19 51
18 39 51
39 38 51
33 32 52
8 7 54
7 50 54
6 5 55
50 6 55
12 11 56
45 12 56
40 45 56
44 53 57
38 37 58
51 38 58
46 51 58
15 14 59
25 15 59
26 25 59
14 47 59
47 26 59
41 49 61
49 60 61
60 43 61
9 8 63
44 9 63
8 54 63
16 15 64
15 25 64
24 16 64
25 24 64
28 27 65
40 28 65
45 40 65
13 45 65
47 13 65
27 47 65
46 58 66
49 41 66
58 49 66
53 44 67
44 63 67
36 35 68
35 42 68
42 60 68
60 49 68
54 50 69
52 48 70
48 69 70
60 42 70
29 40 71
40 56 71
30 29 71
56 57 71
48 52 72
52 32 72
32 31 72
53 67 72
67 48 72
5 4 73
55 5 73
43 55 73
4 3 73
3 62 73
21 20 74
66 41 74
20 46 74
46 66 74
22 21 75
21 74 75
74 41 75
34 33 76
33 52 76
42 34 76
70 42 76
52 70 76
55 43 77
43 60 77
50 55 77
69 50 77
70 69 77
60 70 77
63 54 78
48 67 78
67 63 78
54 69 78
69 48 78
41 61 79
61 43 79
43 73 79
73 62 79
62 75 79
75 41 79
31 30 80
57 53 80
30 71 80
71 57 80
53 72 80
72 31 80
37 36 81
49 58 81
58 37 81
36 68 81
68 49 81
3 1 82
62 3 82
1 22 82
22 75 82
75 62 82
11 10 83
56 11 83
57 56 83
10 44 83
44 57 83
