75
1 0 0
0 1 0
0 0 1
0.0625 0.9375 0
0.125 0.875 0
0.1875 0.8125 0
0.25 0.75 0
0.3125 0.6875 0
0.375 0.625 0
0.4375 0.5625 0
0.5 0.5 0
0.5625 0.4375 0
0.625 0.375 0
0.6875 0.3125 0
0.75 0.25 0
0.8125 0.1875 0
0.875 0.125 0
0.9375 0.0625 0
0 0.166667 0.833333
0 0.333333 0.666667
0 0.5 0.5
0 0.666667 0.333333
0 0.833333 0.166667
0.928571 0 0.0714286
0.857143 0 0.142857
0.785714 0 0.214286
0.714286 0 0.285714
0.642857 0 0.357143
0.571429 0 0.428571
0.5 0 0.5
0.428571 0 0.571429
0.357143 0 0.642857
0.285714 0 0.714286
0.214286 0 0.785714
0.142857 0 0.857143
0.0714285 0 0.928571
0.622439 0.125917 0.251643
0.0867572 0.500132 0.413111
0.271264 0.132963 0.595773
0.148952 0.597715 0.253333
0.749009 0.115734 0.135257
0.395603 0.261337 0.34306
0.176906 0.264109 0.558985
0.05718 0.148308 0.794512
0.315766 0.500887 0.183347
0.482034 0.239332 0.278635
0.640787 0.252409 0.106804
0.504736 0.363778 0.131486
0.255671 0.59139 0.152939
0.542729 0.120859 0.336412
0.57144 0.259951 0.168609
0.0587165 0.339402 0.601882
0.126466 0.129256 0.744278
0.0783418 0.809653 0.112006
0.238135 0.405293 0.356571
0.147292 0.413682 0.439026
0.818567 0.0845083 0.096925
0.436362 0.401214 0.162424
0.34209 0.136656 0.521254
0.413453 0.123025 0.463521
0.311925 0.300254 0.387822
0.0975076 0.670171 0.232322
0.241795 0.249401 0.508804
0.366195 0.393837 0.239968
0.690646 0.188542 0.120812
0.386137 0.507899 0.105964
0.110622 0.264019 0.625359
0.197977 0.121275 0.680748
0.0481616 0.592196 0.359643
0.0449966 0.722786 0.232217
0.474638 0.0996109 0.425751
0.198918 0.680534 0.120548
0.68398 0.0803749 0.235645
0.201072 0.531532 0.267397
0.140935 0.752325 0.106741


3 1 22
0 17 23
17 16 24
23 17 24
28 27 36
33 32 38
15 14 40
26 25 40
18 2 43
2 35 43
8 7 44
13 12 46
11 10 47
7 6 48
44 7 48
29 28 49
28 36 49
46 12 50
36 46 50
49 36 50
12 11 50
11 47 50
47 45 50
45 49 50
20 19 51
37 20 51
19 18 51
18 43 51
35 34 52
43 35 52
4 3 53
3 22 53
44 48 54
39 37 55
37 51 55
42 54 55
16 15 56
24 16 56
25 24 56
15 40 56
40 25 56
10 9 57
47 10 57
41 45 57
45 47 57
32 31 58
38 32 58
45 41 59
31 30 59
58 31 59
41 58 59
44 54 60
58 41 60
38 58 60
37 39 61
54 42 62
38 60 62
60 54 62
41 57 63
60 41 63
44 60 63
14 13 64
40 14 64
13 46 64
46 36 64
9 8 65
8 44 65
44 63 65
57 9 65
63 57 65
52 42 66
51 43 66
43 52 66
42 55 66
55 51 66
34 33 67
52 34 67
42 52 67
33 38 67
38 62 67
62 42 67
21 20 68
20 37 68
37 61 68
22 21 69
53 22 69
21 68 69
61 53 69
68 61 69
30 29 70
29 49 70
49 45 70
45 59 70
59 30 70
6 5 71
48 6 71
27 26 72
26 40 72
40 64 72
36 27 72
64 36 72
39 55 73
54 48 73
55 54 73
48 71 73
71 39 73
5 4 74
61 39 74
4 53 74
53 61 74
39 71 74
71 5 74
