71
1 0 0
0 1 0
0 0 1
0.0625001 0.9375 0
0.125 0.875 0
0.1875 0.8125 0
0.25 0.75 0
0.3125 0.6875 0
0.375 0.625 0
0.4375 0.5625 0
0.5 0.5 0
0.5625 0.4375 0
0.625 0.375 0
0.6875 0.3125 0
0.75 0.25 0
0.8125 0.1875 0
0.875 0.125 0
0.9375 0.0625 0
0 0.125 0.875
0 0.25 0.75
0 0.375 0.625
0 0.5 0.5
0 0.625 0.375
0 0.75 0.25
0 0.875 0.125
0.909091 0 0.0909091
0.818182 0 0.181818
0.727273 0 0.272727
0.636364 0 0.363636
0.545455 0 0.454545
0.454545 0 0.545455
0.363636 0 0.636364
0.272727 0 0.727273
0.181818 0 0.818182
0.0909091 0 0.909091
0.615304 0.110196 0.274501
0.0905296 0.47879 0.43068
0.285266 0.144134 0.5706
0.165384 0.611252 0.223363
0.478121 0.390116 0.131763
0.793269 0.0823618 0.124369
0.434945 0.090111 0.474944
0.746968 0.157853 0.0951791
0.406958 0.270949 0.322093
0.17302 0.262424 0.564556
0.308884 0.512061 0.179055
0.47581 0.202699 0.321491
0.132608 0.388433 0.478959
0.262551 0.608705 0.128743
0.24445 0.248799 0.506751
0.587768 0.234151 0.178082
0.13922 0.150075 0.710705
0.678191 0.195251 0.126558
0.219653 0.375536 0.404811
0.0702519 0.791323 0.138425
0.366798 0.124673 0.508529
0.522606 0.107899 0.369495
0.414522 0.415696 0.169781
0.104794 0.692996 0.20221
0.0940645 0.251119 0.654816
0.32817 0.409613 0.262217
0.522493 0.321242 0.156265
0.199531 0.497302 0.303167
0.0692404 0.582065 0.348694
0.869242 0.0541217 0.0766368
0.701954 0.090979 0.207067
0.18947 0.102888 0.707641
0.178487 0.71495 0.106562
0.0630739 0.104549 0.832377
0.0565364 0.347919 0.595545
0.338119 0.296574 0.365307


3 1 24
0 17 25
29 28 35
21 20 36
33 32 37
11 10 39
16 15 40
27 26 40
31 30 41
15 14 42
40 15 42
9 8 45
7 6 48
6 38 48
8 7 48
45 8 48
13 12 50
49 44 51
14 13 52
42 14 52
13 50 52
50 35 52
47 44 53
44 49 53
5 4 54
23 22 54
4 3 54
3 24 54
24 23 54
32 31 55
37 32 55
31 41 55
43 37 55
41 46 55
46 43 55
30 29 56
29 35 56
35 50 56
41 30 56
46 41 56
50 46 56
10 9 57
39 10 57
43 39 57
5 54 58
54 22 58
19 18 59
44 47 59
51 44 59
9 45 60
57 9 60
45 53 60
53 49 60
12 11 61
11 39 61
39 43 61
43 46 61
46 50 61
50 12 61
38 36 62
36 47 62
48 38 62
45 48 62
53 45 62
47 53 62
22 21 63
58 22 63
21 36 63
36 38 63
38 58 63
17 16 64
25 17 64
26 25 64
16 40 64
40 26 64
28 27 65
35 28 65
27 40 65
40 42 65
42 52 65
52 35 65
34 33 66
51 34 66
33 37 66
37 49 66
49 51 66
6 5 67
5 58 67
38 6 67
58 38 67
18 2 68
2 34 68
34 51 68
51 59 68
59 18 68
20 19 69
36 20 69
47 36 69
19 59 69
59 47 69
37 43 70
49 37 70
60 49 70
43 57 70
57 60 70
