32
1 0 0
0 1 0
0 0 1
0.0624999 0.9375 0
0.125 0.875 0
0.1875 0.8125 0
0.25 0.75 0
0.3125 0.6875 0
0.375 0.625 0
0.4375 0.5625 0
0.5 0.5 0
0.5625 0.4375 0
0.625 0.375 0
0.6875 0.3125 0
0.75 0.25 0
0.8125 0.1875 0
0.875 0.125 0
0.9375 0.0625 0
0 0.125 0.875
0 0.25 0.75
0 0.375 0.625
0 0.5 0.5
0 0.625 0.375
0 0.75 0.25
0 0.875 0.125
0.875 0 0.125
0.75 0 0.25
0.625 0 0.375
0.5 0 0.5
0.375 0 0.625
0.25 0 0.75
0.125 0 0.875


2 10 18
10 9 18
9 8 19
18 9 19
8 7 20
19 8 20
7 6 21
20 7 21
6 5 22
21 6 22
5 4 23
22 5 23
3 1 24
4 3 24
23 4 24
0 17 25
17 16 25
16 15 26
25 16 26
15 14 27
26 15 27
14 13 28
27 14 28
13 12 29
28 13 29
12 11 30
29 12 30
10 2 31
11 10 31
30 11 31
