109
1 0 0
0 1 0
0 0 1
0.0625 0.9375 0
0.125 0.875 0
0.1875 0.8125 0
0.25 0.75 0
0.3125 0.6875 0
0.375 0.625 0
0.4375 0.5625 0
0.5 0.5 0
0.5625 0.4375 0
0.625 0.375 0
0.6875 0.3125 0
0.75 0.25 0
0.8125 0.1875 0
0.875 0.125 0
0.9375 0.0625 0
0 0.111111 0.888889
0 0.222222 0.777778
0 0.333333 0.666667
0 0.444444 0.555556
0 0.555556 0.444444
0 0.666667 0.333333
0 0.777778 0.222222
0 0.888889 0.111111
0.941176 0 0.0588235
0.882353 0 0.117647
0.823529 0 0.176471
0.764706 0 0.235294
0.705882 0 0.294118
0.647059 0 0.352941
0.588235 0 0.411765
0.529412 0 0.470588
0.470588 0 0.529412
0.411765 0 0.588235
0.352941 0 0.647059
0.294118 0 0.705882
0.235294 0 0.764706
0.176471 0 0.823529
0.117647 0 0.882353
0.0588235 0 0.941176
0.627508 0.113905 0.258587
0.093613 0.488494 0.417893
0.283006 0.130996 0.585997
0.159669 0.618535 0.221796
0.471448 0.428966 0.0995863
0.416714 0.0805298 0.502756
0.650948 0.264381 0.0846705
0.0537516 0.342567 0.603681
0.674548 0.139991 0.18546
0.757838 0.162569 0.0795924
0.394772 0.259959 0.345269
0.174875 0.244013 0.581111
0.274866 0.632672 0.092462
0.0515885 0.133201 0.815211
0.317204 0.502857 0.179939
0.185247 0.330544 0.484209
0.473522 0.23202 0.294457
0.584351 0.321706 0.0939433
0.548299 0.074975 0.376726
0.254913 0.238995 0.506092
0.339521 0.583133 0.0773461
0.200543 0.692375 0.107081
0.575513 0.221899 0.202588
0.787746 0.0869471 0.125307
0.143876 0.147006 0.709118
0.327354 0.247786 0.42486
0.158068 0.777021 0.0649107
0.0813195 0.824385 0.094296
0.221268 0.3845 0.394232
0.152528 0.441992 0.40548
0.443107 0.346351 0.210542
0.398781 0.489698 0.111521
0.844479 0.0792049 0.0763162
0.354974 0.136445 0.508581
0.0890745 0.703184 0.207741
0.494345 0.11326 0.392396
0.222547 0.128175 0.649278
0.184384 0.505625 0.309991
0.114445 0.273858 0.611697
0.0369526 0.251365 0.711683
0.0458581 0.569846 0.384296
0.518555 0.304001 0.177444
0.378948 0.393042 0.22801
0.255347 0.464456 0.280197
0.594693 0.0776343 0.327672
0.130259 0.742032 0.127709
0.325196 0.371528 0.303276
0.045271 0.675096 0.279633
0.0501403 0.456465 0.493395
0.730356 0.0918606 0.177783
0.103718 0.0816514 0.81463
0.432306 0.151492 0.416202
0.115308 0.37144 0.513252
0.62256 0.216443 0.160996
0.108147 0.574699 0.317155
0.898279 0.0542287 0.0474927
0.190774 0.0745155 0.734711
0.0833964 0.214865 0.701739
0.0393694 0.791643 0.168988
0.278157 0.337529 0.384313
0.234166 0.573852 0.191982
0.707162 0.203221 0.0896175
0.544689 0.169941 0.28537
0.530418 0.396441 0.0731417
0.0358645 0.892429 0.071707
0.31963 0.0670849 0.613285
0.0293616 0.0556314 0.915007


0 17 26
31 30 42
10 9 46
35 34 47
13 12 48
21 20 49
42 30 50
15 14 51
7 6 54
19 18 55
12 11 59
48 12 59
33 32 60
57 53 61
8 7 62
7 54 62
54 56 62
6 5 63
54 6 63
15 51 65
29 28 65
61 44 67
5 4 68
63 5 68
4 3 69
57 61 70
57 70 71
52 58 72
9 8 73
8 62 73
46 9 73
72 46 73
62 56 73
16 15 74
15 65 74
28 27 74
65 28 74
36 35 75
35 47 75
67 44 75
52 67 75
34 33 77
33 60 77
38 37 78
37 44 78
44 61 78
61 53 78
53 66 78
71 70 79
66 53 80
20 19 81
49 20 81
19 55 81
23 22 82
64 59 83
46 72 83
72 58 83
52 72 84
72 73 84
73 56 84
79 70 85
32 31 86
31 42 86
60 32 86
42 64 86
45 63 87
63 68 87
68 4 87
4 69 87
76 45 87
69 76 87
67 52 88
52 84 88
84 56 88
56 85 88
24 23 89
23 82 89
22 21 90
21 49 90
43 82 90
82 22 90
30 29 91
50 30 91
29 65 91
65 51 91
41 40 92
55 41 92
40 39 92
39 66 92
52 75 93
75 47 93
47 34 93
34 77 93
58 52 93
77 58 93
53 57 94
80 53 94
57 71 94
71 43 94
49 80 94
90 49 94
43 90 94
42 50 95
50 48 95
64 42 95
48 59 95
59 64 95
45 76 96
79 45 96
43 71 96
71 79 96
76 89 96
82 43 96
89 82 96
17 16 97
26 17 97
27 26 97
16 74 97
74 27 97
39 38 98
66 39 98
38 78 98
78 66 98
80 49 99
49 81 99
66 80 99
92 66 99
81 55 99
55 92 99
25 24 100
76 69 100
24 89 100
89 76 100
61 67 101
70 61 101
67 88 101
85 70 101
88 85 101
56 54 102
85 56 102
54 63 102
63 45 102
45 79 102
79 85 102
14 13 103
51 14 103
13 48 103
48 50 103
50 91 103
91 51 103
58 77 104
77 60 104
64 83 104
83 58 104
60 86 104
86 64 104
11 10 105
10 46 105
46 83 105
59 11 105
83 59 105
3 1 106
1 25 106
69 3 106
25 100 106
100 69 106
37 36 107
44 37 107
36 75 107
75 44 107
18 2 108
2 41 108
41 55 108
55 18 108
