141
1 0 0
0 1 0
0 0 1
0.0588235 0.941176 0
0.117647 0.882353 0
0.176471 0.823529 0
0.235294 0.764706 0
0.294118 0.705882 0
0.352941 0.647059 0
0.411765 0.588235 0
0.470588 0.529412 0
0.529412 0.470588 0
0.588235 0.411765 0
0.647059 0.352941 0
0.705882 0.294118 0
0.764706 0.235294 0
0.823529 0.176471 0
0.882353 0.117647 0
0.941176 0.0588235 0
0 0.0526316 0.947368
0 0.105263 0.894737
0 0.157895 0.842105
0 0.210526 0.789474
0 0.263158 0.736842
0 0.315789 0.68421
0 0.368421 0.631579
0 0.421053 0.578947
0 0.473684 0.526316
0 0.526316 0.473684
0 0.578947 0.421053
0 0.631579 0.368421
0 0.684211 0.315789
0 0.736842 0.263158
0 0.789474 0.210526
0 0.842105 0.157895
0 0.894737 0.105263
0 0.947369 0.0526316
0.916667 0 0.0833333
0.833333 0 0.166667
0.75 0 0.25
0.666667 0 0.333333
0.583333 0 0.416667
0.5 0 0.5
0.416667 0 0.583333
0.333333 0 0.666667
0.25 0 0.75
0.166667 0 0.833333
0.0833333 0 0.916667
0.62776 0.116016 0.256224
0.0906013 0.496431 0.412968
0.274679 0.149032 0.576289
0.152591 0.600728 0.246681
0.493651 0.408126 0.0982227
0.815652 0.0531963 0.131152
0.422842 0.0576963 0.519461
0.642941 0.275467 0.0815917
0.746341 0.179318 0.0743408
0.738674 0.119972 0.141354
0.386454 0.263422 0.350123
0.653313 0.052723 0.293964
0.16056 0.253197 0.586243
0.28871 0.630465 0.0808253
0.322403 0.518854 0.158743
0.373947 0.125634 0.500419
0.200266 0.343706 0.456028
0.487006 0.239223 0.27377
0.168475 0.543365 0.28816
0.135649 0.39591 0.468441
0.332782 0.572715 0.0945034
0.575647 0.340366 0.0839874
0.898824 0.0411333 0.0600425
0.557766 0.0792927 0.362942
0.163618 0.187674 0.648708
0.258271 0.245627 0.496102
0.195618 0.682151 0.122231
0.336414 0.0497431 0.613843
0.582271 0.240879 0.17685
0.261922 0.496822 0.241256
0.0874125 0.367698 0.54489
0.080368 0.314058 0.605574
0.129029 0.132752 0.73822
0.558704 0.179707 0.261589
0.154647 0.779952 0.0654006
0.656506 0.17585 0.167643
0.681838 0.223209 0.0949536
0.0844446 0.841178 0.0743776
0.234477 0.397669 0.367854
0.0741228 0.790339 0.135538
0.444421 0.332185 0.223393
0.396825 0.508812 0.0943626
0.260468 0.0442347 0.695297
0.0938757 0.6949 0.211224
0.512634 0.134623 0.352743
0.49344 0.282175 0.224385
0.23552 0.203588 0.560892
0.456892 0.198175 0.344933
0.357141 0.224027 0.418833
0.237531 0.107451 0.655019
0.180083 0.47768 0.342238
0.444892 0.377287 0.17782
0.134781 0.734962 0.130257
0.731126 0.0608607 0.208013
0.124973 0.444784 0.430243
0.0544909 0.898142 0.0473674
0.534215 0.311565 0.15422
0.128912 0.066391 0.804697
0.0781643 0.258034 0.663801
0.335015 0.404806 0.26018
0.841648 0.090281 0.0680712
0.308317 0.329746 0.361937
0.408972 0.300894 0.290134
0.518664 0.0411704 0.440165
0.0660495 0.10589 0.828061
0.0572846 0.431556 0.511159
0.0720339 0.203737 0.724229
0.284418 0.286803 0.428779
0.469555 0.463518 0.0669278
0.0785236 0.593412 0.328065
0.0853109 0.646828 0.267861
0.374412 0.450872 0.174716
0.0726014 0.0495264 0.877872
0.215654 0.72592 0.0584264
0.0873987 0.538007 0.374594
0.176088 0.301466 0.522446
0.240684 0.563381 0.195935
0.273147 0.443163 0.283691
0.270226 0.678075 0.0516996
0.571047 0.381211 0.0477423
0.332171 0.0952408 0.572589
0.416322 0.160863 0.422814
0.188195 0.0789232 0.732882
0.199092 0.62977 0.171138
0.807482 0.137431 0.0550869
0.0582227 0.750058 0.19172
0.322147 0.185165 0.492688
0.597727 0.0328281 0.369445
0.464141 0.0971032 0.438756
0.055454 0.160226 0.78432
0.356599 0.361862 0.281538
0.048104 0.4784 0.473496
0.195849 0.0335812 0.77057


3 1 36
19 2 47
38 37 53
43 42 54
15 14 55
16 15 56
40 39 59
9 8 61
10 9 68
9 61 68
14 13 69
55 14 69
0 18 70
37 0 70
53 37 70
59 48 71
44 43 75
43 54 75
26 25 78
64 67 78
25 24 79
78 25 79
76 65 81
6 5 82
57 56 83
48 57 83
81 48 83
76 81 83
15 55 84
56 15 84
55 76 84
76 83 84
83 56 84
5 4 85
35 34 85
82 5 85
67 64 86
34 33 87
82 85 87
85 34 87
10 68 89
68 62 89
45 44 90
44 75 90
32 31 91
71 48 92
48 81 92
65 76 93
60 72 94
72 50 94
73 60 94
65 58 95
81 65 95
92 81 95
95 58 96
50 72 97
72 80 97
90 75 97
77 66 98
69 52 99
82 87 100
91 74 100
39 38 101
38 53 101
53 57 101
57 48 101
59 39 101
48 59 101
98 49 102
67 86 102
86 98 102
4 3 103
3 36 103
36 35 103
35 85 103
85 4 103
55 69 104
76 55 104
93 76 104
88 93 104
69 99 104
99 88 104
72 60 106
24 23 106
79 24 106
60 79 106
57 53 108
18 17 108
70 18 108
53 70 108
86 64 109
58 65 110
65 93 110
93 88 110
109 58 110
42 41 111
54 42 111
21 20 112
105 80 112
27 26 113
26 78 113
78 67 113
67 102 113
80 72 114
23 22 114
106 23 114
72 106 114
73 96 115
96 58 115
109 64 115
58 109 115
12 11 116
52 12 116
11 10 116
10 89 116
30 29 117
66 51 117
91 31 118
31 30 118
30 117 118
117 51 118
99 52 119
62 77 119
107 99 119
52 116 119
89 62 119
116 89 119
20 19 120
19 47 120
47 46 120
46 105 120
105 112 120
112 20 120
7 6 121
6 82 121
82 100 121
100 74 121
29 28 122
28 49 122
49 98 122
98 66 122
117 29 122
66 117 122
60 73 123
79 60 123
64 78 123
78 79 123
73 115 123
115 64 123
51 66 124
62 68 124
66 77 124
77 62 124
77 98 125
98 86 125
86 107 125
107 119 125
119 77 125
8 7 126
61 8 126
74 61 126
7 121 126
121 74 126
13 12 127
69 13 127
12 52 127
52 69 127
54 63 128
75 54 128
63 50 128
50 97 128
97 75 128
92 95 129
95 96 129
90 97 130
97 80 130
80 105 130
61 74 131
74 91 131
91 118 131
118 51 131
51 124 131
68 61 131
124 68 131
17 16 132
16 56 132
108 17 132
56 57 132
57 108 132
33 32 133
32 91 133
91 100 133
87 33 133
100 87 133
50 63 134
94 50 134
73 94 134
96 73 134
63 129 134
129 96 134
41 40 135
40 59 135
59 71 135
71 111 135
111 41 135
63 54 136
54 111 136
111 71 136
129 63 136
71 92 136
92 129 136
22 21 137
21 112 137
112 80 137
80 114 137
114 22 137
88 99 138
99 107 138
107 86 138
86 109 138
110 88 138
109 110 138
28 27 139
49 28 139
102 49 139
27 113 139
113 102 139
46 45 140
105 46 140
45 90 140
90 130 140
130 105 140
