181
1 0 0
0 1 0
0 0 1
0.0588235 0.941176 0
0.117647 0.882353 0
0.176471 0.823529 0
0.235294 0.764706 0
0.294118 0.705882 0
0.352941 0.647059 0
0.411765 0.588235 0
0.470588 0.529412 0
0.529412 0.470588 0
0.588235 0.411765 0
0.647059 0.352941 0
0.705882 0.294118 0
0.764706 0.235294 0
0.823529 0.176471 0
0.882353 0.117647 0
0.941176 0.0588235 0
0 0.0555556 0.944444
0 0.111111 0.888889
0 0.166667 0.833333
0 0.222222 0.777778
0 0.277778 0.722222
0 0.333333 0.666667
0 0.388889 0.611111
0 0.444444 0.555556
0 0.5 0.5
0 0.555556 0.444444
0 0.611111 0.388889
0 0.666667 0.333333
0 0.722222 0.277778
0 0.777778 0.222222
0 0.833333 0.166667
0 0.888889 0.111111
0 0.944444 0.0555556
0.947368 0 0.0526316
0.894737 0 0.105263
0.842105 0 0.157895
0.789474 0 0.210526
0.736842 0 0.263158
0.684211 0 0.315789
0.631579 0 0.368421
0.578947 0 0.421053
0.526316 0 0.473684
0.473684 0 0.526316
0.421053 0 0.578947
0.368421 0 0.631579
0.315789 0 0.684211
0.263158 0 0.736842
0.210526 0 0.789474
0.157895 0 0.842105
0.105263 0 0.894737
0.0526316 0 0.947368
0.637019 0.110348 0.252633
0.104723 0.48704 0.408237
0.277663 0.133349 0.588988
0.162047 0.608832 0.229121
0.498361 0.3957 0.105939
0.78905 0.0598984 0.151052
0.411023 0.0676765 0.521301
0.650857 0.278782 0.0703611
0.049212 0.332539 0.618249
0.674799 0.130033 0.195168
0.763966 0.176495 0.0595389
0.733492 0.129382 0.137126
0.39608 0.252982 0.350938
0.1692 0.250867 0.579933
0.268157 0.635439 0.0964048
0.0510784 0.13376 0.815161
0.68192 0.0493921 0.268688
0.336201 0.514367 0.149432
0.371665 0.149171 0.479164
0.188893 0.341893 0.469214
0.496108 0.222884 0.281008
0.279778 0.508718 0.211504
0.158644 0.547441 0.293915
0.110673 0.411791 0.477536
0.334132 0.573376 0.0924928
0.580178 0.334708 0.0851138
0.881057 0.062549 0.0563939
0.549992 0.0799458 0.370063
0.147237 0.199888 0.652875
0.24983 0.257698 0.492472
0.197576 0.692788 0.109636
0.246209 0.703163 0.0506281
0.342318 0.0566765 0.601005
0.830417 0.128115 0.041468
0.588324 0.241988 0.169688
0.0686594 0.375846 0.555495
0.532771 0.281207 0.186022
0.137722 0.134706 0.727572
0.562805 0.170415 0.26678
0.342135 0.270693 0.387171
0.172118 0.769022 0.0588592
0.608824 0.17941 0.211766
0.656801 0.186065 0.157134
0.446991 0.391404 0.161605
0.0980953 0.815869 0.086036
0.226716 0.381922 0.391362
0.160645 0.421005 0.41835
0.0852741 0.766028 0.148697
0.442094 0.337639 0.220267
0.397447 0.513091 0.0894618
0.263349 0.0692808 0.66737
0.139877 0.688869 0.171254
0.0753534 0.700856 0.223791
0.478724 0.135777 0.385498
0.236602 0.211804 0.551594
0.0956204 0.199495 0.704885
0.451899 0.206562 0.341539
0.554215 0.313868 0.131917
0.473839 0.466881 0.0592799
0.433094 0.279105 0.287801
0.213434 0.62767 0.158896
0.174977 0.475909 0.349113
0.108071 0.289952 0.601976
0.508041 0.0625527 0.429407
0.576846 0.115709 0.307444
0.621885 0.0587089 0.319406
0.805628 0.10485 0.0895221
0.722972 0.067492 0.209536
0.610823 0.350106 0.0390712
0.0599721 0.884678 0.0553494
0.439189 0.114582 0.446229
0.130493 0.0780885 0.791418
0.0647566 0.266564 0.668679
0.342116 0.388485 0.269398
0.0462579 0.0516272 0.902115
0.302502 0.356423 0.341075
0.695699 0.204658 0.0996433
0.052052 0.493205 0.454743
0.316355 0.232093 0.451552
0.336725 0.455178 0.208097
0.101786 0.613393 0.284822
0.082307 0.0664143 0.851279
0.249615 0.307021 0.443364
0.0421492 0.779798 0.178053
0.287447 0.437114 0.27544
0.393665 0.343462 0.262874
0.199128 0.0636865 0.737185
0.220853 0.138557 0.64059
0.0479525 0.661155 0.290893
0.392222 0.401248 0.20653
0.544272 0.22881 0.226918
0.104025 0.547988 0.347987
0.0499141 0.442743 0.507342
0.300544 0.182497 0.516959
0.545709 0.406494 0.0477971
0.408798 0.45503 0.136172
0.123995 0.837906 0.0380991
0.399191 0.192779 0.40803
0.221846 0.50914 0.269013
0.138511 0.327809 0.53368
0.379163 0.578028 0.0428091
0.493777 0.336898 0.169325
0.517259 0.157137 0.325604
0.192068 0.119557 0.688375
0.0425868 0.227353 0.73006
0.229618 0.565847 0.204535
0.711822 0.246087 0.0420911
0.0477444 0.552341 0.399915
0.343639 0.113979 0.542382
0.31606 0.638927 0.0450123
0.470724 0.0492968 0.479979
0.0489717 0.607149 0.343879
0.197274 0.2783 0.524426
0.625124 0.255997 0.118879
0.845088 0.046348 0.108564
0.0435682 0.835433 0.120999
0.279704 0.572153 0.148143
0.208366 0.18779 0.603844
0.135688 0.748696 0.115616
0.0736712 0.163399 0.76293
0.363489 0.315867 0.320644
0.24289 0.430456 0.326654
0.286453 0.308866 0.404681
0.486467 0.282751 0.230783
0.592123 0.0349919 0.372885
0.433662 0.528381 0.0379565
0.665367 0.304654 0.0299786


3 1 35
0 18 36
19 2 53
39 38 59
46 45 60
25 24 62
16 15 64
22 21 69
21 20 69
41 40 70
18 17 80
36 18 80
37 36 80
7 6 85
84 68 85
48 47 86
47 46 86
46 60 86
17 16 87
80 17 87
16 64 87
26 25 89
25 62 89
6 5 94
85 6 94
84 85 94
54 63 95
92 54 95
63 65 96
88 95 96
95 63 96
55 77 100
77 73 100
73 99 100
78 71 103
49 48 104
48 86 104
86 56 104
32 31 106
105 101 106
57 105 106
91 82 109
79 58 111
90 88 111
11 10 112
66 110 113
110 74 113
68 84 114
84 105 114
105 57 114
55 100 115
100 99 115
82 67 116
89 62 116
44 43 117
43 81 117
81 107 117
54 92 118
42 41 119
41 70 119
70 54 119
54 118 119
118 81 119
64 65 120
87 64 120
65 59 120
80 87 120
40 39 121
39 59 121
59 65 121
65 63 121
70 40 121
63 54 121
54 70 121
13 12 122
79 61 122
4 3 123
3 35 123
35 34 123
72 60 124
117 107 124
51 50 125
24 23 126
62 24 126
116 62 126
109 82 126
82 116 126
20 19 128
19 53 128
53 52 128
65 64 130
96 65 130
28 27 131
77 55 131
71 75 133
76 57 134
57 106 134
52 51 135
51 125 135
69 20 135
20 128 135
128 52 135
125 69 135
73 83 136
99 73 136
83 132 136
33 32 137
32 106 137
106 101 137
129 127 138
127 133 138
133 75 138
113 102 139
50 49 140
49 104 140
91 125 140
125 50 140
104 56 141
31 30 142
106 31 142
134 106 142
102 97 143
139 102 143
133 127 143
127 139 143
74 92 144
88 90 144
95 88 144
92 95 144
55 115 145
115 76 145
76 134 145
27 26 146
26 89 146
89 77 146
77 131 146
131 27 146
108 56 147
83 108 147
132 83 147
72 132 147
12 11 148
58 79 148
11 112 148
112 58 148
79 122 148
122 12 148
103 71 149
97 58 149
58 112 149
112 103 149
143 97 149
71 133 149
133 143 149
5 4 150
94 5 150
98 94 150
4 123 150
123 98 150
66 93 151
72 124 151
107 110 151
124 107 151
110 66 151
93 132 151
132 72 151
57 76 152
138 75 152
76 115 152
73 77 153
77 89 153
116 67 153
89 116 153
9 8 154
78 103 154
97 102 155
58 97 155
111 58 155
90 111 155
107 81 156
81 118 156
92 74 156
118 92 156
74 110 156
110 107 156
82 91 157
141 82 157
91 140 157
140 104 157
104 141 157
23 22 158
109 126 158
126 23 158
114 57 159
57 152 159
152 75 159
15 14 160
64 15 160
130 64 160
61 130 160
28 131 161
131 55 161
29 28 161
55 145 161
60 72 162
72 147 162
86 60 162
56 86 162
147 56 162
8 7 163
68 78 163
7 85 163
85 68 163
78 154 163
154 8 163
45 44 164
44 117 164
60 45 164
124 60 164
117 124 164
30 29 165
142 30 165
134 142 165
145 134 165
29 161 165
161 145 165
67 108 166
108 83 166
153 67 166
83 73 166
73 153 166
88 96 167
61 79 167
79 111 167
111 88 167
96 130 167
130 61 167
38 37 168
59 38 168
120 59 168
37 80 168
80 120 168
34 33 169
101 98 169
98 123 169
123 34 169
33 137 169
137 101 169
71 78 170
78 68 170
68 114 170
114 159 170
75 71 170
159 75 170
67 82 171
82 141 171
108 67 171
56 108 171
141 56 171
84 94 172
94 98 172
98 101 172
101 105 172
105 84 172
91 109 173
69 125 173
125 91 173
22 69 173
158 22 173
109 158 173
93 66 174
129 93 174
66 113 174
113 139 174
127 129 174
139 127 174
115 99 175
99 129 175
129 138 175
138 152 175
152 115 175
93 129 176
129 99 176
99 136 176
132 93 176
136 132 176
102 113 177
113 74 177
74 144 177
144 90 177
90 155 177
155 102 177
43 42 178
81 43 178
42 119 178
119 81 178
103 112 179
112 10 179
10 9 179
9 154 179
154 103 179
14 13 180
13 122 180
122 61 180
61 160 180
160 14 180
