59
1 0 0
0 1 0
0 0 1
0.0588235 0.941176 0
0.117647 0.882353 0
0.176471 0.823529 0
0.235294 0.764706 0
0.294118 0.705882 0
0.352941 0.647059 0
0.411765 0.588235 0
0.470588 0.529412 0
0.529412 0.470588 0
0.588235 0.411765 0
0.647059 0.352941 0
0.705882 0.294118 0
0.764706 0.235294 0
0.823529 0.176471 0
0.882353 0.117647 0
0.941176 0.0588235 0
0 0.0588235 0.941176
0 0.117647 0.882353
0 0.176471 0.823529
0 0.235294 0.764706
0 0.294118 0.705882
0 0.352941 0.647059
0 0.411765 0.588235
0 0.470588 0.529412
0 0.529412 0.470588
0 0.588235 0.411765
0 0.647059 0.352941
0 0.705882 0.294118
0 0.764706 0.235294
0 0.823529 0.176471
0 0.882353 0.117647
0 0.941177 0.0588235
0.666667 0 0.333333
0.333333 0 0.666667
0.753849 0.0404363 0.205715
0.634472 0.100784 0.264744
0.302145 0.133094 0.564761
0.186519 0.61532 0.198161
0.466601 0.0598556 0.473543
0.436425 0.26383 0.299745
0.25029 0.323778 0.425932
0.252227 0.503768 0.244005
0.268444 0.203902 0.527654
0.561015 0.160741 0.278243
0.253089 0.390317 0.356594
0.491946 0.319691 0.188363
0.167506 0.666138 0.166356
0.275256 0.446341 0.278403
0.134089 0.733557 0.132354
0.204253 0.0387297 0.757017
0.214438 0.55982 0.225742
0.203898 0.0855719 0.71053
0.553234 0.211376 0.23539
0.190657 0.26337 0.545973
0.437667 0.366157 0.196175
0.102265 0.79366 0.104075


5 4 33
32 5 33
3 1 34
4 3 34
33 4 34
0 18 37
35 0 37
18 17 38
37 18 38
21 20 39
9 8 40
29 28 40
36 35 41
35 37 41
37 38 41
38 39 41
15 14 42
24 23 43
11 10 44
27 26 44
22 21 45
21 39 45
17 16 46
38 17 46
39 38 46
45 39 46
25 24 47
24 43 47
14 13 48
42 14 48
43 42 48
8 7 49
7 30 49
30 29 49
29 40 49
40 8 49
11 44 50
44 26 50
12 11 50
47 12 50
26 25 50
25 47 50
7 6 51
6 31 51
30 7 51
31 30 51
19 2 52
2 36 52
36 41 52
10 9 53
28 27 53
9 40 53
40 28 53
27 44 53
44 10 53
39 20 54
41 39 54
20 19 54
19 52 54
52 41 54
15 42 55
42 45 55
16 15 55
46 16 55
45 46 55
23 22 56
42 43 56
43 23 56
22 45 56
45 42 56
13 12 57
12 47 57
48 13 57
47 43 57
43 48 57
6 5 58
5 32 58
31 6 58
32 31 58
