112
1 0 0
0 1 0
0 0 1
0.0588235 0.941176 0
0.117647 0.882353 0
0.176471 0.823529 0
0.235294 0.764706 0
0.294118 0.705882 0
0.352941 0.647059 0
0.411765 0.588235 0
0.470588 0.529412 0
0.529412 0.470588 0
0.588235 0.411765 0
0.647059 0.352941 0
0.705882 0.294118 0
0.764706 0.235294 0
0.823529 0.176471 0
0.882353 0.117647 0
0.941176 0.0588235 0
0 0.0666667 0.933333
0 0.133333 0.866667
0 0.2 0.8
0 0.266667 0.733333
0 0.333333 0.666667
0 0.4 0.6
0 0.466667 0.533333
0 0.533333 0.466667
0 0.6 0.4
0 0.666667 0.333333
0 0.733333 0.266667
0 0.8 0.2
0 0.866667 0.133333
0 0.933333 0.0666667
0.9 0 0.1
0.8 0 0.2
0.7 0 0.3
0.6 0 0.4
0.5 0 0.5
0.4 0 0.6
0.3 0 0.7
0.2 0 0.8
0.1 0 0.9
0.621972 0.111637 0.266391
0.0906295 0.485725 0.423646
0.264439 0.138902 0.596659
0.168236 0.612603 0.219161
0.494538 0.408446 0.0970158
0.804367 0.0715038 0.12413
0.438428 0.0632825 0.498289
0.626833 0.288138 0.0850293
0.747622 0.177203 0.0751751
0.727067 0.119109 0.153824
0.405208 0.26761 0.327182
0.164978 0.256406 0.578615
0.263391 0.634024 0.102585
0.27902 0.519539 0.201441
0.379128 0.127488 0.493384
0.194135 0.328971 0.476894
0.496685 0.231155 0.272159
0.161764 0.541209 0.297027
0.137558 0.411173 0.45127
0.330854 0.577968 0.0911779
0.557034 0.346123 0.0968424
0.543643 0.0625751 0.393782
0.155734 0.189523 0.654744
0.248334 0.255469 0.496197
0.185464 0.6829 0.131636
0.592294 0.234164 0.173542
0.14267 0.129526 0.727804
0.554176 0.174609 0.271215
0.148114 0.759504 0.092382
0.519018 0.289561 0.191421
0.656856 0.175719 0.167425
0.0822496 0.827874 0.0898766
0.239152 0.398606 0.362242
0.436379 0.349582 0.214039
0.0888381 0.307175 0.603987
0.384108 0.511788 0.104105
0.246662 0.0412717 0.712067
0.0859842 0.708936 0.20508
0.496816 0.121658 0.381527
0.3328 0.0626335 0.604567
0.458729 0.471556 0.0697153
0.19814 0.471151 0.330709
0.716367 0.0576292 0.226003
0.304831 0.458502 0.236667
0.868436 0.0477207 0.0838432
0.0533542 0.890831 0.0558144
0.149522 0.0586706 0.791808
0.0742921 0.243996 0.681712
0.340633 0.396006 0.263361
0.320697 0.33601 0.343293
0.331175 0.204285 0.46454
0.233734 0.090092 0.676174
0.439733 0.18508 0.375187
0.067157 0.097174 0.835669
0.0714367 0.174731 0.753832
0.0770513 0.368387 0.554562
0.0784432 0.601893 0.319664
0.0654818 0.766953 0.167566
0.401661 0.433823 0.164516
0.805998 0.128266 0.0657359
0.0635663 0.0405632 0.89587
0.633793 0.0485653 0.317642
0.241328 0.573082 0.18559
0.234339 0.200775 0.564886
0.303566 0.280423 0.416011
0.218632 0.72487 0.0564975
0.0568399 0.428893 0.514267
0.0987434 0.653538 0.247719
0.0654301 0.549681 0.384889
0.687854 0.231888 0.0802579


3 1 32
0 18 33
26 25 43
12 11 46
38 37 48
14 13 49
16 15 50
8 7 54
9 8 61
8 54 61
13 12 62
12 46 62
49 13 62
37 36 63
48 37 63
57 53 65
54 7 66
45 54 66
44 64 68
67 58 69
6 5 70
52 58 71
49 62 71
67 49 71
58 67 71
42 51 72
51 50 72
69 42 72
67 69 72
5 4 73
31 30 73
70 5 73
60 57 74
52 71 75
62 46 75
71 62 75
23 22 76
53 57 76
10 9 77
9 61 77
61 55 77
40 39 78
29 28 79
66 70 79
56 48 80
48 63 80
63 42 80
42 69 80
39 38 81
78 39 81
38 48 81
56 44 81
48 56 81
11 10 82
10 77 82
46 11 82
55 59 83
59 43 83
43 60 83
60 74 83
35 34 84
34 47 84
51 42 84
47 51 84
77 55 85
55 83 85
83 74 85
18 17 86
17 47 86
33 18 86
34 33 86
47 34 86
4 3 87
3 32 87
32 31 87
31 73 87
73 4 87
41 40 88
40 78 88
22 21 89
64 53 89
53 76 89
76 22 89
85 74 90
74 57 91
90 74 91
52 75 91
75 90 91
44 56 92
44 68 93
78 81 93
81 44 93
68 88 93
88 78 93
56 80 94
69 58 94
80 69 94
92 56 94
58 52 94
52 92 94
20 19 95
88 68 95
21 20 96
68 64 96
64 89 96
89 21 96
20 95 96
95 68 96
24 23 97
23 76 97
57 60 97
76 57 97
28 27 98
59 45 98
70 73 99
73 30 99
30 29 99
29 79 99
79 70 99
82 77 100
77 85 100
75 46 100
90 75 100
46 82 100
85 90 100
17 16 101
47 17 101
51 47 101
16 50 101
50 51 101
19 2 102
2 41 102
95 19 102
41 88 102
88 95 102
36 35 103
35 84 103
42 63 103
84 42 103
63 36 103
45 59 104
59 55 104
54 45 104
61 54 104
55 61 104
53 64 105
65 53 105
64 44 105
44 92 105
92 65 105
57 65 106
91 57 106
52 91 106
65 92 106
92 52 106
7 6 107
66 7 107
6 70 107
70 66 107
25 24 108
43 25 108
60 43 108
24 97 108
97 60 108
45 66 109
66 79 109
98 45 109
79 28 109
28 98 109
26 43 110
43 59 110
27 26 110
98 27 110
59 98 110
15 14 111
14 49 111
49 67 111
50 15 111
72 50 111
67 72 111
