81
1 0 0
0 1 0
0 0 1
0.0588235 0.941176 0
0.117647 0.882353 0
0.176471 0.823529 0
0.235294 0.764706 0
0.294118 0.705882 0
0.352941 0.647059 0
0.411765 0.588235 0
0.470588 0.529412 0
0.529412 0.470588 0
0.588235 0.411765 0
0.647059 0.352941 0
0.705882 0.294118 0
0.764706 0.235294 0
0.823529 0.176471 0
0.882353 0.117647 0
0.941176 0.0588235 0
0 0.0714286 0.928571
0 0.142857 0.857143
0 0.214286 0.785714
0 0.285714 0.714286
0 0.357143 0.642857
0 0.428571 0.571429
0 0.5 0.5
0 0.571429 0.428571
0 0.642857 0.357143
0 0.714286 0.285714
0 0.785714 0.214286
0 0.857143 0.142857
0 0.928571 0.0714286
0.857143 0 0.142857
0.714286 0 0.285714
0.571429 0 0.428571
0.428571 0 0.571429
0.285714 0 0.714286
0.142857 0 0.857143
0.598978 0.111142 0.28988
0.13712 0.484532 0.378348
0.262853 0.132415 0.604733
0.15984 0.611621 0.22854
0.459245 0.40138 0.139374
0.793433 0.0607556 0.145811
0.428224 0.0679431 0.503833
0.399849 0.255814 0.344337
0.176248 0.254454 0.569297
0.312631 0.520515 0.166854
0.198025 0.330431 0.471544
0.631657 0.235852 0.132491
0.144229 0.403162 0.452608
0.186761 0.674739 0.1385
0.557173 0.291322 0.151504
0.745274 0.121517 0.13321
0.12557 0.135444 0.738986
0.566616 0.171618 0.261767
0.490728 0.2149 0.294372
0.290059 0.588035 0.121906
0.0808183 0.8256 0.0935821
0.434089 0.327088 0.238823
0.279331 0.0683083 0.652361
0.107821 0.707996 0.184183
0.240849 0.205138 0.554013
0.264475 0.45685 0.278675
0.428701 0.132942 0.438357
0.134765 0.0676498 0.797585
0.0884043 0.267649 0.643946
0.310759 0.399688 0.289553
0.104576 0.768824 0.1266
0.543571 0.0514388 0.40499
0.330682 0.345875 0.323442
0.692131 0.179713 0.128156
0.196926 0.547916 0.255158
0.666014 0.0528568 0.28113
0.403844 0.465319 0.130837
0.543363 0.357282 0.099355
0.0871165 0.332708 0.580175
0.0887684 0.546117 0.365114
0.0968608 0.198178 0.704961
0.293652 0.282518 0.42383
0.359673 0.188706 0.451621


3 1 31
4 3 31
30 4 31
0 18 32
25 24 39
27 26 41
12 11 42
18 17 43
32 18 43
33 32 43
36 35 44
10 9 47
15 14 49
24 23 50
39 24 50
7 6 51
8 7 51
41 8 51
27 41 51
14 13 52
49 14 52
17 16 53
43 17 53
20 19 54
49 52 56
52 45 56
55 49 56
9 8 57
47 9 57
8 41 57
5 4 58
4 30 58
30 29 58
45 52 59
37 36 60
36 44 60
51 6 61
28 27 61
27 51 61
54 40 62
47 39 63
39 50 63
44 38 64
38 55 64
55 56 64
40 60 64
60 44 64
19 2 65
2 37 65
54 19 65
40 54 65
60 40 65
37 60 65
22 21 66
46 48 66
50 48 67
63 50 67
5 58 68
58 29 68
6 5 68
61 6 68
29 28 68
28 61 68
35 34 69
44 35 69
38 44 69
67 48 70
59 42 70
42 67 70
16 15 71
53 16 71
15 49 71
49 55 71
38 53 71
55 38 71
57 41 72
39 47 72
47 57 72
34 33 73
69 34 73
33 43 73
43 53 73
53 38 73
38 69 73
11 10 74
10 47 74
47 63 74
42 11 74
67 42 74
63 67 74
13 12 75
12 42 75
42 59 75
52 13 75
59 52 75
23 22 76
48 50 76
50 23 76
22 66 76
66 48 76
26 25 77
41 26 77
72 41 77
25 39 77
39 72 77
21 20 78
20 54 78
54 62 78
62 46 78
46 66 78
66 21 78
46 62 79
62 45 79
45 59 79
59 70 79
48 46 79
70 48 79
62 40 80
56 45 80
45 62 80
40 64 80
64 56 80
