169
1 0 0
0 1 0
0 0 1
0.0588236 0.941176 0
0.117647 0.882353 0
0.176471 0.823529 0
0.235294 0.764706 0
0.294118 0.705882 0
0.352941 0.647059 0
0.411765 0.588235 0
0.470588 0.529412 0
0.529412 0.470588 0
0.588235 0.411765 0
0.647059 0.352941 0
0.705882 0.294118 0
0.764706 0.235294 0
0.823529 0.176471 0
0.882353 0.117647 0
0.941176 0.0588235 0
0 0.0625 0.9375
0 0.125 0.875
0 0.1875 0.8125
0 0.25 0.75
0 0.3125 0.6875
0 0.375 0.625
0 0.4375 0.5625
0 0.5 0.5
0 0.5625 0.4375
0 0.625 0.375
0 0.6875 0.3125
0 0.75 0.25
0 0.8125 0.1875
0 0.875 0.125
0 0.9375 0.0625
0.947368 0 0.0526316
0.894737 0 0.105263
0.842105 0 0.157895
0.789474 0 0.210526
0.736842 0 0.263158
0.684211 0 0.315789
0.631579 0 0.368421
0.578947 0 0.421053
0.526316 0 0.473684
0.473684 0 0.526316
0.421053 0 0.578947
0.368421 0 0.631579
0.315789 0 0.684211
0.263158 0 0.736842
0.210526 0 0.789474
0.157895 0 0.842105
0.105263 0 0.894737
0.0526316 0 0.947368
0.632099 0.115625 0.252276
0.103888 0.489954 0.406159
0.286316 0.124196 0.589488
0.154634 0.622527 0.22284
0.482737 0.414193 0.103071
0.793553 0.0569658 0.149481
0.422904 0.0663415 0.510754
0.653048 0.28806 0.0588918
0.680825 0.127713 0.191462
0.763839 0.174943 0.0612182
0.742859 0.121967 0.135174
0.385778 0.263694 0.350527
0.176643 0.248059 0.575298
0.271607 0.628107 0.100286
0.064606 0.12893 0.806464
0.683304 0.0573117 0.259384
0.315354 0.539621 0.145026
0.0466446 0.626002 0.327353
0.37625 0.138939 0.484812
0.18836 0.319765 0.491875
0.494863 0.233007 0.27213
0.284633 0.501082 0.214285
0.163473 0.550697 0.28583
0.110006 0.411091 0.478903
0.339271 0.583778 0.0769517
0.590298 0.330758 0.0789437
0.880753 0.0618644 0.0573824
0.560176 0.0675833 0.372241
0.146132 0.201561 0.652307
0.259045 0.251469 0.489486
0.199376 0.689286 0.111338
0.243653 0.705285 0.0510617
0.336747 0.051702 0.611551
0.830165 0.127832 0.0420032
0.580719 0.241877 0.177404
0.0746502 0.372786 0.552564
0.0478845 0.340738 0.611378
0.522426 0.275171 0.202403
0.126581 0.136464 0.736955
0.567074 0.177806 0.25512
0.339553 0.261238 0.39921
0.172652 0.768446 0.0589026
0.0978417 0.825854 0.0763046
0.238161 0.386304 0.375535
0.167226 0.411429 0.421344
0.0864914 0.76694 0.146568
0.455545 0.325275 0.21918
0.402777 0.495657 0.101566
0.427846 0.412514 0.15964
0.260613 0.0721165 0.66727
0.143934 0.687098 0.168968
0.0806155 0.702011 0.217374
0.494852 0.124688 0.380461
0.0937509 0.205189 0.70106
0.453148 0.197465 0.349386
0.545024 0.328888 0.126088
0.479668 0.467778 0.0525538
0.429234 0.284497 0.286269
0.641284 0.199964 0.158752
0.228061 0.606847 0.165092
0.173916 0.478955 0.347129
0.113386 0.290054 0.596561
0.509676 0.0616454 0.428679
0.0421714 0.250453 0.707376
0.614166 0.0758487 0.309985
0.808151 0.102479 0.0893702
0.606579 0.35718 0.0362414
0.0464155 0.563384 0.390201
0.441437 0.124252 0.43431
0.137723 0.0690435 0.793234
0.397371 0.370622 0.232007
0.334141 0.406711 0.259147
0.0516159 0.887756 0.0606283
0.737444 0.0594298 0.203127
0.0462241 0.0558127 0.897963
0.31699 0.340273 0.342737
0.689627 0.199156 0.111217
0.0501481 0.495617 0.454235
0.0998411 0.621721 0.278438
0.0837229 0.0672138 0.849063
0.230205 0.329118 0.440677
0.323968 0.214509 0.461523
0.0407432 0.772781 0.186476
0.280731 0.424112 0.295157
0.197896 0.0656383 0.736466
0.216929 0.158657 0.624414
0.0465314 0.440558 0.512911
0.102881 0.554414 0.342705
0.360769 0.455337 0.183894
0.544801 0.400361 0.0548379
0.712692 0.239373 0.0479352
0.307102 0.166975 0.525923
0.534196 0.144851 0.320953
0.233945 0.213562 0.552494
0.371655 0.331981 0.296364
0.228746 0.497612 0.273642
0.137269 0.3292 0.533531
0.388894 0.19553 0.415576
0.385046 0.570429 0.0445256
0.21561 0.560695 0.223695
0.303521 0.653682 0.0427972
0.48492 0.353867 0.161213
0.189242 0.123925 0.686833
0.616473 0.173458 0.210068
0.846736 0.0437834 0.109481
0.0547697 0.188871 0.756359
0.472583 0.0506584 0.476759
0.136714 0.750573 0.112713
0.0763049 0.269259 0.654436
0.0440187 0.684026 0.271956
0.360699 0.0873632 0.551938
0.433666 0.526256 0.0400782
0.617246 0.265314 0.11744
0.0417522 0.832275 0.125973
0.13391 0.83006 0.0360293
0.232758 0.444904 0.322338
0.285164 0.297566 0.41727


3 1 33
0 18 34
19 2 51
37 36 57
44 43 58
14 13 59
16 15 61
21 20 66
39 38 67
60 52 67
29 28 69
65 68 76
18 17 78
34 18 78
35 34 78
41 40 79
7 6 83
82 65 83
46 45 84
45 44 84
17 16 85
78 17 85
16 61 85
25 24 88
87 25 88
24 23 88
86 89 91
89 72 91
6 5 93
83 6 93
82 83 93
53 75 96
75 71 96
72 89 98
76 68 99
56 99 100
47 46 101
46 84 101
84 54 101
55 102 103
102 97 103
90 80 105
89 86 107
11 10 108
99 56 108
72 98 109
63 106 109
106 72 109
68 65 111
73 68 111
65 82 111
82 102 111
102 55 111
53 96 112
96 95 112
80 64 113
87 88 113
42 41 114
41 79 114
79 104 114
23 22 115
40 39 116
39 67 116
67 52 116
79 40 116
52 91 116
61 62 117
62 57 117
85 61 117
78 85 117
13 12 118
59 13 118
77 59 118
28 27 119
69 28 119
70 58 120
104 106 120
114 104 120
49 48 121
90 66 121
98 100 122
109 98 122
4 3 124
94 4 124
3 33 124
33 32 124
38 37 125
37 57 125
57 62 125
62 60 125
60 67 125
67 38 125
20 19 126
19 51 126
51 50 126
92 63 127
60 62 128
110 60 128
62 61 128
27 26 129
75 53 129
53 119 129
119 27 129
74 55 130
55 103 130
50 49 131
49 121 131
121 66 131
126 50 131
66 20 131
20 126 131
71 81 132
95 96 132
96 71 132
31 30 134
30 103 134
103 97 134
123 73 135
95 127 135
127 123 135
48 47 136
47 101 136
90 121 136
121 48 136
64 80 137
101 54 137
26 25 138
25 87 138
129 26 138
87 75 138
75 129 138
53 112 139
112 74 139
74 130 139
119 53 139
69 119 139
130 69 139
99 68 140
100 99 140
68 73 140
73 123 140
122 100 140
123 122 140
12 11 141
56 107 141
107 77 141
11 108 141
108 56 141
77 118 141
118 12 141
15 14 142
61 15 142
14 59 142
59 128 142
128 61 142
70 133 143
133 81 143
104 79 144
91 72 144
72 106 144
106 104 144
79 116 144
116 91 144
71 64 145
81 71 145
64 137 145
143 81 145
137 54 145
54 143 145
63 109 146
127 63 146
109 122 146
122 123 146
123 127 146
135 73 147
74 112 147
71 75 148
75 87 148
64 71 148
113 64 148
87 113 148
63 92 149
70 120 149
106 63 149
120 106 149
92 133 149
133 70 149
9 8 150
8 76 150
76 99 150
55 74 151
74 147 151
111 55 151
73 111 151
147 73 151
8 7 152
76 8 152
65 76 152
7 83 152
83 65 152
56 100 153
100 98 153
107 56 153
98 89 153
89 107 153
80 90 154
90 136 154
137 80 154
136 101 154
101 137 154
52 60 155
60 110 155
86 91 155
110 86 155
91 52 155
36 35 156
35 78 156
57 36 156
117 57 156
78 117 156
22 21 157
21 66 157
66 90 157
90 105 157
115 22 157
105 115 157
43 42 158
42 114 158
58 43 158
114 120 158
120 58 158
93 94 159
94 97 159
82 93 159
102 82 159
97 102 159
105 80 160
80 113 160
88 23 160
23 115 160
115 105 160
113 88 160
30 29 161
103 30 161
29 69 161
69 130 161
130 103 161
44 58 162
84 44 162
58 70 162
54 84 162
143 54 162
70 143 162
99 108 163
108 10 163
10 9 163
9 150 163
150 99 163
77 107 164
107 86 164
59 77 164
86 110 164
110 128 164
128 59 164
97 94 165
94 124 165
124 32 165
32 31 165
31 134 165
134 97 165
5 4 166
4 94 166
93 5 166
94 93 166
112 95 167
147 112 167
95 135 167
135 147 167
132 81 168
92 127 168
127 95 168
95 132 168
81 133 168
133 92 168
