143
1 0 0
0 1 0
0 0 1
0.0588235 0.941176 0
0.117647 0.882353 0
0.176471 0.823529 0
0.235294 0.764706 0
0.294118 0.705882 0
0.352941 0.647059 0
0.411765 0.588235 0
0.470588 0.529412 0
0.529412 0.470588 0
0.588235 0.411765 0
0.647059 0.352941 0
0.705882 0.294118 0
0.764706 0.235294 0
0.823529 0.176471 0
0.882353 0.117647 0
0.941176 0.0588235 0
0 0.0588236 0.941176
0 0.117647 0.882353
0 0.176471 0.823529
0 0.235294 0.764706
0 0.294118 0.705882
0 0.352941 0.647059
0 0.411765 0.588235
0 0.470588 0.529412
0 0.529412 0.470588
0 0.588235 0.411765
0 0.647059 0.352941
0 0.705882 0.294118
0 0.764706 0.235294
0 0.823529 0.176471
0 0.882353 0.117647
0 0.941176 0.0588235
0.923077 0 0.0769231
0.846154 0 0.153846
0.769231 0 0.230769
0.692308 0 0.307692
0.615385 0 0.384615
0.538462 0 0.461538
0.461538 0 0.538462
0.384615 0 0.615385
0.307692 0 0.692308
0.230769 0 0.769231
0.153846 0 0.846154
0.0769231 0 0.923077
0.112359 0.833674 0.053967
0.629298 0.123109 0.247594
0.108058 0.496356 0.395586
0.286796 0.135003 0.578202
0.146198 0.603739 0.250063
0.481938 0.411759 0.106304
0.790303 0.0615267 0.148171
0.421109 0.0723462 0.506545
0.658409 0.278379 0.0632122
0.750078 0.176784 0.0731378
0.745317 0.125349 0.129335
0.410515 0.240201 0.349284
0.64086 0.0611813 0.297959
0.173244 0.243268 0.583488
0.277435 0.640265 0.0823002
0.0642579 0.134314 0.801428
0.315412 0.525109 0.15948
0.373211 0.139256 0.487533
0.180556 0.337831 0.481613
0.49484 0.240742 0.264418
0.169651 0.532901 0.297448
0.135987 0.394766 0.469246
0.342877 0.579891 0.0772313
0.58307 0.321705 0.0952248
0.870026 0.0579791 0.0719953
0.55695 0.0601713 0.382878
0.14835 0.192517 0.659133
0.246463 0.2578 0.495737
0.20081 0.676033 0.123157
0.364678 0.041102 0.59422
0.816364 0.119365 0.0642711
0.592043 0.244358 0.163599
0.271094 0.483663 0.245243
0.0800481 0.369716 0.550236
0.0620943 0.319867 0.618039
0.134438 0.133659 0.731903
0.568948 0.180294 0.250759
0.163012 0.772903 0.0640845
0.511201 0.295344 0.193455
0.663321 0.170177 0.166502
0.684521 0.223062 0.0924169
0.217834 0.391497 0.390669
0.0791336 0.782689 0.138177
0.437181 0.343748 0.219071
0.399321 0.515075 0.0856037
0.256083 0.0365306 0.707387
0.0706078 0.715311 0.214081
0.4746 0.114751 0.410649
0.724174 0.0422978 0.233528
0.351106 0.21361 0.435283
0.479684 0.464465 0.0558518
0.212785 0.128893 0.658322
0.19595 0.467715 0.336335
0.327668 0.282272 0.390061
0.424846 0.4516 0.123555
0.0416042 0.251276 0.70712
0.483056 0.180355 0.336589
0.144738 0.725564 0.129698
0.057807 0.890183 0.0520098
0.092779 0.261008 0.646213
0.134331 0.0674049 0.798264
0.349631 0.395979 0.25439
0.309728 0.352188 0.338084
0.405737 0.30688 0.287383
0.295779 0.187927 0.516294
0.231079 0.708708 0.0602133
0.0568367 0.0857853 0.857378
0.490362 0.0518605 0.457778
0.0702328 0.646667 0.2831
0.505154 0.357251 0.137596
0.0893413 0.571713 0.338946
0.068901 0.439232 0.491867
0.201338 0.0729602 0.725702
0.270559 0.422919 0.306522
0.275104 0.58149 0.143406
0.0706213 0.198036 0.731343
0.0478258 0.538778 0.413396
0.0839337 0.0404649 0.875601
0.1426 0.302449 0.554951
0.226832 0.557766 0.215401
0.0539609 0.84255 0.10349
0.145117 0.440088 0.414794
0.423532 0.398644 0.177824
0.35945 0.46018 0.180369
0.223761 0.189464 0.586774
0.419473 0.172436 0.408091
0.344728 0.0940833 0.561189
0.255138 0.322537 0.422325
0.549308 0.396983 0.0537085
0.558905 0.119473 0.321621
0.701009 0.0963192 0.202671
0.209748 0.62255 0.167703
0.0426361 0.610397 0.346967
0.283757 0.0723923 0.643851
0.136076 0.66697 0.196954
0.0446188 0.492374 0.463007


3 1 34
0 18 35
19 2 46
5 4 47
37 36 53
15 14 55
14 13 55
16 15 56
39 38 59
8 7 61
21 20 62
9 8 69
8 61 69
55 13 70
18 17 71
35 18 71
36 35 71
53 36 71
40 39 72
39 59 72
43 42 76
42 41 76
41 54 76
17 16 77
16 56 77
56 57 77
71 17 77
57 53 77
53 71 77
55 70 78
25 24 80
65 68 80
24 23 81
80 24 81
78 66 83
6 5 84
5 47 84
66 78 85
78 70 85
57 56 86
78 83 86
83 48 86
15 55 87
56 15 87
86 56 87
55 78 87
78 86 87
68 65 88
32 31 89
84 47 89
10 9 91
9 69 91
69 63 91
44 43 92
31 30 93
89 31 93
64 54 94
38 37 95
59 38 95
37 53 95
11 10 97
10 91 97
73 82 98
67 49 99
79 67 99
74 96 100
96 58 100
52 97 101
97 91 101
23 22 102
66 58 103
83 66 103
84 89 104
89 93 104
4 3 105
3 34 105
34 33 105
47 4 105
81 23 106
23 102 106
73 60 106
45 44 107
82 62 107
58 66 110
66 85 110
85 90 110
100 58 110
109 100 110
90 108 110
108 109 110
50 64 111
64 96 111
96 74 111
7 6 112
61 7 112
75 61 112
6 84 112
84 104 112
104 75 112
20 19 113
62 20 113
107 62 113
41 40 114
54 41 114
40 72 114
72 94 114
94 54 114
30 29 115
93 30 115
85 70 116
90 85 116
49 67 117
67 51 117
51 115 117
26 25 118
25 80 118
80 68 118
98 82 119
44 92 119
107 44 119
82 107 119
79 99 120
108 79 120
99 88 120
88 109 120
109 108 120
63 69 121
69 61 121
22 21 122
21 62 122
62 82 122
102 22 122
82 73 122
73 106 122
106 102 122
28 27 123
117 28 123
49 117 123
19 46 124
113 19 124
46 45 124
45 107 124
107 113 124
60 74 125
74 65 125
65 80 125
80 81 125
81 106 125
106 60 125
51 67 126
67 79 126
79 63 126
63 121 126
33 32 127
32 89 127
89 47 127
47 105 127
105 33 127
99 49 128
68 88 128
88 99 128
49 118 128
118 68 128
52 101 129
108 90 129
90 116 129
116 52 129
63 79 130
91 63 130
101 91 130
79 108 130
108 129 130
129 101 130
60 73 131
73 98 131
98 50 131
50 111 131
74 60 131
111 74 131
64 94 132
94 103 132
96 64 132
58 96 132
103 58 132
54 64 133
64 50 133
76 54 133
65 74 134
74 100 134
88 65 134
109 88 134
100 109 134
13 12 135
70 13 135
12 11 135
11 97 135
97 52 135
52 116 135
116 70 135
59 48 136
72 59 136
94 72 136
103 94 136
48 83 136
83 103 136
57 86 137
86 48 137
53 57 137
95 53 137
48 59 137
59 95 137
61 75 138
121 61 138
51 126 138
126 121 138
29 28 139
28 117 139
115 29 139
117 115 139
43 76 140
92 43 140
98 119 140
119 92 140
76 133 140
50 98 140
133 50 140
75 104 141
104 93 141
93 115 141
115 51 141
138 75 141
51 138 141
27 26 142
26 118 142
118 49 142
49 123 142
123 27 142
