101
1 0 0
0 1 0
0 0 1
0.0588235 0.941176 0
0.117647 0.882353 0
0.176471 0.823529 0
0.235294 0.764706 0
0.294118 0.705882 0
0.352941 0.647059 0
0.411765 0.588235 0
0.470588 0.529412 0
0.529412 0.470588 0
0.588235 0.411765 0
0.647059 0.352941 0
0.705882 0.294118 0
0.764706 0.235294 0
0.823529 0.176471 0
0.882353 0.117647 0
0.941176 0.0588235 0
0 0.0909091 0.909091
0 0.181818 0.818182
0 0.272727 0.727273
0 0.363636 0.636364
0 0.454545 0.545455
0 0.545455 0.454545
0 0.636364 0.363636
0 0.727273 0.272727
0 0.818182 0.181818
0 0.909091 0.0909091
0.916667 0 0.0833333
0.833333 0 0.166667
0.75 0 0.25
0.666667 0 0.333333
0.583333 0 0.416667
0.5 0 0.5
0.416667 0 0.583333
0.333333 0 0.666667
0.25 0 0.75
0.166667 0 0.833333
0.0833333 0 0.916667
0.633 0.112419 0.254581
0.106951 0.500525 0.392524
0.277118 0.143356 0.579526
0.146769 0.594239 0.258992
0.498324 0.400939 0.100737
0.793367 0.083831 0.122802
0.41408 0.071343 0.514577
0.645602 0.272567 0.0818304
0.758293 0.164271 0.0774364
0.396128 0.247923 0.355949
0.167307 0.234507 0.598187
0.281598 0.618446 0.0999558
0.0590407 0.136194 0.804766
0.291939 0.514092 0.193969
0.365523 0.144415 0.490063
0.192324 0.327233 0.480443
0.490929 0.233172 0.275899
0.13206 0.399539 0.468402
0.590829 0.325586 0.0835846
0.87458 0.0517085 0.0737112
0.559067 0.074823 0.36611
0.249462 0.243544 0.506993
0.197366 0.675816 0.126818
0.574236 0.250672 0.175092
0.0579674 0.335953 0.60608
0.135802 0.141305 0.722893
0.563469 0.165318 0.271214
0.0767245 0.842853 0.0804221
0.444953 0.331949 0.223098
0.385035 0.50798 0.106984
0.0859711 0.685296 0.228733
0.493229 0.118874 0.387897
0.0903893 0.206637 0.702974
0.234771 0.419585 0.345644
0.640238 0.191968 0.167795
0.309128 0.0693433 0.621528
0.189477 0.495127 0.315396
0.702909 0.0634581 0.233632
0.321536 0.281862 0.396603
0.0545809 0.423085 0.522334
0.332105 0.424647 0.243249
0.135726 0.760255 0.104019
0.429966 0.434492 0.135542
0.0916092 0.063612 0.844779
0.323186 0.207423 0.46939
0.0551597 0.770001 0.174839
0.0513805 0.254384 0.694236
0.435924 0.166811 0.397266
0.203181 0.0766836 0.720135
0.0682596 0.587803 0.343938
0.206908 0.165348 0.627745
0.276025 0.341136 0.382839
0.524325 0.327094 0.148581
0.225194 0.576637 0.198169
0.707134 0.134476 0.15839
0.346642 0.576296 0.0770617
0.115661 0.295795 0.588544
0.367168 0.346764 0.286068
0.0453433 0.504043 0.450614
0.703815 0.217525 0.0786601
0.628993 0.0491063 0.321901


3 1 28
0 18 29
12 11 44
17 16 45
31 30 45
35 34 46
36 35 46
14 13 47
16 15 48
45 16 48
8 7 51
20 19 52
13 12 58
47 13 58
18 17 59
29 18 59
30 29 59
17 45 59
45 30 59
34 33 60
55 50 61
7 6 62
51 7 62
47 58 63
22 21 64
63 56 66
60 40 66
5 4 67
4 3 67
3 28 67
28 27 67
49 56 68
10 9 69
26 25 70
43 62 70
46 34 71
34 60 71
66 56 71
60 66 71
20 52 72
52 65 72
65 50 72
57 55 73
66 40 74
47 63 74
63 66 74
37 36 75
54 42 75
36 46 75
46 54 75
43 41 76
73 53 76
41 57 76
57 73 76
32 31 77
31 45 77
57 41 79
23 22 79
22 64 79
64 57 79
69 53 80
53 73 80
6 5 81
62 6 81
70 62 81
5 67 81
11 10 82
44 11 82
10 69 82
68 44 82
69 80 82
19 2 83
2 39 83
52 19 83
39 38 83
65 52 83
42 54 84
54 49 84
49 78 84
61 42 84
78 61 84
27 26 85
67 27 85
81 67 85
26 70 85
70 81 85
21 20 86
20 72 86
64 21 86
49 54 87
56 49 87
54 46 87
46 71 87
71 56 87
38 37 88
37 75 88
75 42 88
65 83 88
83 38 88
25 24 89
41 43 89
43 70 89
70 25 89
42 61 90
61 50 90
50 65 90
65 88 90
88 42 90
55 61 91
61 78 91
73 55 91
80 73 91
12 44 92
58 12 92
56 63 92
63 58 92
68 56 92
44 68 92
51 62 93
62 43 93
43 76 93
53 51 93
76 53 93
74 40 94
45 48 94
77 45 94
40 77 94
9 8 95
8 51 95
51 53 95
53 69 95
69 9 95
55 57 96
57 64 96
50 55 96
64 86 96
72 50 96
86 72 96
49 68 97
78 49 97
68 82 97
82 80 97
80 91 97
91 78 97
24 23 98
23 79 98
79 41 98
41 89 98
89 24 98
15 14 99
14 47 99
47 74 99
48 15 99
94 48 99
74 94 99
33 32 100
40 60 100
60 33 100
32 77 100
77 40 100
