125
1 0 0
0 1 0
0 0 1
0.0588235 0.941176 0
0.117647 0.882353 0
0.176471 0.823529 0
0.235294 0.764706 0
0.294118 0.705882 0
0.352941 0.647059 0
0.411765 0.588235 0
0.470588 0.529412 0
0.529412 0.470588 0
0.588235 0.411765 0
0.647059 0.352941 0
0.705882 0.294118 0
0.764706 0.235294 0
0.823529 0.176471 0
0.882353 0.117647 0
0.941176 0.0588235 0
0 0.0833334 0.916667
0 0.166667 0.833333
0 0.25 0.75
0 0.333333 0.666667
0 0.416667 0.583333
0 0.5 0.5
0 0.583333 0.416667
0 0.666667 0.333333
0 0.75 0.25
0 0.833333 0.166667
0 0.916667 0.0833333
0.933333 0 0.0666667
0.866667 0 0.133333
0.8 0 0.2
0.733333 0 0.266667
0.666667 0 0.333333
0.6 0 0.4
0.533333 0 0.466667
0.466667 0 0.533333
0.4 0 0.6
0.333333 0 0.666667
0.266667 0 0.733333
0.2 0 0.8
0.133333 0 0.866667
0.0666667 0 0.933333
0.637571 0.118141 0.244287
0.0924496 0.486912 0.420639
0.292889 0.141901 0.565209
0.157503 0.613847 0.22865
0.485917 0.408706 0.105377
0.808933 0.0651261 0.125941
0.427713 0.07832 0.493967
0.647405 0.272634 0.0799617
0.0459072 0.350052 0.604041
0.763526 0.148639 0.0878347
0.400071 0.238849 0.36108
0.176463 0.255805 0.567732
0.279523 0.628838 0.0916388
0.0532818 0.127262 0.819456
0.683717 0.0576441 0.258639
0.310032 0.525087 0.164881
0.373627 0.142359 0.484014
0.18722 0.336253 0.476528
0.481688 0.225263 0.293048
0.167028 0.529922 0.30305
0.121914 0.400259 0.477827
0.346802 0.577996 0.0752022
0.583745 0.329822 0.086433
0.699764 0.130566 0.169669
0.877592 0.0553216 0.0670861
0.550157 0.0726604 0.377183
0.253403 0.238088 0.508509
0.201195 0.683762 0.115043
0.247627 0.700038 0.0523345
0.34821 0.06817 0.58362
0.592469 0.245488 0.162043
0.530049 0.274437 0.195514
0.127708 0.135297 0.736995
0.565534 0.16584 0.268626
0.325165 0.271189 0.403645
0.154334 0.7765 0.0691665
0.643175 0.18969 0.167135
0.0816622 0.82817 0.0901681
0.235549 0.392655 0.371795
0.447246 0.330244 0.22251
0.394846 0.505888 0.0992657
0.268588 0.0730918 0.65832
0.136481 0.695112 0.168407
0.0668808 0.707916 0.225203
0.126345 0.222248 0.651407
0.0495678 0.780276 0.170156
0.492726 0.130627 0.376647
0.0608032 0.417109 0.522088
0.286823 0.444566 0.268611
0.0597011 0.27371 0.666589
0.364642 0.415881 0.219477
0.425737 0.422435 0.151828
0.110459 0.322338 0.567203
0.309156 0.359427 0.331417
0.101826 0.0649141 0.83326
0.164593 0.438241 0.397166
0.217 0.464887 0.318113
0.613402 0.0668294 0.319768
0.226755 0.587877 0.185368
0.436163 0.165905 0.397931
0.186541 0.0660681 0.747391
0.491775 0.0572723 0.450953
0.0460993 0.636222 0.317679
0.0995077 0.571698 0.328795
0.460036 0.472205 0.0677586
0.827156 0.112141 0.0607027
0.204779 0.160495 0.634727
0.373719 0.323471 0.302809
0.332944 0.198386 0.46867
0.0503769 0.882388 0.0672356
0.542463 0.400588 0.0569488
0.242287 0.518625 0.239088
0.748014 0.0667179 0.185268
0.0453191 0.551831 0.40285
0.705092 0.214377 0.08053
0.0411496 0.0552575 0.903593
0.518356 0.347768 0.133876
0.261087 0.3154 0.423513
0.101597 0.641455 0.256948
0.0656176 0.195326 0.739057
0.103902 0.759809 0.13629


3 1 29
0 18 30
32 31 49
38 37 50
14 13 51
23 22 52
16 15 53
8 7 56
20 19 57
34 33 58
9 8 65
8 56 65
56 59 65
13 12 66
51 13 66
44 58 67
18 17 68
30 18 68
31 30 68
49 31 68
36 35 69
61 55 70
7 6 72
6 71 72
56 7 72
71 56 72
39 38 73
60 46 73
38 50 73
50 60 73
51 66 74
74 66 75
74 75 77
75 62 77
5 4 79
6 5 79
71 6 79
44 67 80
51 74 80
74 77 80
77 44 80
79 4 81
54 62 83
62 75 83
10 9 84
9 65 84
65 59 84
40 39 85
39 73 85
73 46 85
47 71 86
71 79 86
27 26 87
28 27 89
27 87 89
81 28 89
69 77 90
77 62 90
24 23 91
45 24 91
64 45 91
23 52 91
22 21 93
52 22 93
84 59 94
59 92 94
83 48 95
94 83 95
84 94 95
55 61 96
61 64 96
64 91 96
91 52 96
52 93 96
88 55 96
93 88 96
92 82 97
94 92 97
43 42 98
76 57 98
63 45 99
45 64 99
64 61 99
61 82 99
82 92 100
63 99 100
99 82 100
35 34 101
34 58 101
58 44 101
69 35 101
44 77 101
77 69 101
59 56 102
47 63 102
56 71 102
71 47 102
54 60 103
60 50 103
50 90 103
62 54 103
90 62 103
41 40 104
40 85 104
42 41 104
98 42 104
76 98 104
37 36 105
50 37 105
90 50 105
36 69 105
69 90 105
26 25 106
87 26 106
45 63 107
63 47 107
11 10 108
48 11 108
95 48 108
10 84 108
84 95 108
17 16 109
16 53 109
53 49 109
49 68 109
68 17 109
46 70 110
70 55 110
85 46 110
55 88 110
88 76 110
76 104 110
104 85 110
78 54 111
97 78 111
54 83 111
83 94 111
94 97 111
46 60 112
70 46 112
78 70 112
60 54 112
54 78 112
4 3 113
81 4 113
3 29 113
29 28 113
28 81 113
12 11 114
11 48 114
66 12 114
63 100 115
102 63 115
92 59 115
59 102 115
100 92 115
33 32 116
32 49 116
58 33 116
67 58 116
49 53 116
53 67 116
25 24 117
24 45 117
45 107 117
106 25 117
107 106 117
15 14 118
14 51 118
53 15 118
67 53 118
51 80 118
80 67 118
19 2 119
2 43 119
43 98 119
57 19 119
98 57 119
48 83 120
83 75 120
114 48 120
75 66 120
66 114 120
61 70 121
82 61 121
70 78 121
78 97 121
97 82 121
47 86 122
86 87 122
87 106 122
106 107 122
107 47 122
21 20 123
20 57 123
57 76 123
76 88 123
93 21 123
88 93 123
79 81 124
81 89 124
86 79 124
87 86 124
89 87 124
