94
1 0 0
0 1 0
0 0 1
0.0588235 0.941177 0
0.117647 0.882353 0
0.176471 0.823529 0
0.235294 0.764706 0
0.294118 0.705882 0
0.352941 0.647059 0
0.411765 0.588235 0
0.470588 0.529412 0
0.529412 0.470588 0
0.588235 0.411765 0
0.647059 0.352941 0
0.705882 0.294118 0
0.764706 0.235294 0
0.823529 0.176471 0
0.882353 0.117647 0
0.941176 0.0588235 0
0 0.0909091 0.909091
0 0.181818 0.818182
0 0.272727 0.727273
0 0.363636 0.636364
0 0.454545 0.545455
0 0.545455 0.454545
0 0.636364 0.363636
0 0.727273 0.272727
0 0.818182 0.181818
0 0.909091 0.0909091
0.909091 0 0.0909091
0.818182 0 0.181818
0.727273 0 0.272727
0.636364 0 0.363636
0.545455 0 0.454545
0.454545 0 0.545455
0.363636 0 0.636364
0.272727 0 0.727273
0.181818 0 0.818182
0.090909 0 0.909091
0.654732 0.112917 0.232351
0.100319 0.509424 0.390257
0.284607 0.132452 0.582941
0.147527 0.605551 0.246922
0.497688 0.39747 0.104842
0.807382 0.0738833 0.118735
0.427466 0.0710734 0.501461
0.737207 0.167979 0.0948132
0.408279 0.256904 0.334816
0.170806 0.235362 0.593832
0.688315 0.212473 0.099212
0.279052 0.615133 0.105815
0.0616948 0.148821 0.789485
0.68804 0.0521364 0.259824
0.289534 0.513669 0.196797
0.388324 0.152558 0.459118
0.174873 0.325525 0.499602
0.47309 0.219052 0.307858
0.635631 0.26885 0.0955189
0.134263 0.410337 0.4554
0.582818 0.320973 0.0962089
0.547815 0.075536 0.376649
0.253598 0.265938 0.480464
0.555911 0.23689 0.2072
0.0741025 0.336632 0.589265
0.133925 0.15105 0.715025
0.0861578 0.784433 0.129409
0.434578 0.343521 0.221901
0.382845 0.508657 0.108498
0.126003 0.691572 0.182425
0.50014 0.145765 0.354095
0.234836 0.418321 0.346844
0.0514832 0.865287 0.0832297
0.318023 0.0683592 0.613618
0.193283 0.483516 0.323201
0.873772 0.0514032 0.0748244
0.0892275 0.242817 0.667956
0.60336 0.17579 0.22085
0.33145 0.423255 0.245295
0.317174 0.217266 0.465561
0.0836183 0.0707411 0.845641
0.196748 0.071108 0.732144
0.210547 0.673389 0.116064
0.0720135 0.608496 0.319491
0.219963 0.172611 0.607426
0.350819 0.325964 0.323216
0.0587799 0.694933 0.246287
0.209354 0.566603 0.224044
0.270268 0.346681 0.38305
0.0568337 0.418007 0.525159
0.1673 0.75159 0.0811101
0.507562 0.313652 0.178786
0.425799 0.431591 0.14261
0.343861 0.576776 0.0793628
0.745341 0.0990025 0.155657


3 1 28
0 18 29
24 23 40
12 11 43
17 16 44
31 30 44
35 34 45
16 15 46
15 14 49
46 15 49
39 46 49
8 7 50
20 19 51
32 31 52
39 32 52
47 54 56
14 13 57
49 14 57
13 12 59
57 13 59
33 32 60
32 39 60
34 33 60
45 34 60
55 48 61
57 59 62
22 21 63
55 58 63
5 4 65
27 26 65
10 9 67
54 45 69
56 54 69
45 60 69
62 56 69
58 55 70
4 3 71
3 28 71
28 27 71
27 65 71
65 4 71
36 35 72
54 41 72
35 45 72
45 54 72
40 58 73
58 70 73
70 53 73
18 17 74
29 18 74
30 29 74
17 44 74
44 30 74
21 20 75
20 51 75
63 21 75
48 55 75
55 63 75
51 64 75
64 48 75
39 49 76
49 57 76
57 62 76
60 39 76
69 60 76
62 69 76
67 53 77
53 70 77
41 54 78
54 47 78
19 2 79
2 38 79
51 19 79
64 51 79
37 36 80
36 72 80
72 41 80
38 37 80
79 38 80
64 79 80
7 6 81
50 7 81
68 42 81
25 24 82
24 40 82
40 42 82
42 68 82
61 48 83
48 64 83
41 78 83
78 61 83
64 80 83
80 41 83
47 66 84
78 47 84
61 78 84
26 25 85
65 26 85
68 65 85
25 82 85
82 68 85
42 40 86
40 73 86
53 50 86
73 53 86
50 81 86
81 42 86
55 61 87
70 55 87
77 70 87
61 84 87
84 77 87
23 22 88
40 23 88
58 40 88
22 63 88
63 58 88
6 5 89
5 65 89
65 68 89
68 81 89
81 6 89
12 43 90
59 12 90
56 62 90
62 59 90
47 56 90
66 47 90
43 66 90
11 10 91
43 11 91
10 67 91
66 43 91
67 77 91
77 84 91
84 66 91
9 8 92
8 50 92
50 53 92
53 67 92
67 9 92
44 16 93
16 46 93
31 44 93
52 31 93
46 39 93
39 52 93
