168
1 0 0
0 1 0
0 0 1
0.0588235 0.941176 0
0.117647 0.882353 0
0.176471 0.823529 0
0.235294 0.764706 0
0.294118 0.705882 0
0.352941 0.647059 0
0.411765 0.588235 0
0.470588 0.529412 0
0.529412 0.470588 0
0.588235 0.411765 0
0.647059 0.352941 0
0.705882 0.294118 0
0.764706 0.235294 0
0.823529 0.176471 0
0.882353 0.117647 0
0.941176 0.0588235 0
0 0.0666666 0.933333
0 0.133333 0.866667
0 0.2 0.8
0 0.266667 0.733333
0 0.333333 0.666667
0 0.4 0.6
0 0.466667 0.533333
0 0.533333 0.466667
0 0.6 0.4
0 0.666667 0.333333
0 0.733333 0.266667
0 0.8 0.2
0 0.866667 0.133333
0 0.933333 0.0666667
0.95 0 0.05
0.9 0 0.1
0.85 0 0.15
0.8 0 0.2
0.75 0 0.25
0.7 0 0.3
0.65 0 0.35
0.6 0 0.4
0.55 0 0.45
0.5 0 0.5
0.45 0 0.55
0.4 0 0.6
0.35 0 0.65
0.3 0 0.7
0.25 0 0.75
0.2 0 0.8
0.15 0 0.85
0.1 0 0.9
0.05 0 0.95
0.799913 0.0494114 0.150675
0.64402 0.0939682 0.262012
0.100239 0.494205 0.405556
0.277698 0.143956 0.578346
0.157254 0.609299 0.233447
0.486393 0.412911 0.100696
0.416807 0.0684224 0.51477
0.797187 0.160056 0.0427574
0.653978 0.284659 0.0613629
0.0483431 0.339354 0.612303
0.68514 0.126323 0.188537
0.751161 0.113851 0.134988
0.391307 0.250496 0.358197
0.174375 0.248994 0.576631
0.714282 0.231344 0.0543742
0.278603 0.62167 0.0997269
0.0609595 0.128996 0.810044
0.317111 0.523408 0.159481
0.375195 0.140037 0.484768
0.190452 0.324989 0.484558
0.495815 0.232801 0.271383
0.275118 0.507745 0.217137
0.160549 0.541646 0.297804
0.109775 0.412277 0.477948
0.343946 0.560346 0.0957076
0.591193 0.327486 0.0813212
0.890137 0.0567987 0.0530647
0.551336 0.0674585 0.381205
0.145014 0.202448 0.652538
0.259685 0.232444 0.507871
0.200439 0.682091 0.11747
0.244777 0.703471 0.0517516
0.336396 0.0684802 0.595124
0.581142 0.24199 0.176869
0.0731785 0.374473 0.552348
0.518266 0.283601 0.198133
0.124489 0.138119 0.737391
0.568364 0.177092 0.254544
0.33606 0.265986 0.397954
0.166973 0.774901 0.058126
0.454808 0.387135 0.158057
0.101706 0.829335 0.0689585
0.227465 0.390202 0.382333
0.158771 0.41792 0.42331
0.824163 0.0804067 0.0954304
0.457418 0.319277 0.223305
0.416397 0.489732 0.0938707
0.24493 0.0618126 0.693258
0.148817 0.678601 0.172583
0.089965 0.694856 0.215179
0.0491754 0.785122 0.165702
0.493527 0.126212 0.380261
0.0905538 0.211205 0.698241
0.460008 0.198083 0.34191
0.541046 0.330154 0.1288
0.481328 0.466959 0.0517135
0.429184 0.283995 0.286821
0.640687 0.197825 0.161488
0.222528 0.149503 0.627969
0.703932 0.0581315 0.237936
0.110086 0.291907 0.598007
0.500347 0.0636121 0.436041
0.60508 0.0746314 0.320289
0.048016 0.854778 0.0972057
0.606646 0.356391 0.0369631
0.434775 0.138345 0.426881
0.1343 0.0713392 0.794361
0.399372 0.374956 0.225671
0.334293 0.422278 0.243429
0.0458344 0.0666243 0.887541
0.289164 0.0675033 0.643332
0.315489 0.346133 0.338378
0.0725111 0.275633 0.651856
0.108066 0.615024 0.27691
0.093154 0.0593293 0.847517
0.248625 0.305141 0.446234
0.843225 0.116797 0.0399782
0.314022 0.225043 0.460935
0.273143 0.430286 0.296571
0.211565 0.465372 0.323063
0.211908 0.598085 0.190006
0.111289 0.759981 0.12873
0.750197 0.0597175 0.190086
0.191665 0.0641449 0.744191
0.757387 0.165217 0.0773957
0.0529844 0.197329 0.749686
0.0516255 0.65561 0.292765
0.099977 0.562186 0.337836
0.0441668 0.443325 0.512509
0.545757 0.399512 0.0547313
0.533795 0.144292 0.321913
0.223565 0.222026 0.554409
0.371401 0.333099 0.2955
0.220969 0.521115 0.257917
0.136084 0.330227 0.53369
0.051198 0.508616 0.440186
0.319693 0.149705 0.530601
0.43116 0.528948 0.0398915
0.188938 0.12212 0.688943
0.690227 0.193743 0.116031
0.376813 0.463508 0.159679
0.0323986 0.927489 0.040112
0.376363 0.1976 0.426037
0.156996 0.479962 0.363042
0.312656 0.642459 0.0448851
0.259388 0.587985 0.152627
0.375234 0.580346 0.0444202
0.0486295 0.582218 0.369153
0.283505 0.313513 0.402982
0.618442 0.169427 0.212132
0.0392747 0.263728 0.696998
0.0715592 0.887992 0.0404484
0.370782 0.0819481 0.54727
0.461421 0.0548751 0.483704
0.617904 0.262401 0.119695
0.0366933 0.733885 0.229422


0 18 33
19 2 51
36 35 52
39 38 53
44 43 58
16 15 59
14 13 60
24 23 61
15 14 66
14 60 66
21 20 68
67 69 76
18 17 78
33 18 78
34 33 78
41 40 79
7 6 83
82 67 83
45 44 84
24 61 86
85 87 89
87 72 89
5 4 91
6 5 91
83 6 91
82 83 91
91 4 93
54 75 95
75 71 95
71 94 95
63 52 96
35 34 96
34 78 96
52 35 96
72 87 97
87 92 97
92 57 98
47 46 99
56 100 101
31 30 102
88 80 104
87 85 106
57 92 106
92 87 106
11 10 107
98 57 107
72 97 108
105 72 108
64 105 108
65 80 110
38 37 111
53 38 111
62 53 111
80 65 112
86 61 112
42 41 113
41 79 113
79 103 113
40 39 114
79 40 114
39 53 114
53 89 114
32 31 115
31 102 115
13 12 116
60 13 116
77 60 116
105 64 117
103 105 117
70 58 117
113 103 117
49 48 118
88 68 118
97 92 119
108 97 119
69 73 120
20 19 121
19 51 121
51 50 121
68 20 121
46 45 122
45 84 122
99 46 122
84 55 122
55 110 122
110 99 122
90 64 123
61 23 124
112 61 124
104 80 124
80 112 124
74 56 125
56 101 125
50 49 126
49 118 126
118 68 126
68 121 126
121 50 126
71 81 127
94 71 127
17 16 128
16 59 128
59 96 128
78 17 128
96 78 128
127 81 129
94 123 130
120 73 130
123 120 130
94 130 131
82 100 132
100 56 132
82 91 133
100 82 133
91 93 133
101 100 133
102 101 133
93 115 133
115 102 133
37 36 134
36 52 134
52 63 134
111 37 134
63 62 134
62 111 134
48 47 135
47 99 135
88 118 135
118 48 135
59 15 136
15 66 136
63 96 136
96 59 136
22 21 137
21 68 137
68 88 137
88 104 137
29 28 138
125 101 138
74 125 139
125 138 139
26 25 140
25 24 140
24 86 140
86 75 140
12 11 141
57 106 141
106 77 141
11 107 141
107 57 141
77 116 141
116 12 141
103 79 142
89 72 142
72 105 142
105 103 142
79 114 142
114 89 142
55 81 143
71 65 143
81 71 143
65 110 143
110 55 143
64 108 144
123 64 144
108 119 144
119 120 144
120 123 144
130 73 145
131 130 145
56 74 145
132 56 145
74 131 145
73 132 145
65 71 146
112 65 146
71 75 146
75 86 146
86 112 146
27 26 147
26 140 147
75 54 147
140 75 147
55 84 148
70 129 148
81 55 148
129 81 148
10 9 149
98 107 149
107 10 149
80 88 150
88 135 150
99 110 150
135 99 150
110 80 150
62 63 151
109 62 151
66 60 151
63 136 151
136 66 151
76 69 152
98 76 152
92 98 152
119 92 152
69 120 152
120 119 152
3 1 153
1 32 153
32 115 153
64 90 154
117 64 154
70 117 154
90 129 154
129 70 154
54 95 155
131 74 155
95 94 155
94 131 155
74 139 155
139 54 155
8 7 156
67 76 156
7 83 156
83 67 156
69 67 157
73 69 157
132 73 157
67 82 157
82 132 157
9 8 158
149 9 158
76 98 158
98 149 158
8 156 158
156 76 158
28 27 159
138 28 159
139 138 159
54 139 159
147 54 159
27 147 159
90 123 160
123 94 160
94 127 160
127 129 160
129 90 160
53 62 161
62 109 161
85 89 161
109 85 161
89 53 161
23 22 162
124 23 162
104 124 162
137 104 162
22 137 162
4 3 163
93 4 163
3 153 163
115 93 163
153 115 163
44 58 164
84 44 164
58 70 164
70 148 164
148 84 164
43 42 165
58 43 165
42 113 165
113 117 165
117 58 165
77 106 166
106 85 166
60 77 166
85 109 166
109 151 166
151 60 166
30 29 167
101 102 167
102 30 167
29 138 167
138 101 167
