104
1 0 0
0 1 0
0 0 1
0.0588235 0.941176 0
0.117647 0.882353 0
0.176471 0.823529 0
0.235294 0.764706 0
0.294118 0.705882 0
0.352941 0.647059 0
0.411765 0.588235 0
0.470588 0.529412 0
0.529412 0.470588 0
0.588235 0.411765 0
0.647059 0.352941 0
0.705882 0.294118 0
0.764706 0.235294 0
0.823529 0.176471 0
0.882353 0.117647 0
0.941176 0.0588235 0
0 0.0769231 0.923077
0 0.153846 0.846154
0 0.230769 0.769231
0 0.307692 0.692308
0 0.384615 0.615385
0 0.461538 0.538462
0 0.538462 0.461538
0 0.615385 0.384615
0 0.692308 0.307692
0 0.769231 0.230769
0 0.846154 0.153846
0 0.923077 0.0769231
0.9 0 0.1
0.8 0 0.2
0.7 0 0.3
0.6 0 0.4
0.5 0 0.5
0.4 0 0.6
0.3 0 0.7
0.2 0 0.8
0.1 0 0.9
0.637241 0.108051 0.254708
0.0901791 0.492735 0.417086
0.287318 0.133363 0.579319
0.16583 0.618328 0.215842
0.483785 0.403327 0.112889
0.799192 0.0729371 0.127871
0.437524 0.0666055 0.49587
0.0551134 0.360846 0.584041
0.745677 0.176412 0.0779103
0.390245 0.264708 0.345046
0.16123 0.253086 0.585683
0.684652 0.231266 0.084082
0.264758 0.632959 0.102283
0.304368 0.506813 0.188818
0.37973 0.131149 0.489121
0.199098 0.327344 0.473558
0.490938 0.219111 0.289951
0.635071 0.286686 0.0782428
0.153391 0.545677 0.300933
0.132314 0.401147 0.466539
0.556896 0.335189 0.107914
0.546325 0.073703 0.379972
0.26532 0.258614 0.476066
0.334051 0.578029 0.0879207
0.195211 0.691907 0.112882
0.140543 0.130747 0.72871
0.565829 0.162577 0.271594
0.144667 0.760332 0.0950003
0.0804639 0.822272 0.0972638
0.236534 0.397409 0.366057
0.435409 0.344735 0.219856
0.387304 0.512621 0.100074
0.25791 0.0414584 0.700631
0.0917916 0.680051 0.228157
0.479828 0.137518 0.382655
0.0925019 0.19078 0.716718
0.44553 0.46486 0.0896103
0.197352 0.479225 0.323423
0.715955 0.0556063 0.228438
0.0529162 0.885969 0.0611144
0.132583 0.0622377 0.805179
0.0707262 0.26058 0.668694
0.358957 0.421897 0.219146
0.313952 0.33389 0.352159
0.801193 0.128577 0.0702303
0.321889 0.196983 0.481128
0.724623 0.116676 0.158702
0.065951 0.111138 0.822911
0.0784795 0.586702 0.334819
0.209424 0.178774 0.611802
0.416949 0.190474 0.392577
0.634921 0.0473635 0.317715
0.867952 0.053005 0.0790429
0.657693 0.175937 0.16637
0.0660948 0.753309 0.180597
0.27325 0.453361 0.273389
0.0571793 0.0444048 0.898416
0.328679 0.067827 0.603494
0.584923 0.243444 0.171633
0.0561776 0.422659 0.521164
0.241484 0.561142 0.197374
0.218132 0.0892269 0.692641
0.497098 0.288306 0.214596
0.104527 0.317664 0.57781


3 1 30
0 18 31
25 24 41
12 11 44
36 35 46
23 22 47
16 15 48
15 14 51
48 15 51
8 7 52
14 13 57
51 14 57
13 12 60
12 44 60
57 13 60
35 34 61
46 35 61
55 50 62
9 8 63
8 52 63
7 6 64
43 52 64
52 7 64
61 40 66
6 5 67
64 6 67
5 4 68
29 28 68
67 5 68
59 55 69
60 44 70
10 9 71
9 63 71
63 53 71
38 37 72
27 26 73
43 64 73
64 67 73
54 46 74
66 56 74
46 61 74
61 66 74
21 20 75
11 10 76
10 71 76
44 11 76
58 41 77
41 59 77
59 69 77
33 32 78
32 45 78
4 3 79
3 30 79
30 29 79
29 68 79
68 4 79
39 38 80
22 21 81
21 75 81
75 50 81
71 53 82
76 71 82
70 44 82
44 76 82
55 62 83
69 55 83
62 49 83
49 70 83
82 69 83
70 82 83
17 16 84
45 17 84
16 48 84
42 54 85
49 62 85
40 78 86
84 48 86
78 45 86
45 84 86
20 19 87
65 75 87
75 20 87
80 65 87
26 25 88
58 43 88
25 41 88
41 58 88
43 73 88
73 26 88
62 50 89
50 75 89
75 65 89
42 85 89
85 62 89
54 74 90
74 56 90
85 54 90
56 49 90
49 85 90
40 61 91
61 34 91
34 33 91
33 78 91
78 40 91
18 17 92
17 45 92
31 18 92
32 31 92
45 32 92
48 51 93
66 40 93
40 86 93
86 48 93
67 68 94
68 28 94
28 27 94
27 73 94
73 67 94
53 77 95
77 69 95
69 82 95
82 53 95
19 2 96
2 39 96
39 80 96
80 87 96
87 19 96
37 36 97
36 46 97
54 42 97
72 37 97
46 54 97
57 60 98
51 57 98
56 66 98
66 93 98
93 51 98
24 23 99
41 24 99
59 41 99
23 47 99
47 59 99
52 43 100
43 58 100
63 52 100
53 63 100
58 77 100
77 53 100
65 80 101
38 72 101
80 38 101
42 89 101
89 65 101
72 97 101
97 42 101
49 56 102
70 49 102
60 70 102
56 98 102
98 60 102
55 59 103
59 47 103
47 22 103
22 81 103
50 55 103
81 50 103
