106
1 0 0
0 1 0
0 0 1
0.0588235 0.941176 0
0.117647 0.882353 0
0.176471 0.823529 0
0.235294 0.764706 0
0.294118 0.705882 0
0.352941 0.647059 0
0.411765 0.588235 0
0.470588 0.529412 0
0.529412 0.470588 0
0.588235 0.411765 0
0.647059 0.352941 0
0.705882 0.294118 0
0.764706 0.235294 0
0.823529 0.176471 0
0.882353 0.117647 0
0.941176 0.0588235 0
0 0.0666667 0.933333
0 0.133333 0.866667
0 0.2 0.8
0 0.266667 0.733333
0 0.333333 0.666667
0 0.4 0.6
0 0.466667 0.533333
0 0.533333 0.466667
0 0.6 0.4
0 0.666667 0.333333
0 0.733333 0.266667
0 0.8 0.2
0 0.866667 0.133333
0 0.933333 0.0666667
0.888889 0 0.111111
0.777778 0 0.222222
0.666667 0 0.333333
0.555556 0 0.444444
0.444444 0 0.555556
0.333333 0 0.666667
0.222222 0 0.777778
0.111111 0 0.888889
0.621677 0.106714 0.271608
0.0910568 0.497006 0.411937
0.262051 0.141397 0.596552
0.163226 0.610047 0.226727
0.480945 0.400709 0.118346
0.797509 0.0659712 0.13652
0.423924 0.0632535 0.512823
0.742991 0.182083 0.0749266
0.748522 0.120442 0.131036
0.394086 0.262104 0.343811
0.163834 0.262031 0.574135
0.262868 0.635128 0.102004
0.702236 0.0540837 0.243681
0.283166 0.5206 0.196234
0.378333 0.130699 0.490968
0.187117 0.330724 0.482159
0.495605 0.229135 0.27526
0.625693 0.287853 0.0864539
0.173107 0.538914 0.287979
0.123582 0.401336 0.475082
0.334949 0.577684 0.0873667
0.555971 0.34522 0.0988084
0.538411 0.0656711 0.395918
0.182634 0.196164 0.621202
0.182359 0.687861 0.129781
0.148691 0.131478 0.719831
0.554865 0.172194 0.272941
0.144715 0.763156 0.0921298
0.51817 0.286049 0.195781
0.263682 0.259096 0.477222
0.68448 0.230615 0.0849051
0.0816166 0.828657 0.0897267
0.238289 0.398014 0.363697
0.437584 0.337673 0.224743
0.0874938 0.30539 0.607116
0.247648 0.0423871 0.709965
0.0863916 0.705717 0.207891
0.49543 0.121502 0.383068
0.306362 0.458442 0.235196
0.142308 0.0592801 0.798412
0.357961 0.395288 0.246751
0.051978 0.89122 0.0568024
0.190252 0.468022 0.341726
0.592735 0.230375 0.17689
0.312751 0.329821 0.357428
0.31816 0.197287 0.484553
0.396497 0.509298 0.0942056
0.437352 0.184722 0.377926
0.0670471 0.103375 0.829578
0.0658737 0.766774 0.167353
0.0811298 0.234096 0.684774
0.0835147 0.637905 0.27858
0.319116 0.076439 0.604445
0.0605558 0.0400643 0.89938
0.218923 0.092605 0.688472
0.658342 0.170428 0.171231
0.0815103 0.567429 0.351061
0.242718 0.575877 0.181405
0.0724857 0.168819 0.758695
0.867926 0.0448426 0.0872318
0.615202 0.041622 0.343176
0.493402 0.03102 0.475578
0.0756685 0.441576 0.482755
0.0699106 0.361042 0.569047
0.413549 0.44759 0.138861


3 1 32
0 18 33
26 25 42
12 11 45
38 37 47
16 15 48
17 16 49
46 17 49
16 48 49
8 7 52
35 34 53
34 46 53
46 49 53
49 41 53
14 13 58
9 8 61
8 52 61
13 12 62
12 45 62
58 13 62
7 6 65
44 52 65
52 7 65
43 64 66
6 5 68
65 6 68
50 57 69
58 62 69
56 51 70
51 64 70
15 14 71
14 58 71
48 15 71
5 4 72
31 30 72
68 5 72
60 56 73
50 69 74
62 45 74
69 62 74
23 22 75
51 56 75
39 38 76
29 28 77
65 68 77
55 47 78
47 63 78
63 41 78
41 67 78
40 39 80
39 76 80
79 73 81
74 45 81
4 3 82
3 32 82
32 31 82
31 72 82
72 4 82
60 73 83
54 59 83
79 54 83
59 42 83
73 79 83
58 69 84
69 57 84
71 58 84
57 67 84
70 50 85
50 74 85
56 70 85
74 81 85
73 56 85
81 73 85
43 55 86
50 70 86
64 43 86
70 64 86
10 9 87
9 61 87
61 54 87
11 10 87
54 79 87
55 78 88
67 57 88
78 67 88
86 55 88
57 50 88
50 86 88
20 19 89
80 66 89
30 29 90
68 72 90
72 30 90
29 77 90
77 68 90
22 21 91
64 51 91
51 75 91
75 22 91
28 27 92
77 28 92
44 65 92
65 77 92
38 47 93
76 38 93
47 55 93
55 43 93
19 2 94
2 40 94
40 80 94
80 89 94
89 19 94
43 66 95
66 80 95
80 76 95
76 93 95
93 43 95
41 49 96
49 48 96
67 41 96
48 71 96
71 84 96
84 67 96
27 26 97
59 44 97
26 42 97
42 59 97
44 92 97
92 27 97
52 44 98
61 52 98
44 59 98
59 54 98
54 61 98
21 20 99
20 89 99
89 66 99
91 21 99
66 64 99
64 91 99
18 17 100
17 46 100
33 18 100
34 33 100
46 34 100
36 35 101
63 36 101
35 53 101
53 41 101
41 63 101
37 36 102
36 63 102
47 37 102
63 47 102
25 24 103
24 60 103
42 25 103
60 83 103
83 42 103
24 23 104
60 24 104
56 60 104
75 56 104
23 75 104
79 81 105
81 45 105
45 11 105
11 87 105
87 79 105
