156
1 0 0
0 1 0
0 0 1
0.0588236 0.941176 0
0.117647 0.882353 0
0.176471 0.823529 0
0.235294 0.764706 0
0.294118 0.705882 0
0.352941 0.647059 0
0.411765 0.588235 0
0.470588 0.529412 0
0.529412 0.470588 0
0.588235 0.411765 0
0.647059 0.352941 0
0.705882 0.294118 0
0.764706 0.235294 0
0.823529 0.176471 0
0.882353 0.117647 0
0.941176 0.0588235 0
0 0.0769231 0.923077
0 0.153846 0.846154
0 0.230769 0.769231
0 0.307692 0.692308
0 0.384615 0.615385
0 0.461538 0.538462
0 0.538462 0.461538
0 0.615385 0.384615
0 0.692308 0.307692
0 0.769231 0.230769
0 0.846154 0.153846
0 0.923077 0.0769231
0.95 0 0.05
0.9 0 0.1
0.85 0 0.15
0.8 0 0.2
0.75 0 0.25
0.7 0 0.3
0.65 0 0.35
0.6 0 0.4
0.55 0 0.45
0.5 0 0.5
0.45 0 0.55
0.4 0 0.6
0.35 0 0.65
0.3 0 0.7
0.25 0 0.75
0.2 0 0.8
0.15 0 0.85
0.1 0 0.9
0.0500001 0 0.95
0.624042 0.14141 0.234548
0.107099 0.483331 0.40957
0.286596 0.140033 0.57337
0.167162 0.601376 0.231462
0.483454 0.410837 0.105709
0.795384 0.0791345 0.125482
0.426104 0.0720572 0.501838
0.797767 0.151027 0.0512053
0.656548 0.277888 0.0655644
0.0440893 0.344726 0.611184
0.685079 0.121157 0.193765
0.738245 0.119264 0.142491
0.395813 0.238492 0.365695
0.17598 0.237608 0.586412
0.713075 0.233546 0.0533796
0.270325 0.624521 0.105153
0.0442746 0.140637 0.815089
0.31909 0.52246 0.15845
0.047661 0.621987 0.330352
0.185873 0.319037 0.49509
0.491186 0.238716 0.270098
0.275232 0.519094 0.205674
0.158054 0.545938 0.296008
0.110425 0.413092 0.476483
0.344804 0.569357 0.0858388
0.593265 0.321547 0.0851872
0.54504 0.0687624 0.386198
0.14321 0.204695 0.652095
0.255944 0.245939 0.498117
0.191663 0.68768 0.120657
0.342891 0.0632716 0.593837
0.583676 0.242622 0.173702
0.0836582 0.3681 0.548242
0.513357 0.297648 0.188995
0.135911 0.143619 0.720471
0.561232 0.182988 0.25578
0.340043 0.262081 0.397876
0.155357 0.783908 0.0607354
0.44257 0.397539 0.159892
0.0898297 0.839215 0.0709556
0.240825 0.383732 0.375443
0.904877 0.0517088 0.0434139
0.170356 0.414016 0.415627
0.45363 0.323929 0.222441
0.410466 0.492884 0.0966498
0.253246 0.0761021 0.670652
0.136246 0.683822 0.179933
0.849629 0.0821441 0.0682272
0.357405 0.111633 0.530961
0.0824738 0.706371 0.211155
0.0582025 0.780091 0.161706
0.490431 0.125341 0.384228
0.457644 0.201219 0.341137
0.543179 0.333883 0.122938
0.227879 0.156953 0.615168
0.102851 0.631377 0.265772
0.707782 0.0530299 0.239189
0.111121 0.287381 0.601499
0.0392109 0.257871 0.702918
0.436139 0.143534 0.420327
0.138195 0.0746626 0.787143
0.394831 0.377486 0.227682
0.334577 0.43253 0.232893
0.301675 0.34203 0.356295
0.637657 0.217051 0.145292
0.0930457 0.0728808 0.834073
0.224529 0.721052 0.0544183
0.316287 0.202028 0.481684
0.280337 0.423919 0.295745
0.206702 0.458897 0.334401
0.597722 0.0797841 0.322494
0.214387 0.605771 0.179842
0.195468 0.069092 0.73544
0.490732 0.0635797 0.445689
0.0754299 0.166681 0.75789
0.0956625 0.560838 0.343499
0.542104 0.400555 0.0573403
0.748948 0.060986 0.190066
0.526702 0.149044 0.324254
0.222576 0.518479 0.258945
0.354508 0.336892 0.3086
0.0539623 0.523917 0.422121
0.282028 0.292969 0.425003
0.377793 0.172193 0.450014
0.65958 0.0631326 0.277287
0.0879846 0.238289 0.673727
0.440415 0.510322 0.049263
0.191427 0.139384 0.669189
0.0474637 0.0700015 0.882535
0.493697 0.461462 0.0448411
0.0455463 0.443303 0.511151
0.226432 0.221809 0.551759
0.0370153 0.887255 0.0757296
0.617424 0.346556 0.0360198
0.375528 0.46597 0.158502
0.695682 0.187304 0.117015
0.386965 0.571272 0.041763
0.0426207 0.702787 0.254592
0.225469 0.33372 0.440812
0.422379 0.288993 0.288628
0.137172 0.327134 0.535694
0.306419 0.0542482 0.639333
0.752414 0.168757 0.0788293
0.123317 0.754873 0.121809
0.313048 0.643048 0.0439033
0.146665 0.493734 0.359601


0 18 31
19 2 49
34 33 55
41 40 56
42 41 56
16 15 57
14 13 58
24 23 59
23 22 59
15 14 64
14 58 64
21 20 66
27 26 68
67 65 71
65 67 74
39 38 76
43 42 80
50 81 85
81 83 85
83 70 85
5 4 87
83 54 88
4 3 89
87 4 89
18 17 91
31 18 91
32 31 91
51 73 92
73 69 92
70 83 93
83 88 93
88 54 94
45 44 95
17 16 97
16 57 97
33 32 97
55 33 97
57 55 97
91 17 97
32 91 97
42 56 98
80 42 98
52 80 98
29 28 100
54 83 103
81 75 103
83 81 103
95 52 104
72 53 105
53 96 105
96 99 105
36 35 106
82 59 107
77 63 107
22 21 108
59 22 108
101 102 109
102 62 109
47 46 110
93 88 111
67 71 112
50 60 114
81 50 114
58 75 114
75 81 114
48 47 115
47 110 115
7 6 116
65 7 116
79 65 116
6 5 116
5 87 116
87 79 116
78 52 117
52 98 117
90 113 118
112 71 118
92 90 119
90 118 119
38 37 120
50 85 120
76 38 120
71 65 121
65 79 121
79 96 121
96 53 121
46 45 122
45 95 122
84 110 122
110 46 122
40 39 123
39 76 123
76 101 123
56 40 123
109 56 123
101 109 123
21 66 124
108 21 124
66 115 124
110 84 124
115 110 124
105 68 125
72 105 125
12 11 126
75 12 126
54 103 126
103 75 126
35 34 127
34 55 127
55 61 127
106 35 127
61 60 127
60 106 127
85 70 128
101 76 128
70 102 128
102 101 128
76 120 128
120 85 128
118 71 129
119 118 129
53 72 129
72 119 129
121 53 129
71 121 129
111 112 130
86 62 130
113 86 130
112 118 130
118 113 130
26 25 131
68 26 131
73 51 131
51 125 131
125 68 131
113 90 132
86 113 132
117 86 132
78 117 132
62 86 133
109 62 133
98 56 133
56 109 133
86 117 133
117 98 133
37 36 134
36 106 134
60 50 134
106 60 134
50 120 134
120 37 134
84 77 135
77 107 135
107 59 135
59 108 135
108 124 135
124 84 135
10 9 136
94 54 136
63 77 137
104 63 137
77 84 137
84 122 137
95 104 137
122 95 137
20 19 138
66 20 138
19 49 138
49 48 138
48 115 138
115 66 138
11 10 139
54 126 139
126 11 139
10 136 139
136 54 139
24 59 140
59 82 140
25 24 140
131 25 140
82 73 140
73 131 140
69 63 141
78 69 141
52 78 141
104 52 141
63 104 141
3 1 142
1 30 142
89 3 142
30 29 142
29 100 142
100 89 142
13 12 143
12 75 143
58 13 143
75 58 143
74 67 144
94 74 144
88 94 144
111 88 144
67 112 144
112 111 144
64 58 145
58 114 145
60 61 145
114 60 145
9 8 146
8 74 146
74 94 146
94 136 146
136 9 146
28 27 147
27 68 147
99 100 147
100 28 147
68 105 147
105 99 147
69 78 148
90 92 148
92 69 148
78 132 148
132 90 148
70 93 149
102 70 149
62 102 149
93 111 149
111 130 149
130 62 149
69 73 150
73 82 150
63 69 150
107 63 150
82 107 150
44 43 151
43 80 151
80 52 151
52 95 151
95 44 151
55 57 152
61 55 152
57 15 152
15 64 152
64 145 152
145 61 152
79 87 153
96 79 153
87 89 153
89 100 153
99 96 153
100 99 153
8 7 154
74 8 154
7 65 154
65 74 154
51 92 155
92 119 155
119 72 155
72 125 155
125 51 155
