69
1 0 0
0 1 0
0 0 1
0.0588235 0.941176 0
0.117647 0.882353 0
0.176471 0.823529 0
0.235294 0.764706 0
0.294118 0.705882 0
0.352941 0.647059 0
0.411765 0.588235 0
0.470588 0.529412 0
0.529412 0.470588 0
0.588235 0.411765 0
0.647059 0.352941 0
0.705882 0.294118 0
0.764706 0.235294 0
0.823529 0.176471 0
0.882353 0.117647 0
0.941176 0.0588235 0
0 0.0588235 0.941176
0 0.117647 0.882353
0 0.176471 0.823529
0 0.235294 0.764706
0 0.294118 0.705882
0 0.352941 0.647059
0 0.411765 0.588235
0 0.470588 0.529412
0 0.529412 0.470588
0 0.588235 0.411765
0 0.647059 0.352941
0 0.705882 0.294118
0 0.764706 0.235294
0 0.823529 0.176471
0 0.882353 0.117647
0 0.941176 0.0588235
0.75 0 0.25
0.5 0 0.5
0.25 0 0.75
0.592324 0.112052 0.295623
0.148725 0.493663 0.357612
0.292321 0.136182 0.571497
0.187451 0.611158 0.201391
0.437529 0.0691082 0.493363
0.829615 0.0366027 0.133782
0.391395 0.2531 0.355505
0.639979 0.0517912 0.30823
0.204391 0.258985 0.536624
0.313291 0.511102 0.175607
0.208204 0.323717 0.468078
0.172533 0.197866 0.629602
0.167309 0.673848 0.158843
0.458108 0.338877 0.203015
0.562307 0.170419 0.267275
0.444552 0.390357 0.165091
0.238557 0.384272 0.37717
0.335495 0.447837 0.216667
0.13835 0.726211 0.135439
0.145037 0.440805 0.414158
0.583596 0.234965 0.18144
0.202642 0.0681211 0.729237
0.782696 0.0843 0.133004
0.296346 0.562874 0.14078
0.370175 0.203621 0.426204
0.736872 0.140068 0.12306
0.417107 0.295161 0.287732
0.144391 0.550955 0.304654
0.0739904 0.852593 0.0734163
0.102522 0.792137 0.105342
0.350591 0.030111 0.619298


3 1 34
4 3 34
33 4 34
19 2 37
27 26 39
21 20 40
9 8 41
29 28 41
38 40 42
0 18 43
35 0 43
36 35 45
42 36 45
38 42 45
35 43 45
23 22 46
11 10 47
24 23 48
23 46 48
22 21 49
46 22 49
21 40 49
8 7 50
30 29 50
29 41 50
41 8 50
14 13 51
40 38 52
13 12 53
51 13 53
25 24 54
24 48 54
48 51 54
51 53 54
11 47 55
47 39 55
12 11 55
53 12 55
54 53 55
7 6 56
6 31 56
31 30 56
30 50 56
50 7 56
26 25 57
25 54 57
54 55 57
39 26 57
55 39 57
15 14 58
16 15 58
52 16 58
20 19 59
40 20 59
42 40 59
19 37 59
18 17 60
38 45 60
43 18 60
45 43 60
10 9 61
47 10 61
9 41 61
44 46 62
46 49 62
49 40 62
40 52 62
52 58 62
58 44 62
17 16 63
16 52 63
52 38 63
38 60 63
60 17 63
46 44 64
48 46 64
14 51 64
51 48 64
44 58 64
58 14 64
27 39 65
39 47 65
28 27 65
47 61 65
41 28 65
61 41 65
5 4 66
4 33 66
32 5 66
33 32 66
6 5 67
5 32 67
31 6 67
32 31 67
37 36 68
36 42 68
42 59 68
59 37 68
