79
1 0 0
0 1 0
0 0 1
0.0588235 0.941176 0
0.117647 0.882353 0
0.176471 0.823529 0
0.235294 0.764706 0
0.294118 0.705882 0
0.352941 0.647059 0
0.411765 0.588235 0
0.470588 0.529412 0
0.529412 0.470588 0
0.588235 0.411765 0
0.647059 0.352941 0
0.705882 0.294118 0
0.764706 0.235294 0
0.823529 0.176471 0
0.882353 0.117647 0
0.941176 0.0588235 0
0 0.1 0.9
0 0.2 0.8
0 0.3 0.7
0 0.4 0.6
0 0.5 0.5
0 0.6 0.4
0 0.7 0.3
0 0.8 0.2
0 0.9 0.1
0.9 0 0.1
0.8 0 0.2
0.7 0 0.3
0.6 0 0.4
0.5 0 0.5
0.4 0 0.6
0.3 0 0.7
0.2 0 0.8
0.1 0 0.9
0.617165 0.116552 0.266283
0.101605 0.496995 0.4014
0.28103 0.157637 0.561333
0.16057 0.607115 0.232315
0.79905 0.0744618 0.126488
0.419258 0.0744499 0.506292
0.731481 0.119859 0.14866
0.396986 0.253669 0.349344
0.1672 0.251712 0.581088
0.677691 0.206051 0.116258
0.260015 0.616541 0.123444
0.299465 0.517947 0.182588
0.385848 0.133771 0.480381
0.484347 0.224601 0.291052
0.105347 0.387587 0.507066
0.479958 0.368963 0.151079
0.267998 0.263715 0.468287
0.595684 0.238246 0.16607
0.533838 0.313288 0.152875
0.156905 0.137154 0.705941
0.216971 0.370827 0.412203
0.0803273 0.780041 0.139631
0.386099 0.494729 0.119172
0.42986 0.431824 0.138316
0.139081 0.704596 0.156323
0.504244 0.0695007 0.426255
0.0502278 0.861261 0.088511
0.093309 0.284714 0.621977
0.322351 0.399652 0.277997
0.282659 0.0689414 0.648399
0.193479 0.464036 0.342485
0.198426 0.0727743 0.7288
0.206194 0.544599 0.249206
0.0780997 0.176491 0.745409
0.074799 0.595404 0.329797
0.0686525 0.0706602 0.860687
0.374491 0.334695 0.290813
0.667171 0.0562231 0.276606
0.513036 0.152007 0.334956
0.057519 0.678097 0.264384
0.868859 0.0510009 0.08014
0.21735 0.681099 0.101551


3 1 27
0 18 28
32 31 37
23 22 38
17 16 41
30 29 41
34 33 42
16 15 43
30 41 43
41 16 43
15 14 46
37 43 46
43 15 46
8 7 47
9 8 48
8 47 48
34 42 49
44 39 49
44 49 50
22 21 51
38 22 51
12 11 52
39 44 53
14 13 54
46 14 54
37 46 54
13 12 55
44 50 55
52 44 55
12 52 55
50 54 55
54 13 55
39 53 56
53 45 56
45 53 57
5 4 58
26 25 58
10 9 59
9 48 59
11 10 60
10 59 60
52 11 60
6 5 61
5 58 61
33 32 62
42 33 62
32 37 62
4 3 63
3 27 63
27 26 63
26 58 63
58 4 63
21 20 64
51 21 64
45 57 64
57 51 64
48 57 65
59 48 65
57 53 65
60 59 65
35 34 66
34 49 66
49 39 66
38 51 67
51 57 67
57 48 67
36 35 68
56 36 68
39 56 68
35 66 68
66 39 68
40 38 69
47 40 69
38 67 69
48 47 69
67 48 69
20 19 70
56 45 70
45 64 70
64 20 70
24 23 71
23 38 71
38 40 71
40 61 71
19 2 72
2 36 72
36 56 72
56 70 72
70 19 72
44 52 73
52 60 73
53 44 73
60 65 73
65 53 73
31 30 74
30 43 74
37 31 74
43 37 74
49 42 75
50 49 75
37 54 75
62 37 75
42 62 75
54 50 75
25 24 76
58 25 76
61 58 76
24 71 76
71 61 76
18 17 77
28 18 77
29 28 77
17 41 77
41 29 77
7 6 78
40 47 78
47 7 78
6 61 78
61 40 78
