129
1 0 0
0 1 0
0 0 1
0.0588235 0.941176 0
0.117647 0.882353 0
0.176471 0.823529 0
0.235294 0.764706 0
0.294118 0.705882 0
0.352941 0.647059 0
0.411765 0.588235 0
0.470588 0.529412 0
0.529412 0.470588 0
0.588235 0.411765 0
0.647059 0.352941 0
0.705882 0.294118 0
0.764706 0.235294 0
0.823529 0.176471 0
0.882353 0.117647 0
0.941176 0.0588235 0
0 0.1 0.9
0 0.2 0.8
0 0.3 0.7
0 0.4 0.6
0 0.5 0.5
0 0.6 0.4
0 0.7 0.3
0 0.8 0.2
0 0.9 0.1
0.947368 0 0.0526316
0.894737 0 0.105263
0.842105 0 0.157895
0.789474 0 0.210526
0.736842 0 0.263158
0.684211 0 0.315789
0.631579 0 0.368421
0.578947 0 0.421053
0.526316 0 0.473684
0.473684 0 0.526316
0.421053 0 0.578947
0.368421 0 0.631579
0.315789 0 0.684211
0.263158 0 0.736842
0.210526 0 0.789474
0.157895 0 0.842105
0.105263 0 0.894737
0.0526316 0 0.947368
0.632663 0.112355 0.254982
0.0916327 0.49356 0.414807
0.280146 0.129432 0.590423
0.151985 0.624213 0.223802
0.486304 0.407745 0.10595
0.796305 0.0752351 0.12846
0.417777 0.0793665 0.502856
0.660299 0.264001 0.0756997
0.0471179 0.330156 0.622726
0.678723 0.154425 0.166852
0.758493 0.159179 0.0823277
0.394414 0.271925 0.333661
0.166034 0.267379 0.566587
0.712778 0.209756 0.0774659
0.267008 0.616715 0.116277
0.0621331 0.151513 0.786354
0.317017 0.51844 0.164542
0.0512146 0.619522 0.329264
0.192118 0.319073 0.488809
0.502211 0.20966 0.288129
0.276545 0.51297 0.210485
0.127933 0.376687 0.49538
0.333511 0.585044 0.0814451
0.599665 0.322866 0.0774698
0.541777 0.0952585 0.362965
0.157757 0.18133 0.660913
0.24911 0.249876 0.501015
0.19413 0.669046 0.136824
0.582142 0.243358 0.1745
0.0639295 0.405188 0.530882
0.519831 0.287822 0.192348
0.125513 0.124253 0.750234
0.563635 0.169838 0.266528
0.338259 0.25961 0.402131
0.156743 0.775172 0.0680842
0.0924579 0.818708 0.0888346
0.229664 0.376484 0.393851
0.904615 0.0509256 0.0444597
0.452153 0.318144 0.229703
0.391677 0.531805 0.0765185
0.260098 0.0782359 0.661666
0.850838 0.0780548 0.0711069
0.356152 0.138052 0.505796
0.0837491 0.706674 0.209577
0.490965 0.122612 0.386423
0.449741 0.220369 0.32989
0.185887 0.5018 0.312312
0.112474 0.295411 0.592115
0.043215 0.82743 0.129355
0.43394 0.151072 0.414989
0.394718 0.373511 0.231771
0.332857 0.399412 0.267731
0.693898 0.0646485 0.241454
0.0430554 0.515954 0.44099
0.115408 0.574066 0.310526
0.13084 0.724275 0.144885
0.0418504 0.241605 0.716544
0.209878 0.0892013 0.700921
0.544133 0.360688 0.0951792
0.21886 0.567574 0.213566
0.736031 0.0970957 0.166873
0.330962 0.0802336 0.588805
0.172146 0.0699189 0.757935
0.103063 0.074617 0.82232
0.283685 0.287864 0.428451
0.592863 0.0717644 0.335373
0.293726 0.359048 0.347227
0.218471 0.184964 0.596565
0.256312 0.453159 0.290529
0.631187 0.218171 0.150642
0.384765 0.176616 0.438618
0.0568075 0.0732848 0.869908
0.156156 0.442944 0.4009
0.379409 0.0559338 0.564657
0.442342 0.496038 0.0616202
0.368211 0.471037 0.160752
0.427489 0.427349 0.145162
0.0353845 0.732179 0.232437
0.471949 0.0662863 0.461765
0.0917493 0.226546 0.681705
0.22534 0.716193 0.0584666
0.30658 0.187656 0.505763
0.801421 0.142731 0.0558484


3 1 27
0 18 28
19 2 45
34 33 46
11 10 50
31 30 51
38 37 52
14 13 53
22 21 54
15 14 59
56 15 59
14 53 59
53 55 59
25 24 63
62 60 66
58 64 67
8 7 68
7 60 68
60 62 68
13 12 69
53 13 69
36 35 70
23 22 75
22 54 75
67 47 75
65 70 78
46 74 78
74 76 78
76 65 78
5 4 80
4 3 81
80 4 81
64 72 82
18 17 83
28 18 83
29 28 83
65 76 84
76 50 84
9 8 85
8 68 85
41 40 86
40 48 86
17 16 87
30 29 87
51 30 87
29 83 87
83 17 87
36 70 90
70 65 90
65 84 91
84 57 91
90 65 91
71 58 93
75 54 93
58 67 93
67 75 93
3 27 94
81 3 94
27 26 94
89 81 94
91 57 95
90 91 95
57 84 96
79 57 97
57 96 97
62 66 97
33 32 98
46 33 98
55 46 98
24 23 99
47 63 99
63 24 99
23 75 99
75 47 99
63 47 100
49 89 100
89 63 100
92 49 100
49 73 101
73 80 101
80 81 101
81 89 101
89 49 101
21 20 102
20 61 102
54 21 102
42 41 103
41 86 103
12 11 104
69 12 104
11 50 104
50 76 104
74 69 104
76 74 104
66 60 105
60 73 105
73 49 105
49 92 105
32 31 106
31 51 106
51 56 106
56 59 106
59 55 106
55 98 106
98 32 106
40 39 107
48 40 107
43 42 108
77 43 108
71 77 108
103 71 108
42 103 108
44 43 109
43 77 109
77 61 109
82 72 110
35 34 111
70 35 111
34 46 111
46 78 111
78 70 111
79 97 112
110 79 112
82 110 112
64 58 113
72 64 113
48 72 113
86 48 113
58 71 113
71 103 113
103 86 113
66 105 114
92 82 114
105 92 114
82 112 114
97 66 114
112 97 114
46 55 115
74 46 115
55 53 115
53 69 115
69 74 115
57 79 116
95 57 116
79 88 116
88 52 116
52 95 116
20 19 117
61 20 117
19 45 117
45 44 117
44 109 117
109 61 117
47 67 118
67 64 118
64 82 118
82 92 118
92 100 118
100 47 118
39 38 119
38 52 119
52 88 119
88 107 119
107 39 119
10 9 120
9 85 120
50 10 120
68 62 121
85 68 121
62 97 121
97 96 121
84 50 122
50 120 122
96 84 122
121 96 122
120 85 122
85 121 122
26 25 123
25 63 123
63 89 123
89 94 123
94 26 123
37 36 124
36 90 124
52 37 124
95 52 124
90 95 124
77 71 125
71 93 125
61 77 125
102 61 125
93 54 125
54 102 125
7 6 126
60 7 126
6 5 126
73 60 126
5 80 126
80 73 126
48 107 127
107 88 127
72 48 127
110 72 127
88 79 127
79 110 127
16 15 128
15 56 128
56 51 128
51 87 128
87 16 128
