55
1 0 0
0 1 0
0 0 1
0.0588235 0.941176 0
0.117647 0.882353 0
0.176471 0.823529 0
0.235294 0.764706 0
0.294118 0.705882 0
0.352941 0.647059 0
0.411765 0.588235 0
0.470588 0.529412 0
0.529412 0.470588 0
0.588235 0.411765 0
0.647059 0.352941 0
0.705882 0.294118 0
0.764706 0.235294 0
0.823529 0.176471 0
0.882353 0.117647 0
0.941176 0.0588235 0
0 0.0769231 0.923077
0 0.153846 0.846154
0 0.230769 0.769231
0 0.307692 0.692308
0 0.384615 0.615385
0 0.461538 0.538462
0 0.538462 0.461538
0 0.615385 0.384615
0 0.692308 0.307692
0 0.769231 0.230769
0 0.846154 0.153846
0 0.923077 0.0769231
0.8 0 0.2
0.6 0 0.4
0.4 0 0.6
0.2 0 0.8
0.610054 0.111713 0.278233
0.269174 0.132197 0.598628
0.165371 0.612854 0.221775
0.414638 0.250635 0.334728
0.201151 0.248193 0.550656
0.231294 0.491912 0.276794
0.205933 0.326167 0.4679
0.191086 0.552987 0.255928
0.783737 0.0511325 0.165131
0.529384 0.212685 0.257931
0.406533 0.329447 0.26402
0.134248 0.692217 0.173536
0.25085 0.417906 0.331244
0.489257 0.137936 0.372808
0.173944 0.170915 0.655141
0.0980358 0.759478 0.142486
0.261828 0.0662694 0.671903
0.394795 0.394779 0.210425
0.393182 0.0554371 0.551381
0.662029 0.0672906 0.27068


5 4 29
28 5 29
3 1 30
4 3 30
29 4 30
0 18 31
16 15 35
19 2 36
8 7 37
7 26 37
26 25 37
14 13 38
21 20 39
10 9 40
24 23 40
22 21 41
21 39 41
9 8 42
25 24 42
8 37 42
37 25 42
24 40 42
40 9 42
18 17 43
31 18 43
32 31 43
15 14 44
14 38 44
38 36 44
13 12 45
38 13 45
39 38 45
41 39 45
7 6 46
6 27 46
26 7 46
27 26 46
11 10 47
23 22 47
10 40 47
40 23 47
22 41 47
35 15 48
15 44 48
44 36 48
20 19 49
19 36 49
36 38 49
38 39 49
39 20 49
6 5 50
5 28 50
27 6 50
28 27 50
2 34 51
36 2 51
48 36 51
12 11 52
41 45 52
45 12 52
11 47 52
47 41 52
34 33 53
33 35 53
35 48 53
48 51 53
51 34 53
17 16 54
16 35 54
33 32 54
35 33 54
32 43 54
43 17 54
