71
1 0 0
0 1 0
0 0 1
0.0588235 0.941176 0
0.117647 0.882353 0
0.176471 0.823529 0
0.235294 0.764706 0
0.294118 0.705882 0
0.352941 0.647059 0
0.411765 0.588235 0
0.470588 0.529412 0
0.529412 0.470588 0
0.588235 0.411765 0
0.647059 0.352941 0
0.705882 0.294118 0
0.764706 0.235294 0
0.823529 0.176471 0
0.882353 0.117647 0
0.941176 0.0588235 0
0 0.1 0.9
0 0.2 0.8
0 0.3 0.7
0 0.4 0.6
0 0.5 0.5
0 0.6 0.4
0 0.7 0.3
0 0.8 0.2
0 0.9 0.1
0.888889 0 0.111111
0.777778 0 0.222222
0.666667 0 0.333333
0.555556 0 0.444444
0.444444 0 0.555556
0.333333 0 0.666667
0.222222 0 0.777778
0.111111 0 0.888889
0.639623 0.12153 0.238846
0.109394 0.509383 0.381222
0.267729 0.143899 0.588372
0.175909 0.63252 0.191571
0.448398 0.0947983 0.456804
0.714019 0.106194 0.179787
0.398855 0.259914 0.341231
0.175761 0.262997 0.561242
0.242277 0.605456 0.152268
0.305733 0.518218 0.176049
0.361614 0.121315 0.517071
0.483594 0.209177 0.307229
0.111069 0.401301 0.48763
0.484752 0.368526 0.146722
0.137765 0.142445 0.71979
0.574598 0.177977 0.247425
0.280276 0.25376 0.465964
0.672726 0.208275 0.118999
0.216418 0.394016 0.389566
0.0820664 0.778622 0.139312
0.402114 0.387308 0.210578
0.112909 0.696516 0.190575
0.786161 0.0739685 0.13987
0.0959081 0.291019 0.613073
0.352724 0.459954 0.187322
0.0744649 0.190579 0.734957
0.535646 0.315497 0.148857
0.5946 0.269076 0.136324
0.856237 0.0478617 0.0959014
0.220034 0.513472 0.266494
0.0473313 0.880458 0.0722103
0.529809 0.0754471 0.394744
0.285351 0.347366 0.367283
0.0743337 0.58307 0.342596
0.156933 0.0681892 0.774878


3 1 27
0 18 28
23 22 37
7 6 39
33 32 40
16 15 41
15 36 41
31 30 41
36 31 41
8 7 44
7 39 44
39 37 44
9 8 45
34 33 46
33 40 46
38 34 46
42 38 46
46 40 47
42 46 47
22 21 48
37 22 48
12 11 49
19 2 50
47 40 51
38 42 52
43 50 52
50 38 52
15 14 53
14 51 53
36 15 53
51 36 53
5 4 55
4 26 55
26 25 55
11 10 56
49 11 56
42 49 56
52 42 56
39 6 57
6 5 57
5 55 57
25 24 57
55 25 57
17 16 58
16 41 58
30 29 58
41 30 58
21 20 59
48 21 59
54 48 59
43 54 59
10 9 60
9 45 60
45 54 60
56 10 60
20 19 61
19 50 61
50 43 61
43 59 61
59 20 61
13 12 62
42 47 62
49 42 62
12 49 62
14 13 63
51 14 63
47 51 63
13 62 63
62 47 63
18 17 64
28 18 64
29 28 64
17 58 64
58 29 64
8 44 65
45 8 65
44 37 65
37 48 65
48 54 65
54 45 65
4 3 66
3 27 66
26 4 66
27 26 66
32 31 67
31 36 67
36 51 67
40 32 67
51 40 67
43 52 68
52 56 68
54 43 68
60 54 68
56 60 68
24 23 69
23 37 69
37 39 69
39 57 69
57 24 69
35 34 70
34 38 70
2 35 70
50 2 70
38 50 70
