117
1 0 0
0 1 0
0 0 1
0.0588235 0.941176 0
0.117647 0.882353 0
0.176471 0.823529 0
0.235294 0.764706 0
0.294118 0.705882 0
0.352941 0.647059 0
0.411765 0.588235 0
0.470588 0.529412 0
0.529412 0.470588 0
0.588235 0.411765 0
0.647059 0.352941 0
0.705882 0.294118 0
0.764706 0.235294 0
0.823529 0.176471 0
0.882353 0.117647 0
0.941176 0.0588235 0
0 0.0625 0.9375
0 0.125 0.875
0 0.1875 0.8125
0 0.25 0.75
0 0.3125 0.6875
0 0.375 0.625
0 0.4375 0.5625
0 0.5 0.5
0 0.5625 0.4375
0 0.625 0.375
0 0.6875 0.3125
0 0.75 0.25
0 0.8125 0.1875
0 0.875 0.125
0 0.9375 0.0625
0.9 0 0.1
0.8 0 0.2
0.7 0 0.3
0.6 0 0.4
0.5 0 0.5
0.4 0 0.6
0.3 0 0.7
0.2 0 0.8
0.1 0 0.9
0.614562 0.119296 0.266142
0.106441 0.484867 0.408692
0.260183 0.134137 0.60568
0.155859 0.622458 0.221683
0.497145 0.403241 0.0996139
0.801228 0.0550859 0.143687
0.444421 0.063684 0.491895
0.631886 0.286245 0.0818688
0.75014 0.173329 0.0765307
0.72327 0.110728 0.166002
0.405605 0.272456 0.321939
0.659207 0.0589943 0.281798
0.175493 0.24001 0.584498
0.265444 0.632443 0.102113
0.0576717 0.146007 0.796322
0.313503 0.521304 0.165192
0.372158 0.13791 0.489932
0.200001 0.33336 0.466639
0.496443 0.234922 0.268635
0.154002 0.542656 0.303342
0.133999 0.40633 0.459671
0.349109 0.570805 0.0800859
0.558596 0.345508 0.0958959
0.878639 0.0586432 0.0627183
0.557088 0.0699679 0.372944
0.1611 0.192535 0.646366
0.241043 0.259922 0.499035
0.195798 0.678752 0.12545
0.333414 0.0637708 0.602815
0.591151 0.234366 0.174483
0.0827879 0.339313 0.577899
0.141381 0.132289 0.72633
0.55206 0.177777 0.270163
0.152108 0.776917 0.0709749
0.519322 0.290323 0.190354
0.655788 0.175046 0.169166
0.0816006 0.833363 0.0850364
0.238625 0.399002 0.362373
0.436869 0.349662 0.213469
0.24626 0.0411077 0.712633
0.0881904 0.698856 0.212954
0.0709832 0.770325 0.158692
0.494324 0.126305 0.37937
0.189957 0.46612 0.343923
0.302796 0.45949 0.237715
0.733982 0.0422404 0.223777
0.14808 0.0585191 0.793401
0.0814912 0.262092 0.656417
0.439321 0.192874 0.367805
0.341633 0.396593 0.261774
0.0521683 0.893555 0.0542771
0.320388 0.337213 0.342399
0.265528 0.192909 0.541563
0.400879 0.496441 0.102679
0.230621 0.0892064 0.680172
0.071906 0.19834 0.729754
0.0649556 0.648756 0.286289
0.341603 0.21839 0.440008
0.0751938 0.592429 0.332377
0.41534 0.432881 0.151778
0.0641231 0.0393052 0.896572
0.241622 0.570107 0.188271
0.814843 0.113817 0.0713405
0.0625332 0.448322 0.489145
0.213132 0.727487 0.0593812
0.686947 0.228979 0.0840744
0.0548546 0.397961 0.547184
0.06755 0.538428 0.394022
0.30104 0.283911 0.415049
0.237793 0.511084 0.251123
0.526421 0.0331404 0.440438
0.0664266 0.0921661 0.841407
0.147375 0.293198 0.559427
0.139696 0.729904 0.1304


3 1 33
0 18 34
12 11 47
35 34 48
39 38 49
14 13 50
16 15 51
37 36 54
52 43 54
8 7 56
21 20 57
9 8 64
8 56 64
10 9 64
13 12 65
12 47 65
50 13 65
18 17 66
34 18 66
48 34 66
54 43 67
37 54 67
46 56 70
56 7 70
40 39 71
39 49 71
49 59 71
59 45 71
24 23 73
60 63 73
45 68 74
72 61 75
6 5 76
53 61 77
50 65 77
72 50 77
61 72 77
43 52 78
52 51 78
75 43 78
72 75 78
5 4 79
32 31 79
76 5 79
63 60 80
53 77 81
65 47 81
77 65 81
41 40 82
40 71 82
30 29 83
46 70 83
31 30 84
76 79 84
79 31 84
30 83 84
59 49 85
49 67 85
67 43 85
43 75 85
62 44 86
44 63 86
63 80 86
86 80 87
36 35 88
35 48 88
54 36 88
48 52 88
52 54 88
42 41 89
41 82 89
23 22 90
68 55 90
73 23 90
61 53 91
59 85 91
75 61 91
85 75 91
87 80 92
4 3 93
3 33 93
33 32 93
32 79 93
79 4 93
80 60 94
92 80 94
53 81 94
81 92 94
55 68 95
68 45 95
69 55 95
45 59 95
11 10 96
10 64 96
64 58 96
58 87 96
71 45 97
82 71 97
45 74 97
74 89 97
89 82 97
21 57 98
57 74 98
74 68 98
22 21 98
90 22 98
68 90 98
29 28 99
46 83 99
83 29 99
91 53 100
59 91 100
95 59 100
69 95 100
28 27 101
99 28 101
62 46 101
46 99 101
81 47 102
92 81 102
47 11 102
11 96 102
87 92 102
96 87 102
19 2 103
2 42 103
42 89 103
56 46 104
46 62 104
58 64 104
64 56 104
17 16 105
16 51 105
52 48 105
51 52 105
48 66 105
66 17 105
26 25 106
44 26 106
63 44 106
7 6 107
70 7 107
6 76 107
15 14 108
14 50 108
50 72 108
51 15 108
78 51 108
72 78 108
25 24 109
24 73 109
73 63 109
63 106 109
106 25 109
27 26 110
26 44 110
44 62 110
62 101 110
101 27 110
60 69 111
94 60 111
53 94 111
69 100 111
100 53 111
62 86 112
86 87 112
87 58 112
58 104 112
104 62 112
38 37 113
37 67 113
49 38 113
67 49 113
57 20 114
74 57 114
89 74 114
20 19 114
19 103 114
103 89 114
55 69 115
69 60 115
60 73 115
73 90 115
90 55 115
76 84 116
84 83 116
107 76 116
83 70 116
70 107 116
