63
1 0 0
0 1 0
0 0 1
0.0588235 0.941177 0
0.117647 0.882353 0
0.176471 0.823529 0
0.235294 0.764706 0
0.294118 0.705882 0
0.352941 0.647059 0
0.411765 0.588235 0
0.470588 0.529412 0
0.529412 0.470588 0
0.588235 0.411765 0
0.647059 0.352941 0
0.705882 0.294118 0
0.764706 0.235294 0
0.823529 0.176471 0
0.882353 0.117647 0
0.941176 0.0588235 0
0 0.0714286 0.928571
0 0.142857 0.857143
0 0.214286 0.785714
0 0.285714 0.714286
0 0.357143 0.642857
0 0.428571 0.571429
0 0.5 0.5
0 0.571429 0.428571
0 0.642857 0.357143
0 0.714286 0.285714
0 0.785714 0.214286
0 0.857143 0.142857
0 0.928571 0.0714286
0.8 0 0.2
0.6 0 0.4
0.4 0 0.6
0.2 0 0.8
0.65667 0.117111 0.22622
0.264932 0.129741 0.605327
0.167525 0.62366 0.208815
0.773509 0.05171 0.174781
0.440259 0.0690279 0.490713
0.359974 0.250662 0.389364
0.191386 0.263693 0.544921
0.30509 0.517305 0.177605
0.211354 0.348986 0.43966
0.610896 0.236899 0.152204
0.177732 0.547016 0.275253
0.1418 0.406774 0.451426
0.542624 0.158326 0.29905
0.429535 0.205729 0.364736
0.405231 0.396648 0.198121
0.309224 0.0827533 0.608022
0.139402 0.690016 0.170582
0.180406 0.178788 0.640806
0.419665 0.327777 0.252558
0.316864 0.447234 0.235903
0.621054 0.0602895 0.318657
0.104874 0.769237 0.125889
0.544091 0.284118 0.171791
0.0717057 0.835737 0.0925578
0.152389 0.472728 0.374884
0.132236 0.0558035 0.811961
0.282292 0.597026 0.120682


3 1 31
4 3 31
30 4 31
0 18 32
17 16 36
8 7 38
27 26 38
18 17 39
32 18 39
33 32 39
35 34 40
22 21 42
10 9 43
23 22 44
22 42 44
15 14 45
26 25 46
38 26 46
43 9 46
24 23 47
23 44 47
16 15 48
36 16 48
15 45 48
40 36 48
37 48 49
48 45 49
12 11 50
35 40 51
40 48 51
48 37 51
7 6 52
6 28 52
28 27 52
27 38 52
38 7 52
20 19 53
19 37 53
21 20 53
42 21 53
41 42 53
37 49 53
49 41 53
13 12 54
12 50 54
42 41 54
44 42 54
50 44 54
11 10 55
10 43 55
50 11 55
47 44 55
44 50 55
17 36 56
39 17 56
33 39 56
34 33 56
40 34 56
36 40 56
6 5 57
5 29 57
28 6 57
29 28 57
14 13 58
45 14 58
41 49 58
49 45 58
13 54 58
54 41 58
5 4 59
4 30 59
29 5 59
30 29 59
25 24 60
46 25 60
43 46 60
24 47 60
47 55 60
55 43 60
19 2 61
37 19 61
51 37 61
2 35 61
35 51 61
9 8 62
46 9 62
8 38 62
38 46 62
