85
1 0 0
0 1 0
0 0 1
0.0588236 0.941176 0
0.117647 0.882353 0
0.176471 0.823529 0
0.235294 0.764706 0
0.294118 0.705882 0
0.352941 0.647059 0
0.411765 0.588235 0
0.470588 0.529412 0
0.529412 0.470588 0
0.588235 0.411765 0
0.647059 0.352941 0
0.705882 0.294118 0
0.764706 0.235294 0
0.823529 0.176471 0
0.882353 0.117647 0
0.941176 0.0588235 0
0 0.0999999 0.9
0 0.2 0.8
0 0.3 0.7
0 0.4 0.6
0 0.5 0.5
0 0.6 0.4
0 0.7 0.3
0 0.8 0.2
0 0.9 0.1
0.909091 0 0.0909091
0.818182 0 0.181818
0.727273 0 0.272727
0.636364 0 0.363636
0.545455 0 0.454545
0.454545 0 0.545455
0.363636 0 0.636364
0.272727 0 0.727273
0.181818 0 0.818182
0.0909091 0 0.909091
0.632546 0.109147 0.258307
0.102149 0.500149 0.397702
0.294459 0.158259 0.547281
0.147887 0.604394 0.247718
0.486541 0.418671 0.0947883
0.796205 0.0756167 0.128179
0.409529 0.0695567 0.520914
0.734862 0.138058 0.12708
0.378442 0.259777 0.361781
0.167614 0.245205 0.587181
0.679848 0.203632 0.11652
0.275253 0.618697 0.10605
0.70304 0.0611206 0.235839
0.300731 0.524498 0.174772
0.394551 0.151939 0.45351
0.48235 0.230653 0.286997
0.634411 0.263736 0.101852
0.122424 0.410626 0.46695
0.568714 0.306627 0.124659
0.545039 0.0893377 0.365623
0.265073 0.257719 0.477208
0.575355 0.197518 0.227127
0.0665698 0.342158 0.591272
0.130356 0.122519 0.747125
0.230826 0.380318 0.388856
0.080003 0.777605 0.142392
0.391479 0.496478 0.112044
0.139027 0.701249 0.159723
0.0505428 0.860645 0.0888122
0.317434 0.0708404 0.611725
0.195278 0.475258 0.329463
0.408176 0.393639 0.198185
0.485065 0.126382 0.388553
0.872645 0.0522164 0.075139
0.0775673 0.260748 0.661684
0.055952 0.0755374 0.868511
0.316502 0.336298 0.347199
0.482981 0.332138 0.184881
0.0590752 0.672981 0.267944
0.328505 0.430434 0.24106
0.0713335 0.169845 0.758822
0.207325 0.073281 0.719394
0.0723184 0.589514 0.338168
0.217422 0.667208 0.11537
0.14462 0.333005 0.522374
0.207705 0.56344 0.228854
0.209789 0.168821 0.621389


3 1 27
0 18 28
32 31 38
23 22 39
12 11 42
11 10 42
17 16 43
30 29 43
34 33 44
16 15 45
43 16 45
15 14 48
38 45 48
45 15 48
8 7 49
31 30 50
38 31 50
45 38 50
30 43 50
43 45 50
9 8 51
8 49 51
46 40 52
46 52 53
14 13 54
48 14 54
39 22 55
13 12 56
54 13 56
33 32 57
32 38 57
40 46 58
38 48 59
48 54 59
54 56 59
56 53 59
57 38 59
22 21 60
55 22 60
47 58 62
5 4 63
26 25 63
10 9 64
9 51 64
6 5 65
5 63 65
4 3 66
3 27 66
27 26 66
26 63 66
63 4 66
35 34 67
34 44 67
52 40 67
44 52 67
39 55 68
55 62 68
62 51 68
42 10 69
10 64 69
52 44 70
53 52 70
44 33 70
33 57 70
57 59 70
59 53 70
18 17 71
28 18 71
29 28 71
17 43 71
43 29 71
21 20 72
60 21 72
19 2 73
2 37 73
37 61 73
58 46 74
46 69 74
62 58 74
46 53 75
12 42 75
56 12 75
53 56 75
42 69 75
69 46 75
25 24 76
63 25 76
65 63 76
51 62 77
64 51 77
62 74 77
69 64 77
74 69 77
20 19 78
72 20 78
61 47 78
47 72 78
19 73 78
73 61 78
37 36 79
61 37 79
36 35 79
35 67 79
67 40 79
24 23 80
23 39 80
39 41 80
76 24 80
41 65 80
65 76 80
7 6 81
49 7 81
6 65 81
65 41 81
55 60 82
60 72 82
62 55 82
47 62 82
72 47 82
41 39 83
39 68 83
51 49 83
68 51 83
49 81 83
81 41 83
40 58 84
58 47 84
47 61 84
61 79 84
79 40 84
