140
1 0 0
0 1 0
0 0 1
0.0588236 0.941176 0
0.117647 0.882353 0
0.176471 0.823529 0
0.235294 0.764706 0
0.294118 0.705882 0
0.352941 0.647059 0
0.411765 0.588235 0
0.470588 0.529412 0
0.529412 0.470588 0
0.588235 0.411765 0
0.647059 0.352941 0
0.705882 0.294118 0
0.764706 0.235294 0
0.823529 0.176471 0
0.882353 0.117647 0
0.941176 0.0588235 0
0 0.0555556 0.944444
0 0.111111 0.888889
0 0.166667 0.833333
0 0.222222 0.777778
0 0.277778 0.722222
0 0.333333 0.666667
0 0.388889 0.611111
0 0.444444 0.555556
0 0.5 0.5
0 0.555556 0.444444
0 0.611111 0.388889
0 0.666667 0.333333
0 0.722222 0.277778
0 0.777778 0.222222
0 0.833333 0.166667
0 0.888889 0.111111
0 0.944444 0.0555556
0.916667 0 0.0833333
0.833333 0 0.166667
0.75 0 0.25
0.666667 0 0.333333
0.583333 0 0.416667
0.5 0 0.5
0.416667 0 0.583333
0.333333 0 0.666667
0.25 0 0.75
0.166667 0 0.833333
0.0833333 0 0.916667
0.646362 0.119911 0.233727
0.0839785 0.49536 0.420661
0.274791 0.145648 0.579561
0.167707 0.613025 0.219267
0.491388 0.422893 0.0857189
0.800588 0.0641227 0.135289
0.424721 0.0569022 0.518377
0.646168 0.271724 0.0821074
0.051022 0.352311 0.596667
0.748441 0.176729 0.0748299
0.732552 0.121786 0.145662
0.411453 0.250009 0.338537
0.645924 0.0596143 0.294462
0.182558 0.251466 0.565976
0.263126 0.624841 0.112033
0.324304 0.522392 0.153304
0.381862 0.127376 0.490762
0.203418 0.322906 0.473676
0.505196 0.234995 0.259809
0.172561 0.546282 0.281157
0.136169 0.393365 0.470466
0.335946 0.578659 0.0853945
0.596938 0.325874 0.0771884
0.873908 0.0550741 0.0710179
0.55122 0.0763382 0.372441
0.163391 0.187522 0.649087
0.261577 0.253998 0.484425
0.179046 0.675613 0.145341
0.336838 0.0508247 0.612337
0.593263 0.234475 0.172262
0.285503 0.481649 0.232848
0.134034 0.126288 0.739678
0.571351 0.17851 0.250139
0.154447 0.779424 0.0661295
0.535714 0.292487 0.171799
0.660081 0.176241 0.163678
0.683859 0.222487 0.0936535
0.0841811 0.839434 0.0763852
0.230299 0.387148 0.382553
0.0742624 0.789026 0.136711
0.442836 0.337176 0.219989
0.398557 0.518058 0.0833848
0.261034 0.0445569 0.694409
0.0821561 0.711441 0.206403
0.478173 0.126925 0.394902
0.359802 0.219885 0.420313
0.463008 0.477255 0.0597374
0.239045 0.107007 0.653947
0.176805 0.489121 0.334075
0.313168 0.285416 0.401415
0.473149 0.185257 0.341594
0.122105 0.738164 0.139731
0.719343 0.0662816 0.214376
0.0541242 0.896736 0.0491397
0.0880069 0.264366 0.647628
0.13174 0.0652609 0.802999
0.314736 0.406341 0.278923
0.458017 0.283053 0.25893
0.297374 0.346365 0.356261
0.814867 0.11892 0.0662127
0.28448 0.191561 0.523959
0.521581 0.0382174 0.440202
0.0625192 0.105751 0.83173
0.0814024 0.603971 0.314626
0.0863938 0.661066 0.25254
0.10979 0.306143 0.584067
0.393872 0.466059 0.140069
0.0692886 0.169857 0.760854
0.213369 0.724082 0.0625491
0.0854188 0.546664 0.367917
0.247867 0.563561 0.188573
0.0654938 0.224349 0.710157
0.243202 0.439379 0.317418
0.501082 0.360925 0.137993
0.0675019 0.448402 0.484096
0.0793936 0.0466762 0.87393
0.156657 0.439637 0.403706
0.401753 0.407784 0.190463
0.599102 0.0332746 0.367624
0.39838 0.169498 0.432122
0.190562 0.0781508 0.731287
0.407273 0.553267 0.0394594
0.56196 0.379054 0.0589862
0.33453 0.0960811 0.569389
0.0565807 0.399457 0.543962
0.267094 0.674588 0.0583178
0.370134 0.361297 0.268569
0.77633 0.028228 0.195442
0.11238 0.353505 0.534115
0.470295 0.0851476 0.444557
0.196881 0.0331985 0.769921
0.56243 0.122998 0.314573
0.382183 0.308362 0.309454


3 1 35
0 18 36
19 2 46
28 27 48
12 11 51
42 41 53
15 14 54
25 24 55
16 15 56
39 38 59
9 8 68
8 61 68
14 13 69
54 14 69
18 17 70
36 18 70
37 36 70
52 37 70
64 60 73
50 61 74
43 42 75
42 53 75
76 65 79
6 5 80
54 69 81
76 54 81
65 76 81
57 56 82
47 57 82
79 47 82
76 79 82
15 54 83
56 15 83
82 56 83
54 76 83
76 82 83
5 4 84
34 33 84
80 5 84
67 64 85
33 32 86
80 84 86
84 33 86
68 62 88
44 43 89
43 75 89
32 31 90
11 10 93
10 88 93
51 11 93
49 72 94
72 78 94
89 75 94
77 66 95
64 73 96
73 92 96
92 58 96
65 58 97
79 65 97
58 92 97
86 32 98
32 90 98
90 74 98
80 86 98
52 57 99
57 47 99
59 38 99
47 59 99
4 3 100
3 35 100
35 34 100
34 84 100
84 4 100
24 23 101
72 60 101
58 65 104
65 81 104
81 87 104
85 64 105
64 96 105
103 85 105
17 16 106
16 56 106
57 52 106
56 57 106
52 70 106
70 17 106
60 72 107
72 49 107
73 60 107
49 63 107
92 73 107
41 40 108
53 41 108
21 20 109
102 78 109
30 29 110
66 50 110
31 30 111
90 31 111
50 74 111
74 90 111
30 110 111
110 50 111
60 64 112
55 24 112
24 101 112
101 60 112
62 77 113
51 93 113
88 62 113
93 88 113
22 21 114
78 72 114
21 109 114
109 78 114
7 6 115
6 80 115
80 98 115
98 74 115
48 95 116
95 66 116
29 28 116
110 29 116
28 48 116
66 110 116
61 50 117
50 66 117
62 68 117
68 61 117
66 77 117
77 62 117
23 22 118
101 23 118
72 101 118
114 72 118
22 114 118
77 95 119
103 77 119
85 103 119
81 69 120
87 81 120
27 26 121
48 27 121
19 46 122
46 45 122
45 102 122
20 19 122
109 20 122
102 109 122
95 48 123
67 85 123
85 119 123
119 95 123
48 121 123
121 67 123
77 103 124
113 77 124
51 113 124
120 51 124
87 120 124
40 39 125
39 59 125
59 71 125
71 108 125
108 40 125
63 91 126
91 97 126
97 92 126
92 107 126
107 63 126
89 94 127
94 78 127
78 102 127
10 9 128
88 10 128
9 68 128
68 88 128
13 12 129
69 13 129
12 51 129
51 120 129
120 69 129
53 63 130
75 53 130
63 49 130
49 94 130
94 75 130
26 25 131
25 55 131
67 121 131
121 26 131
8 7 132
61 8 132
7 115 132
74 61 132
115 74 132
103 105 133
87 124 133
124 103 133
38 37 134
99 38 134
37 52 134
52 99 134
64 67 135
55 112 135
112 64 135
67 131 135
131 55 135
63 53 136
91 63 136
71 91 136
108 71 136
53 108 136
45 44 137
102 45 137
44 89 137
89 127 137
127 102 137
59 47 138
71 59 138
47 79 138
91 71 138
79 97 138
97 91 138
96 58 139
105 96 139
58 104 139
104 87 139
87 133 139
133 105 139
