53
1 0 0
0 1 0
0 0 1
0.0588235 0.941177 0
0.117647 0.882353 0
0.176471 0.823529 0
0.235294 0.764706 0
0.294118 0.705882 0
0.352941 0.647059 0
0.411765 0.588235 0
0.470588 0.529412 0
0.529412 0.470588 0
0.588235 0.411765 0
0.647059 0.352941 0
0.705882 0.294118 0
0.764706 0.235294 0
0.823529 0.176471 0
0.882353 0.117647 0
0.941176 0.0588235 0
0 0.0714286 0.928571
0 0.142857 0.857143
0 0.214286 0.785714
0 0.285714 0.714286
0 0.357143 0.642857
0 0.428572 0.571429
0 0.5 0.5
0 0.571429 0.428571
0 0.642857 0.357143
0 0.714286 0.285714
0 0.785714 0.214286
0 0.857143 0.142857
0 0.928571 0.0714286
0.75 0 0.25
0.5 0 0.5
0.25 0 0.75
0.617499 0.105144 0.277357
0.276687 0.148864 0.574449
0.371912 0.247012 0.381076
0.236606 0.503186 0.260208
0.525725 0.217309 0.256966
0.278209 0.375425 0.346366
0.408985 0.334356 0.256658
0.299306 0.0750351 0.625659
0.15496 0.631101 0.21394
0.704457 0.0559574 0.239586
0.215996 0.287239 0.496765
0.543426 0.15714 0.299434
0.104893 0.772086 0.123021
0.18984 0.583308 0.226852
0.14214 0.707537 0.150322
0.268446 0.447698 0.283856
0.471832 0.0470112 0.481157
0.161439 0.218818 0.619744


5 4 30
29 5 30
3 1 31
4 3 31
30 4 31
0 18 32
17 16 35
20 19 36
14 13 37
20 36 37
10 9 38
9 25 38
25 24 38
15 14 39
14 37 39
37 36 39
12 11 40
23 22 40
37 13 41
13 12 41
12 40 41
2 34 42
19 2 42
36 19 42
8 7 43
7 27 43
27 26 43
18 17 44
32 18 44
33 32 44
17 35 44
37 41 45
22 21 45
40 22 45
41 40 45
16 15 46
35 16 46
42 35 46
15 39 46
39 36 46
36 42 46
6 5 47
5 29 47
28 6 47
29 28 47
9 8 48
25 9 48
26 25 48
8 43 48
43 26 48
7 6 49
6 28 49
27 7 49
28 27 49
11 10 50
24 23 50
10 38 50
38 24 50
23 40 50
40 11 50
34 33 51
35 42 51
42 34 51
33 44 51
44 35 51
21 20 52
20 37 52
37 45 52
45 21 52
