137
1 0 0
0 1 0
0 0 1
0.0588236 0.941176 0
0.117647 0.882353 0
0.176471 0.823529 0
0.235294 0.764706 0
0.294118 0.705882 0
0.352941 0.647059 0
0.411765 0.588235 0
0.470588 0.529412 0
0.529412 0.470588 0
0.588235 0.411765 0
0.647059 0.352941 0
0.705882 0.294118 0
0.764706 0.235294 0
0.823529 0.176471 0
0.882353 0.117647 0
0.941176 0.0588235 0
0 0.0714285 0.928571
0 0.142857 0.857143
0 0.214286 0.785714
0 0.285714 0.714286
0 0.357143 0.642857
0 0.428571 0.571428
0 0.5 0.5
0 0.571429 0.428571
0 0.642857 0.357143
0 0.714286 0.285714
0 0.785714 0.214286
0 0.857143 0.142857
0 0.928571 0.0714286
0.933333 0 0.0666667
0.866667 0 0.133333
0.8 0 0.2
0.733333 0 0.266667
0.666667 0 0.333333
0.6 0 0.4
0.533333 0 0.466667
0.466667 0 0.533333
0.4 0 0.6
0.333333 0 0.666667
0.266667 0 0.733333
0.2 0 0.8
0.133333 0 0.866667
0.0666668 0 0.933333
0.62357 0.112428 0.264001
0.113137 0.484775 0.402088
0.271598 0.145009 0.583393
0.163359 0.62109 0.215551
0.47196 0.402838 0.125203
0.807047 0.0606614 0.132292
0.41772 0.0705944 0.511686
0.645973 0.271843 0.0821836
0.76524 0.175194 0.0595664
0.739388 0.129214 0.131399
0.393054 0.252366 0.35458
0.175382 0.252369 0.572249
0.0460224 0.298839 0.655138
0.278684 0.631234 0.0900822
0.0622439 0.141484 0.796272
0.682691 0.0520945 0.265215
0.305986 0.53537 0.158645
0.393297 0.137445 0.469259
0.189919 0.333817 0.476264
0.50607 0.215803 0.278127
0.160439 0.547552 0.29201
0.118909 0.398923 0.482168
0.34597 0.580516 0.0735138
0.58227 0.3316 0.0861296
0.875891 0.0577868 0.0663224
0.555183 0.077757 0.36706
0.138068 0.201537 0.660395
0.246786 0.24368 0.509534
0.200442 0.671025 0.128533
0.23606 0.707814 0.0561258
0.35068 0.0509759 0.598344
0.581302 0.243617 0.175081
0.0660882 0.362713 0.571199
0.134249 0.139372 0.726379
0.565634 0.16393 0.270436
0.324302 0.266674 0.409024
0.167568 0.756891 0.0755406
0.518811 0.29093 0.190259
0.65145 0.182341 0.166209
0.0936846 0.82625 0.0800658
0.228147 0.389156 0.382697
0.453476 0.339872 0.206652
0.397836 0.517271 0.0848928
0.274623 0.0739849 0.651392
0.135387 0.692014 0.172599
0.0656526 0.71398 0.220367
0.0508853 0.789074 0.160041
0.482853 0.129222 0.387925
0.472098 0.467728 0.0601737
0.189439 0.469068 0.341493
0.299118 0.467109 0.233773
0.423221 0.449272 0.127507
0.100338 0.272613 0.627049
0.130371 0.0698454 0.799783
0.3349 0.40258 0.26252
0.0531485 0.88644 0.0604119
0.302633 0.352103 0.345264
0.816173 0.117757 0.0660703
0.619933 0.0528456 0.327222
0.225906 0.585707 0.188388
0.439029 0.190804 0.370166
0.201267 0.073919 0.724814
0.49007 0.05736 0.45257
0.0648947 0.216911 0.718194
0.0447891 0.65817 0.297041
0.404401 0.393978 0.201621
0.0939029 0.557979 0.348118
0.0565369 0.449295 0.494168
0.308485 0.185734 0.505781
0.211298 0.161037 0.627665
0.130652 0.322542 0.546806
0.746767 0.0526352 0.200598
0.259935 0.316557 0.423508
0.377317 0.326503 0.296179
0.237574 0.509322 0.253105
0.532984 0.408673 0.0583426
0.0621994 0.0686793 0.869121
0.706888 0.216134 0.0769783
0.261933 0.429706 0.308361
0.0482293 0.52672 0.42505
0.370966 0.199706 0.429327
0.51754 0.353663 0.128797
0.361167 0.463002 0.175831
0.692067 0.106828 0.201105
0.16542 0.418426 0.416153
0.106042 0.757883 0.136076
0.0301467 0.0329727 0.936881
0.0452931 0.597188 0.357519
0.336409 0.107098 0.556493
0.447057 0.271262 0.281681
0.101757 0.626261 0.271982


3 1 31
0 18 32
34 33 51
40 39 52
14 13 53
16 15 54
23 22 58
8 7 59
21 20 60
36 35 61
9 8 68
8 59 68
59 62 68
13 12 69
53 13 69
18 17 70
32 18 70
33 32 70
51 33 70
38 37 71
64 57 73
7 6 75
59 7 75
74 59 75
41 40 76
40 52 76
53 69 77
24 23 78
23 58 78
71 46 80
77 65 80
6 5 82
75 6 82
74 75 82
65 77 83
77 69 83
53 77 84
77 80 84
80 46 84
5 4 85
82 5 85
10 9 88
9 68 88
68 62 88
42 41 89
41 76 89
49 74 90
74 82 90
29 28 91
30 29 92
85 30 92
29 91 92
63 52 93
71 80 93
80 65 93
11 10 94
10 88 94
66 47 95
50 94 97
94 88 97
72 57 98
78 58 98
44 43 99
79 60 99
4 3 101
85 4 101
3 31 101
31 30 101
30 85 101
17 16 103
16 54 103
54 55 103
55 51 103
51 70 103
70 17 103
37 36 104
36 61 104
61 46 104
46 71 104
71 37 104
62 59 105
49 66 105
59 74 105
74 49 105
63 93 106
93 65 106
43 42 107
42 89 107
79 99 107
99 43 107
39 38 108
52 39 108
93 52 108
38 71 108
71 93 108
22 21 109
58 22 109
21 60 109
60 79 109
79 72 109
98 58 109
72 98 109
28 27 110
91 28 110
87 50 111
50 97 111
47 66 112
25 24 113
67 47 113
24 78 113
78 67 113
73 48 114
81 73 114
57 72 115
48 73 115
73 57 115
72 79 115
79 107 115
89 48 115
107 89 115
64 67 116
67 78 116
57 64 116
98 57 116
78 98 116
35 34 117
34 51 117
51 55 117
61 35 117
64 73 118
73 81 118
81 102 118
86 64 118
102 86 118
81 56 119
102 81 119
100 102 119
87 111 119
111 100 119
96 62 120
62 105 120
66 95 120
105 66 120
12 11 121
69 12 121
11 94 121
94 50 121
20 19 122
60 20 122
99 60 122
45 44 122
44 99 122
15 14 123
14 53 123
54 15 123
53 84 123
55 54 123
84 55 123
95 86 124
100 96 124
86 102 124
102 100 124
96 120 124
120 95 124
26 25 125
47 112 125
25 113 125
113 47 125
56 81 126
63 106 126
106 56 126
81 114 126
114 63 126
83 69 127
50 87 127
87 83 127
69 121 127
121 50 127
88 62 128
97 88 128
62 96 128
111 97 128
96 100 128
100 111 128
46 61 129
84 46 129
55 84 129
61 117 129
117 55 129
67 64 130
64 86 130
47 67 130
95 47 130
86 95 130
82 85 131
85 92 131
90 82 131
91 90 131
92 91 131
19 2 132
2 45 132
45 122 132
122 19 132
27 26 133
110 27 133
26 125 133
125 112 133
52 63 134
76 52 134
48 89 134
89 76 134
114 48 134
63 114 134
65 83 135
83 87 135
56 106 135
106 65 135
87 119 135
119 56 135
49 90 136
90 91 136
91 110 136
66 49 136
112 66 136
110 133 136
133 112 136
