64
1 0 0
0 1 0
0 0 1
0.0588235 0.941176 0
0.117647 0.882353 0
0.176471 0.823529 0
0.235294 0.764706 0
0.294118 0.705882 0
0.352941 0.647059 0
0.411765 0.588235 0
0.470588 0.529412 0
0.529412 0.470588 0
0.588235 0.411765 0
0.647059 0.352941 0
0.705882 0.294118 0
0.764706 0.235294 0
0.823529 0.176471 0
0.882353 0.117647 0
0.941176 0.0588235 0
0 0.0625 0.9375
0 0.125 0.875
0 0.1875 0.8125
0 0.25 0.75
0 0.3125 0.6875
0 0.375 0.625
0 0.4375 0.5625
0 0.5 0.5
0 0.5625 0.4375
0 0.625 0.375
0 0.6875 0.3125
0 0.75 0.25
0 0.8125 0.1875
0 0.875 0.125
0 0.9375 0.0625
0.75 0 0.25
0.5 0 0.5
0.25 0 0.75
0.607708 0.118819 0.273473
0.31464 0.137879 0.547482
0.182859 0.60715 0.209991
0.395562 0.0656177 0.53882
0.368491 0.272476 0.359034
0.688648 0.0573928 0.25396
0.186174 0.259239 0.554587
0.308766 0.524776 0.166459
0.204569 0.331253 0.464178
0.170933 0.404163 0.424904
0.150058 0.191892 0.65805
0.560766 0.239549 0.199685
0.571673 0.177769 0.250558
0.434547 0.338577 0.226876
0.366376 0.431933 0.201691
0.161272 0.667893 0.170836
0.187695 0.472835 0.33947
0.133578 0.726535 0.139887
0.174335 0.0914981 0.734167
0.163896 0.0424885 0.793616
0.177333 0.544649 0.278018
0.356395 0.206382 0.437223
0.106975 0.77774 0.115285
0.851747 0.027442 0.120811
0.542805 0.296166 0.161029
0.346209 0.380378 0.273413
0.374068 0.481064 0.144868


5 4 32
31 5 32
3 1 33
4 3 33
32 4 33
17 16 37
9 8 39
28 27 39
36 35 40
37 38 40
18 17 42
17 37 42
35 34 42
37 40 42
40 35 42
23 22 43
10 9 44
24 23 45
23 43 45
43 41 45
25 24 46
24 45 46
21 20 47
20 38 47
22 21 47
43 22 47
15 14 48
16 15 49
15 48 49
37 16 49
38 37 49
13 12 50
45 41 50
12 11 51
8 7 52
29 28 52
28 39 52
39 8 52
26 25 53
25 46 53
46 51 53
7 6 54
30 29 54
29 52 54
52 7 54
20 19 55
38 20 55
40 38 55
19 2 56
2 36 56
55 19 56
36 40 56
40 55 56
27 26 57
9 39 57
44 9 57
39 27 57
26 53 57
53 44 57
41 43 58
43 47 58
48 41 58
47 38 58
38 49 58
49 48 58
6 5 59
5 31 59
31 30 59
30 54 59
54 6 59
0 18 60
34 0 60
18 42 60
42 34 60
41 48 61
48 14 61
14 13 61
13 50 61
50 41 61
46 45 62
45 50 62
51 46 62
50 12 62
12 51 62
11 10 63
10 44 63
44 53 63
51 11 63
53 51 63
