117
1 0 0
0 1 0
0 0 1
0.0588235 0.941176 0
0.117647 0.882353 0
0.176471 0.823529 0
0.235294 0.764706 0
0.294118 0.705882 0
0.352941 0.647059 0
0.411765 0.588235 0
0.470588 0.529412 0
0.529412 0.470588 0
0.588235 0.411765 0
0.647059 0.352941 0
0.705882 0.294118 0
0.764706 0.235294 0
0.823529 0.176471 0
0.882353 0.117647 0
0.941176 0.0588235 0
0 0.076923 0.923077
0 0.153846 0.846154
0 0.230769 0.769231
0 0.307692 0.692308
0 0.384615 0.615385
0 0.461538 0.538462
0 0.538462 0.461538
0 0.615385 0.384615
0 0.692308 0.307692
0 0.769231 0.230769
0 0.846154 0.153846
0 0.923077 0.0769231
0.923077 0 0.0769231
0.846154 0 0.153846
0.769231 0 0.230769
0.692308 0 0.307692
0.615385 0 0.384615
0.538462 0 0.461538
0.461538 0 0.538462
0.384615 0 0.615385
0.307692 0 0.692308
0.230769 0 0.769231
0.153846 0 0.846154
0.076923 0 0.923077
0.636804 0.111255 0.251941
0.0946896 0.497318 0.407992
0.279433 0.135472 0.585095
0.138511 0.629652 0.231837
0.503615 0.390967 0.105419
0.791138 0.0624274 0.146434
0.421278 0.0671597 0.511562
0.644351 0.272168 0.0834809
0.0560793 0.355424 0.588496
0.760138 0.171526 0.0683355
0.399632 0.258869 0.341498
0.158058 0.253504 0.588439
0.276945 0.631309 0.0917463
0.0505475 0.146894 0.802558
0.307408 0.53426 0.158333
0.0579924 0.633248 0.308759
0.38019 0.130169 0.489641
0.190844 0.32795 0.481206
0.490815 0.229717 0.279467
0.164865 0.54249 0.292646
0.128715 0.403848 0.467437
0.344451 0.580688 0.0748615
0.579863 0.332504 0.0876325
0.718992 0.127361 0.153647
0.869807 0.0575229 0.0726704
0.56182 0.0759311 0.362249
0.249412 0.243568 0.50702
0.1968 0.674867 0.128333
0.340499 0.0640427 0.595458
0.578291 0.246642 0.175067
0.127727 0.12653 0.745743
0.564143 0.164646 0.271211
0.160261 0.760985 0.0787534
0.520372 0.305285 0.174343
0.643323 0.188057 0.16862
0.092337 0.828059 0.0796039
0.230017 0.398083 0.3719
0.449244 0.322391 0.228364
0.394975 0.521426 0.0835997
0.268438 0.0551569 0.676405
0.0686558 0.701328 0.230017
0.0709988 0.775882 0.15312
0.480227 0.131094 0.388678
0.100217 0.20031 0.699473
0.711868 0.0583625 0.22977
0.451913 0.463907 0.0841801
0.188515 0.465372 0.346112
0.282031 0.458537 0.259432
0.320713 0.280693 0.398594
0.127488 0.0578421 0.814669
0.0699479 0.272477 0.657575
0.326046 0.397128 0.276825
0.0524194 0.884981 0.0625998
0.115837 0.323881 0.560282
0.33659 0.205421 0.457989
0.808482 0.115985 0.0755333
0.414604 0.399402 0.185994
0.422954 0.186655 0.390391
0.199532 0.0765277 0.72394
0.0991883 0.572008 0.328804
0.0513104 0.441873 0.506817
0.194234 0.170146 0.635619
0.275043 0.333661 0.391296
0.364874 0.336292 0.298834
0.639776 0.0516096 0.308614
0.238065 0.517131 0.244804
0.0706872 0.0804353 0.848878
0.703368 0.214744 0.0818878
0.368367 0.461845 0.169788
0.490653 0.0572795 0.452067
0.044303 0.566562 0.389135
0.224921 0.589638 0.185441
0.129158 0.712446 0.158396
0.233147 0.709005 0.0578481


3 1 30
0 18 31
19 2 42
12 11 47
33 32 48
38 37 49
14 13 50
23 22 51
16 15 52
8 7 55
20 19 56
21 20 56
27 26 58
9 8 64
8 55 64
55 57 64
13 12 65
12 47 65
50 13 65
18 17 67
31 18 67
32 31 67
48 32 67
36 35 68
60 54 69
39 38 71
59 45 71
38 49 71
49 59 71
50 65 72
68 43 74
72 61 74
6 5 75
65 47 76
61 72 76
72 65 76
43 66 77
50 72 77
72 74 77
74 43 77
5 4 78
75 5 78
63 60 79
76 47 80
53 61 80
61 76 80
10 9 81
9 64 81
64 57 81
40 39 82
39 71 82
71 45 82
28 27 83
27 58 83
58 46 83
29 28 84
78 29 84
75 78 84
28 83 84
59 49 85
74 61 85
68 74 85
21 56 86
56 73 86
34 33 87
33 48 87
48 66 87
66 43 87
11 10 88
47 11 88
10 81 88
62 44 89
44 63 89
63 79 89
89 79 90
42 41 92
22 21 93
21 86 93
51 22 93
86 54 93
90 79 94
4 3 95
78 4 95
3 30 95
30 29 95
29 78 95
54 60 96
60 63 96
63 51 96
51 93 96
93 54 96
45 59 97
69 45 97
53 91 97
91 69 97
17 16 98
16 52 98
52 66 98
66 48 98
48 67 98
67 17 98
80 47 99
47 88 99
59 85 100
61 53 100
85 61 100
53 97 100
97 59 100
82 45 101
41 40 101
92 41 101
40 82 101
73 92 101
46 58 102
62 46 102
44 62 102
25 24 103
44 25 103
24 23 103
23 51 103
63 44 103
51 63 103
45 69 104
69 54 104
54 86 104
86 73 104
73 101 104
101 45 104
60 69 105
69 91 105
79 60 105
94 79 105
53 80 106
91 53 106
80 99 106
99 94 106
94 105 106
105 91 106
35 34 107
43 68 107
68 35 107
34 87 107
87 43 107
90 57 108
62 89 108
89 90 108
19 42 109
42 92 109
56 19 109
73 56 109
92 73 109
15 14 110
14 50 110
50 77 110
52 15 110
66 52 110
77 66 110
81 57 111
57 90 111
90 94 111
88 81 111
99 88 111
94 99 111
37 36 112
49 37 112
85 49 112
36 68 112
68 85 112
26 25 113
58 26 113
102 58 113
25 44 113
44 102 113
46 62 114
55 70 114
70 46 114
57 55 114
108 57 114
62 108 114
46 70 115
83 46 115
70 75 115
75 84 115
84 83 115
7 6 116
55 7 116
70 55 116
6 75 116
75 70 116
