71
1 0 0
0 1 0
0 0 1
0.0588235 0.941176 0
0.117647 0.882353 0
0.176471 0.823529 0
0.235294 0.764706 0
0.294118 0.705882 0
0.352941 0.647059 0
0.411765 0.588235 0
0.470588 0.529412 0
0.529412 0.470588 0
0.588235 0.411765 0
0.647059 0.352941 0
0.705882 0.294118 0
0.764706 0.235294 0
0.823529 0.176471 0
0.882353 0.117647 0
0.941176 0.0588235 0
0 0.0555556 0.944444
0 0.111111 0.888889
0 0.166667 0.833333
0 0.222222 0.777778
0 0.277778 0.722222
0 0.333333 0.666667
0 0.388889 0.611111
0 0.444444 0.555556
0 0.5 0.5
0 0.555556 0.444444
0 0.611111 0.388889
0 0.666667 0.333333
0 0.722222 0.277778
0 0.777778 0.222222
0 0.833333 0.166667
0 0.888889 0.111111
0 0.944444 0.0555556
0.75 0 0.25
0.5 0 0.5
0.25 0 0.75
0.793566 0.03325 0.173184
0.656371 0.110236 0.233393
0.353771 0.134064 0.512165
0.192786 0.618274 0.18894
0.410007 0.0651287 0.524864
0.362796 0.2631 0.374105
0.179109 0.243316 0.577575
0.287348 0.515605 0.197046
0.199654 0.333279 0.467067
0.149278 0.39248 0.458242
0.461981 0.389758 0.14826
0.180201 0.191483 0.628316
0.16866 0.67921 0.15213
0.520913 0.337386 0.141702
0.595961 0.160495 0.243544
0.174376 0.0972034 0.72842
0.260253 0.0422647 0.697482
0.172289 0.481996 0.345714
0.39273 0.450061 0.157209
0.138669 0.731094 0.130237
0.43565 0.306212 0.258138
0.259367 0.422109 0.318524
0.330396 0.363167 0.306437
0.591063 0.214134 0.194803
0.579634 0.26197 0.158396
0.602632 0.0315114 0.365857
0.150466 0.57 0.279535
0.37813 0.20061 0.42126
0.103001 0.798235 0.0987649
0.61874 0.0749502 0.30631
0.148325 0.292523 0.559152
0.310069 0.564447 0.125485


5 4 34
33 5 34
3 1 35
4 3 35
34 4 35
19 2 38
0 18 39
36 0 39
18 17 40
9 8 42
30 29 42
23 22 45
11 10 46
25 24 47
26 25 48
25 47 48
13 12 49
22 21 50
21 41 50
45 22 50
8 7 51
31 30 51
30 42 51
42 8 51
14 13 52
13 49 52
17 16 53
40 17 53
41 40 53
21 20 54
41 21 54
20 19 54
43 41 54
38 37 55
37 43 55
19 38 55
54 19 55
43 54 55
28 27 56
46 28 56
27 26 56
12 11 57
49 12 57
11 46 57
46 56 57
7 6 58
6 32 58
32 31 58
31 51 58
51 7 58
14 52 59
47 44 59
26 48 60
56 26 60
57 56 60
49 57 60
48 47 61
52 49 61
47 59 61
59 52 61
49 60 61
60 48 61
16 15 62
53 16 62
15 14 63
14 59 63
59 44 63
44 62 63
62 15 63
37 36 64
43 37 64
36 39 64
29 28 65
28 46 65
42 29 65
50 41 66
41 53 66
45 50 66
44 45 66
62 44 66
53 62 66
6 5 67
5 33 67
32 6 67
33 32 67
39 18 68
18 40 68
40 41 68
41 43 68
64 39 68
43 64 68
24 23 69
23 45 69
45 44 69
44 47 69
47 24 69
10 9 70
46 10 70
65 46 70
9 42 70
42 65 70
