95
1 0 0
0 1 0
0 0 1
0.0588235 0.941176 0
0.117647 0.882353 0
0.176471 0.823529 0
0.235294 0.764706 0
0.294118 0.705882 0
0.352941 0.647059 0
0.411765 0.588235 0
0.470588 0.529412 0
0.529412 0.470588 0
0.588235 0.411765 0
0.647059 0.352941 0
0.705882 0.294118 0
0.764706 0.235294 0
0.823529 0.176471 0
0.882353 0.117647 0
0.941176 0.0588235 0
0 0.1 0.9
0 0.2 0.8
0 0.3 0.7
0 0.4 0.6
0 0.5 0.5
0 0.6 0.4
0 0.7 0.3
0 0.8 0.2
0 0.9 0.1
0.916667 0 0.0833333
0.833333 0 0.166667
0.75 0 0.25
0.666667 0 0.333333
0.583333 0 0.416667
0.5 0 0.5
0.416667 0 0.583333
0.333333 0 0.666667
0.25 0 0.75
0.166667 0 0.833333
0.0833333 0 0.916667
0.640972 0.116397 0.242631
0.111649 0.502369 0.385982
0.277795 0.133807 0.588397
0.15332 0.586529 0.260151
0.493038 0.415819 0.0911432
0.803035 0.0755855 0.121379
0.414036 0.0636325 0.522332
0.637473 0.246488 0.116038
0.0541412 0.35779 0.588069
0.740334 0.136508 0.123158
0.401409 0.250306 0.348285
0.171117 0.249725 0.579158
0.285079 0.613856 0.101066
0.0547369 0.145361 0.799902
0.289453 0.504516 0.206031
0.386602 0.153217 0.460181
0.481798 0.226093 0.292109
0.123197 0.408575 0.468228
0.591604 0.321322 0.0870745
0.876821 0.0508027 0.072376
0.552121 0.0774345 0.370445
0.24966 0.249063 0.501277
0.568289 0.247446 0.184265
0.130155 0.140106 0.729739
0.223067 0.374679 0.402254
0.0855982 0.773488 0.140913
0.446207 0.331027 0.222766
0.383964 0.506724 0.109311
0.126264 0.677497 0.196239
0.480754 0.117743 0.401503
0.0512549 0.859282 0.089463
0.326119 0.0708122 0.603069
0.189658 0.485948 0.324394
0.0471126 0.271664 0.681223
0.69655 0.203128 0.100321
0.332032 0.417511 0.250457
0.419518 0.427412 0.15307
0.327063 0.231581 0.441355
0.198126 0.0796141 0.72226
0.0569437 0.668485 0.274572
0.119453 0.314113 0.566434
0.205972 0.167634 0.626393
0.214148 0.669739 0.116114
0.298411 0.323328 0.378261
0.523176 0.325948 0.150877
0.0690096 0.573057 0.357934
0.0611718 0.0694603 0.869368
0.226204 0.569781 0.204015
0.715202 0.0612298 0.223569
0.127319 0.0580334 0.814648
0.563182 0.168098 0.26872
0.087937 0.217382 0.694681
0.0535384 0.45684 0.489622
0.168156 0.746868 0.0849757
0.347294 0.574986 0.0777198
0.37106 0.333243 0.295696


3 1 27
0 18 28
32 31 39
12 11 43
11 10 43
17 16 44
30 29 44
35 34 45
34 33 45
14 13 46
22 21 47
16 15 48
44 16 48
8 7 51
20 19 52
49 54 55
13 12 57
46 13 57
18 17 58
28 18 58
29 28 58
17 44 58
44 29 58
33 32 59
32 39 59
46 57 61
50 60 63
5 4 64
26 25 64
49 55 65
10 9 66
54 45 68
55 54 68
45 33 68
33 59 68
4 3 69
3 27 69
27 26 69
26 64 69
64 4 69
36 35 70
41 36 70
54 41 70
35 45 70
45 54 70
42 40 71
40 56 71
56 63 71
63 53 71
21 20 72
47 21 72
15 14 73
14 46 73
46 39 73
39 48 73
48 15 73
53 63 74
66 53 74
43 10 75
10 66 75
65 43 75
66 74 75
41 54 76
54 49 76
60 41 76
37 36 77
36 41 77
25 24 78
64 25 78
67 64 78
50 63 79
63 56 79
56 47 79
47 72 79
60 50 80
50 62 80
41 60 80
77 41 80
62 77 80
7 6 81
51 7 81
67 42 81
63 60 82
74 63 82
60 76 82
12 43 83
57 12 83
55 61 83
61 57 83
65 55 83
43 65 83
24 23 84
40 42 84
78 24 84
42 67 84
67 78 84
19 2 85
2 38 85
52 19 85
62 52 85
42 71 86
53 51 86
71 53 86
51 81 86
81 42 86
31 30 87
30 44 87
44 48 87
39 31 87
48 39 87
38 37 88
37 77 88
77 62 88
62 85 88
85 38 88
39 46 89
46 61 89
59 39 89
68 59 89
61 55 89
55 68 89
52 62 90
62 50 90
20 52 90
72 20 90
50 79 90
79 72 90
23 22 91
22 47 91
47 56 91
56 40 91
40 84 91
84 23 91
6 5 92
5 64 92
64 67 92
67 81 92
81 6 92
9 8 93
8 51 93
51 53 93
53 66 93
66 9 93
49 65 94
65 75 94
75 74 94
74 82 94
76 49 94
82 76 94
