50
1 0 0
0 1 0
0 0 1
0.0588235 0.941177 0
0.117647 0.882353 0
0.176471 0.823529 0
0.235294 0.764706 0
0.294118 0.705882 0
0.352941 0.647059 0
0.411765 0.588235 0
0.470588 0.529412 0
0.529412 0.470588 0
0.588235 0.411765 0
0.647059 0.352941 0
0.705882 0.294118 0
0.764706 0.235294 0
0.823529 0.176471 0
0.882353 0.117647 0
0.941176 0.0588235 0
0 0.0666667 0.933333
0 0.133333 0.866667
0 0.2 0.8
0 0.266667 0.733333
0 0.333333 0.666667
0 0.4 0.6
0 0.466667 0.533333
0 0.533333 0.466667
0 0.6 0.4
0 0.666667 0.333333
0 0.733333 0.266667
0 0.8 0.2
0 0.866667 0.133333
0 0.933333 0.0666667
0.666667 0 0.333333
0.333333 0 0.666667
0.569479 0.11231 0.318211
0.294101 0.130344 0.575555
0.343962 0.263743 0.392295
0.622954 0.0566854 0.320361
0.473441 0.211887 0.314671
0.274178 0.397808 0.328014
0.30309 0.0583712 0.638539
0.295644 0.33183 0.372526
0.257917 0.461223 0.280859
0.186548 0.590218 0.223235
0.168548 0.65478 0.176671
0.230095 0.516618 0.253288
0.21018 0.186682 0.603138
0.139976 0.718231 0.141793
0.581884 0.170252 0.247864


6 5 30
29 6 30
5 4 31
30 5 31
3 1 32
4 3 32
31 4 32
0 18 33
17 16 35
20 19 36
14 13 37
22 21 37
18 17 38
33 18 38
34 33 38
17 35 38
15 14 39
14 37 39
12 11 40
24 23 40
19 2 41
2 34 41
35 36 41
36 19 41
34 38 41
38 35 41
13 12 42
23 22 42
22 37 42
37 13 42
12 40 42
40 23 42
11 10 43
25 24 43
24 40 43
40 11 43
9 8 44
8 27 44
26 9 44
27 26 44
8 7 45
7 28 45
27 8 45
28 27 45
10 9 46
9 26 46
26 25 46
25 43 46
43 10 46
20 36 47
36 39 47
21 20 47
37 21 47
39 37 47
7 6 48
6 29 48
28 7 48
29 28 48
16 15 49
35 16 49
36 35 49
15 39 49
39 36 49
