128
1 0 0
0 1 0
0 0 1
0.0588235 0.941176 0
0.117647 0.882353 0
0.176471 0.823529 0
0.235294 0.764706 0
0.294118 0.705882 0
0.352941 0.647059 0
0.411765 0.588235 0
0.470588 0.529412 0
0.529412 0.470588 0
0.588235 0.411765 0
0.647059 0.352941 0
0.705882 0.294118 0
0.764706 0.235294 0
0.823529 0.176471 0
0.882353 0.117647 0
0.941176 0.0588235 0
0 0.0555556 0.944445
0 0.111111 0.888889
0 0.166667 0.833333
0 0.222222 0.777778
0 0.277778 0.722222
0 0.333333 0.666667
0 0.388889 0.611111
0 0.444444 0.555556
0 0.5 0.5
0 0.555556 0.444444
0 0.611111 0.388889
0 0.666667 0.333333
0 0.722222 0.277778
0 0.777778 0.222222
0 0.833333 0.166667
0 0.888889 0.111111
0 0.944444 0.0555556
0.909091 0 0.0909091
0.818182 0 0.181818
0.727273 0 0.272727
0.636364 0 0.363636
0.545455 0 0.454545
0.454545 0 0.545455
0.363636 0 0.636364
0.272727 0 0.727273
0.181818 0 0.818182
0.090909 0 0.909091
0.627439 0.113246 0.259316
0.0927348 0.500822 0.406443
0.291684 0.121258 0.587058
0.167098 0.612073 0.220829
0.497715 0.421947 0.0803385
0.812846 0.0583726 0.128782
0.42806 0.0764493 0.495491
0.645553 0.272187 0.08226
0.74804 0.176301 0.0756591
0.730926 0.11856 0.150514
0.399976 0.258379 0.341645
0.650386 0.0523554 0.297259
0.176797 0.240067 0.583136
0.263604 0.624643 0.111753
0.325749 0.517509 0.156742
0.381344 0.130479 0.488177
0.20429 0.334168 0.461542
0.496844 0.229167 0.273988
0.162254 0.541808 0.295938
0.121987 0.400258 0.477755
0.346609 0.573196 0.0801951
0.594152 0.328219 0.0776299
0.88877 0.0560591 0.0551713
0.551361 0.0721801 0.376459
0.152022 0.188702 0.659276
0.24648 0.259803 0.493717
0.17818 0.676301 0.145519
0.359976 0.0535895 0.586435
0.578096 0.239198 0.182706
0.276391 0.485322 0.238286
0.087724 0.369566 0.54271
0.0607933 0.329831 0.609376
0.128968 0.134047 0.736986
0.563247 0.173726 0.263028
0.154179 0.779658 0.0661639
0.65597 0.17513 0.1689
0.68153 0.22252 0.0959501
0.0841587 0.839678 0.076163
0.237264 0.385921 0.376815
0.0740971 0.789679 0.136224
0.427843 0.339882 0.232275
0.396622 0.510624 0.0927541
0.280488 0.05897 0.660542
0.0812744 0.711961 0.206765
0.49692 0.124536 0.378543
0.354723 0.222379 0.422898
0.187741 0.482058 0.3302
0.463477 0.190511 0.346013
0.121714 0.738637 0.139649
0.0540313 0.896952 0.0490171
0.140829 0.0747633 0.784408
0.0755052 0.265309 0.659186
0.346689 0.40041 0.252901
0.729661 0.0576239 0.212715
0.458017 0.284911 0.257073
0.332127 0.331586 0.336287
0.534333 0.302884 0.162783
0.81533 0.118557 0.0661127
0.283045 0.188899 0.528056
0.30225 0.285437 0.412313
0.458969 0.473619 0.0674123
0.0802484 0.604809 0.314942
0.0857701 0.661283 0.252947
0.0652095 0.118632 0.816158
0.3935 0.448082 0.158418
0.212421 0.724828 0.0627509
0.0664158 0.174139 0.759445
0.246836 0.562726 0.190438
0.0756455 0.0554048 0.86895
0.478134 0.371337 0.150529
0.209954 0.0505185 0.739527
0.0693632 0.556405 0.374232
0.517168 0.0359505 0.446882
0.070273 0.453913 0.475814
0.142213 0.301236 0.556551
0.159325 0.44 0.400675
0.400047 0.168622 0.431331
0.251867 0.43573 0.312403
0.201636 0.111369 0.686995
0.265359 0.675877 0.058764
0.038033 0.0245367 0.93743
0.560718 0.37819 0.0610923


3 1 35
28 27 47
12 11 50
37 36 51
15 14 53
16 15 54
39 38 57
48 52 61
9 8 66
8 59 66
10 9 66
14 13 67
53 14 67
0 18 68
36 0 68
18 17 68
51 36 68
39 57 69
57 46 69
49 59 72
42 41 73
41 52 73
52 48 73
26 25 76
65 26 76
62 65 76
25 24 77
76 25 77
74 63 79
6 5 80
46 55 81
79 46 81
55 54 81
74 79 81
15 53 82
54 15 82
81 54 82
53 74 82
74 81 82
5 4 83
34 33 83
80 5 83
65 62 84
33 32 85
80 83 85
83 33 85
10 66 87
66 60 87
43 42 88
42 73 88
73 48 88
32 31 89
61 52 90
52 69 90
69 46 90
46 79 90
64 47 92
75 64 92
79 63 93
90 79 93
63 56 93
56 91 93
85 32 94
32 89 94
89 72 94
80 85 94
4 3 95
3 35 95
35 34 95
34 83 95
83 4 95
23 22 97
22 70 97
70 58 97
24 23 97
77 24 97
38 37 99
37 51 99
57 38 99
51 55 99
55 46 99
46 57 99
56 63 100
63 74 100
84 62 101
86 98 101
98 84 101
56 100 101
100 86 101
53 67 102
74 53 102
100 74 102
86 100 102
17 16 103
16 54 103
55 51 103
54 55 103
51 68 103
68 17 103
48 61 104
58 70 104
70 48 104
71 58 104
91 71 104
71 91 105
91 56 105
62 71 105
101 62 105
56 101 105
11 10 106
10 87 106
50 11 106
30 29 107
64 49 107
31 30 108
89 31 108
49 72 108
72 89 108
30 107 108
107 49 108
21 20 109
96 78 109
60 75 110
87 60 110
106 87 110
75 98 110
50 106 110
7 6 111
6 80 111
80 94 111
94 72 111
22 21 112
70 22 112
78 70 112
21 109 112
109 78 112
59 49 113
49 64 113
60 66 113
66 59 113
64 75 113
75 60 113
20 19 114
45 44 114
44 96 114
96 109 114
109 20 114
86 102 115
102 67 115
50 110 115
98 86 115
110 98 115
44 43 116
96 44 116
43 88 116
28 47 117
47 64 117
29 28 117
107 29 117
64 107 117
41 40 118
52 41 118
40 39 118
39 69 118
69 52 118
27 26 119
26 65 119
47 27 119
58 71 120
71 62 120
62 76 120
76 77 120
77 97 120
97 58 120
65 84 121
119 65 121
92 47 121
47 119 121
61 90 122
90 93 122
93 91 122
91 104 122
104 61 122
75 92 123
98 75 123
84 98 123
92 121 123
121 84 123
48 70 124
70 78 124
88 48 124
116 88 124
78 96 124
96 116 124
8 7 125
59 8 125
72 59 125
7 111 125
111 72 125
19 2 126
2 45 126
45 114 126
114 19 126
13 12 127
67 13 127
12 50 127
50 115 127
115 67 127
