127
1 0 0
0 1 0
0 0 1
0.0588235 0.941176 0
0.117647 0.882353 0
0.176471 0.823529 0
0.235294 0.764706 0
0.294118 0.705882 0
0.352941 0.647059 0
0.411765 0.588235 0
0.470588 0.529412 0
0.529412 0.470588 0
0.588235 0.411765 0
0.647059 0.352941 0
0.705882 0.294118 0
0.764706 0.235294 0
0.823529 0.176471 0
0.882353 0.117647 0
0.941176 0.0588235 0
0 0.1 0.9
0 0.2 0.8
0 0.3 0.7
0 0.4 0.6
0 0.5 0.5
0 0.6 0.4
0 0.7 0.3
0 0.8 0.2
0 0.9 0.1
0.95 0 0.05
0.9 0 0.1
0.85 0 0.15
0.8 0 0.2
0.75 0 0.25
0.7 0 0.3
0.65 0 0.35
0.6 0 0.4
0.55 0 0.45
0.5 0 0.5
0.45 0 0.55
0.4 0 0.6
0.35 0 0.65
0.3 0 0.7
0.25 0 0.75
0.2 0 0.8
0.15 0 0.85
0.1 0 0.9
0.05 0 0.95
0.632133 0.117004 0.250862
0.0946979 0.507664 0.397638
0.280555 0.134219 0.585226
0.153761 0.622346 0.223893
0.486805 0.408033 0.105162
0.798206 0.0775458 0.124248
0.410169 0.0768529 0.512978
0.65099 0.277854 0.0711555
0.0393408 0.348387 0.612272
0.685573 0.129501 0.184926
0.75269 0.176513 0.0707969
0.382951 0.270131 0.346919
0.155651 0.264047 0.580302
0.703889 0.20611 0.0900017
0.274407 0.634185 0.0914078
0.0621706 0.131573 0.806257
0.317291 0.52257 0.160139
0.0526393 0.617639 0.329722
0.187115 0.325568 0.487317
0.502071 0.209858 0.28807
0.275208 0.52125 0.203542
0.334831 0.585073 0.0800962
0.586894 0.334551 0.078555
0.548571 0.0950285 0.3564
0.152661 0.179356 0.667983
0.24948 0.261638 0.488882
0.187452 0.674593 0.137955
0.580989 0.243967 0.175044
0.0763052 0.375882 0.547813
0.520771 0.2871 0.192129
0.114129 0.14136 0.744511
0.564509 0.170664 0.264826
0.337663 0.243813 0.418524
0.154273 0.778942 0.0667849
0.0940613 0.817548 0.0883909
0.221372 0.383447 0.395181
0.914319 0.0468654 0.0388152
0.154668 0.441546 0.403786
0.460256 0.323442 0.216301
0.391909 0.530705 0.0773851
0.255027 0.0859405 0.659033
0.846581 0.0809971 0.0724216
0.358371 0.126123 0.515506
0.0860216 0.704634 0.209345
0.494503 0.11274 0.392757
0.187621 0.497746 0.314633
0.0407097 0.843908 0.115382
0.133372 0.723035 0.143592
0.0984728 0.262451 0.639076
0.440325 0.12372 0.435955
0.400116 0.358865 0.241019
0.333986 0.413739 0.252275
0.304822 0.198687 0.496492
0.0511856 0.500023 0.448792
0.600013 0.0733933 0.326594
0.0519462 0.231622 0.716432
0.206372 0.111356 0.682272
0.539186 0.356162 0.104652
0.215339 0.559819 0.224841
0.104765 0.0726401 0.822594
0.742979 0.0997146 0.157306
0.117504 0.39456 0.487936
0.118249 0.572035 0.309716
0.222091 0.199174 0.578735
0.261538 0.439262 0.2992
0.443285 0.233648 0.323067
0.330369 0.0793537 0.590277
0.428694 0.42473 0.146576
0.38564 0.169771 0.444589
0.319871 0.34561 0.334519
0.441813 0.495245 0.0629423
0.630438 0.218686 0.150876
0.28052 0.317841 0.401639
0.369891 0.468785 0.161325
0.0408811 0.0859406 0.873178
0.213753 0.72278 0.0634663
0.0362963 0.73201 0.231693
0.168266 0.0819921 0.749742
0.800172 0.145114 0.0547139
0.23748 0.620227 0.142294


0 18 28
19 2 46
34 33 47
11 10 51
31 30 52
39 38 53
14 13 54
13 12 54
22 21 55
23 22 55
33 32 56
47 33 56
15 14 57
14 54 60
57 14 60
54 56 60
7 6 61
25 24 64
63 61 67
8 7 68
7 61 68
61 63 68
12 11 69
54 12 69
36 35 70
23 55 75
47 74 78
66 70 78
76 66 78
74 76 78
5 4 80
4 3 81
80 4 81
65 72 82
18 17 83
17 29 83
28 18 83
29 28 83
65 82 84
66 76 85
76 51 85
9 8 86
8 68 86
42 41 87
41 49 87
17 16 88
29 17 88
30 29 88
52 30 88
39 53 89
37 36 91
36 70 91
70 66 91
84 82 92
3 1 93
1 27 93
81 3 93
27 26 93
90 81 93
50 73 94
73 80 94
80 81 94
81 90 94
90 50 94
75 55 95
71 59 95
59 75 95
77 71 95
38 37 96
53 38 96
37 91 96
63 67 98
58 97 98
72 49 99
89 79 99
24 23 100
48 64 100
64 24 100
23 75 100
35 34 101
34 47 101
47 78 101
70 35 101
78 70 101
21 20 102
20 62 102
55 21 102
95 55 102
62 77 102
77 95 102
43 42 103
42 87 103
59 71 103
11 51 104
69 11 104
51 76 104
74 69 104
76 74 104
73 50 105
50 92 105
45 44 106
62 45 106
44 77 106
77 62 106
32 31 107
31 52 107
52 57 107
56 32 107
60 56 107
57 60 107
59 65 108
65 84 108
84 48 108
75 59 108
48 100 108
100 75 108
48 84 109
50 90 109
64 48 109
90 64 109
84 92 109
92 50 109
65 59 110
49 72 110
87 49 110
72 65 110
59 103 110
103 87 110
98 67 111
67 105 111
92 82 111
105 92 111
91 66 112
58 96 112
96 91 112
97 58 112
66 85 112
85 97 112
41 40 113
49 41 113
40 39 113
39 89 113
89 99 113
99 49 113
85 51 114
97 85 114
58 79 115
79 89 115
89 53 115
53 96 115
96 58 115
79 58 116
58 98 116
98 111 116
10 9 117
51 10 117
114 51 117
9 86 117
86 114 117
47 56 118
74 47 118
56 54 118
54 69 118
69 74 118
82 72 119
72 99 119
99 79 119
79 116 119
111 82 119
116 111 119
68 63 120
86 68 120
63 98 120
98 97 120
97 114 120
114 86 120
20 19 121
62 20 121
19 46 121
46 45 121
45 62 121
6 5 122
61 6 122
5 80 122
80 73 122
26 25 123
25 64 123
64 90 123
90 93 123
93 26 123
44 43 124
77 44 124
71 77 124
43 103 124
103 71 124
16 15 125
15 57 125
57 52 125
52 88 125
88 16 125
67 61 126
73 105 126
105 67 126
61 122 126
122 73 126
