120
1 0 0
0 1 0
0 0 1
0.0588236 0.941176 0
0.117647 0.882353 0
0.176471 0.823529 0
0.235294 0.764706 0
0.294118 0.705882 0
0.352941 0.647059 0
0.411765 0.588235 0
0.470588 0.529412 0
0.529412 0.470588 0
0.588235 0.411765 0
0.647059 0.352941 0
0.705882 0.294118 0
0.764706 0.235294 0
0.823529 0.176471 0
0.882353 0.117647 0
0.941176 0.0588235 0
0 0.0999999 0.9
0 0.2 0.8
0 0.3 0.7
0 0.4 0.6
0 0.5 0.5
0 0.6 0.4
0 0.7 0.3
0 0.8 0.2
0 0.9 0.1
0.941176 0 0.0588235
0.882353 0 0.117647
0.823529 0 0.176471
0.764706 0 0.235294
0.705882 0 0.294118
0.647059 0 0.352941
0.588235 0 0.411765
0.529412 0 0.470588
0.470588 0 0.529412
0.411765 0 0.588235
0.352941 0 0.647059
0.294118 0 0.705882
0.235294 0 0.764706
0.176471 0 0.823529
0.117647 0 0.882353
0.0588235 0 0.941176
0.632016 0.108841 0.259143
0.0966037 0.50349 0.399906
0.281262 0.130356 0.588381
0.160092 0.611141 0.228767
0.487076 0.404745 0.10818
0.789809 0.0828767 0.127314
0.426779 0.0830143 0.490207
0.646907 0.274219 0.0788741
0.0415994 0.337939 0.620462
0.687506 0.134992 0.177502
0.752226 0.152859 0.0949146
0.400744 0.273188 0.326068
0.157698 0.27245 0.569852
0.701583 0.215394 0.0830234
0.266498 0.619922 0.11358
0.050681 0.14328 0.806039
0.31224 0.514582 0.173178
0.0513949 0.613582 0.335024
0.192475 0.335723 0.471803
0.481779 0.229348 0.288872
0.128901 0.390388 0.480711
0.588928 0.325298 0.0857736
0.543842 0.0760989 0.380059
0.261547 0.267913 0.470539
0.343632 0.582676 0.0736918
0.195929 0.680627 0.123445
0.591168 0.249406 0.159426
0.526779 0.291614 0.181608
0.118659 0.138136 0.743205
0.563444 0.169651 0.266905
0.335674 0.2607 0.403627
0.157785 0.776489 0.0657264
0.0872995 0.819416 0.0932848
0.233144 0.387048 0.379808
0.453178 0.328181 0.218641
0.406148 0.516782 0.0770705
0.251686 0.0567851 0.691528
0.43106 0.435337 0.133602
0.848195 0.0740604 0.0777451
0.354974 0.126334 0.518693
0.0691946 0.71055 0.220255
0.120652 0.224496 0.654852
0.49892 0.136861 0.364218
0.0580679 0.422184 0.519748
0.225329 0.122156 0.652515
0.173738 0.482546 0.343716
0.900358 0.0475006 0.0521415
0.394316 0.373352 0.232331
0.060548 0.237288 0.702164
0.33607 0.390454 0.273476
0.0372313 0.0625899 0.900179
0.260013 0.48171 0.258277
0.0422978 0.523373 0.434329
0.111441 0.604146 0.284412
0.0875019 0.0689715 0.843527
0.0363578 0.79366 0.169982
0.597763 0.0696829 0.332555
0.126847 0.71094 0.162213
0.72813 0.0725857 0.199284
0.4441 0.166492 0.389408
0.189914 0.0738605 0.736226
0.540378 0.376734 0.0828883
0.337094 0.0622885 0.600617
0.289614 0.357657 0.352729
0.214284 0.571714 0.214003
0.0367547 0.892099 0.0711467
0.0956576 0.316536 0.587806
0.389672 0.176092 0.434236
0.140229 0.0554003 0.804371
0.637276 0.193225 0.1695
0.172915 0.166961 0.660124
0.306697 0.199394 0.493909
0.218078 0.212742 0.56918
0.675965 0.0574231 0.266612
0.486425 0.0661539 0.447422
0.368914 0.469414 0.161672


0 18 28
11 10 48
31 30 49
37 36 50
14 13 51
22 21 52
16 15 54
49 16 54
14 51 57
15 14 57
54 15 57
53 54 57
7 6 58
20 19 59
25 24 61
56 62 64
13 12 65
51 13 65
35 34 66
8 7 68
7 58 68
9 8 68
58 60 68
58 6 69
51 65 70
70 65 71
71 63 73
70 71 73
5 4 75
6 5 75
69 6 75
4 3 76
75 4 76
62 67 77
55 63 78
63 71 78
71 48 78
10 9 79
9 68 79
40 39 80
39 46 80
48 10 81
10 79 81
78 48 81
17 16 82
16 49 82
30 29 82
49 30 82
37 50 83
25 61 84
66 73 86
73 63 86
23 22 87
22 52 87
64 45 87
80 46 88
45 64 89
64 62 89
62 77 89
18 17 90
28 18 90
29 28 90
17 82 90
82 29 90
55 78 91
78 81 91
21 20 92
20 59 92
52 21 92
59 72 92
72 85 92
74 55 93
55 91 93
19 2 94
2 43 94
59 19 94
60 58 95
89 77 95
93 60 95
24 23 96
45 61 96
61 24 96
23 87 96
87 45 96
61 45 97
84 61 97
45 89 97
89 47 97
72 59 98
43 42 98
94 43 98
59 94 98
27 26 99
26 25 99
25 84 99
84 76 99
34 33 100
33 44 100
66 34 100
44 73 100
73 66 100
47 69 101
69 75 101
75 76 101
76 84 101
84 97 101
97 47 101
32 31 102
31 49 102
49 54 102
54 53 102
63 55 103
86 63 103
41 40 104
40 80 104
80 88 104
12 11 105
65 12 105
11 48 105
48 71 105
71 65 105
39 38 106
46 39 106
38 37 106
37 83 106
83 46 106
67 74 107
77 67 107
74 93 107
93 95 107
95 77 107
58 69 108
69 47 108
95 58 108
47 89 108
89 95 108
3 1 109
1 27 109
76 3 109
27 99 109
99 76 109
56 64 110
85 56 110
64 87 110
87 52 110
52 92 110
92 85 110
55 74 111
74 83 111
103 55 111
83 50 111
50 103 111
42 41 112
72 98 112
98 42 112
41 104 112
104 72 112
53 57 113
57 51 113
44 53 113
51 70 113
70 73 113
73 44 113
56 85 114
85 72 114
72 104 114
104 88 114
67 46 115
46 83 115
74 67 115
83 74 115
62 56 116
67 62 116
46 67 116
88 46 116
56 114 116
114 88 116
33 32 117
44 33 117
53 44 117
32 102 117
102 53 117
36 35 118
35 66 118
66 86 118
50 36 118
86 103 118
103 50 118
68 60 119
79 68 119
81 79 119
91 81 119
60 93 119
93 91 119
