80
1 0 0
0 1 0
0 0 1
0.0588235 0.941176 0
0.117647 0.882353 0
0.176471 0.823529 0
0.235294 0.764706 0
0.294118 0.705882 0
0.352941 0.647059 0
0.411765 0.588235 0
0.470588 0.529412 0
0.529412 0.470588 0
0.588235 0.411765 0
0.647059 0.352941 0
0.705882 0.294118 0
0.764706 0.235294 0
0.823529 0.176471 0
0.882353 0.117647 0
0.941176 0.0588235 0
0 0.0625 0.9375
0 0.125 0.875
0 0.1875 0.8125
0 0.25 0.75
0 0.3125 0.6875
0 0.375 0.625
0 0.4375 0.5625
0 0.5 0.5
0 0.5625 0.4375
0 0.625 0.375
0 0.6875 0.3125
0 0.75 0.25
0 0.8125 0.1875
0 0.875 0.125
0 0.9375 0.0625
0.833333 0 0.166667
0.666667 0 0.333333
0.5 0 0.5
0.333333 0 0.666667
0.166667 0 0.833333
0.614489 0.104491 0.281021
0.14206 0.480908 0.377032
0.300574 0.152932 0.546494
0.159701 0.612146 0.228153
0.472973 0.409996 0.117031
0.777143 0.0632231 0.159634
0.443741 0.0612402 0.495019
0.370952 0.252912 0.376136
0.611981 0.0510802 0.336939
0.201769 0.259697 0.538534
0.30709 0.523494 0.169416
0.192397 0.338925 0.468678
0.62037 0.233537 0.146093
0.149793 0.544562 0.305645
0.151603 0.411973 0.436425
0.149819 0.196532 0.653649
0.182339 0.674928 0.142733
0.534941 0.340239 0.12482
0.734984 0.13524 0.129776
0.521596 0.273844 0.204561
0.13955 0.133873 0.726576
0.590201 0.169272 0.240527
0.281721 0.585731 0.132548
0.0802954 0.835995 0.0837092
0.27104 0.0412758 0.687684
0.452821 0.128705 0.418475
0.456119 0.20143 0.342451
0.29634 0.207408 0.496251
0.387724 0.359956 0.25232
0.266554 0.459884 0.273562
0.13603 0.727447 0.136523
0.893452 0.0280975 0.0784506
0.705292 0.191427 0.103281
0.124095 0.0646838 0.811221
0.319697 0.40634 0.273963
0.0883963 0.653776 0.257827
0.10463 0.78418 0.11119
0.365538 0.305877 0.328585
0.404165 0.469155 0.12668
0.0933183 0.286786 0.619896
0.288176 0.093857 0.617967


3 1 33
4 3 33
32 4 33
26 25 40
28 27 42
12 11 43
18 17 44
35 34 44
37 36 45
35 44 47
44 39 47
36 35 47
45 36 47
39 45 47
10 9 49
24 23 50
15 14 51
27 26 52
26 40 52
40 49 52
42 27 52
25 24 53
24 50 53
40 25 53
22 21 54
48 22 54
8 7 55
42 8 55
13 12 56
12 43 56
14 13 56
17 16 57
39 44 57
44 17 57
51 14 58
14 56 58
21 20 59
54 21 59
41 54 59
39 57 60
9 8 61
8 42 61
49 9 61
42 52 61
52 49 61
5 4 62
4 32 62
32 31 62
38 37 63
37 45 63
45 39 64
39 60 64
51 58 65
58 46 65
60 51 65
41 64 65
64 60 65
54 41 66
46 48 66
48 54 66
41 65 66
65 46 66
56 43 67
49 40 68
40 53 68
7 6 69
55 7 69
30 29 69
29 55 69
0 18 70
34 0 70
18 44 70
44 34 70
16 15 71
15 51 71
51 60 71
57 16 71
60 57 71
19 2 72
2 38 72
20 19 72
59 20 72
38 63 72
53 50 73
50 67 73
68 53 73
67 43 73
29 28 74
55 29 74
28 42 74
42 55 74
6 5 75
31 30 75
5 62 75
62 31 75
30 69 75
69 6 75
48 46 76
50 48 76
67 50 76
46 58 76
58 56 76
56 67 76
11 10 77
10 49 77
43 11 77
49 68 77
68 73 77
73 43 77
23 22 78
22 48 78
48 50 78
50 23 78
63 45 79
41 59 79
45 64 79
64 41 79
59 72 79
72 63 79
