132
1 0 0
0 1 0
0 0 1
0.0588236 0.941176 0
0.117647 0.882353 0
0.176471 0.823529 0
0.235294 0.764706 0
0.294118 0.705882 0
0.352941 0.647059 0
0.411765 0.588235 0
0.470588 0.529412 0
0.529412 0.470588 0
0.588235 0.411765 0
0.647059 0.352941 0
0.705882 0.294118 0
0.764706 0.235294 0
0.823529 0.176471 0
0.882353 0.117647 0
0.941176 0.0588235 0
0 0.0833334 0.916667
0 0.166667 0.833333
0 0.25 0.75
0 0.333333 0.666667
0 0.416667 0.583333
0 0.5 0.5
0 0.583333 0.416667
0 0.666667 0.333333
0 0.75 0.25
0 0.833333 0.166667
0 0.916667 0.0833333
0.9375 0 0.0625
0.875 0 0.125
0.8125 0 0.1875
0.75 0 0.25
0.6875 0 0.3125
0.625 0 0.375
0.5625 0 0.4375
0.5 0 0.5
0.4375 0 0.5625
0.375 0 0.625
0.3125 0 0.6875
0.25 0 0.75
0.1875 0 0.8125
0.125 0 0.875
0.0625001 0 0.9375
0.640738 0.115275 0.243987
0.101034 0.498358 0.400607
0.278197 0.149147 0.572657
0.165113 0.618995 0.215892
0.488097 0.407627 0.104276
0.819148 0.05596 0.124892
0.421559 0.0622511 0.51619
0.647927 0.271915 0.0801575
0.0488207 0.34939 0.601789
0.761901 0.163354 0.0747456
0.38855 0.248514 0.362935
0.182282 0.249136 0.568582
0.280708 0.62967 0.0896223
0.0563119 0.131377 0.812311
0.309059 0.534476 0.156465
0.381501 0.143892 0.474607
0.186621 0.332273 0.481106
0.497297 0.227067 0.275635
0.168006 0.535023 0.296971
0.121277 0.394851 0.483872
0.347669 0.579577 0.0727537
0.585202 0.328638 0.0861599
0.701516 0.137231 0.161253
0.880131 0.0560445 0.0638249
0.544432 0.0857125 0.369856
0.146621 0.203129 0.65025
0.253356 0.237788 0.508856
0.202337 0.683856 0.113808
0.593555 0.245368 0.161077
0.533624 0.27525 0.191125
0.133636 0.127788 0.738576
0.566871 0.16857 0.264559
0.320043 0.260622 0.419335
0.154185 0.774983 0.0708317
0.642974 0.189725 0.167302
0.0857343 0.827492 0.086774
0.21983 0.389201 0.390968
0.455286 0.32035 0.224364
0.397288 0.514014 0.0886976
0.426544 0.422543 0.150914
0.263902 0.0756197 0.660479
0.1353 0.690639 0.174061
0.0739448 0.705375 0.22068
0.0484354 0.786449 0.165115
0.496772 0.144783 0.358444
0.0942084 0.204263 0.701529
0.0622732 0.419008 0.518719
0.703208 0.0632563 0.233535
0.113308 0.302335 0.584357
0.301787 0.463365 0.234848
0.33769 0.0850154 0.577295
0.434148 0.142878 0.422974
0.387511 0.359502 0.252988
0.32929 0.331374 0.339336
0.0429657 0.510164 0.44687
0.0541592 0.275371 0.67047
0.521037 0.346659 0.132304
0.106003 0.608976 0.285021
0.0909907 0.0659072 0.843102
0.162369 0.438817 0.398814
0.82254 0.113605 0.0638556
0.211986 0.462433 0.325581
0.227433 0.586531 0.186035
0.198237 0.0727233 0.729039
0.0463611 0.662341 0.291298
0.461399 0.473509 0.0650921
0.332393 0.39966 0.267947
0.20819 0.157863 0.633947
0.544256 0.399882 0.0558618
0.331529 0.186065 0.482406
0.0494987 0.876853 0.0736486
0.704782 0.215161 0.0800573
0.245066 0.508129 0.246804
0.0518829 0.583639 0.364478
0.0385598 0.0564343 0.905006
0.492571 0.0646285 0.4428
0.596659 0.0700511 0.33329
0.362603 0.454397 0.183001
0.146148 0.0548736 0.798978
0.249011 0.699219 0.05177
0.446404 0.220906 0.33269
0.652324 0.0486556 0.299021
0.264248 0.321586 0.414166
0.103081 0.75881 0.138109
0.762327 0.0861017 0.151571
0.0416315 0.207713 0.750655
0.271653 0.409385 0.318962


3 1 29
0 18 30
32 31 50
39 38 51
38 37 51
14 13 52
23 22 53
16 15 54
8 7 57
20 19 58
9 8 65
8 57 65
57 59 65
13 12 66
52 13 66
18 17 68
30 18 68
31 30 68
50 31 68
61 56 71
52 66 73
73 66 74
73 74 76
74 62 76
5 4 78
6 5 78
72 6 78
45 67 79
52 73 79
73 76 79
76 45 79
78 4 80
62 74 82
10 9 83
9 65 83
65 59 83
82 49 84
41 40 85
48 72 86
72 78 86
28 27 88
27 87 88
69 76 89
76 62 89
58 75 90
75 70 90
24 23 91
64 46 91
23 53 91
34 33 92
67 45 92
56 61 93
61 64 93
70 56 93
90 70 93
64 91 93
91 53 93
40 39 95
39 51 95
51 60 95
47 85 95
85 40 95
55 60 96
60 51 96
55 82 97
82 84 97
77 55 98
55 97 98
25 24 99
24 91 99
91 46 99
22 21 100
53 22 100
90 93 100
93 53 100
74 66 101
49 82 101
82 74 101
46 63 102
63 48 102
48 86 102
86 87 102
44 43 103
75 58 103
64 61 104
61 81 104
63 46 104
46 64 104
17 16 105
16 54 105
50 68 105
68 17 105
63 104 106
104 81 106
59 57 107
48 63 107
57 72 107
72 48 107
42 41 108
41 85 108
27 26 109
87 27 109
102 87 109
11 10 110
49 11 110
84 49 110
10 83 110
83 84 110
98 97 111
56 70 112
47 71 112
71 56 112
85 47 112
108 85 112
70 75 112
75 108 112
12 11 113
11 49 113
49 101 113
66 12 113
101 66 113
71 47 114
77 71 114
60 55 114
55 77 114
47 95 114
95 60 114
4 3 115
80 4 115
3 29 115
29 28 115
28 88 115
88 80 115
15 14 116
54 15 116
14 52 116
67 54 116
52 79 116
79 67 116
63 106 117
107 63 117
94 59 117
59 107 117
25 99 118
99 46 118
46 102 118
26 25 118
109 26 118
102 109 118
19 2 119
2 44 119
44 103 119
58 19 119
103 58 119
37 36 120
36 69 120
69 89 120
51 37 120
96 51 120
89 96 120
36 35 121
69 36 121
45 76 121
76 69 121
83 59 122
59 94 122
84 83 122
94 111 122
97 84 122
111 97 122
43 42 123
75 103 123
103 43 123
42 108 123
108 75 123
7 6 124
6 72 124
57 7 124
72 57 124
62 82 125
82 55 125
55 96 125
89 62 125
96 89 125
34 92 126
92 45 126
35 34 126
121 35 126
45 121 126
61 71 127
81 61 127
71 77 127
77 98 127
78 80 128
86 78 128
80 88 128
87 86 128
88 87 128
33 32 129
32 50 129
54 67 129
92 33 129
67 92 129
50 105 129
105 54 129
21 20 130
20 58 130
58 90 130
90 100 130
100 21 130
106 81 131
111 94 131
94 117 131
117 106 131
98 111 131
127 98 131
81 127 131
