164
1 0 0
0 1 0
0 0 1
0.0588236 0.941176 0
0.117647 0.882353 0
0.176471 0.823529 0
0.235294 0.764706 0
0.294118 0.705882 0
0.352941 0.647059 0
0.411765 0.588235 0
0.470588 0.529412 0
0.529412 0.470588 0
0.588235 0.411765 0
0.647059 0.352941 0
0.705882 0.294118 0
0.764706 0.235294 0
0.823529 0.176471 0
0.882353 0.117647 0
0.941176 0.0588235 0
0 0.0555556 0.944444
0 0.111111 0.888889
0 0.166667 0.833333
0 0.222222 0.777778
0 0.277778 0.722222
0 0.333333 0.666667
0 0.388889 0.611111
0 0.444444 0.555556
0 0.5 0.5
0 0.555556 0.444444
0 0.611111 0.388889
0 0.666667 0.333333
0 0.722222 0.277778
0 0.777778 0.222222
0 0.833333 0.166667
0 0.888889 0.111111
0 0.944444 0.0555556
0.9375 0 0.0625
0.875 0 0.125
0.8125 0 0.1875
0.75 0 0.25
0.6875 0 0.3125
0.625 0 0.375
0.5625 0 0.4375
0.5 0 0.5
0.4375 0 0.5625
0.375 0 0.625
0.3125 0 0.6875
0.25 0 0.75
0.1875 0 0.8125
0.125 0 0.875
0.0625 0 0.9375
0.112043 0.837754 0.0502033
0.639913 0.110057 0.25003
0.101779 0.482568 0.415653
0.273677 0.135173 0.59115
0.155562 0.618481 0.225957
0.481554 0.413895 0.104552
0.803653 0.0582363 0.138111
0.421942 0.0650875 0.51297
0.65013 0.282251 0.0676196
0.0507101 0.335881 0.613409
0.66646 0.133962 0.199578
0.76206 0.1751 0.0628401
0.730425 0.131906 0.137669
0.395457 0.258218 0.346325
0.663814 0.0576248 0.278561
0.173004 0.244744 0.582252
0.275954 0.634674 0.0893719
0.0576541 0.139696 0.80265
0.319148 0.524222 0.15663
0.376042 0.140838 0.48312
0.1825 0.347495 0.470005
0.483705 0.23053 0.285766
0.166209 0.549563 0.284228
0.115394 0.41044 0.474166
0.342236 0.568161 0.089603
0.584148 0.334495 0.0813573
0.878591 0.0588246 0.0625848
0.554259 0.0617691 0.383972
0.138841 0.194494 0.666664
0.250136 0.257209 0.492654
0.197553 0.691667 0.110781
0.240996 0.706763 0.0522418
0.359756 0.0420984 0.598145
0.831374 0.126069 0.0425564
0.60104 0.255604 0.143356
0.292503 0.481016 0.226481
0.0834513 0.373319 0.54323
0.13537 0.127601 0.737029
0.579635 0.170213 0.250152
0.325756 0.264189 0.410055
0.166112 0.768031 0.0658571
0.528974 0.299419 0.171607
0.639398 0.18665 0.173951
0.228902 0.389464 0.381634
0.16165 0.420775 0.417574
0.0831181 0.800553 0.116329
0.437524 0.344981 0.217496
0.392121 0.507086 0.100792
0.253409 0.0475368 0.699054
0.148132 0.676796 0.175072
0.0779222 0.697674 0.224404
0.490063 0.129466 0.380471
0.245718 0.200834 0.553448
0.0499747 0.857138 0.0928875
0.454135 0.198282 0.347583
0.470262 0.473827 0.0559107
0.214498 0.115995 0.669507
0.215965 0.625262 0.158773
0.179223 0.47445 0.346327
0.427385 0.452577 0.120038
0.577066 0.108615 0.31432
0.725385 0.0675649 0.20705
0.087756 0.27159 0.640654
0.437286 0.12097 0.441744
0.122049 0.0664716 0.81148
0.353621 0.410636 0.235743
0.318561 0.333535 0.347904
0.0434751 0.505708 0.450817
0.330025 0.207914 0.46206
0.409037 0.300353 0.29061
0.103872 0.613695 0.282433
0.427417 0.401219 0.171364
0.61638 0.0482385 0.335382
0.0542251 0.247111 0.698664
0.192618 0.0614885 0.745893
0.0593012 0.0920167 0.848682
0.493119 0.0618505 0.44503
0.0496899 0.660863 0.289447
0.506858 0.359542 0.133601
0.0755934 0.18558 0.738827
0.106872 0.54748 0.345648
0.057605 0.447757 0.494638
0.111037 0.306038 0.582924
0.537754 0.406334 0.0559124
0.307275 0.171259 0.521466
0.400207 0.191924 0.407869
0.259379 0.318947 0.421674
0.0640564 0.0486616 0.887282
0.6817 0.210576 0.107724
0.274153 0.422671 0.303175
0.280844 0.579746 0.13941
0.234697 0.555482 0.209822
0.518693 0.166124 0.315183
0.714649 0.238915 0.0464355
0.302173 0.659967 0.0378607
0.365424 0.462578 0.171998
0.80386 0.106164 0.0899765
0.0493301 0.608232 0.342438
0.411401 0.544297 0.0443018
0.0591086 0.896679 0.0442126
0.944796 0.026686 0.0285179
0.293341 0.0706955 0.635963
0.0500105 0.552968 0.397022
0.22753 0.498179 0.27429
0.209294 0.177569 0.613136
0.0543939 0.766137 0.179469
0.122184 0.736687 0.141129
0.341862 0.100122 0.558016
0.552137 0.231378 0.216485
0.48088 0.281752 0.237368
0.354351 0.362048 0.283601
0.164484 0.305211 0.530305
0.351656 0.606066 0.0422779


3 1 35
19 2 50
5 4 51
38 37 57
44 43 58
14 13 59
25 24 60
16 15 62
40 39 65
22 21 68
13 12 76
59 13 76
18 17 77
37 36 77
57 37 77
42 41 78
7 6 82
81 67 82
45 44 83
44 58 83
17 16 84
16 62 84
77 17 84
59 76 85
26 25 87
25 60 87
71 74 87
52 61 89
6 5 91
5 51 91
81 82 91
82 6 91
85 76 92
61 63 93
89 61 93
53 74 95
74 71 95
71 94 95
91 51 96
75 69 98
47 46 99
32 31 101
55 100 101
80 66 103
34 33 104
33 96 104
96 51 104
72 64 105
11 10 106
79 88 107
100 55 108
67 81 108
81 100 108
53 95 109
95 94 109
56 106 110
106 98 110
65 52 111
52 89 111
102 78 111
39 38 112
38 57 112
57 63 112
63 61 112
65 39 112
61 52 112
52 65 112
60 24 113
79 66 113
70 58 114
49 48 115
88 68 115
90 64 117
28 27 118
90 80 119
64 72 120
117 64 120
73 55 121
55 101 121
56 110 122
116 97 122
41 40 123
40 65 123
78 41 123
65 111 123
111 78 123
23 22 124
24 23 124
113 24 124
79 113 124
99 107 125
107 88 125
48 47 125
115 48 125
47 99 125
88 115 125
21 20 126
68 21 126
115 68 126
43 42 127
42 78 127
58 43 127
114 58 127
78 102 127
102 114 127
31 30 128
101 31 128
121 101 128
92 76 129
56 122 129
97 92 129
122 97 129
22 68 130
124 22 130
68 88 130
88 79 130
79 124 130
53 109 131
109 73 131
73 121 131
27 26 132
26 87 132
87 74 132
118 27 132
74 53 132
53 118 132
87 60 133
60 113 133
113 66 133
12 11 134
76 12 134
11 106 134
106 56 134
56 129 134
129 76 134
103 54 135
80 103 135
119 80 135
70 119 135
102 105 136
114 102 136
64 90 136
90 119 136
105 64 136
70 114 136
119 70 136
71 80 137
80 90 137
94 71 137
90 117 137
117 94 137
20 19 138
126 20 138
19 50 138
50 49 138
49 115 138
115 126 138
59 85 139
85 93 139
63 62 139
93 63 139
109 94 140
116 86 140
94 117 140
69 75 141
75 67 141
67 108 141
86 69 142
69 141 142
55 73 142
108 55 142
141 108 142
89 72 143
72 105 143
111 89 143
105 102 143
102 111 143
15 14 144
14 59 144
59 139 144
62 15 144
139 62 144
8 7 145
7 82 145
82 67 145
69 86 146
98 69 146
110 98 146
86 116 146
116 122 146
122 110 146
62 63 147
84 62 147
63 57 147
57 77 147
77 84 147
30 29 148
128 30 148
121 128 148
131 121 148
10 9 149
75 98 149
98 106 149
106 10 149
4 3 150
3 35 150
35 34 150
34 104 150
51 4 150
104 51 150
0 18 151
36 0 151
18 77 151
77 36 151
46 45 152
45 83 152
99 46 152
54 107 152
107 99 152
29 28 153
28 118 153
118 53 153
53 131 153
131 148 153
148 29 153
73 109 154
109 140 154
140 86 154
86 142 154
142 73 154
66 79 155
103 66 155
54 103 155
79 107 155
107 54 155
33 32 156
96 33 156
32 101 156
81 91 157
100 81 157
91 96 157
96 156 157
101 100 157
156 101 157
58 70 158
83 58 158
70 135 158
135 54 158
54 152 158
152 83 158
72 89 159
85 92 159
89 93 159
93 85 159
92 97 160
97 120 160
120 72 160
72 159 160
159 92 160
97 116 161
120 97 161
117 120 161
116 140 161
140 117 161
66 80 162
80 71 162
133 66 162
71 87 162
87 133 162
9 8 163
67 75 163
145 67 163
8 145 163
75 149 163
149 9 163
