120
1 0 0
0 1 0
0 0 1
0.0588235 0.941176 0
0.117647 0.882353 0
0.176471 0.823529 0
0.235294 0.764706 0
0.294118 0.705882 0
0.352941 0.647059 0
0.411765 0.588235 0
0.470588 0.529412 0
0.529412 0.470588 0
0.588235 0.411765 0
0.647059 0.352941 0
0.705882 0.294118 0
0.764706 0.235294 0
0.823529 0.176471 0
0.882353 0.117647 0
0.941176 0.0588235 0
0 0.0909091 0.909091
0 0.181818 0.818182
0 0.272727 0.727273
0 0.363636 0.636364
0 0.454545 0.545455
0 0.545455 0.454545
0 0.636364 0.363636
0 0.727273 0.272727
0 0.818182 0.181818
0 0.909091 0.0909091
0.933333 0 0.0666667
0.866667 0 0.133333
0.8 0 0.2
0.733333 0 0.266667
0.666667 0 0.333333
0.6 0 0.4
0.533333 0 0.466667
0.466667 0 0.533333
0.4 0 0.6
0.333333 0 0.666667
0.266667 0 0.733333
0.2 0 0.8
0.133333 0 0.866667
0.0666666 0 0.933333
0.627146 0.115092 0.257762
0.0973339 0.498069 0.404597
0.284389 0.137616 0.577995
0.163126 0.604002 0.232872
0.486999 0.408876 0.104125
0.802871 0.0678187 0.12931
0.428519 0.0800898 0.491391
0.64788 0.271705 0.0804152
0.765364 0.148492 0.0861447
0.397481 0.263005 0.339514
0.168709 0.259308 0.571983
0.0419104 0.314894 0.643196
0.280156 0.626841 0.0930036
0.0576509 0.142765 0.799584
0.68431 0.0583062 0.257384
0.306623 0.523858 0.16952
0.379656 0.157858 0.462486
0.179341 0.345443 0.475216
0.481436 0.229866 0.288697
0.12594 0.403699 0.47036
0.587997 0.328975 0.083028
0.697638 0.130269 0.172093
0.888031 0.0529062 0.0590627
0.558639 0.0793924 0.361968
0.250642 0.245862 0.503496
0.347755 0.580001 0.0722435
0.201128 0.681089 0.117783
0.349248 0.0774918 0.57326
0.591451 0.247651 0.160898
0.525884 0.297497 0.176619
0.123472 0.137071 0.739457
0.56103 0.178719 0.26025
0.333967 0.242528 0.423505
0.156164 0.776343 0.0674932
0.641719 0.188559 0.169722
0.0912646 0.825096 0.083639
0.238947 0.382061 0.378992
0.451315 0.330404 0.218282
0.10228 0.309556 0.588164
0.390423 0.51117 0.0984068
0.123315 0.71085 0.165835
0.0684029 0.702426 0.229171
0.11151 0.213448 0.675042
0.0567618 0.776024 0.167214
0.49363 0.132145 0.374225
0.0597528 0.403879 0.536368
0.230663 0.128451 0.640886
0.179136 0.478591 0.342273
0.0456216 0.574136 0.380242
0.385903 0.362229 0.251868
0.24559 0.486224 0.268186
0.284902 0.0631905 0.651907
0.317711 0.337655 0.344634
0.0984171 0.0678306 0.833752
0.291384 0.430775 0.277841
0.226653 0.574519 0.198828
0.436595 0.171362 0.392043
0.493705 0.0581577 0.448137
0.040203 0.0594285 0.900369
0.0941214 0.613402 0.292477
0.425713 0.433765 0.140522
0.35198 0.436732 0.211288
0.833682 0.0980046 0.068313
0.540221 0.386593 0.0731857
0.705179 0.212543 0.0822785
0.170524 0.0795959 0.74988
0.0515528 0.233766 0.714681
0.0437031 0.492467 0.46383
0.320089 0.169816 0.510095
0.0397873 0.655562 0.30465
0.623718 0.0530771 0.323205
0.134368 0.546966 0.318665
0.746917 0.0683921 0.184691
0.181644 0.176066 0.642289
0.0392523 0.858863 0.101884
0.230258 0.0520083 0.717734
0.249317 0.696709 0.0539742


3 1 28
0 18 29
11 10 47
31 30 48
37 36 49
14 13 50
16 15 51
22 21 54
8 7 55
20 19 56
33 32 57
13 12 63
50 13 63
43 57 64
18 17 65
29 18 65
30 29 65
35 34 66
60 53 67
9 8 68
8 55 68
55 58 68
38 37 70
37 49 70
49 59 70
50 63 71
71 63 72
66 43 74
71 72 74
72 61 74
59 52 75
5 4 76
6 5 76
69 6 76
43 64 77
50 71 77
71 74 77
74 43 77
76 4 78
60 67 79
52 61 80
61 72 80
72 47 80
53 60 81
60 62 81
10 9 82
9 68 82
68 58 82
46 69 83
69 76 83
76 78 83
53 81 85
56 73 85
27 26 86
26 84 86
83 78 86
84 83 86
66 74 87
74 61 87
23 22 88
22 54 88
62 44 88
54 81 88
81 62 88
45 67 89
44 62 90
62 60 90
60 79 90
25 24 91
52 80 92
90 79 93
39 38 94
38 70 94
70 45 94
45 89 94
67 75 95
79 67 95
75 52 95
52 92 95
42 41 96
73 56 96
93 79 97
79 95 97
58 93 97
55 69 98
69 46 98
58 55 98
93 58 98
46 90 98
90 93 98
52 59 99
61 52 99
59 49 99
49 87 99
87 61 99
36 35 100
49 36 100
87 49 100
35 66 100
66 87 100
19 2 101
2 42 101
42 96 101
56 19 101
96 56 101
46 83 102
83 84 102
91 44 102
47 10 103
10 82 103
80 47 103
92 80 103
82 58 104
58 97 104
95 92 104
97 95 104
92 103 104
103 82 104
17 16 105
16 51 105
51 48 105
65 17 105
48 30 105
30 65 105
12 11 106
11 47 106
63 12 106
47 72 106
72 63 106
15 14 107
51 15 107
64 51 107
14 50 107
50 77 107
77 64 107
41 40 108
73 96 108
96 41 108
21 20 109
20 56 109
54 21 109
56 85 109
81 54 109
85 81 109
24 23 110
23 88 110
88 44 110
44 91 110
91 24 110
45 70 111
70 59 111
59 75 111
67 45 111
75 67 111
26 25 112
84 26 112
102 84 112
25 91 112
91 102 112
34 33 113
33 57 113
57 43 113
43 66 113
66 34 113
44 90 114
90 46 114
46 102 114
102 44 114
32 31 115
31 48 115
48 51 115
51 64 115
57 32 115
64 57 115
53 85 116
85 73 116
67 53 116
89 67 116
73 108 116
108 89 116
4 3 117
78 4 117
3 28 117
28 27 117
27 86 117
86 78 117
40 39 118
39 94 118
94 89 118
89 108 118
108 40 118
7 6 119
6 69 119
55 7 119
69 55 119
