134
1 0 0
0 1 0
0 0 1
0.0588235 0.941176 0
0.117647 0.882353 0
0.176471 0.823529 0
0.235294 0.764706 0
0.294118 0.705882 0
0.352941 0.647059 0
0.411765 0.588235 0
0.470588 0.529412 0
0.529412 0.470588 0
0.588235 0.411765 0
0.647059 0.352941 0
0.705882 0.294118 0
0.764706 0.235294 0
0.823529 0.176471 0
0.882353 0.117647 0
0.941176 0.0588235 0
0 0.0909091 0.909091
0 0.181818 0.818182
0 0.272727 0.727273
0 0.363636 0.636364
0 0.454545 0.545455
0 0.545455 0.454545
0 0.636364 0.363636
0 0.727273 0.272727
0 0.818182 0.181818
0 0.909091 0.0909091
0.944444 0 0.0555556
0.888889 0 0.111111
0.833333 0 0.166667
0.777778 0 0.222222
0.722222 0 0.277778
0.666667 0 0.333333
0.611111 0 0.388889
0.555556 0 0.444444
0.5 0 0.5
0.444444 0 0.555556
0.388889 0 0.611111
0.333333 0 0.666667
0.277778 0 0.722222
0.222222 0 0.777778
0.166667 0 0.833333
0.111111 0 0.888889
0.0555555 0 0.944445
0.630111 0.124603 0.245286
0.0961932 0.514679 0.389128
0.291202 0.125252 0.583546
0.168894 0.591594 0.239511
0.486628 0.408651 0.104721
0.800704 0.064617 0.134679
0.406486 0.0783699 0.515144
0.657531 0.277513 0.0649559
0.0418192 0.345958 0.612223
0.687623 0.131755 0.180622
0.75403 0.177757 0.0682128
0.388344 0.274174 0.337482
0.17243 0.266244 0.561326
0.706652 0.209673 0.0836752
0.270027 0.624923 0.10505
0.0380985 0.147739 0.814162
0.313256 0.533214 0.153529
0.0506335 0.623284 0.326082
0.185675 0.338147 0.476178
0.498363 0.223821 0.277816
0.11375 0.396272 0.489978
0.342746 0.582187 0.0750674
0.602984 0.316261 0.0807548
0.539 0.0622843 0.398716
0.142424 0.193867 0.663708
0.243364 0.249292 0.507345
0.196704 0.670082 0.133215
0.351696 0.0625484 0.585756
0.583922 0.245605 0.170473
0.0772172 0.371933 0.550849
0.519528 0.291247 0.189225
0.127519 0.125296 0.747185
0.563288 0.18342 0.253291
0.338231 0.25556 0.406209
0.164896 0.768719 0.0663846
0.0902663 0.812547 0.0971866
0.232607 0.380203 0.38719
0.450905 0.319337 0.229758
0.396005 0.51476 0.0892356
0.426275 0.425158 0.148567
0.257648 0.0669268 0.675426
0.131011 0.699355 0.169634
0.848912 0.0779453 0.0731431
0.348813 0.125669 0.525518
0.0711169 0.709972 0.218911
0.488271 0.138956 0.372774
0.447383 0.222961 0.329656
0.218561 0.161901 0.619537
0.187145 0.485324 0.327531
0.109014 0.297423 0.593563
0.299127 0.467241 0.233632
0.430322 0.152967 0.416711
0.393985 0.369588 0.236427
0.0714775 0.255689 0.672834
0.727551 0.0586255 0.213823
0.310614 0.335886 0.353501
0.104679 0.613009 0.282312
0.0855125 0.0787643 0.835723
0.0416291 0.785506 0.172865
0.222249 0.594836 0.182915
0.18812 0.0838873 0.727993
0.749133 0.111382 0.139485
0.545668 0.360663 0.0936696
0.642672 0.213868 0.14346
0.231848 0.498797 0.269355
0.0512962 0.521944 0.42676
0.683535 0.0570329 0.259432
0.902274 0.0522218 0.0455038
0.31235 0.200888 0.486762
0.0347889 0.881818 0.0833931
0.232567 0.707958 0.0594752
0.472191 0.0672988 0.46051
0.375549 0.177713 0.446738
0.595022 0.0806264 0.324351
0.361262 0.46537 0.173368
0.157785 0.433569 0.408646
0.283491 0.289451 0.427058
0.338843 0.385101 0.276055
0.0368327 0.060458 0.902709
0.444222 0.49312 0.0626583
0.276552 0.413586 0.309862
0.795642 0.138767 0.0655912
0.138355 0.528429 0.333216
0.536446 0.141462 0.322092
0.0771396 0.182444 0.740416
0.138507 0.0567157 0.804777
0.266734 0.545041 0.188224
0.044951 0.444874 0.510175


0 18 29
11 10 50
32 31 51
39 38 52
14 13 53
22 21 54
23 22 54
15 14 59
56 15 59
14 53 59
21 20 61
20 19 61
26 25 63
58 64 66
8 7 67
7 60 67
9 8 67
60 62 67
13 12 68
53 13 68
36 35 69
37 36 69
64 58 71
40 39 73
48 40 73
39 52 73
46 74 78
74 76 78
76 65 78
5 4 80
6 5 80
4 3 81
80 4 81
64 71 82
65 76 83
76 50 83
9 67 84
83 50 85
41 40 86
40 48 86
42 41 86
49 72 87
72 80 87
80 81 87
17 16 88
31 30 88
51 31 88
48 73 89
73 52 89
87 81 90
26 63 90
65 83 92
83 57 92
91 65 92
58 70 93
48 71 93
86 48 93
71 58 93
58 66 95
66 75 95
75 54 95
70 58 95
92 57 97
91 92 97
57 83 98
83 85 98
54 21 99
70 95 99
95 54 99
33 32 100
79 57 101
63 47 102
90 63 102
49 87 102
87 90 102
45 44 103
27 26 104
26 90 104
90 81 104
60 72 105
72 49 105
43 42 106
70 77 106
93 70 106
42 86 106
86 93 106
56 59 107
59 55 107
32 51 107
100 32 107
55 100 107
12 11 108
68 12 108
11 50 108
50 76 108
74 68 108
76 74 108
55 59 109
59 53 109
46 55 109
74 46 109
53 68 109
68 74 109
94 82 110
49 94 110
105 49 110
25 24 111
63 25 111
47 63 111
66 47 111
34 33 112
46 34 112
55 46 112
33 100 112
100 55 112
18 17 113
29 18 113
30 29 113
17 88 113
88 30 113
71 48 114
48 89 114
3 1 115
1 28 115
81 3 115
28 27 115
27 104 115
104 81 115
7 6 116
60 7 116
72 60 116
6 80 116
80 72 116
38 37 117
52 38 117
37 69 117
69 91 117
97 52 117
91 97 117
57 79 118
97 57 118
89 52 118
52 97 118
79 114 118
114 89 118
35 34 119
34 46 119
46 78 119
69 35 119
67 62 120
84 67 120
85 84 120
98 85 120
62 96 120
47 66 121
66 64 121
64 82 121
82 94 121
82 71 122
101 82 122
79 101 122
114 79 122
71 114 122
57 98 123
101 57 123
98 120 123
120 96 123
19 2 124
2 45 124
45 103 124
61 19 124
103 61 124
10 9 125
9 84 125
50 10 125
85 50 125
84 85 125
82 101 126
110 82 126
96 110 126
101 123 126
123 96 126
16 15 127
15 56 127
51 88 127
88 16 127
56 107 127
107 51 127
102 47 128
94 49 128
49 102 128
47 121 128
121 94 128
91 69 129
78 65 129
65 91 129
69 119 129
119 78 129
21 61 130
99 21 130
77 70 130
70 99 130
61 103 130
103 77 130
44 43 131
103 44 131
77 103 131
43 106 131
106 77 131
62 60 132
60 105 132
96 62 132
105 110 132
110 96 132
23 54 133
54 75 133
24 23 133
111 24 133
75 66 133
66 111 133
