87
1 0 0
0 1 0
0 0 1
0.0588235 0.941176 0
0.117647 0.882353 0
0.176471 0.823529 0
0.235294 0.764706 0
0.294118 0.705882 0
0.352941 0.647059 0
0.411765 0.588235 0
0.470588 0.529412 0
0.529412 0.470588 0
0.588235 0.411765 0
0.647059 0.352941 0
0.705882 0.294118 0
0.764706 0.235294 0
0.823529 0.176471 0
0.882353 0.117647 0
0.941176 0.0588235 0
0 0.0666667 0.933333
0 0.133333 0.866667
0 0.2 0.8
0 0.266667 0.733333
0 0.333333 0.666667
0 0.4 0.6
0 0.466667 0.533333
0 0.533333 0.466667
0 0.6 0.4
0 0.666667 0.333333
0 0.733333 0.266667
0 0.8 0.2
0 0.866667 0.133333
0 0.933333 0.0666667
0.857143 0 0.142857
0.714286 0 0.285714
0.571429 0 0.428571
0.428571 0 0.571429
0.285714 0 0.714286
0.142857 0 0.857143
0.620912 0.118584 0.260504
0.100602 0.495686 0.403712
0.275547 0.135826 0.588627
0.173284 0.613267 0.213449
0.461215 0.414191 0.124594
0.80923 0.0574828 0.133287
0.387173 0.0733018 0.539525
0.402162 0.258906 0.338933
0.668154 0.0591498 0.272696
0.183721 0.257282 0.558997
0.329361 0.524974 0.145666
0.173709 0.336344 0.489947
0.642999 0.240649 0.116352
0.109978 0.412377 0.477646
0.142075 0.185438 0.672487
0.203707 0.680275 0.116018
0.584757 0.302099 0.113144
0.749614 0.12149 0.128896
0.132775 0.116735 0.75049
0.559243 0.18032 0.260437
0.446666 0.207246 0.346088
0.291323 0.588112 0.120565
0.0813375 0.829547 0.0891155
0.524172 0.254165 0.221663
0.440668 0.327491 0.23184
0.241408 0.0667182 0.691874
0.107011 0.710284 0.182705
0.500942 0.115561 0.383496
0.241164 0.406561 0.352275
0.300723 0.208928 0.490349
0.696001 0.181706 0.122293
0.113144 0.0554094 0.831446
0.106887 0.772696 0.120417
0.365889 0.393909 0.240202
0.303935 0.348006 0.348058
0.337891 0.454814 0.207296
0.196738 0.544677 0.258585
0.21105 0.475553 0.313397
0.540556 0.359896 0.0995485
0.295612 0.285896 0.418491
0.0774174 0.238714 0.683868
0.088757 0.560955 0.350289
0.0894294 0.293371 0.6172
0.531388 0.0564336 0.412178
0.423246 0.480003 0.0967515
0.407144 0.151855 0.441001
0.0909261 0.650048 0.259026
0.909411 0.0265927 0.0639961


3 1 32
4 3 32
31 4 32
26 25 40
12 11 43
18 17 44
34 33 44
37 36 45
35 34 47
34 44 47
10 9 49
15 14 51
25 24 52
40 25 52
24 23 52
23 50 52
21 20 53
7 6 54
8 7 54
42 8 54
14 13 55
51 14 55
17 16 56
44 17 56
39 47 56
47 44 56
20 19 57
41 53 57
53 20 57
9 8 60
8 42 60
49 9 60
5 4 61
4 31 61
31 30 61
51 55 62
46 59 62
58 51 62
59 58 62
46 62 63
62 55 63
37 45 64
45 41 64
38 37 64
41 57 64
54 6 65
29 28 65
39 58 66
52 50 67
53 41 68
48 53 68
59 46 68
16 15 69
15 51 69
51 58 69
39 56 69
58 39 69
56 16 69
19 2 70
2 38 70
38 64 70
57 19 70
64 57 70
5 61 71
61 30 71
6 5 71
65 6 71
30 29 71
29 65 71
63 43 72
63 72 73
67 50 73
72 67 73
72 43 74
67 72 74
60 42 75
49 60 75
40 52 76
52 67 76
74 49 76
67 74 76
49 75 76
75 40 76
13 12 77
12 43 77
43 63 77
55 13 77
63 55 77
48 68 78
68 46 78
50 48 78
73 50 78
46 63 78
63 73 78
22 21 79
21 53 79
53 48 79
27 26 80
42 27 80
26 40 80
40 75 80
75 42 80
23 22 81
50 23 81
48 50 81
22 79 81
79 48 81
36 35 82
45 36 82
47 39 82
39 66 82
66 45 82
35 47 82
11 10 83
10 49 83
49 74 83
43 11 83
74 43 83
41 45 84
45 66 84
58 59 84
66 58 84
59 68 84
68 41 84
28 27 85
27 42 85
42 54 85
54 65 85
65 28 85
0 18 86
33 0 86
18 44 86
44 33 86
