159
1 0 0
0 1 0
0 0 1
0.0588235 0.941176 0
0.117647 0.882353 0
0.176471 0.823529 0
0.235294 0.764706 0
0.294118 0.705882 0
0.352941 0.647059 0
0.411765 0.588235 0
0.470588 0.529412 0
0.529412 0.470588 0
0.588235 0.411765 0
0.647059 0.352941 0
0.705882 0.294118 0
0.764706 0.235294 0
0.823529 0.176471 0
0.882353 0.117647 0
0.941176 0.0588235 0
0 0.0526316 0.947368
0 0.105263 0.894737
0 0.157895 0.842105
0 0.210526 0.789474
0 0.263158 0.736842
0 0.315789 0.684211
0 0.368421 0.631579
0 0.421053 0.578947
0 0.473684 0.526316
0 0.526316 0.473684
0 0.578947 0.421053
0 0.631579 0.368421
0 0.684211 0.315789
0 0.736842 0.263158
0 0.789474 0.210526
0 0.842105 0.157895
0 0.894737 0.105263
0 0.947368 0.0526316
0.928571 0 0.0714286
0.857143 0 0.142857
0.785714 0 0.214286
0.714286 0 0.285714
0.642857 0 0.357143
0.571429 0 0.428571
0.5 0 0.5
0.428571 0 0.571429
0.357143 0 0.642857
0.285714 0 0.714286
0.214286 0 0.785714
0.142857 0 0.857143
0.0714286 0 0.928571
0.111378 0.835473 0.0531492
0.638864 0.108794 0.252342
0.093555 0.500925 0.40552
0.275346 0.143286 0.581368
0.164525 0.606914 0.228561
0.479553 0.413632 0.106814
0.798375 0.0558088 0.145816
0.422484 0.0595706 0.517945
0.662963 0.276408 0.0606287
0.669859 0.135016 0.195125
0.746937 0.181164 0.0718991
0.752542 0.123399 0.124059
0.395883 0.266984 0.337133
0.64644 0.0565894 0.296971
0.175372 0.248127 0.576501
0.28417 0.641257 0.0745733
0.81286 0.137465 0.0496746
0.329377 0.512434 0.158189
0.941621 0.0263527 0.032026
0.0485083 0.62836 0.323132
0.37151 0.127434 0.501057
0.179728 0.341401 0.478871
0.491631 0.221702 0.286667
0.176704 0.543565 0.279732
0.127023 0.403157 0.46982
0.32154 0.572915 0.105545
0.592796 0.335956 0.0712479
0.547159 0.0760554 0.376785
0.164767 0.191985 0.643248
0.25025 0.26226 0.48749
0.205328 0.674532 0.12014
0.360094 0.0445884 0.595318
0.598797 0.241725 0.159478
0.272154 0.483819 0.244026
0.0796821 0.371666 0.548652
0.0629529 0.325984 0.611063
0.131666 0.139109 0.729225
0.582488 0.166785 0.250727
0.162661 0.773969 0.0633696
0.524185 0.290399 0.185416
0.65583 0.183459 0.160711
0.67536 0.230007 0.0946329
0.216629 0.393721 0.38965
0.0768141 0.794688 0.128498
0.443575 0.340278 0.216147
0.847087 0.0893118 0.0636013
0.40251 0.515175 0.0823142
0.276997 0.0679816 0.655021
0.0726901 0.703445 0.223865
0.223153 0.0410176 0.73583
0.491935 0.132622 0.375443
0.240784 0.202738 0.556478
0.733915 0.0391914 0.226894
0.445566 0.198019 0.356416
0.358791 0.224871 0.416339
0.475106 0.46703 0.0578642
0.229771 0.617203 0.153025
0.183484 0.479657 0.336859
0.428948 0.396119 0.174932
0.316729 0.28214 0.40113
0.0518238 0.849269 0.0989069
0.138149 0.727336 0.134516
0.0576634 0.892642 0.0496946
0.0950488 0.265702 0.639249
0.13541 0.0667054 0.797885
0.348772 0.396718 0.25451
0.465668 0.279077 0.255255
0.880519 0.042976 0.0765047
0.31396 0.344898 0.341142
0.146648 0.444613 0.408738
0.233615 0.707277 0.0591086
0.0574371 0.0985245 0.844038
0.574072 0.111685 0.314242
0.508568 0.0456751 0.445757
0.0512393 0.428081 0.52068
0.0724403 0.207835 0.719724
0.516815 0.351269 0.131916
0.0841671 0.561554 0.354279
0.0866739 0.65327 0.260056
0.357898 0.448452 0.193649
0.411356 0.459141 0.129502
0.141576 0.305231 0.553193
0.253636 0.324709 0.421655
0.0689081 0.0484111 0.882681
0.322472 0.186912 0.490616
0.387784 0.325726 0.286491
0.547235 0.401078 0.0516866
0.268732 0.423274 0.307994
0.209567 0.129017 0.661417
0.18972 0.0881024 0.722178
0.353997 0.60497 0.0410329
0.245843 0.558312 0.195845
0.51874 0.164858 0.316402
0.0443935 0.540239 0.415368
0.0691118 0.143582 0.787306
0.457425 0.099865 0.44271
0.0684411 0.464965 0.466594
0.336084 0.0927338 0.571182
0.411993 0.16227 0.425737
0.398395 0.558592 0.0430127
0.14778 0.665942 0.186279
0.0573224 0.751628 0.19105
0.713805 0.0830012 0.203194
0.585214 0.0354122 0.379374
0.110061 0.598597 0.291342
0.649652 0.316432 0.0339158
0.0447133 0.26434 0.690947
0.553013 0.22775 0.219237
0.592339 0.287283 0.120378


3 1 36
19 2 49
5 4 50
39 38 56
44 43 57
15 14 58
16 15 60
41 40 63
8 7 65
17 16 66
16 60 66
60 61 66
0 18 68
37 0 68
31 30 69
45 44 81
44 57 81
26 25 84
71 74 84
25 24 85
84 25 85
51 59 87
6 5 88
5 50 88
59 61 90
61 60 90
87 59 90
15 58 91
60 15 91
90 60 91
82 90 91
74 71 92
34 33 93
88 50 93
18 17 95
17 66 95
61 56 95
66 61 95
75 67 96
46 45 97
45 81 97
32 31 98
47 46 99
46 97 99
64 78 101
78 53 101
79 64 101
39 56 102
40 39 102
63 40 102
72 62 103
103 62 104
11 10 105
10 96 105
75 65 106
65 80 106
83 73 107
79 104 109
104 62 109
35 34 110
34 93 110
93 50 110
88 93 111
4 3 112
3 36 112
36 35 112
35 110 112
50 4 112
110 50 112
78 64 113
85 24 113
48 47 114
47 99 114
94 108 115
62 72 116
89 94 116
38 37 117
56 38 117
68 18 117
18 95 117
95 56 117
37 68 117
109 62 118
74 92 119
92 107 119
107 52 119
65 7 120
80 65 120
7 6 120
6 88 120
88 111 120
111 80 120
21 20 121
63 51 122
77 63 122
100 77 122
51 87 122
43 42 123
57 43 123
27 26 124
26 84 124
84 74 124
23 22 125
86 78 125
78 113 125
55 108 126
94 89 126
108 94 126
30 29 127
69 30 127
52 107 127
107 73 127
31 69 128
98 31 128
67 83 129
83 115 129
115 108 129
96 67 130
67 129 130
55 105 130
105 96 130
108 55 130
129 108 130
64 79 131
79 71 131
71 84 131
84 85 131
85 113 131
113 64 131
71 79 132
79 109 132
92 71 132
109 118 132
118 92 132
20 19 133
121 20 133
19 49 133
49 48 133
48 114 133
114 121 133
53 70 134
101 53 134
79 101 134
104 79 134
94 115 135
115 118 135
62 116 135
118 62 135
116 94 135
13 12 136
76 13 136
12 11 136
11 105 136
105 55 136
55 126 136
126 76 136
83 107 137
115 83 137
107 92 137
92 118 137
118 115 137
53 78 138
97 53 138
78 86 138
86 114 139
114 99 139
138 86 139
99 97 139
97 138 139
9 8 140
8 65 140
65 75 140
54 73 141
73 83 141
83 67 141
106 54 141
67 75 141
75 106 141
87 72 142
72 103 142
103 100 142
100 122 142
122 87 142
29 28 143
28 52 143
52 127 143
127 29 143
22 21 144
21 121 144
114 86 144
121 114 144
86 125 144
125 22 144
70 57 145
57 123 145
77 100 145
123 77 145
28 27 146
52 28 146
27 124 146
119 52 146
74 119 146
124 74 146
57 70 147
81 57 147
70 53 147
53 97 147
97 81 147
100 103 148
103 104 148
104 134 148
134 70 148
70 145 148
145 100 148
10 9 149
96 10 149
75 96 149
140 75 149
9 140 149
54 106 150
106 80 150
80 111 150
111 98 150
98 128 150
128 54 150
33 32 151
32 98 151
93 33 151
111 93 151
98 111 151
56 61 152
61 59 152
102 56 152
59 51 152
51 63 152
63 102 152
42 41 153
41 63 153
63 77 153
77 123 153
123 42 153
73 54 154
69 127 154
127 73 154
54 128 154
128 69 154
14 13 155
58 14 155
13 76 155
76 58 155
24 23 156
113 24 156
23 125 156
125 113 156
72 87 157
82 89 157
87 90 157
90 82 157
89 116 157
116 72 157
58 76 158
89 82 158
82 91 158
91 58 158
76 126 158
126 89 158
