150
1 0 0
0 1 0
0 0 1
0.0588235 0.941176 0
0.117647 0.882353 0
0.176471 0.823529 0
0.235294 0.764706 0
0.294118 0.705882 0
0.352941 0.647059 0
0.411765 0.588235 0
0.470588 0.529412 0
0.529412 0.470588 0
0.588235 0.411765 0
0.647059 0.352941 0
0.705882 0.294118 0
0.764706 0.235294 0
0.823529 0.176471 0
0.882353 0.117647 0
0.941176 0.0588235 0
0 0.0526316 0.947368
0 0.105263 0.894737
0 0.157895 0.842105
0 0.210526 0.789474
0 0.263158 0.736842
0 0.315789 0.68421
0 0.368421 0.631579
0 0.421053 0.578947
0 0.473684 0.526316
0 0.526316 0.473684
0 0.578947 0.421053
0 0.631579 0.368421
0 0.684211 0.315789
0 0.736842 0.263158
0 0.789474 0.210526
0 0.842105 0.157895
0 0.894737 0.105263
0 0.947368 0.0526316
0.923077 0 0.0769231
0.846154 0 0.153846
0.769231 0 0.230769
0.692308 0 0.307692
0.615385 0 0.384615
0.538462 0 0.461538
0.461538 0 0.538462
0.384615 0 0.615385
0.307692 0 0.692308
0.230769 0 0.769231
0.153846 0 0.846154
0.0769231 0 0.923077
0.635592 0.121241 0.243167
0.0946522 0.495631 0.409717
0.274431 0.149834 0.575736
0.159299 0.60294 0.237761
0.481582 0.416875 0.101542
0.794623 0.0605397 0.144838
0.4152 0.0650568 0.519744
0.646311 0.271068 0.0826214
0.748655 0.178724 0.0726208
0.757489 0.121329 0.121182
0.397113 0.265168 0.337719
0.661793 0.0633723 0.274835
0.172536 0.247544 0.579919
0.272759 0.637086 0.0901549
0.322937 0.51997 0.157092
0.92613 0.0332992 0.0405705
0.367791 0.128946 0.503263
0.190993 0.32711 0.481897
0.497945 0.224235 0.27782
0.166728 0.543652 0.28962
0.137846 0.398629 0.463525
0.338989 0.573021 0.08799
0.60144 0.324919 0.0736408
0.542883 0.0684305 0.388687
0.166414 0.187552 0.646034
0.248307 0.257508 0.494185
0.202219 0.679738 0.118043
0.343776 0.0459003 0.610324
0.814743 0.133646 0.0516115
0.581327 0.237278 0.181395
0.270557 0.484956 0.244487
0.082211 0.370921 0.546868
0.0633638 0.32549 0.611147
0.129684 0.132035 0.738281
0.576431 0.172881 0.250688
0.160263 0.77345 0.0662873
0.541476 0.298368 0.160156
0.664755 0.168517 0.166728
0.681865 0.22202 0.0961147
0.0853321 0.840195 0.0744729
0.227591 0.39185 0.380559
0.075346 0.78899 0.135664
0.443843 0.339802 0.216356
0.404389 0.516191 0.0794201
0.260094 0.0461987 0.693708
0.854435 0.0800367 0.0655279
0.0763948 0.700165 0.22344
0.487846 0.132909 0.379244
0.236484 0.20443 0.559086
0.742437 0.0371886 0.220375
0.443608 0.198059 0.358333
0.354661 0.226298 0.419042
0.482089 0.465533 0.0523779
0.237341 0.107293 0.655366
0.176927 0.489039 0.334034
0.431629 0.389562 0.178808
0.300383 0.288354 0.411263
0.139094 0.725025 0.13588
0.0546389 0.897855 0.0475065
0.0884827 0.264045 0.647473
0.136408 0.0616162 0.801976
0.349376 0.40165 0.248973
0.471563 0.280084 0.248352
0.309532 0.334382 0.356086
0.157175 0.443783 0.399042
0.23903 0.70355 0.0574201
0.0673618 0.104507 0.828131
0.504655 0.0413283 0.454017
0.0532397 0.428876 0.517884
0.0743314 0.205066 0.720603
0.512213 0.355652 0.132136
0.0791264 0.593329 0.327544
0.0790135 0.647885 0.273102
0.373363 0.445394 0.181243
0.141137 0.303671 0.555192
0.576262 0.107146 0.316592
0.0710397 0.0492522 0.879708
0.2525 0.59276 0.154741
0.380346 0.32892 0.290734
0.707013 0.0957843 0.197202
0.0856254 0.538983 0.375391
0.190227 0.0733738 0.736399
0.315985 0.189631 0.494384
0.617372 0.0438555 0.338773
0.232674 0.552232 0.215093
0.250335 0.436189 0.313477
0.869704 0.0338712 0.0964245
0.408876 0.469343 0.121781
0.564347 0.378635 0.0570179
0.0577274 0.158803 0.783469
0.454383 0.100444 0.445173
0.405482 0.163672 0.430845
0.330361 0.0956146 0.574024
0.0673722 0.465664 0.466964
0.4044 0.556562 0.0390379
0.0575037 0.750162 0.192334
0.166468 0.655267 0.178265
0.23266 0.346018 0.421322
0.351483 0.608845 0.0396715
0.305449 0.381064 0.313487
0.516714 0.165872 0.317415


3 1 36
19 2 48
15 14 56
16 15 57
0 18 64
37 0 64
14 13 71
56 14 71
45 44 76
44 43 76
43 55 76
17 16 77
16 57 77
57 58 77
26 25 80
66 69 80
25 24 81
80 25 81
78 67 83
6 5 84
56 71 85
78 56 85
58 57 86
83 49 86
78 83 86
15 56 87
57 15 87
86 57 87
56 78 87
78 86 87
5 4 88
35 34 88
84 5 88
34 33 90
84 88 90
88 34 90
70 63 92
46 45 93
45 76 93
18 17 94
64 18 94
58 54 94
77 58 94
17 77 94
32 31 95
61 73 97
73 51 97
74 61 97
39 38 98
38 54 98
40 39 98
60 40 98
67 59 99
99 59 100
12 11 101
53 12 101
11 10 101
10 92 101
51 73 102
73 82 102
93 76 102
79 68 103
66 74 105
74 100 105
100 59 105
84 90 106
4 3 107
3 36 107
36 35 107
35 88 107
88 4 107
24 23 108
73 61 108
81 24 108
47 46 109
91 104 110
67 78 111
78 85 111
59 67 111
85 91 111
105 59 112
69 89 113
103 50 113
8 7 114
62 8 114
75 62 114
7 6 114
6 84 114
84 106 114
106 75 114
21 20 115
109 82 115
43 42 116
55 43 116
42 41 116
41 72 116
27 26 117
26 80 117
80 69 117
23 22 118
82 73 118
73 108 118
108 23 118
53 104 119
85 71 119
91 85 119
104 91 119
30 29 120
68 52 120
95 31 121
31 30 121
30 120 121
120 52 121
104 53 122
63 79 122
79 110 122
110 104 122
61 74 123
74 66 123
66 80 123
80 81 123
81 108 123
108 61 123
60 49 124
96 72 124
49 83 124
19 48 125
48 47 125
47 109 125
20 19 125
115 20 125
109 115 125
70 62 126
63 70 126
91 110 127
59 111 127
112 59 127
111 91 127
54 58 128
58 86 128
86 49 128
98 54 128
49 60 128
60 98 128
29 28 129
28 50 129
50 103 129
103 68 129
120 29 129
68 120 129
93 102 130
102 82 130
46 93 130
109 46 130
82 109 130
51 65 131
97 51 131
74 97 131
100 74 131
41 40 132
40 60 132
72 41 132
60 124 132
124 72 132
68 79 133
79 63 133
52 68 133
126 52 133
63 126 133
79 103 134
110 79 134
103 113 134
113 89 134
38 37 135
54 38 135
94 54 135
37 64 135
64 94 135
92 63 136
63 122 136
53 101 136
122 53 136
101 92 136
13 12 137
71 13 137
12 53 137
53 119 137
119 71 137
22 21 138
21 115 138
115 82 138
82 118 138
118 22 138
65 55 139
55 116 139
72 96 139
116 72 139
131 65 140
96 99 140
99 100 140
100 131 140
65 139 140
139 96 140
55 65 141
76 55 141
65 51 141
51 102 141
102 76 141
28 27 142
50 28 142
27 117 142
69 113 142
117 69 142
113 50 142
10 9 143
92 10 143
70 92 143
33 32 144
32 95 144
90 33 144
106 90 144
95 106 144
75 106 145
106 95 145
95 121 145
121 52 145
62 75 145
126 62 145
52 126 145
69 66 146
89 69 146
112 89 146
66 105 146
105 112 146
9 8 147
8 62 147
62 70 147
70 143 147
143 9 147
89 112 148
112 127 148
127 110 148
110 134 148
134 89 148
83 67 149
67 99 149
99 96 149
96 124 149
124 83 149
