163
1 0 0
0 1 0
0 0 1
0.0588235 0.941177 0
0.117647 0.882353 0
0.176471 0.823529 0
0.235294 0.764706 0
0.294118 0.705882 0
0.352941 0.647059 0
0.411765 0.588235 0
0.470588 0.529412 0
0.529412 0.470588 0
0.588235 0.411765 0
0.647059 0.352941 0
0.705882 0.294118 0
0.764706 0.235294 0
0.823529 0.176471 0
0.882353 0.117647 0
0.941176 0.0588235 0
0 0.0625 0.9375
0 0.125 0.875
0 0.1875 0.8125
0 0.25 0.75
0 0.3125 0.6875
0 0.375 0.625
0 0.4375 0.5625
0 0.5 0.5
0 0.5625 0.4375
0 0.625 0.375
0 0.6875 0.3125
0 0.75 0.25
0 0.8125 0.1875
0 0.875 0.125
0 0.9375 0.0625
0.941176 0 0.0588235
0.882353 0 0.117647
0.823529 0 0.176471
0.764706 0 0.235294
0.705882 0 0.294118
0.647059 0 0.352941
0.588235 0 0.411765
0.529412 0 0.470588
0.470588 0 0.529412
0.411765 0 0.588235
0.352941 0 0.647059
0.294118 0 0.705882
0.235294 0 0.764706
0.17647 0 0.82353
0.117647 0 0.882353
0.0588235 0 0.941177
0.626774 0.124022 0.249203
0.0995287 0.485698 0.414773
0.280267 0.127354 0.59238
0.155071 0.620826 0.224102
0.4908 0.406334 0.102866
0.808977 0.0547101 0.136313
0.415065 0.0692625 0.515673
0.65175 0.268982 0.0792679
0.683399 0.131788 0.184814
0.768015 0.167119 0.064866
0.747754 0.111441 0.140805
0.383328 0.266022 0.35065
0.179125 0.262202 0.558673
0.269502 0.629037 0.101461
0.0617809 0.134858 0.803361
0.304001 0.543742 0.152258
0.0471649 0.626467 0.326368
0.381471 0.14042 0.478109
0.189504 0.335916 0.47458
0.497418 0.231964 0.270618
0.163899 0.550517 0.285584
0.117459 0.401838 0.480703
0.332572 0.580827 0.0866019
0.593037 0.336656 0.0703071
0.891511 0.052978 0.0555106
0.554528 0.0722651 0.373207
0.15164 0.200235 0.648125
0.251549 0.253819 0.494632
0.19884 0.690971 0.110189
0.243555 0.704309 0.0521356
0.341598 0.0616815 0.59672
0.825298 0.132982 0.0417206
0.586352 0.262516 0.151133
0.290214 0.483361 0.226425
0.0689159 0.373482 0.557602
0.0517728 0.324187 0.62404
0.521759 0.280616 0.197625
0.124792 0.136794 0.738415
0.569264 0.195369 0.235367
0.322053 0.262478 0.415469
0.170239 0.769813 0.059948
0.0906472 0.820933 0.0884202
0.226891 0.388148 0.384961
0.161071 0.419801 0.419129
0.0860407 0.764342 0.149617
0.451191 0.316648 0.232161
0.390162 0.513196 0.0966425
0.430888 0.435494 0.133618
0.266271 0.0742316 0.659497
0.142004 0.688457 0.16954
0.0812487 0.700609 0.218142
0.495012 0.124217 0.380771
0.0982678 0.198881 0.702851
0.456195 0.196776 0.347028
0.470821 0.470277 0.058902
0.434462 0.27209 0.293448
0.634734 0.194873 0.170393
0.2201 0.618196 0.161704
0.177826 0.475147 0.347026
0.702404 0.0641604 0.233435
0.11129 0.287534 0.601176
0.497772 0.0577481 0.44448
0.6262 0.0658156 0.307985
0.0467436 0.564752 0.388504
0.0570088 0.888344 0.0546473
0.439713 0.130028 0.430259
0.126804 0.0701723 0.803024
0.0659223 0.256794 0.677284
0.334605 0.406717 0.258679
0.310223 0.342164 0.347613
0.697778 0.188603 0.113619
0.0421381 0.510538 0.447324
0.536706 0.341089 0.122205
0.100503 0.621799 0.277698
0.283924 0.183429 0.532647
0.257414 0.315308 0.427278
0.327243 0.19785 0.474908
0.187272 0.0613838 0.751344
0.221414 0.142707 0.635879
0.403348 0.388021 0.208631
0.102859 0.55347 0.343671
0.0560992 0.447339 0.496562
0.539328 0.406848 0.0538233
0.122027 0.838232 0.039741
0.0527451 0.1962 0.751055
0.545564 0.141442 0.312994
0.388943 0.198527 0.41253
0.0533161 0.0514303 0.895254
0.380964 0.333991 0.285045
0.13613 0.330442 0.533428
0.264269 0.429447 0.306284
0.228397 0.555531 0.216072
0.716889 0.234212 0.0488989
0.309147 0.646885 0.0439683
0.361083 0.462471 0.176446
0.339156 0.123775 0.537069
0.226695 0.498269 0.275036
0.224352 0.198112 0.577536
0.0395209 0.825338 0.135141
0.601117 0.035507 0.363376
0.472907 0.360934 0.166159
0.0406736 0.768704 0.190622
0.193824 0.113159 0.693017
0.0746334 0.0772824 0.848084
0.0450373 0.68369 0.271273
0.369622 0.58829 0.0420877
0.241965 0.0432858 0.714749
0.423828 0.536137 0.0400353
0.827966 0.0888763 0.0831573
0.136372 0.750373 0.113255
0.311609 0.0344176 0.653973
0.763985 0.0477902 0.188224
0.0250778 0.948863 0.0260596


0 18 34
19 2 49
36 35 55
43 42 56
14 13 57
16 15 59
21 20 64
29 28 66
63 65 72
13 12 73
57 13 73
18 17 74
34 18 74
35 34 74
68 62 77
7 6 79
78 63 79
44 43 80
43 56 80
17 16 81
16 59 81
57 73 82
25 24 84
24 23 85
84 24 85
82 86 88
86 69 88
6 5 90
78 79 90
79 6 90
51 71 93
71 68 93
68 92 93
69 86 95
72 65 96
80 52 98
53 99 100
99 94 100
87 76 102
11 10 104
97 54 104
96 97 104
69 95 105
61 103 105
103 69 105
57 82 106
50 58 106
88 50 106
82 88 106
65 63 107
63 78 107
78 99 107
99 53 107
51 93 108
93 92 108
38 37 109
58 50 109
60 58 109
76 62 110
84 85 110
42 41 111
56 42 111
41 40 111
40 75 111
75 101 111
39 38 112
38 109 112
109 50 112
28 27 113
66 28 113
4 3 114
33 32 114
101 103 115
67 56 115
56 111 115
111 101 115
48 47 116
87 64 116
23 22 117
85 23 117
110 85 117
102 76 117
76 110 117
89 61 119
58 60 120
60 59 120
106 58 120
57 106 120
27 26 121
51 113 121
113 27 121
82 73 122
86 82 122
70 53 123
53 100 123
68 77 125
92 68 125
77 89 125
89 119 125
119 92 125
89 77 126
77 124 126
47 46 127
116 47 127
87 116 127
98 52 128
51 108 130
108 70 130
113 51 130
66 113 130
123 66 130
70 123 130
26 25 131
25 84 131
84 71 131
121 26 131
71 51 131
51 121 131
12 11 132
73 12 132
11 104 132
104 54 132
54 122 132
122 73 132
5 4 133
90 5 133
91 90 133
4 114 133
114 91 133
22 21 134
21 64 134
64 87 134
87 102 134
102 117 134
117 22 134
50 88 135
101 75 135
88 69 135
69 103 135
103 101 135
75 112 135
112 50 135
67 115 136
103 61 136
115 103 136
126 67 136
61 89 136
89 126 136
20 19 137
19 49 137
49 48 137
61 105 138
118 119 138
119 61 138
105 95 138
95 129 138
129 118 138
68 71 139
71 84 139
62 68 139
110 62 139
84 110 139
108 92 140
118 83 140
92 119 140
119 118 140
83 65 141
65 107 141
53 70 141
107 53 141
15 14 142
14 57 142
57 120 142
59 15 142
120 59 142
8 7 143
63 72 143
7 79 143
79 63 143
65 83 144
96 65 144
97 96 144
129 97 144
83 118 144
118 129 144
56 67 145
80 56 145
52 80 145
124 52 145
67 126 145
126 124 145
70 108 146
108 140 146
141 70 146
140 83 146
83 141 146
77 62 147
124 77 147
62 76 147
76 128 147
52 124 147
128 52 147
32 31 148
94 91 148
91 114 148
114 32 148
40 39 149
75 40 149
39 112 149
112 75 149
122 54 150
95 86 150
86 122 150
129 95 150
54 97 150
97 129 150
31 30 151
30 100 151
100 94 151
94 148 151
148 31 151
76 87 152
128 76 152
87 127 152
98 128 152
64 20 153
20 137 153
48 116 153
137 48 153
116 64 153
30 29 154
100 30 154
29 66 154
66 123 154
123 100 154
9 8 155
72 96 155
8 143 155
143 72 155
46 45 156
45 98 156
127 46 156
98 152 156
152 127 156
10 9 157
96 104 157
104 10 157
9 155 157
155 96 157
55 35 158
35 74 158
59 60 158
81 59 158
60 55 158
74 17 158
17 81 158
90 91 159
91 94 159
78 90 159
99 78 159
94 99 159
45 44 160
98 45 160
44 80 160
80 98 160
37 36 161
36 55 161
55 60 161
60 109 161
109 37 161
3 1 162
1 33 162
33 114 162
114 3 162
