173
1 0 0
0 1 0
0 0 1
0.0588236 0.941176 0
0.117647 0.882353 0
0.176471 0.823529 0
0.235294 0.764706 0
0.294118 0.705882 0
0.352941 0.647059 0
0.411765 0.588235 0
0.470588 0.529412 0
0.529412 0.470588 0
0.588235 0.411765 0
0.647059 0.352941 0
0.705882 0.294118 0
0.764706 0.235294 0
0.823529 0.176471 0
0.882353 0.117647 0
0.941176 0.0588235 0
0 0.0555556 0.944444
0 0.111111 0.888889
0 0.166667 0.833333
0 0.222222 0.777778
0 0.277778 0.722222
0 0.333333 0.666667
0 0.388889 0.611111
0 0.444444 0.555556
0 0.5 0.5
0 0.555556 0.444444
0 0.611111 0.388889
0 0.666667 0.333333
0 0.722222 0.277778
0 0.777778 0.222222
0 0.833333 0.166667
0 0.888889 0.111111
0 0.944444 0.0555556
0.941176 0 0.0588235
0.882353 0 0.117647
0.823529 0 0.176471
0.764706 0 0.235294
0.705882 0 0.294118
0.647059 0 0.352941
0.588235 0 0.411765
0.529412 0 0.470588
0.470588 0 0.529412
0.411765 0 0.588235
0.352941 0 0.647059
0.294118 0 0.705882
0.235294 0 0.764706
0.176471 0 0.823529
0.117647 0 0.882353
0.0588235 0 0.941176
0.121392 0.840308 0.0383005
0.635085 0.115538 0.249378
0.102227 0.481534 0.416239
0.279138 0.130047 0.590815
0.162068 0.609358 0.228575
0.480031 0.41264 0.107328
0.791566 0.051607 0.156827
0.416773 0.064946 0.518281
0.948449 0.0257836 0.0257677
0.656369 0.28198 0.0616501
0.0493262 0.335181 0.615493
0.677661 0.12549 0.196849
0.766738 0.170788 0.0624735
0.737021 0.130892 0.132087
0.383978 0.266734 0.349289
0.651695 0.0569992 0.291305
0.162432 0.252042 0.585526
0.270073 0.635763 0.0941638
0.0594696 0.130719 0.809811
0.329862 0.516283 0.153855
0.376621 0.141495 0.481883
0.194995 0.341661 0.463344
0.496255 0.221565 0.28218
0.15695 0.550248 0.292802
0.11814 0.401981 0.479879
0.336867 0.572367 0.0907665
0.593033 0.334834 0.0721335
0.889129 0.0577456 0.0531254
0.548452 0.0725741 0.378974
0.155116 0.184676 0.660207
0.263216 0.256177 0.480608
0.196501 0.692432 0.111067
0.246192 0.70285 0.0509571
0.347481 0.0567178 0.595801
0.833727 0.12342 0.0428533
0.586384 0.24081 0.172806
0.288445 0.482785 0.228769
0.0679772 0.379703 0.55232
0.121936 0.140074 0.73799
0.56138 0.175353 0.263267
0.325516 0.265996 0.408488
0.161135 0.772061 0.0668043
0.529989 0.296393 0.173618
0.654723 0.19214 0.153137
0.0803061 0.836651 0.0830433
0.228141 0.391466 0.380393
0.162122 0.420669 0.417208
0.0907582 0.788761 0.120481
0.447642 0.332276 0.220081
0.4035 0.515081 0.0814189
0.275757 0.0658411 0.658402
0.148317 0.67583 0.175853
0.0782622 0.698411 0.223326
0.237137 0.0411542 0.721708
0.488195 0.133498 0.378307
0.239973 0.209945 0.550082
0.0967773 0.203827 0.699395
0.717773 0.0537933 0.228434
0.449912 0.208713 0.341375
0.47513 0.467132 0.0577382
0.444007 0.273963 0.28203
0.215908 0.625495 0.158597
0.178834 0.477589 0.343578
0.412195 0.460323 0.127482
0.503333 0.0628672 0.4338
0.573093 0.111613 0.315294
0.0609157 0.890568 0.0485162
0.0893555 0.265736 0.644909
0.439505 0.116533 0.443962
0.817357 0.0886191 0.0940236
0.130151 0.0765508 0.793298
0.347982 0.397399 0.254618
0.0515873 0.0499125 0.8985
0.311666 0.3445 0.343834
0.688124 0.208887 0.102989
0.0435715 0.505174 0.451254
0.33153 0.207898 0.460572
0.10279 0.613755 0.283455
0.426549 0.396364 0.177087
0.604023 0.274309 0.121668
0.0517315 0.772994 0.175275
0.603333 0.0496583 0.347009
0.0433699 0.250858 0.705772
0.0638109 0.0879577 0.848231
0.220942 0.132219 0.646839
0.0491398 0.661114 0.289746
0.517084 0.350601 0.132315
0.105467 0.547411 0.347122
0.0577242 0.447457 0.494819
0.104787 0.309853 0.58536
0.541231 0.403284 0.0554856
0.306832 0.171971 0.521197
0.399502 0.193035 0.407463
0.261887 0.319655 0.418459
0.38051 0.32812 0.29137
0.140802 0.328192 0.531007
0.263021 0.435289 0.30169
0.189629 0.0984849 0.711886
0.39277 0.565651 0.0415781
0.734971 0.0838379 0.181191
0.513332 0.167394 0.319275
0.24462 0.55762 0.197759
0.357009 0.450941 0.19205
0.327294 0.632146 0.0405602
0.717054 0.236731 0.0462152
0.0532109 0.185845 0.760944
0.216735 0.52042 0.262845
0.598008 0.370662 0.0313303
0.281759 0.579251 0.13899
0.0492519 0.608087 0.342661
0.19985 0.277549 0.522601
0.522752 0.250173 0.227075
0.0497078 0.552757 0.397535
0.209047 0.18628 0.604673
0.121259 0.736057 0.142684
0.348444 0.104278 0.547278
0.473404 0.0421869 0.484409
0.106983 0.0414145 0.851602
0.188685 0.0428314 0.768484
0.0402567 0.829361 0.130383
0.605079 0.184229 0.210692


3 1 35
19 2 51
5 4 52
38 37 58
39 38 58
45 44 59
0 18 60
36 0 60
14 13 61
25 24 62
16 15 64
41 40 67
21 20 70
61 13 78
18 17 79
60 18 79
37 36 79
36 60 79
7 6 84
83 69 84
46 45 85
45 59 85
17 16 86
16 64 86
79 17 86
26 25 89
25 62 89
6 5 93
5 52 93
83 84 93
84 6 93
63 65 95
93 52 96
54 76 98
76 73 98
73 97 98
93 96 99
77 71 101
47 46 102
46 85 102
85 55 102
32 31 104
56 103 104
48 47 105
47 102 105
90 81 108
39 58 109
40 39 109
67 40 109
63 53 109
53 67 109
11 10 111
10 101 111
66 110 112
110 74 112
103 56 113
69 83 113
83 103 113
54 98 114
98 97 114
101 71 115
57 111 115
111 101 115
43 42 116
42 80 116
80 106 116
67 53 117
53 91 117
106 80 117
4 3 118
52 4 118
96 52 118
3 35 118
35 34 118
34 96 118
62 24 119
81 68 119
108 81 119
72 59 120
116 106 120
58 37 121
37 79 121
64 65 121
86 64 121
65 58 121
79 86 121
90 70 122
20 19 124
19 51 124
51 50 124
92 66 125
65 64 126
95 65 126
28 27 127
92 82 128
75 56 129
56 104 129
57 115 130
123 100 130
61 78 131
94 87 131
126 61 131
87 95 131
95 126 131
33 32 132
32 104 132
42 41 133
80 42 133
41 67 133
67 117 133
117 80 133
23 22 134
24 23 134
119 24 134
108 119 134
70 20 135
20 124 135
122 70 135
102 55 136
31 30 137
104 31 137
129 104 137
57 130 138
100 94 138
130 100 138
94 131 138
131 78 138
54 114 139
114 75 139
75 129 139
27 26 140
26 89 140
89 76 140
127 27 140
76 54 140
54 127 140
89 62 141
62 119 141
119 68 141
12 11 142
11 111 142
111 57 142
57 138 142
138 78 142
107 55 143
82 107 143
128 82 143
72 128 143
106 110 144
120 106 144
66 92 144
92 128 144
110 66 144
72 120 144
128 72 144
73 82 145
82 92 145
97 73 145
92 125 145
125 97 145
112 100 146
100 123 146
66 112 146
125 66 146
123 125 146
141 68 147
73 76 147
76 89 147
89 141 147
114 97 148
123 88 148
97 125 148
125 123 148
90 122 149
81 90 149
136 81 149
105 102 149
102 136 149
10 9 150
101 10 150
77 101 150
58 65 151
109 58 151
65 63 151
63 109 151
91 74 152
74 110 152
110 106 152
106 117 152
117 91 152
113 56 153
88 71 153
71 88 154
115 71 154
130 115 154
88 123 154
123 130 154
8 7 155
69 77 155
7 84 155
84 69 155
9 8 155
150 9 155
77 150 155
15 14 156
14 61 156
61 126 156
64 15 156
126 64 156
22 21 157
21 70 157
70 90 157
90 108 157
108 134 157
134 22 157
148 88 158
75 114 158
114 148 158
56 75 158
153 56 158
88 153 158
13 12 159
78 13 159
12 142 159
142 78 159
71 77 160
153 71 160
77 69 160
69 113 160
113 153 160
30 29 161
137 30 161
129 137 161
139 129 161
68 107 162
107 82 162
147 68 162
82 73 162
73 147 162
74 91 163
87 94 163
112 74 163
94 100 163
100 112 163
29 28 164
28 127 164
127 54 164
54 139 164
139 161 164
161 29 164
68 81 165
107 68 165
55 107 165
136 55 165
81 136 165
83 93 166
93 99 166
103 83 166
99 132 166
104 103 166
132 104 166
59 72 167
85 59 167
55 85 167
143 55 167
72 143 167
44 43 168
43 116 168
59 44 168
116 120 168
120 59 168
50 49 169
49 122 169
122 135 169
124 50 169
135 124 169
49 48 170
122 49 170
48 105 170
105 149 170
149 122 170
34 33 171
96 34 171
99 96 171
33 132 171
132 99 171
53 63 172
63 95 172
91 53 172
95 87 172
87 163 172
163 91 172
