179
1 0 0
0 1 0
0 0 1
0.0588236 0.941176 0
0.117647 0.882353 0
0.176471 0.823529 0
0.235294 0.764706 0
0.294118 0.705882 0
0.352941 0.647059 0
0.411765 0.588235 0
0.470588 0.529412 0
0.529412 0.470588 0
0.588235 0.411765 0
0.647059 0.352941 0
0.705882 0.294118 0
0.764706 0.235294 0
0.823529 0.176471 0
0.882353 0.117647 0
0.941176 0.0588235 0
0 0.05 0.95
0 0.1 0.9
0 0.15 0.85
0 0.2 0.8
0 0.25 0.75
0 0.3 0.7
0 0.35 0.65
0 0.4 0.6
0 0.45 0.55
0 0.5 0.5
0 0.55 0.45
0 0.6 0.4
0 0.65 0.35
0 0.7 0.3
0 0.75 0.25
0 0.8 0.2
0 0.85 0.15
0 0.9 0.1
0 0.95 0.05
0.9375 0 0.0625
0.875 0 0.125
0.8125 0 0.1875
0.75 0 0.25
0.6875 0 0.3125
0.625 0 0.375
0.5625 0 0.4375
0.5 0 0.5
0.4375 0 0.5625
0.375 0 0.625
0.3125 0 0.6875
0.25 0 0.75
0.1875 0 0.8125
0.125 0 0.875
0.0625 0 0.9375
0.120011 0.841914 0.0380749
0.651774 0.100918 0.247307
0.105078 0.496242 0.39868
0.274042 0.133529 0.592429
0.162285 0.608643 0.229072
0.499286 0.399387 0.101327
0.807132 0.0569177 0.13595
0.424181 0.0654494 0.51037
0.653609 0.280713 0.0656783
0.669749 0.132583 0.197667
0.760464 0.176198 0.0633376
0.739038 0.125354 0.135609
0.397564 0.254609 0.347827
0.654391 0.0578717 0.287737
0.171149 0.245304 0.583547
0.0450442 0.302181 0.652775
0.275723 0.634853 0.089423
0.0638257 0.141032 0.795142
0.823439 0.136393 0.040168
0.333232 0.515049 0.15172
0.941081 0.0288277 0.0300917
0.375986 0.139547 0.484467
0.187544 0.329091 0.483365
0.487204 0.226284 0.286512
0.158691 0.550214 0.291095
0.123116 0.397777 0.479108
0.341959 0.569168 0.0888727
0.578689 0.3372 0.0841104
0.547998 0.0755749 0.376427
0.139598 0.195316 0.665085
0.234591 0.257862 0.507547
0.202812 0.681979 0.11521
0.243213 0.704932 0.0518557
0.36976 0.0452659 0.584975
0.599284 0.241277 0.159439
0.291192 0.483514 0.225294
0.081909 0.37329 0.544801
0.13438 0.132607 0.733013
0.583389 0.164381 0.252231
0.332342 0.265164 0.402494
0.153621 0.782638 0.0637411
0.528713 0.289649 0.181638
0.646613 0.182939 0.170448
0.671464 0.225805 0.102731
0.0718846 0.839997 0.0881186
0.237116 0.395775 0.367109
0.155071 0.43272 0.412209
0.0728053 0.793666 0.133529
0.443263 0.337266 0.219471
0.870601 0.0880128 0.0413864
0.0928262 0.311481 0.595693
0.408796 0.511769 0.0794355
0.252319 0.0472996 0.700381
0.138512 0.683629 0.177859
0.0774505 0.684577 0.237972
0.49029 0.129836 0.379874
0.484924 0.276287 0.238789
0.254782 0.19983 0.545388
0.415273 0.294056 0.290671
0.71826 0.0414613 0.240279
0.45605 0.196234 0.347716
0.492959 0.454943 0.0520974
0.214668 0.116129 0.669203
0.215195 0.625174 0.159631
0.180315 0.480089 0.339597
0.432912 0.393469 0.173618
0.419838 0.454696 0.125466
0.499966 0.0611992 0.438835
0.88035 0.0469054 0.0727445
0.0600492 0.893192 0.0467593
0.1033 0.259181 0.637519
0.437685 0.120708 0.441607
0.127436 0.0767539 0.79581
0.351954 0.405458 0.242588
0.0535967 0.0485091 0.897894
0.580363 0.104318 0.315319
0.29964 0.0625708 0.637789
0.572457 0.382552 0.0449909
0.326595 0.325665 0.34774
0.0446035 0.509987 0.44541
0.318533 0.211743 0.469724
0.104527 0.610763 0.28471
0.0577061 0.2487 0.693594
0.192531 0.06261 0.744859
0.0572718 0.0938486 0.84888
0.0664539 0.195075 0.738471
0.0503471 0.652749 0.296903
0.512612 0.343846 0.143542
0.105884 0.549799 0.344317
0.0533801 0.436536 0.510084
0.0655996 0.746793 0.187607
0.556319 0.225876 0.217805
0.364472 0.448321 0.187208
0.315654 0.157281 0.527066
0.398783 0.191747 0.40947
0.260011 0.328196 0.411793
0.614238 0.043582 0.34218
0.522554 0.160992 0.316454
0.260135 0.445509 0.294356
0.637345 0.325554 0.0371012
0.269329 0.278737 0.451934
0.284152 0.579023 0.136824
0.808508 0.103665 0.0878262
0.373388 0.347629 0.278983
0.34931 0.610598 0.0400925
0.592223 0.286393 0.121384
0.158424 0.302892 0.538685
0.244811 0.55786 0.197329
0.401109 0.558797 0.0400931
0.0487777 0.552955 0.398267
0.717183 0.239901 0.0429155
0.300632 0.661733 0.037635
0.13267 0.738319 0.129011
0.735122 0.0739281 0.19095
0.216263 0.522015 0.261721
0.571423 0.0315357 0.397041
0.0506833 0.603723 0.345594
0.341995 0.0975719 0.560433
0.209953 0.179346 0.610701
0.109837 0.0427297 0.847433
0.306576 0.384007 0.309417
0.191128 0.73094 0.0779324
0.191872 0.374328 0.433801
0.0395492 0.354994 0.605456
0.0812763 0.459837 0.458887
0.709661 0.174201 0.116138


3 1 37
19 2 52
5 4 53
40 39 59
46 45 60
16 15 63
25 24 68
22 21 70
17 16 71
16 63 71
0 18 73
38 0 73
7 6 85
84 69 85
47 46 86
46 60 86
27 26 89
75 78 89
54 62 91
6 5 93
5 53 93
62 64 95
91 62 95
87 95 96
36 35 97
93 53 97
35 34 100
97 35 100
93 97 100
18 17 102
73 18 102
17 71 102
79 72 104
49 48 105
33 32 107
57 106 107
94 101 109
83 67 110
65 76 111
76 109 111
109 101 111
41 40 112
42 41 112
66 42 112
54 66 112
76 65 113
12 11 114
11 10 114
10 104 114
82 90 115
69 84 116
84 106 116
106 57 116
55 99 117
99 98 117
58 114 119
114 104 119
118 58 119
104 72 119
45 44 120
60 45 120
81 108 120
39 38 121
59 39 121
38 73 121
73 102 121
4 3 122
3 37 122
37 36 122
53 4 122
36 97 122
97 53 122
82 67 123
67 103 123
103 68 123
74 60 124
60 120 124
120 108 124
90 70 125
101 118 126
20 19 127
19 52 127
52 51 127
66 54 128
54 91 128
108 81 128
48 47 129
105 48 129
47 86 129
56 115 129
115 105 129
13 12 130
58 80 130
12 114 130
114 58 130
92 65 131
65 111 131
29 28 132
83 110 133
77 57 134
57 107 134
24 23 135
68 24 135
123 68 135
82 123 135
105 115 136
115 90 136
50 49 136
125 50 136
49 105 136
90 125 136
21 20 137
70 21 137
125 70 137
20 127 137
22 70 138
70 90 138
23 22 138
135 23 138
90 82 138
82 135 138
32 31 139
107 32 139
134 107 139
80 58 140
58 118 140
101 94 140
118 101 140
55 117 141
117 77 141
77 134 141
28 27 142
27 89 142
89 78 142
34 33 143
100 34 143
33 107 143
107 106 143
91 95 144
95 87 144
76 91 144
109 76 144
87 94 144
94 109 144
72 88 145
119 72 145
118 119 145
126 118 145
88 126 145
110 56 146
74 133 146
133 110 146
65 92 147
113 65 147
108 113 147
124 108 147
92 133 147
74 124 147
133 74 147
92 131 148
131 98 148
43 42 149
42 66 149
66 128 149
128 81 149
91 76 150
76 113 150
128 91 150
113 108 150
108 128 150
126 88 151
117 98 151
14 13 152
61 14 152
80 61 152
13 130 152
130 80 152
83 133 153
133 92 153
75 83 153
148 75 153
92 148 153
72 79 154
79 69 154
69 116 154
64 59 155
63 64 155
71 63 155
102 71 155
59 121 155
121 102 155
111 101 156
101 126 156
131 111 156
9 8 157
69 79 157
61 80 158
94 87 158
87 96 158
96 61 158
80 140 158
140 94 158
67 83 159
83 75 159
103 67 159
75 89 159
89 103 159
88 72 160
72 154 160
116 57 160
154 116 160
10 9 161
104 10 161
79 104 161
9 157 161
157 79 161
30 29 162
29 132 162
132 55 162
55 141 162
15 14 163
14 61 163
61 96 163
63 15 163
96 63 163
8 7 164
7 85 164
85 69 164
69 157 164
157 8 164
93 100 165
100 143 165
106 84 165
143 106 165
40 59 166
112 40 166
62 54 166
54 112 166
59 64 166
64 62 166
151 88 167
77 117 167
117 151 167
57 77 167
160 57 167
88 160 167
44 43 168
81 120 168
120 44 168
43 149 168
149 81 168
134 139 169
139 31 169
31 30 169
141 134 169
30 162 169
162 141 169
56 129 170
129 86 170
60 74 170
74 146 170
146 56 170
86 60 170
67 82 171
110 67 171
56 110 171
82 115 171
115 56 171
51 50 172
50 125 172
125 137 172
127 51 172
137 127 172
98 131 173
131 156 173
126 151 173
156 126 173
151 98 173
85 6 174
6 93 174
84 85 174
165 84 174
93 165 174
78 75 175
75 148 175
99 78 175
98 99 175
148 98 175
26 25 176
89 26 176
103 89 176
25 68 176
68 103 176
99 55 177
55 132 177
132 28 177
28 142 177
78 99 177
142 78 177
64 63 178
63 96 178
95 64 178
96 95 178
