74
1 0 0
0 1 0
0 0 1
0.0588235 0.941176 0
0.117647 0.882353 0
0.176471 0.823529 0
0.235294 0.764706 0
0.294118 0.705882 0
0.352941 0.647059 0
0.411765 0.588235 0
0.470588 0.529412 0
0.529412 0.470588 0
0.588235 0.411765 0
0.647059 0.352941 0
0.705882 0.294118 0
0.764706 0.235294 0
0.823529 0.176471 0
0.882353 0.117647 0
0.941176 0.0588235 0
0 0.05 0.95
0 0.1 0.9
0 0.15 0.85
0 0.2 0.8
0 0.25 0.75
0 0.3 0.7
0 0.35 0.65
0 0.4 0.6
0 0.45 0.55
0 0.5 0.5
0 0.55 0.45
0 0.6 0.4
0 0.65 0.35
0 0.7 0.3
0 0.75 0.25
0 0.8 0.2
0 0.85 0.15
0 0.9 0.1
0 0.95 0.05
0.8 0 0.2
0.6 0 0.4
0.4 0 0.6
0.2 0 0.8
0.577914 0.117716 0.30437
0.298928 0.132943 0.568129
0.214525 0.588407 0.197067
0.409722 0.0578681 0.53241
0.61834 0.278549 0.103111
0.390742 0.245392 0.363866
0.597291 0.0681587 0.33455
0.194517 0.244307 0.561176
0.200687 0.641933 0.15738
0.31709 0.526068 0.156843
0.235752 0.326008 0.43824
0.206589 0.383506 0.409905
0.445364 0.404055 0.15058
0.473589 0.355729 0.170682
0.175805 0.19859 0.625605
0.559453 0.252926 0.18762
0.280375 0.478858 0.240767
0.588627 0.166522 0.244851
0.191639 0.0971123 0.711249
0.164152 0.6909 0.144948
0.216614 0.0462675 0.737119
0.246896 0.423267 0.329837
0.433793 0.321357 0.24485
0.803924 0.0533554 0.142721
0.160897 0.295492 0.543611
0.122573 0.754118 0.12331
0.375983 0.18362 0.440397
0.647413 0.192497 0.16009
0.149325 0.551113 0.299563
0.0971546 0.809374 0.0934714
0.771981 0.103375 0.124644
0.616858 0.0296899 0.353452


5 4 36
35 5 36
3 1 37
4 3 37
36 4 37
19 2 41
22 21 43
10 9 44
31 30 44
40 39 45
15 14 46
42 43 48
43 45 48
24 23 49
9 8 50
32 31 50
31 44 50
44 9 50
11 10 51
10 44 51
26 25 52
27 26 53
26 52 53
13 12 54
14 13 55
13 54 55
23 22 56
22 43 56
49 23 56
16 15 57
15 46 57
52 47 57
12 11 58
54 12 58
11 51 58
29 28 58
21 20 60
43 21 60
45 43 60
8 7 61
7 33 61
33 32 61
32 50 61
50 8 61
20 19 62
19 41 62
41 40 62
60 20 62
40 45 62
45 60 62
28 27 63
27 53 63
53 55 63
55 54 63
54 58 63
58 28 63
53 52 64
46 14 64
14 55 64
55 53 64
52 57 64
57 46 64
0 18 65
42 48 65
38 0 65
48 38 65
25 24 66
24 49 66
49 47 66
47 52 66
52 25 66
7 6 67
6 34 67
33 7 67
34 33 67
43 42 68
56 43 68
47 49 68
59 47 68
49 56 68
42 59 68
16 57 69
57 47 69
17 16 69
59 17 69
47 59 69
30 29 70
44 30 70
51 44 70
29 58 70
58 51 70
6 5 71
5 35 71
34 6 71
35 34 71
18 17 72
17 59 72
59 42 72
42 65 72
65 18 72
39 38 73
38 48 73
45 39 73
48 45 73
