48
1 0 0
0 1 0
0 0 1
0.0588235 0.941176 0
0.117647 0.882353 0
0.176471 0.823529 0
0.235294 0.764706 0
0.294118 0.705882 0
0.352941 0.647059 0
0.411765 0.588235 0
0.470588 0.529412 0
0.529412 0.470588 0
0.588235 0.411765 0
0.647059 0.352941 0
0.705882 0.294118 0
0.764706 0.235294 0
0.823529 0.176471 0
0.882353 0.117647 0
0.941176 0.0588235 0
0 0.5 0.5
0.944444 0 0.0555556
0.888889 0 0.111111
0.833333 0 0.166667
0.777778 0 0.222222
0.722222 0 0.277778
0.666667 0 0.333333
0.611111 0 0.388889
0.555556 0 0.444444
0.5 0 0.5
0.444444 0 0.555556
0.388889 0 0.611111
0.333333 0 0.666667
0.277778 0 0.722222
0.222222 0 0.777778
0.166667 0 0.833333
0.111111 0 0.888889
0.0555556 0 0.944444
0.108549 0.468863 0.422589
0.166894 0.450711 0.382395
0.0513749 0.506771 0.441854
0.283697 0.387351 0.328951
0.570022 0.223738 0.20624
0.226687 0.402564 0.370748
0.397611 0.299749 0.30264
0.340406 0.357638 0.301956
0.44727 0.275819 0.276911
0.628039 0.191487 0.180474
0.5131 0.25855 0.22835


0 18 20
18 17 21
20 18 21
17 16 22
21 17 22
16 15 23
22 16 23
15 14 24
23 15 24
14 13 25
24 14 25
19 2 36
4 3 37
35 34 37
5 4 38
34 33 38
4 37 38
37 34 38
3 1 39
36 35 39
1 19 39
19 36 39
35 37 39
37 3 39
7 6 40
32 31 40
12 11 41
11 27 41
26 12 41
27 26 41
6 5 42
33 32 42
5 38 42
38 33 42
32 40 42
40 6 42
9 8 43
30 29 43
8 7 44
31 30 44
7 40 44
40 31 44
30 43 44
43 8 44
10 9 45
28 10 45
29 28 45
9 43 45
43 29 45
13 12 46
12 26 46
25 13 46
26 25 46
11 10 47
10 28 47
27 11 47
28 27 47
