38
1 0 0
0 1 0
0 0 1
0.0588236 0.941176 0
0.117647 0.882353 0
0.176471 0.823529 0
0.235294 0.764706 0
0.294118 0.705882 0
0.352941 0.647059 0
0.411765 0.588235 0
0.470588 0.529412 0
0.529412 0.470588 0
0.588235 0.411765 0
0.647059 0.352941 0
0.705882 0.294118 0
0.764706 0.235294 0
0.823529 0.176471 0
0.882353 0.117647 0
0.941176 0.0588235 0
0 0.5 0.5
0.947368 0 0.0526316
0.894737 0 0.105263
0.842105 0 0.157895
0.789474 0 0.210526
0.736842 0 0.263158
0.684211 0 0.315789
0.631579 0 0.368421
0.578947 0 0.421053
0.526316 0 0.473684
0.473684 0 0.526316
0.421053 0 0.578947
0.368421 0 0.631579
0.315789 0 0.684211
0.263158 0 0.736842
0.210526 0 0.789474
0.157895 0 0.842105
0.105263 0 0.894737
0.0526316 0 0.947368


0 18 20
18 17 21
20 18 21
17 16 22
21 17 22
16 15 23
22 16 23
15 14 24
23 15 24
14 13 25
24 14 25
13 12 26
25 13 26
12 11 27
26 12 27
11 10 28
27 11 28
10 9 29
28 10 29
9 8 30
29 9 30
8 7 31
30 8 31
7 6 32
31 7 32
6 5 33
32 6 33
5 4 34
33 5 34
4 3 35
34 4 35
3 1 36
35 3 36
1 19 36
19 2 37
36 19 37
