202
1 0 0
0 1 0
0 0 1
0.0588236 0.941176 0
0.117647 0.882353 0
0.176471 0.823529 0
0.235294 0.764706 0
0.294118 0.705882 0
0.352941 0.647059 0
0.411765 0.588235 0
0.470588 0.529412 0
0.529412 0.470588 0
0.588235 0.411765 0
0.647059 0.352941 0
0.705882 0.294118 0
0.764706 0.235294 0
0.823529 0.176471 0
0.882353 0.117647 0
0.941176 0.0588235 0
0 0.05 0.95
0 0.1 0.9
0 0.15 0.85
0 0.2 0.8
0 0.25 0.75
0 0.3 0.7
0 0.35 0.65
0 0.4 0.6
0 0.45 0.55
0 0.5 0.5
0 0.55 0.45
0 0.6 0.4
0 0.65 0.35
0 0.7 0.3
0 0.75 0.25
0 0.8 0.2
0 0.85 0.15
0 0.9 0.1
0 0.95 0.05
0.95 0 0.05
0.9 0 0.1
0.85 0 0.15
0.8 0 0.2
0.75 0 0.25
0.7 0 0.3
0.65 0 0.35
0.6 0 0.4
0.55 0 0.45
0.5 0 0.5
0.45 0 0.55
0.4 0 0.6
0.35 0 0.65
0.3 0 0.7
0.25 0 0.75
0.2 0 0.8
0.15 0 0.85
0.1 0 0.9
0.0500001 0 0.95
0.121797 0.841302 0.036901
0.632869 0.116286 0.250845
0.0932004 0.501279 0.405521
0.281567 0.127784 0.590649
0.145153 0.626994 0.227853
0.501561 0.393268 0.105171
0.799835 0.0544541 0.145711
0.42469 0.0612071 0.514103
0.656893 0.269832 0.0732754
0.0517629 0.334493 0.613744
0.682656 0.121726 0.195619
0.762919 0.176245 0.0608368
0.738473 0.127032 0.134495
0.389514 0.250464 0.360022
0.647532 0.0559141 0.296553
0.164572 0.247374 0.588054
0.0402949 0.29845 0.661255
0.264918 0.647366 0.0877162
0.0638571 0.129815 0.806328
0.836339 0.121209 0.0424522
0.315474 0.527175 0.157351
0.050354 0.631661 0.317985
0.378757 0.139304 0.481939
0.189968 0.32436 0.485672
0.493807 0.230399 0.275794
0.267062 0.518172 0.214766
0.169493 0.526222 0.304284
0.125418 0.390519 0.484063
0.336841 0.574899 0.0882599
0.586496 0.336057 0.0774473
0.884749 0.0517807 0.06347
0.552771 0.0722072 0.375022
0.147984 0.204501 0.647516
0.260958 0.600066 0.138975
0.251162 0.252921 0.495917
0.19855 0.672182 0.129269
0.245967 0.71122 0.0428129
0.343618 0.056616 0.599766
0.585259 0.244826 0.169916
0.0691884 0.377098 0.553714
0.53119 0.281955 0.186855
0.123295 0.130285 0.74642
0.565925 0.172638 0.261437
0.465759 0.201992 0.332249
0.32494 0.269485 0.405576
0.160441 0.777926 0.0616332
0.610038 0.180092 0.209871
0.654918 0.18904 0.156042
0.441895 0.395361 0.162743
0.0805122 0.838612 0.080876
0.23037 0.390539 0.379092
0.153652 0.435028 0.41132
0.8125 0.0961176 0.0913827
0.0791941 0.793804 0.127001
0.439239 0.337588 0.223173
0.391706 0.50731 0.100984
0.250746 0.0473858 0.701868
0.132893 0.690076 0.177031
0.0790098 0.699392 0.221598
0.488441 0.128475 0.383084
0.481711 0.285238 0.233051
0.23669 0.207763 0.555547
0.411907 0.291602 0.296491
0.10393 0.197671 0.6984
0.549303 0.317286 0.133411
0.472464 0.471022 0.0565139
0.230276 0.106202 0.663522
0.193188 0.457725 0.349087
0.698479 0.057818 0.243703
0.106221 0.303523 0.590255
0.43383 0.450179 0.115992
0.502535 0.0636542 0.43381
0.0482934 0.24822 0.703487
0.582296 0.10875 0.308953
0.354025 0.10293 0.543045
0.605475 0.361824 0.0327019
0.0612666 0.89296 0.045773
0.0956982 0.260417 0.643885
0.437912 0.131943 0.430145
0.135746 0.0670976 0.797156
0.169808 0.143178 0.687013
0.342553 0.40387 0.253577
0.0459179 0.0512159 0.902866
0.247525 0.491001 0.261474
0.291877 0.0588333 0.64929
0.318586 0.32943 0.351984
0.689068 0.202765 0.108167
0.044331 0.50152 0.454149
0.316136 0.222395 0.46147
0.320318 0.460863 0.218819
0.116085 0.599015 0.2849
0.605845 0.0471126 0.347042
0.0898385 0.0594182 0.850743
0.256487 0.297055 0.446458
0.617283 0.264077 0.11864
0.289092 0.430922 0.279986
0.748407 0.059642 0.191951
0.193341 0.630309 0.17635
0.526908 0.171724 0.301368
0.433644 0.183443 0.382913
0.193206 0.069693 0.737101
0.389138 0.400237 0.210625
0.544346 0.229859 0.225796
0.0588404 0.18867 0.75249
0.0927909 0.559915 0.347294
0.0538644 0.443004 0.503131
0.303756 0.176255 0.519989
0.0596575 0.759765 0.180577
0.0928866 0.453896 0.453218
0.544767 0.408757 0.0464758
0.138834 0.322494 0.538672
0.414524 0.539795 0.0456807
0.378707 0.19887 0.422423
0.941169 0.0316568 0.027174
0.491352 0.337441 0.171206
0.38635 0.352148 0.261502
0.707143 0.224405 0.0684527
0.231787 0.572372 0.195841
0.229894 0.46523 0.304876
0.207258 0.172865 0.619877
0.714919 0.251044 0.0340377
0.0458581 0.549764 0.404378
0.312684 0.64362 0.0436953
0.133903 0.738319 0.127778
0.377436 0.460248 0.162317
0.450803 0.0779142 0.471283
0.0637101 0.670273 0.266017
0.196228 0.273803 0.52997
0.396647 0.0428758 0.560477
0.0393843 0.0997956 0.86082
0.852216 0.0372866 0.110497
0.0388866 0.844366 0.116748
0.19534 0.555096 0.249565
0.26729 0.332097 0.400613
0.201401 0.714079 0.0845201
0.524672 0.134035 0.341293
0.655421 0.308587 0.0359918
0.36999 0.594595 0.0354152
0.198636 0.366611 0.434754
0.895249 0.0765832 0.0281676
0.554454 0.0313594 0.414187
0.0394414 0.596646 0.363912
0.137892 0.499424 0.362683
0.333285 0.364118 0.302597
0.2634 0.403874 0.332726


3 1 37
19 2 56
5 4 57
41 40 63
48 47 64
26 25 66
16 15 68
44 43 71
25 24 73
66 25 73
22 21 75
17 16 76
16 68 76
32 31 78
39 38 87
77 85 90
85 74 90
90 74 92
7 6 93
50 49 94
27 26 96
26 66 96
6 5 102
93 6 102
5 57 102
58 67 103
99 58 103
67 69 104
95 103 104
103 67 104
102 57 106
68 69 109
76 68 109
69 63 109
87 76 109
102 106 110
85 77 112
52 51 113
61 114 115
70 100 119
100 81 119
81 117 119
117 111 119
86 62 121
97 95 121
11 10 122
108 107 124
67 58 125
43 42 125
71 43 125
58 71 125
96 66 126
105 62 127
62 122 127
122 112 127
47 46 128
88 116 128
24 23 129
73 24 129
71 58 130
58 99 130
64 79 131
60 94 131
13 12 132
4 3 133
57 4 133
3 37 133
106 57 133
37 36 133
36 106 133
120 89 134
66 73 134
126 66 134
89 72 134
72 126 134
73 129 134
129 120 134
128 116 135
54 53 136
98 75 136
89 120 137
120 98 137
20 19 139
19 56 139
56 55 139
51 50 141
113 51 141
50 94 141
123 113 141
94 60 141
60 123 141
101 70 142
70 119 142
69 68 143
104 69 143
29 28 144
77 82 146
82 140 146
45 44 148
88 45 148
44 71 148
71 130 148
130 88 148
55 54 149
139 55 149
54 136 149
136 75 149
80 91 150
91 145 150
145 101 150
95 104 151
65 86 151
86 121 151
121 95 151
104 143 151
143 65 151
138 146 152
146 140 152
63 69 153
69 67 153
42 41 153
125 42 153
41 63 153
67 125 153
90 92 154
92 114 154
114 61 154
99 81 155
81 100 155
130 99 155
100 70 156
116 100 156
135 116 156
53 52 157
136 53 157
52 113 157
98 136 157
137 98 157
113 123 157
123 137 157
111 105 158
146 138 158
81 99 159
95 97 159
103 95 159
99 103 159
97 117 159
117 81 159
23 22 160
22 75 160
75 98 160
98 120 160
120 129 160
129 23 160
147 78 161
83 147 161
28 27 162
27 96 162
96 84 162
144 28 162
118 60 163
60 131 163
91 118 163
145 91 163
131 79 163
79 145 163
35 34 164
110 35 164
34 33 164
33 115 164
115 114 164
84 108 165
108 59 165
59 144 165
144 162 165
162 84 165
12 11 166
11 122 166
122 62 166
132 12 166
62 86 166
86 132 166
80 84 167
84 96 167
126 72 167
96 126 167
10 9 168
85 112 168
112 122 168
122 10 168
79 135 169
145 79 169
70 101 169
156 70 169
101 145 169
135 156 169
0 18 170
38 0 170
87 38 170
105 111 171
111 117 171
117 97 171
62 105 171
121 62 171
97 121 171
119 111 172
111 158 172
158 138 172
65 143 173
143 68 173
82 77 174
77 90 174
154 61 174
90 154 174
83 124 175
140 83 175
152 140 175
72 89 176
118 72 176
60 118 176
123 60 176
89 137 176
137 123 176
15 14 177
65 173 177
68 15 177
173 68 177
30 29 178
29 144 178
144 59 178
59 161 178
8 7 179
74 85 179
7 93 179
93 74 179
102 110 180
114 92 180
110 164 180
164 114 180
112 77 181
127 112 181
105 127 181
158 105 181
77 146 181
146 158 181
64 47 182
47 128 182
79 64 182
135 79 182
128 135 182
33 32 183
115 33 183
32 78 183
61 115 183
147 61 183
78 147 183
91 80 184
80 167 184
72 118 184
167 72 184
118 91 184
49 48 185
48 64 185
64 131 185
94 49 185
131 94 185
21 20 186
20 139 186
139 149 186
75 21 186
149 75 186
40 39 187
63 40 187
109 63 187
39 87 187
87 109 187
36 35 188
106 36 188
35 110 188
110 106 188
61 147 189
147 83 189
140 82 189
82 174 189
174 61 189
83 140 189
101 142 190
150 101 190
142 107 190
92 74 191
74 93 191
93 102 191
102 180 191
180 92 191
116 88 192
88 130 192
100 116 192
155 100 192
130 155 192
14 13 193
13 132 193
86 65 193
132 86 193
65 177 193
177 14 193
85 168 194
168 9 194
9 8 194
8 179 194
179 85 194
84 80 195
108 84 195
107 108 195
190 107 195
80 150 195
150 190 195
18 17 196
17 76 196
76 87 196
87 170 196
170 18 196
46 45 197
45 88 197
88 128 197
128 46 197
31 30 198
78 31 198
161 78 198
30 178 198
178 161 198
59 108 199
108 124 199
161 59 199
124 83 199
83 161 199
138 152 200
172 138 200
142 119 200
119 172 200
124 107 201
175 124 201
152 175 201
107 142 201
142 200 201
200 152 201
