96
1 0 0
0 1 0
0 0 1
0.0588235 0.941176 0
0.117647 0.882353 0
0.176471 0.823529 0
0.235294 0.764706 0
0.294118 0.705882 0
0.352941 0.647059 0
0.411765 0.588235 0
0.470588 0.529412 0
0.529412 0.470588 0
0.588235 0.411765 0
0.647059 0.352941 0
0.705882 0.294118 0
0.764706 0.235294 0
0.823529 0.176471 0
0.882353 0.117647 0
0.941176 0.0588235 0
0 0.05 0.95
0 0.1 0.9
0 0.15 0.85
0 0.2 0.8
0 0.25 0.75
0 0.3 0.7
0 0.35 0.65
0 0.4 0.6
0 0.45 0.55
0 0.5 0.5
0 0.55 0.45
0 0.6 0.4
0 0.65 0.35
0 0.7 0.3
0 0.75 0.25
0 0.8 0.2
0 0.85 0.15
0 0.9 0.1
0 0.95 0.05
0.857143 0 0.142857
0.714286 0 0.285714
0.571429 0 0.428571
0.428571 0 0.571429
0.285714 0 0.714286
0.142857 0 0.857143
0.620946 0.11733 0.261724
0.141275 0.492183 0.366542
0.307076 0.130691 0.562232
0.170242 0.597296 0.232462
0.490167 0.40083 0.109003
0.804905 0.0589872 0.136108
0.413746 0.065576 0.520678
0.609053 0.280671 0.110276
0.746855 0.122379 0.130766
0.406631 0.249721 0.343649
0.656216 0.0607585 0.283025
0.148427 0.251449 0.600124
0.263156 0.627416 0.109428
0.332024 0.524428 0.143548
0.182066 0.332747 0.485187
0.154025 0.543296 0.30268
0.142587 0.393084 0.464329
0.323552 0.5745 0.101949
0.557146 0.34042 0.102434
0.155695 0.194093 0.650212
0.171203 0.689572 0.139225
0.565956 0.245625 0.188419
0.278535 0.488561 0.232904
0.13661 0.142018 0.721372
0.568887 0.174845 0.256268
0.440971 0.336132 0.222897
0.140382 0.444495 0.415123
0.112439 0.30529 0.582271
0.274465 0.0355992 0.689935
0.467358 0.128959 0.403682
0.313572 0.199191 0.487237
0.645219 0.192626 0.162155
0.774439 0.154111 0.0714498
0.41186 0.383414 0.204727
0.137039 0.746184 0.116777
0.431807 0.457079 0.111114
0.30611 0.33366 0.360231
0.135073 0.0531058 0.811822
0.458061 0.177574 0.364365
0.698156 0.222115 0.0797287
0.237853 0.0836411 0.678506
0.308896 0.438435 0.252669
0.110581 0.801365 0.0880549
0.0804605 0.851208 0.0683315
0.27913 0.391262 0.329608
0.123765 0.654569 0.221666
0.573434 0.0388859 0.38768
0.255231 0.268627 0.476142
0.458158 0.291346 0.250496
0.0975248 0.103891 0.798585
0.383032 0.0386215 0.578346
0.486238 0.0869663 0.426796


3 1 37
4 3 37
36 4 37
19 2 43
29 28 45
31 30 47
13 12 48
0 18 49
38 0 49
15 14 51
18 17 52
49 18 52
44 49 52
39 38 54
38 49 54
49 44 54
24 23 55
9 8 56
11 10 57
26 25 58
30 29 59
29 45 59
47 30 59
57 47 59
27 26 60
26 58 60
10 9 61
9 56 61
56 47 61
47 57 61
57 10 61
14 13 62
51 14 62
13 48 62
23 22 63
55 23 63
8 7 64
56 8 64
33 32 64
57 59 66
59 45 66
22 21 67
46 63 67
63 22 67
44 52 68
51 62 69
28 27 70
45 28 70
27 60 70
25 24 71
24 55 71
58 25 71
42 41 72
54 44 73
55 63 74
63 46 74
46 73 74
68 52 75
65 53 75
53 68 75
17 16 76
16 75 76
52 17 76
75 52 76
62 48 77
69 62 77
7 6 78
34 33 78
33 64 78
64 7 78
12 11 79
48 12 79
11 57 79
57 66 79
60 58 80
58 53 80
20 19 81
19 43 81
43 42 81
42 72 81
44 68 82
73 44 82
68 53 82
53 74 82
74 73 82
15 51 83
51 65 83
16 15 83
75 16 83
65 75 83
50 46 84
46 67 84
81 72 84
77 48 85
66 45 85
45 70 85
48 79 85
79 66 85
6 5 86
35 34 86
34 78 86
78 6 86
5 4 87
4 36 87
36 35 87
35 86 87
86 5 87
70 60 88
69 77 88
80 69 88
60 80 88
77 85 88
85 70 88
32 31 89
31 47 89
47 56 89
56 64 89
64 32 89
40 39 90
39 54 90
50 40 90
71 55 91
53 58 91
58 71 91
55 74 91
74 53 91
65 51 92
51 69 92
53 65 92
80 53 92
69 80 92
21 20 93
67 21 93
84 67 93
20 81 93
81 84 93
41 40 94
40 50 94
72 41 94
50 84 94
84 72 94
46 50 95
73 46 95
54 73 95
90 54 95
50 90 95
