190
1 0 0
0 1 0
0 0 1
0.0588235 0.941176 0
0.117647 0.882353 0
0.176471 0.823529 0
0.235294 0.764706 0
0.294118 0.705882 0
0.352941 0.647059 0
0.411765 0.588235 0
0.470588 0.529412 0
0.529412 0.470588 0
0.588235 0.411765 0
0.647059 0.352941 0
0.705882 0.294118 0
0.764706 0.235294 0
0.823529 0.176471 0
0.882353 0.117647 0
0.941176 0.0588235 0
0 0.05 0.95
0 0.1 0.9
0 0.15 0.85
0 0.2 0.8
0 0.25 0.75
0 0.3 0.7
0 0.35 0.65
0 0.4 0.6
0 0.45 0.55
0 0.5 0.5
0 0.55 0.45
0 0.6 0.4
0 0.65 0.35
0 0.7 0.3
0 0.75 0.25
0 0.8 0.2
0 0.85 0.15
0 0.9 0.1
0 0.95 0.05
0.941176 0 0.0588235
0.882353 0 0.117647
0.823529 0 0.176471
0.764706 0 0.235294
0.705882 0 0.294118
0.647059 0 0.352941
0.588235 0 0.411765
0.529412 0 0.470588
0.470588 0 0.529412
0.411765 0 0.588235
0.352941 0 0.647059
0.294118 0 0.705882
0.235294 0 0.764706
0.176471 0 0.823529
0.117647 0 0.882353
0.0588235 0 0.941176
0.120273 0.841589 0.0381375
0.646117 0.109562 0.24432
0.103942 0.496091 0.399967
0.283485 0.126839 0.589675
0.148337 0.620761 0.230902
0.501179 0.402607 0.0962144
0.809336 0.059489 0.131175
0.422315 0.0655111 0.512174
0.653466 0.281409 0.0651248
0.046437 0.345988 0.607575
0.677225 0.130408 0.192367
0.760199 0.184971 0.0548291
0.735944 0.120639 0.143417
0.391059 0.248848 0.360093
0.652023 0.0547356 0.293241
0.167606 0.241476 0.590918
0.0485831 0.300498 0.650919
0.278991 0.638643 0.082366
0.0597403 0.14025 0.800009
0.82353 0.140079 0.0363913
0.326203 0.52365 0.150148
0.9434 0.0279357 0.0286639
0.378669 0.136992 0.484339
0.20096 0.321381 0.477659
0.495362 0.22645 0.278188
0.285252 0.505086 0.209662
0.166709 0.550087 0.283204
0.124977 0.39241 0.482613
0.336362 0.573181 0.0904576
0.578536 0.337063 0.0844008
0.880282 0.0515585 0.0681593
0.552364 0.069788 0.377848
0.158756 0.195113 0.646132
0.260469 0.599801 0.13973
0.256218 0.24495 0.498832
0.205424 0.67517 0.119406
0.240127 0.708986 0.0508876
0.342316 0.0532085 0.604475
0.600091 0.236275 0.163633
0.0682822 0.379884 0.551834
0.116159 0.137819 0.746022
0.565125 0.17047 0.264405
0.454794 0.21979 0.325417
0.329968 0.265637 0.404395
0.158117 0.779598 0.0622845
0.528253 0.291033 0.180713
0.610903 0.179224 0.209873
0.664517 0.180822 0.154661
0.673853 0.225158 0.100989
0.0722434 0.839443 0.0883138
0.237755 0.39444 0.367805
0.15429 0.431745 0.413964
0.0727887 0.793841 0.13337
0.443351 0.33683 0.219818
0.40556 0.514081 0.0803586
0.263792 0.0713098 0.664898
0.131332 0.688325 0.180343
0.0739588 0.686347 0.239694
0.235223 0.0390135 0.725764
0.497526 0.117161 0.385313
0.482133 0.278867 0.239
0.24158 0.206242 0.552178
0.418989 0.286285 0.294726
0.103301 0.197753 0.698947
0.713431 0.0463526 0.240216
0.474685 0.469039 0.0562754
0.179638 0.477684 0.342678
0.433008 0.39382 0.173172
0.298903 0.458144 0.242952
0.417309 0.456669 0.126021
0.514285 0.0548181 0.430896
0.047335 0.2508 0.701865
0.575443 0.109562 0.314995
0.799274 0.114694 0.0860323
0.0602892 0.893102 0.0466091
0.101768 0.252784 0.645448
0.429764 0.14215 0.428086
0.125662 0.0752683 0.79907
0.355051 0.400526 0.244423
0.0511877 0.0482205 0.900592
0.579092 0.377319 0.0435885
0.327576 0.324169 0.348254
0.0442156 0.509833 0.445952
0.32305 0.213146 0.463804
0.102992 0.611304 0.285704
0.593789 0.284931 0.12128
0.603421 0.0487983 0.347781
0.357352 0.0934517 0.549196
0.444468 0.180372 0.37516
0.0563689 0.0928844 0.850747
0.222294 0.137458 0.640247
0.0490548 0.653199 0.297746
0.513111 0.343918 0.142971
0.10672 0.549288 0.343992
0.0535043 0.43669 0.509806
0.108057 0.305129 0.586814
0.0644129 0.747805 0.187782
0.63627 0.325955 0.0377748
0.358118 0.452567 0.189315
0.309911 0.16698 0.523109
0.0523253 0.195924 0.751751
0.261373 0.327515 0.411113
0.191288 0.632604 0.176108
0.136686 0.336105 0.52721
0.264509 0.435726 0.299766
0.183304 0.0850079 0.731688
0.272364 0.277459 0.450177
0.374677 0.345021 0.280302
0.349736 0.61071 0.0395532
0.22779 0.563907 0.208303
0.400792 0.55834 0.0408677
0.0483308 0.552924 0.398745
0.715895 0.241588 0.0425165
0.380726 0.197292 0.421983
0.302073 0.661915 0.0360119
0.132625 0.738173 0.129202
0.740505 0.0674511 0.192044
0.477318 0.0392889 0.483393
0.230412 0.501129 0.268458
0.105149 0.0416416 0.853209
0.0503748 0.603626 0.346
0.189101 0.726112 0.0847878
0.215766 0.182564 0.601669
0.187685 0.276999 0.535316
0.511933 0.166104 0.321963
0.308206 0.381786 0.310008
0.187466 0.0378465 0.774687
0.545456 0.231863 0.222681
0.406364 0.0365042 0.557132
0.193704 0.372805 0.433491
0.452094 0.0918091 0.456097
0.17444 0.136876 0.688684
0.867254 0.0925868 0.0401591
0.0808611 0.459252 0.459887
0.724719 0.167034 0.108247
0.535423 0.427306 0.0372713


3 1 37
19 2 53
5 4 54
40 39 60
26 25 63
16 15 65
43 42 68
25 24 70
63 25 70
22 21 72
17 16 73
16 65 73
0 18 75
38 0 75
75 18 84
39 38 84
38 75 84
60 39 84
74 82 87
82 71 87
87 71 89
7 6 90
89 71 90
48 47 91
27 26 93
26 63 93
6 5 98
5 54 98
90 6 98
55 64 100
95 55 100
64 66 101
92 100 101
100 64 101
92 101 102
36 35 103
98 54 103
35 34 106
103 35 106
98 103 106
82 74 108
49 48 109
48 91 109
91 57 109
33 32 111
58 110 111
50 49 112
49 109 112
99 107 114
67 96 116
114 107 116
96 78 116
78 114 116
42 41 118
68 42 118
55 68 118
11 10 119
10 108 119
56 105 120
105 104 120
59 119 123
119 108 123
121 59 123
108 74 123
45 44 124
44 85 124
85 113 124
24 23 125
70 24 125
68 55 126
55 95 126
113 85 126
73 65 127
66 60 127
60 84 127
4 3 128
3 37 128
37 36 128
36 103 128
54 4 128
103 54 128
86 69 129
70 125 129
117 86 129
125 117 129
94 72 131
107 121 132
20 19 133
19 53 133
53 52 133
13 12 134
59 83 134
97 67 135
67 116 135
29 28 136
80 58 138
58 111 138
62 83 139
99 92 139
92 102 139
102 62 139
44 43 140
85 44 140
43 68 140
68 126 140
126 85 140
61 76 141
57 91 141
96 67 142
130 113 142
21 20 143
72 21 143
131 72 143
20 133 143
109 57 144
32 31 145
111 32 145
138 111 145
83 59 146
59 121 146
107 99 146
121 107 146
99 139 146
139 83 146
56 120 147
120 80 147
80 138 147
28 27 148
27 93 148
93 81 148
93 63 149
129 69 149
63 70 149
70 129 149
34 33 150
106 34 150
33 111 150
111 110 150
14 13 151
62 14 151
83 62 151
13 134 151
134 83 151
74 79 152
123 74 152
79 122 152
121 123 152
122 132 152
132 121 152
115 57 153
88 115 153
137 88 153
76 137 153
57 141 153
141 76 153
22 72 154
72 94 154
23 22 154
94 117 154
117 125 154
125 23 154
97 135 155
135 104 155
110 58 156
87 89 156
89 110 156
77 81 157
81 93 157
93 149 157
120 104 158
132 122 158
112 109 159
94 131 159
88 137 160
137 97 160
77 88 160
155 77 160
97 155 160
116 107 161
107 132 161
135 116 161
9 8 162
71 82 162
58 80 163
79 74 163
74 87 163
156 58 163
87 156 163
10 9 164
108 10 164
82 108 164
9 162 164
162 82 164
30 29 165
29 136 165
136 56 165
56 147 165
15 14 166
14 62 166
62 102 166
65 15 166
102 65 166
76 130 167
137 76 167
67 97 167
142 67 167
97 137 167
130 142 167
8 7 168
7 90 168
90 71 168
71 162 168
162 8 168
98 106 169
110 89 169
106 150 169
150 110 169
41 40 170
118 41 170
40 60 170
64 55 170
55 118 170
60 66 170
66 64 170
46 45 171
61 46 171
45 124 171
122 79 172
80 120 172
120 158 172
158 122 172
79 163 172
163 80 172
52 51 173
51 131 173
131 143 173
133 52 173
143 133 173
138 145 174
145 31 174
31 30 174
147 138 174
30 165 174
165 147 174
89 90 175
169 89 175
90 98 175
98 169 175
69 86 176
115 69 176
57 115 176
144 57 176
86 144 176
69 115 177
115 88 177
88 77 177
77 157 177
149 69 177
157 149 177
95 78 178
78 96 178
126 95 178
113 126 178
142 113 178
96 142 178
104 135 179
158 104 179
132 158 179
161 132 179
135 161 179
51 50 180
131 51 180
50 112 180
112 159 180
159 131 180
100 92 181
78 95 181
95 100 181
114 78 181
92 99 181
99 114 181
47 46 182
46 61 182
61 141 182
91 47 182
141 91 182
81 77 183
105 81 183
104 105 183
155 104 183
77 155 183
76 61 184
130 76 184
124 113 184
113 130 184
171 124 184
61 171 184
86 117 185
144 86 185
117 94 185
109 144 185
159 109 185
94 159 185
18 17 186
84 18 186
17 73 186
73 127 186
127 84 186
105 56 187
56 136 187
136 28 187
28 148 187
81 105 187
148 81 187
101 66 188
65 102 188
102 101 188
66 127 188
127 65 188
12 11 189
11 119 189
134 12 189
119 59 189
59 134 189
