40
1 0 0
0 1 0
0 0 1
0.0588235 0.941176 0
0.117647 0.882353 0
0.176471 0.823529 0
0.235294 0.764706 0
0.294118 0.705882 0
0.352941 0.647059 0
0.411765 0.588235 0
0.470588 0.529412 0
0.529412 0.470588 0
0.588235 0.411765 0
0.647059 0.352941 0
0.705882 0.294118 0
0.764706 0.235294 0
0.823529 0.176471 0
0.882353 0.117647 0
0.941176 0.0588235 0
0 0.333333 0.666667
0 0.666667 0.333333
0.95 0 0.05
0.9 0 0.1
0.85 0 0.15
0.8 0 0.2
0.75 0 0.25
0.7 0 0.3
0.65 0 0.35
0.6 0 0.4
0.55 0 0.45
0.5 0 0.5
0.45 0 0.55
0.4 0 0.6
0.35 0 0.65
0.3 0 0.7
0.25 0 0.75
0.2 0 0.8
0.15 0 0.85
0.1 0 0.9
0.05 0 0.95


0 18 21
18 17 22
21 18 22
17 16 23
22 17 23
16 15 24
23 16 24
15 14 25
24 15 25
14 13 26
25 14 26
13 12 27
26 13 27
12 11 28
27 12 28
11 10 29
28 11 29
10 9 30
29 10 30
9 8 31
30 9 31
8 7 32
31 8 32
7 6 33
32 7 33
6 5 34
33 6 34
5 4 35
34 5 35
4 3 36
35 4 36
3 1 37
36 3 37
1 20 37
20 19 38
37 20 38
19 2 39
38 19 39
