70
1 0 0
0 1 0
0 0 1
0.0588235 0.941176 0
0.117647 0.882353 0
0.176471 0.823529 0
0.235294 0.764706 0
0.294118 0.705882 0
0.352941 0.647059 0
0.411765 0.588235 0
0.470588 0.529412 0
0.529412 0.470588 0
0.588235 0.411765 0
0.647059 0.352941 0
0.705882 0.294118 0
0.764706 0.235294 0
0.823529 0.176471 0
0.882353 0.117647 0
0.941176 0.0588235 0
0 0.25 0.75
0 0.5 0.5
0 0.75 0.25
0.941176 0 0.0588235
0.882353 0 0.117647
0.823529 0 0.176471
0.764706 0 0.235294
0.705882 0 0.294118
0.647059 0 0.352941
0.588235 0 0.411765
0.529412 0 0.470588
0.470588 0 0.529412
0.411765 0 0.588235
0.352941 0 0.647059
0.294118 0 0.705882
0.235294 0 0.764706
0.176471 0 0.823529
0.117647 0 0.882353
0.0588236 0 0.941176
0.0973166 0.483623 0.419061
0.148588 0.606648 0.244764
0.0447435 0.377601 0.577656
0.667484 0.163429 0.169087
0.392499 0.22382 0.383681
0.155747 0.304495 0.539759
0.0414608 0.160344 0.798195
0.318731 0.502413 0.178856
0.0427229 0.614172 0.343105
0.49745 0.249559 0.252992
0.256316 0.534912 0.208772
0.254573 0.24036 0.505067
0.607804 0.250628 0.141568
0.553473 0.303047 0.14348
0.136005 0.147565 0.71643
0.341226 0.277542 0.381231
0.792593 0.0988759 0.108531
0.436393 0.377502 0.186105
0.0842492 0.732684 0.183067
0.206466 0.421071 0.372463
0.442754 0.175228 0.382018
0.724483 0.132 0.143518
0.560481 0.155541 0.283978
0.377206 0.440588 0.182206
0.203967 0.639149 0.156883
0.208037 0.182144 0.609819
0.290814 0.359638 0.349548
0.092837 0.228969 0.678194
0.614739 0.12379 0.261471
0.0336837 0.825113 0.141203
0.8526 0.0725219 0.0748783
0.305199 0.162317 0.532485


0 18 22
18 17 23
22 18 23
5 4 39
20 19 40
14 13 41
27 26 41
32 31 42
39 38 43
19 2 44
2 37 44
40 19 44
8 7 45
21 20 46
20 40 46
40 38 46
11 10 47
30 29 47
7 6 48
45 7 48
34 33 49
13 12 50
41 13 50
12 11 51
50 12 51
11 47 51
36 35 52
35 43 52
32 42 53
16 15 54
15 25 54
24 16 54
25 24 54
10 9 55
47 10 55
38 39 56
39 4 56
4 3 56
46 38 56
39 43 57
49 48 57
31 30 58
42 31 58
55 42 58
30 47 58
47 55 58
15 14 59
25 15 59
26 25 59
14 41 59
41 26 59
29 28 60
47 29 60
51 47 60
50 51 60
9 8 61
53 42 61
8 45 61
45 53 61
42 55 61
55 9 61
6 5 62
5 39 62
39 57 62
48 6 62
57 48 62
35 34 63
43 35 63
34 49 63
49 57 63
57 43 63
45 48 64
48 49 64
53 45 64
37 36 65
44 37 65
38 40 65
43 38 65
52 43 65
40 44 65
36 52 65
28 27 66
27 41 66
41 50 66
50 60 66
60 28 66
3 1 67
1 21 67
21 46 67
46 56 67
56 3 67
17 16 68
16 24 68
23 17 68
24 23 68
33 32 69
32 53 69
49 33 69
64 49 69
53 64 69
