64
1 0 0
0 1 0
0 0 1
0.0588235 0.941176 0
0.117647 0.882353 0
0.176471 0.823529 0
0.235294 0.764706 0
0.294118 0.705882 0
0.352941 0.647059 0
0.411765 0.588235 0
0.470588 0.529412 0
0.529412 0.470588 0
0.588235 0.411765 0
0.647059 0.352941 0
0.705882 0.294118 0
0.764706 0.235294 0
0.823529 0.176471 0
0.882353 0.117647 0
0.941176 0.0588235 0
0 0.25 0.75
0 0.5 0.5
0 0.75 0.25
0.95 0 0.05
0.9 0 0.1
0.85 0 0.15
0.8 0 0.2
0.75 0 0.25
0.7 0 0.3
0.65 0 0.35
0.6 0 0.4
0.55 0 0.45
0.5 0 0.5
0.45 0 0.55
0.4 0 0.6
0.35 0 0.65
0.3 0 0.7
0.25 0 0.75
0.2 0 0.8
0.15 0 0.85
0.1 0 0.9
0.0500001 0 0.95
0.101654 0.474538 0.423808
0.169845 0.535743 0.294412
0.391802 0.280322 0.327875
0.167417 0.302573 0.53001
0.484396 0.270621 0.244983
0.279895 0.506182 0.213922
0.242909 0.271585 0.485505
0.582716 0.229712 0.187572
0.754226 0.136442 0.109331
0.0711792 0.365788 0.563033
0.535122 0.253885 0.210993
0.645549 0.186953 0.167498
0.433809 0.288438 0.277753
0.0429906 0.23419 0.722819
0.288808 0.262775 0.448417
0.340382 0.408015 0.251602
0.213951 0.58038 0.205669
0.701139 0.153856 0.145005
0.106831 0.665058 0.22811
0.208645 0.271362 0.519993
0.0497236 0.720222 0.230055
0.33771 0.215731 0.446559
0.139119 0.212229 0.648652


0 18 22
18 17 23
22 18 23
17 16 24
23 17 24
16 15 25
24 16 25
19 2 40
33 32 43
37 36 44
10 9 45
31 30 45
7 6 46
36 35 47
12 11 48
28 12 48
29 28 48
15 14 49
14 26 49
25 15 49
26 25 49
21 20 50
39 38 50
11 10 51
30 29 51
10 45 51
45 30 51
29 48 51
48 11 51
13 12 52
12 28 52
27 13 52
28 27 52
9 8 53
8 43 53
32 31 53
43 32 53
31 45 53
45 9 53
20 19 54
19 40 54
40 39 54
39 50 54
50 20 54
35 34 55
47 35 55
8 7 56
43 8 56
33 43 56
7 46 56
5 4 57
4 42 57
6 5 57
46 6 57
42 47 57
55 46 57
47 55 57
14 13 58
13 27 58
26 14 58
27 26 58
4 3 59
42 4 59
41 44 59
44 42 59
42 44 60
44 36 60
36 47 60
47 42 60
1 21 61
21 50 61
50 41 61
3 1 61
59 3 61
41 59 61
34 33 62
46 55 62
55 34 62
33 56 62
56 46 62
38 37 63
37 44 63
44 41 63
41 50 63
50 38 63
