64
1 0 0
0 1 0
0 0 1
0.0588235 0.941176 0
0.117647 0.882353 0
0.176471 0.823529 0
0.235294 0.764706 0
0.294118 0.705882 0
0.352941 0.647059 0
0.411765 0.588235 0
0.470588 0.529412 0
0.529412 0.470588 0
0.588235 0.411765 0
0.647059 0.352941 0
0.705882 0.294118 0
0.764706 0.235294 0
0.823529 0.176471 0
0.882353 0.117647 0
0.941176 0.0588235 0
0 0.2 0.8
0 0.4 0.6
0 0.6 0.4
0 0.8 0.2
0.928571 0 0.0714286
0.857143 0 0.142857
0.785714 0 0.214286
0.714286 0 0.285714
0.642857 0 0.357143
0.571429 0 0.428571
0.5 0 0.5
0.428571 0 0.571429
0.357143 0 0.642857
0.285714 0 0.714286
0.214286 0 0.785714
0.142857 0 0.857143
0.0714287 0 0.928571
0.62944 0.159063 0.211497
0.0914921 0.486487 0.42202
0.29058 0.176481 0.532939
0.388816 0.288782 0.322402
0.181033 0.290357 0.52861
0.0499935 0.155804 0.794203
0.315548 0.500292 0.18416
0.502894 0.219466 0.27764
0.170506 0.510815 0.318678
0.694495 0.134685 0.17082
0.553692 0.120422 0.325886
0.142008 0.686031 0.171961
0.580483 0.247729 0.171788
0.0686026 0.646839 0.284559
0.233256 0.605374 0.161371
0.23886 0.462766 0.298375
0.415362 0.150817 0.433821
0.110513 0.278518 0.610968
0.346055 0.12455 0.529396
0.259698 0.300342 0.43996
0.357371 0.387291 0.255339
0.46102 0.33811 0.200869
0.769336 0.101323 0.129341
0.0532526 0.323235 0.623513
0.835622 0.0709586 0.0934196
0.200862 0.131638 0.6675
0.133448 0.12494 0.741612
0.0486479 0.781151 0.170201


3 1 22
0 18 23
18 17 24
23 18 24
14 13 36
28 27 36
33 32 38
19 2 41
2 35 41
9 8 42
8 7 42
12 11 43
30 29 43
15 14 45
26 15 45
27 26 45
14 36 45
36 27 45
29 28 46
28 36 46
43 29 46
5 4 47
6 5 47
44 6 47
37 44 47
13 12 48
36 13 48
46 36 48
12 43 48
43 46 48
21 20 49
20 37 49
47 4 49
37 47 49
7 6 50
6 44 50
42 7 51
7 50 51
44 40 51
50 44 51
31 30 52
30 43 52
41 35 53
44 37 53
40 44 53
32 31 54
38 32 54
39 38 54
31 52 54
52 39 54
51 40 55
42 51 55
10 9 56
39 10 56
38 39 56
9 42 56
42 55 56
55 38 56
11 10 57
10 39 57
39 52 57
43 11 57
52 43 57
16 15 58
15 26 58
25 16 58
26 25 58
20 19 59
37 20 59
19 41 59
41 53 59
53 37 59
17 16 60
16 25 60
24 17 60
25 24 60
34 33 61
55 40 61
33 38 61
38 55 61
35 34 62
40 53 62
53 35 62
34 61 62
61 40 62
4 3 63
49 4 63
3 22 63
22 21 63
21 49 63
