53
1 0 0
0 1 0
0 0 1
0.0588236 0.941176 0
0.117647 0.882353 0
0.176471 0.823529 0
0.235294 0.764706 0
0.294118 0.705882 0
0.352941 0.647059 0
0.411765 0.588235 0
0.470588 0.529412 0
0.529412 0.470588 0
0.588235 0.411765 0
0.647059 0.352941 0
0.705882 0.294118 0
0.764706 0.235294 0
0.823529 0.176471 0
0.882353 0.117647 0
0.941176 0.0588235 0
0 0.2 0.8
0 0.4 0.6
0 0.6 0.4
0 0.8 0.2
0.923077 0 0.0769231
0.846154 0 0.153846
0.769231 0 0.230769
0.692308 0 0.307692
0.615385 0 0.384615
0.538462 0 0.461538
0.461538 0 0.538462
0.384615 0 0.615385
0.307692 0 0.692308
0.230769 0 0.769231
0.153846 0 0.846154
0.0769231 0 0.923077
0.103852 0.515743 0.380405
0.406917 0.255127 0.337955
0.1733 0.237996 0.588705
0.485279 0.2254 0.289321
0.259659 0.463959 0.276383
0.256964 0.244625 0.498411
0.759795 0.0988465 0.141359
0.556381 0.197765 0.245854
0.173908 0.45631 0.369782
0.615973 0.167677 0.216351
0.0759143 0.668507 0.255578
0.688237 0.122066 0.189698
0.069518 0.270536 0.659946
0.363257 0.372186 0.264557
0.328811 0.467492 0.203697
0.0955121 0.184111 0.720377
0.309761 0.168519 0.52172
0.0489744 0.784064 0.166961


3 1 22
0 18 23
18 17 24
23 18 24
17 16 25
24 17 25
6 5 35
20 19 35
11 10 36
31 30 36
34 33 37
12 11 38
30 29 38
11 36 38
36 30 38
8 7 39
33 32 40
37 33 40
39 37 40
16 15 41
15 26 41
25 16 41
26 25 41
13 12 42
29 28 42
12 38 42
38 29 42
7 6 43
6 35 43
37 39 43
39 7 43
14 13 44
27 14 44
28 27 44
13 42 44
42 28 44
5 4 45
21 20 45
20 35 45
35 5 45
15 14 46
14 27 46
26 15 46
27 26 46
19 2 47
35 19 47
43 35 47
10 9 48
36 10 48
9 8 49
8 39 49
39 40 49
40 48 49
48 9 49
2 34 50
47 2 50
34 37 50
37 43 50
43 47 50
32 31 51
31 36 51
36 48 51
40 32 51
48 40 51
4 3 52
3 22 52
22 21 52
21 45 52
45 4 52
