77
1 0 0
0 1 0
0 0 1
0.0588236 0.941176 0
0.117647 0.882353 0
0.176471 0.823529 0
0.235294 0.764706 0
0.294118 0.705882 0
0.352941 0.647059 0
0.411765 0.588235 0
0.470588 0.529412 0
0.529412 0.470588 0
0.588235 0.411765 0
0.647059 0.352941 0
0.705882 0.294118 0
0.764706 0.235294 0
0.823529 0.176471 0
0.882353 0.117647 0
0.941176 0.0588235 0
0 0.2 0.8
0 0.4 0.6
0 0.6 0.4
0 0.8 0.2
0.947368 0 0.0526316
0.894737 0 0.105263
0.842105 0 0.157895
0.789474 0 0.210526
0.736842 0 0.263158
0.684211 0 0.315789
0.631579 0 0.368421
0.578947 0 0.421053
0.526316 0 0.473684
0.473684 0 0.526316
0.421053 0 0.578947
0.368421 0 0.631579
0.315789 0 0.684211
0.263158 0 0.736842
0.210526 0 0.789474
0.157895 0 0.842105
0.105263 0 0.894737
0.0526316 0 0.947368
0.104377 0.48886 0.406762
0.272621 0.164289 0.56309
0.157916 0.646284 0.1958
0.0487902 0.338128 0.613082
0.681896 0.162855 0.155249
0.736409 0.136621 0.12697
0.385738 0.256248 0.358014
0.15379 0.247675 0.598535
0.279675 0.604114 0.116212
0.0521699 0.17936 0.76847
0.0483794 0.628212 0.323408
0.487954 0.19783 0.314216
0.497237 0.36434 0.138422
0.208724 0.62891 0.162366
0.58642 0.217126 0.196454
0.0777989 0.398322 0.523879
0.109681 0.179005 0.711314
0.330131 0.299465 0.370405
0.222651 0.404638 0.372711
0.0941634 0.704309 0.201527
0.801621 0.112994 0.0853845
0.444811 0.396124 0.159064
0.539884 0.204011 0.256105
0.626395 0.264582 0.109024
0.216566 0.206767 0.576667
0.330751 0.480047 0.189202
0.267494 0.493179 0.239328
0.158499 0.451783 0.389718
0.435808 0.208981 0.355211
0.326382 0.134909 0.538708
0.284058 0.296487 0.419455
0.390878 0.437471 0.171651
0.0374318 0.819651 0.142917
0.37234 0.127052 0.500608
0.859876 0.0734127 0.066711
0.639524 0.12464 0.235836


0 18 23
18 17 24
23 18 24
19 2 40
36 35 42
5 4 43
21 20 44
14 13 45
28 27 45
15 14 46
26 15 46
27 26 46
14 45 46
45 27 46
38 37 48
7 6 49
20 19 50
44 20 50
19 40 50
40 39 50
22 21 51
32 31 52
11 10 53
6 5 54
5 43 54
12 11 55
30 29 55
48 41 56
21 44 56
51 21 56
41 51 56
44 50 57
50 39 57
39 38 57
56 44 57
38 48 57
48 56 57
54 43 59
4 3 60
43 4 60
51 41 60
16 15 61
15 26 61
25 16 61
26 25 61
10 9 62
53 10 62
52 53 62
31 30 63
52 31 63
53 52 63
11 53 63
55 11 63
30 55 63
13 12 64
12 55 64
45 13 64
37 36 65
48 37 65
36 42 65
42 59 65
8 7 66
7 49 66
58 47 66
49 6 67
6 54 67
54 59 67
58 66 67
66 49 67
41 48 68
43 60 68
60 41 68
48 65 68
59 43 68
65 59 68
33 32 69
47 33 69
32 52 69
52 62 69
35 34 70
42 35 70
59 42 71
67 59 71
58 67 71
70 58 71
42 70 71
9 8 72
62 9 72
8 66 72
66 47 72
47 69 72
69 62 72
3 1 73
1 22 73
60 3 73
22 51 73
51 60 73
34 33 74
33 47 74
47 58 74
58 70 74
70 34 74
17 16 75
16 25 75
24 17 75
25 24 75
29 28 76
55 29 76
64 55 76
28 45 76
45 64 76
