87
1 0 0
0 1 0
0 0 1
0.0588235 0.941177 0
0.117647 0.882353 0
0.176471 0.823529 0
0.235294 0.764706 0
0.294118 0.705882 0
0.352941 0.647059 0
0.411765 0.588235 0
0.470588 0.529412 0
0.529412 0.470588 0
0.588235 0.411765 0
0.647059 0.352941 0
0.705882 0.294118 0
0.764706 0.235294 0
0.823529 0.176471 0
0.882353 0.117647 0
0.941176 0.0588235 0
0 0.166667 0.833333
0 0.333333 0.666667
0 0.5 0.5
0 0.666667 0.333333
0 0.833333 0.166667
0.95 0 0.05
0.9 0 0.1
0.85 0 0.15
0.8 0 0.2
0.75 0 0.25
0.7 0 0.3
0.65 0 0.35
0.6 0 0.4
0.55 0 0.45
0.5 0 0.5
0.45 0 0.55
0.4 0 0.6
0.35 0 0.65
0.3 0 0.7
0.25 0 0.75
0.2 0 0.8
0.15 0 0.85
0.1 0 0.9
0.05 0 0.95
0.0992528 0.493935 0.406812
0.282648 0.155821 0.561532
0.161763 0.610433 0.227804
0.478583 0.411369 0.110048
0.0419402 0.333508 0.624552
0.688771 0.125346 0.185883
0.74189 0.134812 0.123298
0.392628 0.239587 0.367785
0.155588 0.25967 0.584742
0.285525 0.590827 0.123649
0.045996 0.162017 0.791987
0.0446138 0.606216 0.34917
0.38181 0.140476 0.477714
0.478633 0.274519 0.246849
0.346333 0.542397 0.111271
0.190935 0.692937 0.116128
0.585875 0.249501 0.164624
0.0852396 0.362227 0.552533
0.134846 0.162298 0.702856
0.222981 0.371175 0.405844
0.16381 0.414916 0.421274
0.540663 0.252259 0.207078
0.0825671 0.793752 0.123681
0.412273 0.469417 0.118309
0.795963 0.114161 0.089876
0.452581 0.177505 0.369914
0.634286 0.259265 0.106449
0.223249 0.176143 0.600608
0.293349 0.445397 0.261254
0.33048 0.291856 0.377664
0.542005 0.124295 0.3337
0.23983 0.531026 0.229144
0.404512 0.367321 0.228167
0.635999 0.119976 0.244025
0.281408 0.306288 0.412304
0.862494 0.0747973 0.062709
0.0521769 0.7374 0.210423
0.109724 0.610864 0.279412
0.0899246 0.168502 0.741573
0.342737 0.41906 0.238203
0.337284 0.133914 0.528802
0.0340307 0.497799 0.46817
0.684067 0.229986 0.0859467
0.506702 0.107411 0.385888


0 18 24
18 17 25
24 18 25
19 2 42
37 36 44
11 10 46
10 9 46
21 20 47
29 28 48
15 14 49
28 27 49
48 28 49
7 6 52
20 19 53
19 42 53
42 41 53
47 20 53
23 22 54
35 34 55
34 50 55
8 7 57
7 52 57
5 4 58
4 45 58
6 5 58
12 11 59
51 43 60
43 54 60
40 39 61
39 51 61
51 60 61
62 45 63
43 51 63
11 46 64
59 11 64
46 56 64
31 59 64
3 1 65
4 3 65
45 4 65
46 9 66
56 46 66
9 8 66
8 57 66
16 15 67
26 16 67
27 26 67
15 49 67
49 27 67
34 33 68
50 34 68
13 12 69
12 59 69
38 37 70
37 44 70
39 38 70
51 39 70
44 62 70
63 51 70
62 63 70
55 50 72
32 31 73
31 64 73
64 56 73
52 6 74
6 58 74
58 45 74
45 62 74
71 52 74
66 57 75
56 66 75
68 56 75
50 68 75
31 30 76
59 31 76
30 29 76
29 48 76
48 69 76
69 59 76
62 44 77
72 71 77
71 74 77
74 62 77
17 16 78
16 26 78
25 17 78
26 25 78
1 23 79
65 1 79
23 54 79
54 43 79
43 63 80
63 45 80
45 65 80
65 79 80
79 43 80
47 53 81
53 41 81
41 40 81
40 61 81
60 47 81
61 60 81
57 52 82
52 71 82
72 50 82
71 72 82
50 75 82
75 57 82
36 35 83
35 55 83
55 72 83
44 36 83
77 44 83
72 77 83
22 21 84
54 22 84
21 47 84
47 60 84
60 54 84
14 13 85
48 49 85
49 14 85
13 69 85
69 48 85
33 32 86
56 68 86
68 33 86
32 73 86
73 56 86
