89
1 0 0
0 1 0
0 0 1
0.0588236 0.941176 0
0.117647 0.882353 0
0.176471 0.823529 0
0.235294 0.764706 0
0.294118 0.705882 0
0.352941 0.647059 0
0.411765 0.588235 0
0.470588 0.529412 0
0.529412 0.470588 0
0.588235 0.411765 0
0.647059 0.352941 0
0.705882 0.294118 0
0.764706 0.235294 0
0.823529 0.176471 0
0.882353 0.117647 0
0.941176 0.0588235 0
0 0.166667 0.833333
0 0.333333 0.666667
0 0.5 0.5
0 0.666667 0.333333
0 0.833333 0.166667
0.947368 0 0.0526316
0.894737 0 0.105263
0.842105 0 0.157895
0.789474 0 0.210526
0.736842 0 0.263158
0.684211 0 0.315789
0.631579 0 0.368421
0.578947 0 0.421053
0.526316 0 0.473684
0.473684 0 0.526316
0.421053 0 0.578947
0.368421 0 0.631579
0.315789 0 0.684211
0.263158 0 0.736842
0.210526 0 0.789474
0.157895 0 0.842105
0.105263 0 0.894737
0.0526316 0 0.947368
0.632978 0.123315 0.243707
0.101654 0.49869 0.399656
0.267465 0.174115 0.55842
0.155904 0.594307 0.249789
0.472962 0.413412 0.113626
0.0402284 0.341093 0.618678
0.681044 0.132174 0.186782
0.736437 0.137598 0.125965
0.391683 0.267107 0.341211
0.154501 0.281191 0.564308
0.271304 0.603795 0.124901
0.0462332 0.165877 0.78789
0.0430831 0.660252 0.296665
0.433792 0.110344 0.455864
0.380301 0.12983 0.489869
0.495816 0.249365 0.25482
0.20547 0.665146 0.129384
0.618814 0.257314 0.123873
0.547803 0.31969 0.132507
0.0904568 0.340174 0.569369
0.126529 0.159918 0.713553
0.572507 0.168893 0.258601
0.338482 0.284101 0.377416
0.792268 0.106284 0.101448
0.0982988 0.785064 0.116637
0.221027 0.396366 0.382607
0.161369 0.433763 0.404868
0.402103 0.490378 0.107519
0.857328 0.0756142 0.0670582
0.087019 0.672494 0.240487
0.446833 0.215215 0.337952
0.218902 0.144872 0.636226
0.297167 0.439309 0.263525
0.0430266 0.825851 0.131122
0.327703 0.134036 0.538261
0.423266 0.359138 0.217596
0.345837 0.474085 0.180079
0.283488 0.307337 0.409175
0.530425 0.112394 0.357181
0.238335 0.507304 0.254361
0.149007 0.752025 0.0989686
0.0430373 0.500756 0.456207
0.678219 0.234408 0.0873723
0.0815557 0.198089 0.720356
0.176329 0.116013 0.707658
0.484837 0.104124 0.411038
0.207774 0.292317 0.499908


0 18 24
18 17 25
24 18 25
19 2 41
30 29 42
37 36 44
11 10 46
10 9 46
21 20 47
29 28 48
42 29 48
15 14 49
28 27 49
48 28 49
7 6 52
20 19 53
47 20 53
19 41 53
41 40 53
23 22 54
34 33 55
35 34 56
34 55 56
55 50 56
6 5 58
52 6 58
13 12 59
42 48 59
11 46 60
46 57 60
12 11 60
59 12 60
51 43 61
40 39 62
51 61 62
31 30 63
30 42 63
60 57 63
42 59 63
59 60 63
56 50 64
16 15 65
26 16 65
27 26 65
15 49 65
49 27 65
4 3 66
45 43 68
43 51 68
67 45 68
9 8 69
46 9 69
17 16 70
16 26 70
25 17 70
26 25 70
43 45 71
45 66 71
54 43 71
50 55 72
38 37 73
37 44 73
3 1 75
1 23 75
66 3 75
71 66 75
23 54 75
54 71 75
36 35 76
44 36 76
35 56 76
56 64 76
50 72 77
57 46 77
72 57 77
46 69 77
8 7 78
7 52 78
52 74 78
64 50 78
74 64 78
69 8 78
50 77 78
77 69 78
67 44 79
64 74 79
76 64 79
44 76 79
32 31 80
31 63 80
63 57 80
58 45 81
45 67 81
52 58 81
74 52 81
67 79 81
79 74 81
5 4 82
45 58 82
58 5 82
4 66 82
66 45 82
22 21 83
54 22 83
21 47 83
47 61 83
43 54 83
61 43 83
14 13 84
48 49 84
49 14 84
13 59 84
59 48 84
47 53 85
61 47 85
62 61 85
53 40 85
40 62 85
39 38 86
62 39 86
51 62 86
38 73 86
73 51 86
33 32 87
55 33 87
72 55 87
57 72 87
80 57 87
32 80 87
44 67 88
73 44 88
67 68 88
68 51 88
51 73 88
