86
1 0 0
0 1 0
0 0 1
0.0588236 0.941176 0
0.117647 0.882353 0
0.176471 0.823529 0
0.235294 0.764706 0
0.294118 0.705882 0
0.352941 0.647059 0
0.411765 0.588235 0
0.470588 0.529412 0
0.529412 0.470588 0
0.588235 0.411765 0
0.647059 0.352941 0
0.705882 0.294118 0
0.764706 0.235294 0
0.823529 0.176471 0
0.882353 0.117647 0
0.941176 0.0588235 0
0 0.166667 0.833333
0 0.333333 0.666667
0 0.5 0.5
0 0.666667 0.333333
0 0.833333 0.166667
0.941176 0 0.0588235
0.882353 0 0.117647
0.823529 0 0.176471
0.764706 0 0.235294
0.705882 0 0.294118
0.647059 0 0.352941
0.588235 0 0.411765
0.529412 0 0.470588
0.470588 0 0.529412
0.411765 0 0.588235
0.352941 0 0.647059
0.294118 0 0.705882
0.235294 0 0.764706
0.176471 0 0.823529
0.117647 0 0.882353
0.0588236 0 0.941176
0.62829 0.119115 0.252595
0.0936632 0.497628 0.408709
0.278399 0.153176 0.568425
0.143456 0.595447 0.261097
0.481159 0.391342 0.127498
0.0506961 0.353588 0.595716
0.736436 0.126432 0.137132
0.394042 0.24825 0.357708
0.177327 0.236306 0.586367
0.263108 0.626937 0.109954
0.0546846 0.158086 0.78723
0.315415 0.526435 0.15815
0.0385632 0.637571 0.323866
0.43879 0.138295 0.422916
0.487049 0.231812 0.281139
0.65207 0.232733 0.115197
0.201899 0.660185 0.137916
0.593751 0.22893 0.177319
0.379083 0.123919 0.496998
0.123897 0.140932 0.73517
0.335691 0.246622 0.417687
0.793158 0.101381 0.105461
0.0813905 0.822538 0.0960712
0.221677 0.379507 0.398816
0.158204 0.422563 0.419233
0.434191 0.313941 0.251869
0.84356 0.0791162 0.0773235
0.0760017 0.697142 0.226856
0.683082 0.124202 0.192716
0.219159 0.124742 0.656099
0.113865 0.317756 0.568379
0.543038 0.138713 0.318249
0.365286 0.388239 0.246476
0.254643 0.506831 0.238526
0.53705 0.307511 0.155438
0.239386 0.253749 0.506865
0.492954 0.101588 0.405458
0.0351501 0.849441 0.115409
0.327386 0.110959 0.561655
0.370837 0.525075 0.104087
0.2914 0.34893 0.35967
0.133257 0.738787 0.127956
0.0471241 0.488673 0.464203
0.421871 0.456617 0.121512
0.199682 0.520632 0.279686
0.0804003 0.233164 0.686436


0 18 24
18 17 25
24 18 25
19 2 39
30 29 40
36 35 42
11 10 44
21 20 45
15 14 46
28 27 46
7 6 49
20 19 50
45 20 50
19 39 50
39 38 50
8 7 51
7 49 51
22 21 52
23 22 52
33 32 53
14 13 55
6 5 56
49 6 56
30 40 57
13 12 57
55 13 57
40 55 57
34 33 58
33 53 58
53 47 58
38 37 59
37 48 59
50 38 59
58 47 60
16 15 61
27 26 61
15 46 61
46 27 61
4 3 62
43 41 64
48 63 64
54 44 65
47 53 65
53 54 65
17 16 66
25 17 66
26 25 66
16 61 66
61 26 66
41 43 67
52 41 67
29 28 68
40 29 68
46 14 68
14 55 68
55 40 68
28 46 68
37 36 69
48 37 69
36 42 69
41 45 70
64 41 70
59 48 70
48 64 70
31 30 71
30 57 71
60 47 72
47 65 72
51 49 73
49 56 73
12 11 74
57 12 74
11 44 74
71 57 74
44 54 74
54 71 74
69 42 75
63 48 75
48 69 75
32 31 76
53 32 76
54 53 76
31 71 76
71 54 76
3 1 77
1 23 77
62 3 77
23 52 77
52 67 77
67 62 77
35 34 78
42 35 78
60 42 78
34 58 78
58 60 78
9 8 79
8 51 79
51 72 79
60 72 80
72 51 80
51 73 80
42 60 80
75 42 80
73 63 80
63 75 80
5 4 81
43 56 81
56 5 81
4 62 81
62 67 81
67 43 81
21 45 82
45 41 82
41 52 82
52 21 82
10 9 83
44 10 83
65 44 83
9 79 83
72 65 83
79 72 83
56 43 84
43 64 84
64 63 84
63 73 84
73 56 84
45 50 85
70 45 85
50 59 85
59 70 85
