98
1 0 0
0 1 0
0 0 1
0.0588236 0.941176 0
0.117647 0.882353 0
0.176471 0.823529 0
0.235294 0.764706 0
0.294118 0.705882 0
0.352941 0.647059 0
0.411765 0.588235 0
0.470588 0.529412 0
0.529412 0.470588 0
0.588235 0.411765 0
0.647059 0.352941 0
0.705882 0.294118 0
0.764706 0.235294 0
0.823529 0.176471 0
0.882353 0.117647 0
0.941176 0.0588235 0
0 0.142857 0.857143
0 0.285714 0.714286
0 0.428571 0.571429
0 0.571428 0.428571
0 0.714286 0.285714
0 0.857143 0.142857
0.947368 0 0.0526316
0.894737 0 0.105263
0.842105 0 0.157895
0.789474 0 0.210526
0.736842 0 0.263158
0.684211 0 0.315789
0.631579 0 0.368421
0.578947 0 0.421053
0.526316 0 0.473684
0.473684 0 0.526316
0.421053 0 0.578947
0.368421 0 0.631579
0.315789 0 0.684211
0.263158 0 0.736842
0.210526 0 0.789474
0.157895 0 0.842105
0.105263 0 0.894737
0.0526316 0 0.947368
0.632607 0.125449 0.241944
0.0909765 0.507981 0.401042
0.274664 0.133049 0.592287
0.148175 0.635623 0.216201
0.479392 0.410647 0.109961
0.0404656 0.330155 0.62938
0.682631 0.128197 0.189172
0.738913 0.135353 0.125734
0.388147 0.251852 0.360001
0.170995 0.249182 0.579823
0.27913 0.606231 0.11464
0.0515463 0.154509 0.793945
0.03851 0.64451 0.31698
0.434189 0.110357 0.455454
0.380869 0.122905 0.496226
0.490727 0.239431 0.269843
0.265268 0.521457 0.213274
0.34136 0.545355 0.113285
0.536657 0.113304 0.350039
0.2081 0.664377 0.127522
0.62308 0.269456 0.107463
0.584874 0.233693 0.181434
0.0767701 0.380948 0.542282
0.535517 0.2523 0.212182
0.134205 0.167251 0.698545
0.336032 0.255706 0.408262
0.798491 0.103736 0.0977735
0.0963834 0.794868 0.108749
0.229764 0.379588 0.390648
0.163475 0.435198 0.401327
0.442774 0.35194 0.205286
0.40403 0.493517 0.102453
0.848387 0.0799625 0.0716505
0.0738823 0.699183 0.226934
0.441831 0.228011 0.330158
0.222771 0.132831 0.644398
0.0420442 0.853195 0.104761
0.330207 0.117786 0.552007
0.390994 0.381538 0.227468
0.330127 0.420316 0.249556
0.28341 0.247611 0.468979
0.583752 0.11755 0.298698
0.0401389 0.485232 0.474629
0.487044 0.108098 0.404857
0.682208 0.228796 0.0889959
0.119572 0.576843 0.303584
0.2219 0.274763 0.503337
0.179175 0.106785 0.714039
0.279859 0.385445 0.334696
0.148061 0.760555 0.0913834
0.212919 0.51337 0.27371
0.0864552 0.241157 0.672387
0.552995 0.354159 0.092846
0.122831 0.329706 0.547463
0.102933 0.104696 0.792371


0 18 25
18 17 26
25 18 26
19 2 42
31 30 43
38 37 45
11 10 47
10 9 47
21 20 48
30 29 49
43 30 49
15 14 50
29 28 50
49 29 50
7 6 53
20 19 54
19 42 54
42 41 54
48 20 54
24 23 55
23 22 55
35 34 56
36 35 57
35 56 57
56 51 57
8 7 60
7 53 60
33 32 61
6 5 62
53 6 62
59 53 62
13 12 63
43 49 63
43 63 64
47 58 66
58 61 66
57 51 68
16 15 69
28 27 69
15 50 69
50 28 69
4 3 70
58 47 73
9 8 74
8 60 74
47 9 74
73 47 74
17 16 75
26 17 75
27 26 75
16 69 75
69 27 75
24 55 76
46 70 76
55 44 76
51 56 77
58 73 77
39 38 78
38 45 78
3 1 79
1 24 79
70 3 79
24 76 79
76 70 79
37 36 80
45 37 80
36 57 80
57 68 80
74 60 81
73 74 81
51 77 81
77 73 81
53 59 82
60 53 82
81 60 82
68 51 82
51 81 82
45 80 83
80 68 83
32 31 84
31 43 84
43 64 84
61 32 84
64 66 84
66 61 84
44 55 85
55 22 85
22 21 85
21 48 85
48 65 85
65 44 85
33 61 86
61 58 86
34 33 86
56 34 86
77 56 86
58 77 86
14 13 87
49 50 87
50 14 87
13 63 87
63 49 87
44 72 88
72 46 88
46 76 88
76 44 88
71 72 89
72 52 89
78 45 89
52 78 89
45 83 89
83 71 89
40 39 90
67 40 90
52 67 90
39 78 90
78 52 90
68 82 91
82 59 91
83 68 91
71 83 91
5 4 92
46 62 92
62 5 92
4 70 92
70 46 92
59 62 93
62 46 93
46 72 93
72 71 93
71 91 93
91 59 93
48 54 94
65 48 94
12 11 95
63 12 95
64 63 95
11 47 95
47 66 95
66 64 95
44 65 96
67 52 96
52 72 96
72 44 96
65 94 96
94 67 96
41 40 97
40 67 97
54 41 97
94 54 97
67 94 97
