86
1 0 0
0 1 0
0 0 1
0.0588235 0.941176 0
0.117647 0.882353 0
0.176471 0.823529 0
0.235294 0.764706 0
0.294118 0.705882 0
0.352941 0.647059 0
0.411765 0.588235 0
0.470588 0.529412 0
0.529412 0.470588 0
0.588235 0.411765 0
0.647059 0.352941 0
0.705882 0.294118 0
0.764706 0.235294 0
0.823529 0.176471 0
0.882353 0.117647 0
0.941176 0.0588235 0
0 0.142857 0.857143
0 0.285714 0.714286
0 0.428571 0.571429
0 0.571429 0.428571
0 0.714286 0.285714
0 0.857143 0.142857
0.933333 0 0.0666667
0.866667 0 0.133333
0.8 0 0.2
0.733333 0 0.266667
0.666667 0 0.333333
0.6 0 0.4
0.533333 0 0.466667
0.466667 0 0.533333
0.4 0 0.6
0.333333 0 0.666667
0.266667 0 0.733333
0.2 0 0.8
0.133333 0 0.866667
0.0666666 0 0.933333
0.624376 0.116957 0.258667
0.0963272 0.498158 0.405515
0.27537 0.140199 0.584431
0.160006 0.585163 0.254831
0.485732 0.389185 0.125084
0.0523394 0.354331 0.59333
0.75919 0.113681 0.12713
0.391755 0.281407 0.326838
0.177838 0.258781 0.563381
0.0531677 0.167031 0.779801
0.309545 0.536835 0.15362
0.0496686 0.632182 0.318149
0.435327 0.0824184 0.482255
0.379165 0.127674 0.493161
0.506003 0.239631 0.254365
0.655753 0.224183 0.120064
0.240052 0.618765 0.141182
0.250129 0.24795 0.501921
0.586638 0.250954 0.162408
0.540297 0.341405 0.118298
0.12506 0.135715 0.739224
0.326677 0.243915 0.429407
0.0846489 0.815291 0.100061
0.221058 0.378381 0.40056
0.155542 0.420485 0.423974
0.823446 0.0826271 0.0939274
0.4186 0.431933 0.149466
0.688983 0.106133 0.204885
0.107871 0.300767 0.591362
0.556051 0.122219 0.32173
0.102907 0.681454 0.215639
0.350885 0.399499 0.249617
0.0420703 0.500038 0.457892
0.177956 0.702405 0.119639
0.448351 0.308044 0.243605
0.205072 0.111232 0.683696
0.203894 0.508346 0.28776
0.132983 0.778608 0.0884095
0.321008 0.102513 0.576478
0.0451529 0.778037 0.17681
0.288837 0.375316 0.335847
0.369971 0.52394 0.106089
0.711354 0.196537 0.0921093
0.258244 0.48685 0.254906
0.491337 0.107841 0.400822
0.904595 0.0462741 0.0491305
0.440427 0.189249 0.370324


3 1 24
0 18 25
30 29 39
11 10 43
21 20 44
16 15 45
28 27 45
19 2 48
2 38 48
20 19 48
44 20 48
8 7 49
23 22 50
33 32 51
34 33 52
33 51 52
14 13 54
7 6 55
49 7 55
13 12 57
54 13 57
39 54 57
12 11 58
11 43 58
43 53 58
53 57 58
57 12 58
38 37 59
48 38 59
52 46 60
56 41 60
4 3 61
47 56 62
42 40 63
47 62 63
17 16 64
26 17 64
27 26 64
16 45 64
45 27 64
10 9 65
43 10 65
29 28 66
28 45 66
39 29 66
54 39 66
59 47 67
44 48 67
48 59 67
40 44 67
63 40 67
47 63 67
31 30 68
30 39 68
39 57 68
57 53 68
40 42 69
50 40 69
60 46 70
46 65 70
22 21 71
21 44 71
44 40 71
40 50 71
50 22 71
6 5 72
42 55 72
55 6 72
69 42 72
53 43 73
43 65 73
65 46 73
36 35 74
35 41 74
41 56 74
56 47 74
37 36 74
59 37 74
47 59 74
55 42 75
42 63 75
63 62 75
5 4 76
4 61 76
61 69 76
69 72 76
72 5 76
35 34 77
41 35 77
34 52 77
52 60 77
60 41 77
3 24 78
61 3 78
24 23 78
23 50 78
50 69 78
69 61 78
56 60 79
60 70 79
62 56 79
70 49 79
9 8 80
8 49 80
49 70 80
65 9 80
70 65 80
15 14 81
45 15 81
66 45 81
14 54 81
54 66 81
49 55 82
55 75 82
75 62 82
62 79 82
79 49 82
51 32 83
32 31 83
31 68 83
68 53 83
18 17 84
17 26 84
25 18 84
26 25 84
46 52 85
52 51 85
73 46 85
53 73 85
51 83 85
83 53 85
