92
1 0 0
0 1 0
0 0 1
0.0588236 0.941176 0
0.117647 0.882353 0
0.176471 0.823529 0
0.235294 0.764706 0
0.294118 0.705882 0
0.352941 0.647059 0
0.411765 0.588235 0
0.470588 0.529412 0
0.529412 0.470588 0
0.588235 0.411765 0
0.647059 0.352941 0
0.705882 0.294118 0
0.764706 0.235294 0
0.823529 0.176471 0
0.882353 0.117647 0
0.941176 0.0588235 0
0 0.142857 0.857143
0 0.285714 0.714286
0 0.428571 0.571429
0 0.571429 0.428571
0 0.714286 0.285714
0 0.857143 0.142857
0.9375 0 0.0625
0.875 0 0.125
0.8125 0 0.1875
0.75 0 0.25
0.6875 0 0.3125
0.625 0 0.375
0.5625 0 0.4375
0.5 0 0.5
0.4375 0 0.5625
0.375 0 0.625
0.3125 0 0.6875
0.25 0 0.75
0.1875 0 0.8125
0.125 0 0.875
0.0625001 0 0.9375
0.634042 0.118428 0.24753
0.0952897 0.531528 0.373183
0.281619 0.12663 0.591751
0.145738 0.594672 0.25959
0.482193 0.393198 0.124609
0.0399503 0.359807 0.600243
0.741968 0.122763 0.135269
0.395457 0.276867 0.327677
0.182445 0.262651 0.554904
0.259499 0.618989 0.121512
0.0397356 0.131307 0.828957
0.313291 0.530609 0.1561
0.0439615 0.630331 0.325707
0.388764 0.130665 0.480571
0.508456 0.236719 0.254825
0.652506 0.231634 0.11586
0.253086 0.2505 0.496415
0.196607 0.675817 0.127576
0.581735 0.249443 0.168822
0.1411 0.140522 0.718378
0.328554 0.242209 0.429237
0.789703 0.100644 0.109654
0.0791297 0.821451 0.0994189
0.221311 0.382464 0.396226
0.152159 0.423413 0.424428
0.446209 0.30154 0.252251
0.0879074 0.681796 0.230296
0.692511 0.105815 0.201674
0.21456 0.128078 0.657362
0.124183 0.286901 0.588916
0.416456 0.436778 0.146766
0.572475 0.125283 0.302241
0.453632 0.14479 0.401578
0.518997 0.104308 0.376694
0.336216 0.103396 0.560387
0.134764 0.742868 0.122367
0.351565 0.397609 0.250826
0.259303 0.488162 0.252535
0.0438172 0.490396 0.465787
0.536529 0.345169 0.118303
0.0900124 0.0984643 0.811523
0.204979 0.531106 0.263915
0.0388486 0.771365 0.189786
0.289041 0.373955 0.337005
0.369289 0.525662 0.105049
0.840287 0.0788476 0.080865
0.907632 0.0458595 0.0465086
0.0728571 0.236807 0.690336
0.7094 0.201735 0.0888652
0.0327796 0.889867 0.0773539
0.0871314 0.387504 0.525365
0.612328 0.317126 0.0705466


0 18 25
30 29 40
36 35 42
11 10 44
21 20 45
7 6 49
19 2 50
2 39 50
20 19 50
8 7 51
7 49 51
23 22 52
34 33 53
14 13 55
6 5 57
49 6 57
40 55 58
38 37 59
53 47 60
56 42 60
16 15 61
15 46 61
28 27 61
46 28 61
4 3 62
48 56 63
43 41 64
48 63 64
54 44 65
41 43 66
52 41 66
29 28 67
28 46 67
40 29 67
55 40 67
37 36 68
36 42 68
42 56 68
56 48 68
48 59 68
59 37 68
59 48 69
48 64 69
10 9 70
44 10 70
65 44 70
47 65 70
31 30 71
30 40 71
40 58 71
58 54 71
33 32 72
53 33 72
54 65 72
47 53 72
65 47 72
32 31 73
31 71 73
71 54 73
54 72 73
72 32 73
35 34 74
34 53 74
42 35 74
53 60 74
60 42 74
43 57 75
57 5 75
5 4 75
4 62 75
62 66 75
66 43 75
60 47 76
47 70 76
51 49 77
22 21 78
21 45 78
41 52 78
52 22 78
11 44 79
44 54 79
12 11 79
58 12 79
54 58 79
39 38 80
50 39 80
38 59 80
43 64 81
64 63 81
49 57 81
77 49 81
57 43 81
63 77 81
24 23 82
23 52 82
52 66 82
66 62 82
56 60 83
60 76 83
63 56 83
77 63 83
76 51 83
51 77 83
9 8 84
8 51 84
51 76 84
70 9 84
76 70 84
17 16 85
26 17 85
27 26 85
16 61 85
61 27 85
18 17 86
17 26 86
25 18 86
26 25 86
45 20 87
20 50 87
59 69 87
80 59 87
50 80 87
15 14 88
46 15 88
67 46 88
14 55 88
55 67 88
3 1 89
1 24 89
24 82 89
62 3 89
82 62 89
64 41 90
69 64 90
41 78 90
78 45 90
45 87 90
87 69 90
13 12 91
12 58 91
55 13 91
58 55 91
