90
1 0 0
0 1 0
0 0 1
0.0588235 0.941176 0
0.117647 0.882353 0
0.176471 0.823529 0
0.235294 0.764706 0
0.294118 0.705882 0
0.352941 0.647059 0
0.411765 0.588235 0
0.470588 0.529412 0
0.529412 0.470588 0
0.588235 0.411765 0
0.647059 0.352941 0
0.705882 0.294118 0
0.764706 0.235294 0
0.823529 0.176471 0
0.882353 0.117647 0
0.941176 0.0588235 0
0 0.125 0.875
0 0.25 0.75
0 0.375 0.625
0 0.5 0.5
0 0.625 0.375
0 0.75 0.25
0 0.875 0.125
0.928571 0 0.0714286
0.857143 0 0.142857
0.785714 0 0.214286
0.714286 0 0.285714
0.642857 0 0.357143
0.571429 0 0.428571
0.5 0 0.5
0.428571 0 0.571429
0.357143 0 0.642857
0.285714 0 0.714286
0.214286 0 0.785714
0.142857 0 0.857143
0.0714286 0 0.928571
0.624372 0.122273 0.253355
0.104083 0.523103 0.372813
0.276436 0.132849 0.590715
0.154535 0.597776 0.247689
0.474266 0.421782 0.103952
0.640423 0.247135 0.112443
0.754498 0.11249 0.133012
0.382861 0.264231 0.352908
0.181692 0.242141 0.576167
0.0522956 0.310515 0.63719
0.282002 0.609709 0.108289
0.0546496 0.152185 0.793165
0.329058 0.518471 0.152471
0.382721 0.130418 0.48686
0.490588 0.247807 0.261605
0.109398 0.397524 0.493078
0.589786 0.313802 0.0964115
0.552528 0.0936089 0.353863
0.247684 0.248644 0.503673
0.562698 0.213775 0.223526
0.127814 0.13008 0.742106
0.222292 0.369219 0.408489
0.819549 0.0818957 0.0985553
0.0738111 0.776118 0.150071
0.404568 0.476319 0.119112
0.495089 0.133063 0.371848
0.0491639 0.848941 0.101895
0.436532 0.345691 0.217777
0.177984 0.480443 0.341573
0.111185 0.265185 0.62363
0.314991 0.273757 0.411252
0.103039 0.66472 0.232241
0.048916 0.573672 0.377412
0.698079 0.188562 0.113359
0.355998 0.389074 0.254928
0.2527 0.495615 0.251685
0.176255 0.707513 0.116231
0.221836 0.61948 0.158684
0.205197 0.11522 0.679583
0.0498486 0.443059 0.507093
0.327563 0.0818757 0.590562
0.89818 0.0421581 0.0596618
0.686546 0.0862006 0.227254
0.337005 0.18233 0.480665
0.433781 0.0774972 0.488721
0.0429113 0.68486 0.272228
0.522546 0.338424 0.13903
0.164538 0.354316 0.481146
0.285851 0.382761 0.331388
0.131645 0.772373 0.0959817
0.43763 0.201503 0.360867


3 1 25
0 18 26
31 30 39
36 35 41
11 10 43
14 13 44
16 15 45
29 28 45
21 20 48
8 7 49
19 2 50
2 38 50
20 19 50
48 20 50
9 8 51
8 49 51
13 12 55
44 13 55
32 31 56
31 39 56
39 44 58
56 39 58
44 55 58
38 37 59
50 38 59
47 57 60
17 16 61
27 17 61
28 27 61
16 45 61
45 28 61
10 9 63
43 10 63
9 51 63
32 56 64
56 58 64
58 53 64
4 3 65
62 4 65
3 25 65
25 24 65
24 62 65
43 63 66
42 40 67
40 54 67
54 48 68
59 47 68
48 50 68
50 59 68
57 41 69
40 42 70
23 22 71
40 70 71
14 44 72
44 39 72
15 14 72
45 15 72
46 66 73
66 63 73
69 46 73
63 51 73
51 49 74
67 60 74
6 5 75
70 42 75
7 6 76
49 7 76
74 49 76
42 67 76
67 74 76
75 42 76
6 75 76
36 41 77
41 57 77
57 47 77
37 36 77
59 37 77
47 59 77
22 21 78
54 40 78
21 48 78
48 54 78
40 71 78
71 22 78
35 34 79
34 52 79
41 35 79
18 17 80
17 27 80
26 18 80
27 26 80
30 29 81
39 30 81
72 39 81
29 45 81
45 72 81
52 46 82
46 69 82
79 52 82
69 41 82
41 79 82
34 33 83
52 34 83
33 32 83
32 64 83
24 23 84
62 24 84
70 62 84
23 71 84
71 70 84
12 11 85
11 43 85
55 12 85
53 58 85
58 55 85
43 66 85
66 53 85
60 67 86
67 54 86
47 60 86
68 47 86
54 68 86
60 57 87
57 69 87
69 73 87
74 60 87
73 51 87
51 74 87
5 4 88
4 62 88
62 70 88
70 75 88
75 5 88
46 52 89
53 66 89
66 46 89
52 83 89
64 53 89
83 64 89
