81
1 0 0
0 1 0
0 0 1
0.0588235 0.941176 0
0.117647 0.882353 0
0.176471 0.823529 0
0.235294 0.764706 0
0.294118 0.705882 0
0.352941 0.647059 0
0.411765 0.588235 0
0.470588 0.529412 0
0.529412 0.470588 0
0.588235 0.411765 0
0.647059 0.352941 0
0.705882 0.294118 0
0.764706 0.235294 0
0.823529 0.176471 0
0.882353 0.117647 0
0.941176 0.0588235 0
0 0.125 0.875
0 0.25 0.75
0 0.375 0.625
0 0.5 0.5
0 0.625 0.375
0 0.75 0.25
0 0.875 0.125
0.923077 0 0.0769231
0.846154 0 0.153846
0.769231 0 0.230769
0.692308 0 0.307692
0.615385 0 0.384615
0.538462 0 0.461538
0.461538 0 0.538462
0.384615 0 0.615385
0.307692 0 0.692308
0.230769 0 0.769231
0.153846 0 0.846154
0.0769231 0 0.923077
0.627712 0.112264 0.260024
0.108249 0.527423 0.364327
0.276176 0.126974 0.596851
0.175212 0.596657 0.228131
0.469104 0.379907 0.15099
0.44097 0.0947559 0.464274
0.638587 0.246093 0.11532
0.738487 0.110208 0.151304
0.400668 0.291458 0.307874
0.181227 0.254141 0.564632
0.258681 0.632514 0.108805
0.0575271 0.156511 0.785962
0.305023 0.514679 0.180298
0.372947 0.136373 0.49068
0.471116 0.222339 0.306545
0.12278 0.400169 0.477051
0.589472 0.313604 0.0969238
0.894692 0.0451206 0.0601879
0.258757 0.265928 0.475315
0.811469 0.0778847 0.110646
0.561235 0.214992 0.223773
0.057656 0.317441 0.624903
0.131627 0.129235 0.739139
0.221497 0.386464 0.39204
0.082441 0.7783 0.139259
0.520703 0.107374 0.371924
0.175067 0.482385 0.342548
0.123208 0.278776 0.598016
0.412526 0.422405 0.165069
0.111545 0.675165 0.21329
0.0507855 0.578398 0.370817
0.696419 0.193283 0.110299
0.330618 0.381006 0.288376
0.188138 0.700798 0.111065
0.197108 0.078485 0.724407
0.329095 0.240351 0.430554
0.380016 0.514725 0.105259
0.0532221 0.448507 0.498271
0.237339 0.526946 0.235715
0.0460692 0.841722 0.112209
0.206583 0.167892 0.625525
0.528046 0.334434 0.13752
0.0436326 0.687502 0.268866


3 1 25
0 18 26
30 29 38
31 30 38
35 34 40
11 10 42
33 32 43
14 13 44
16 15 45
29 28 45
38 29 45
8 7 48
7 6 48
19 2 49
2 37 49
20 19 49
8 48 50
34 33 51
33 43 51
40 34 51
42 46 52
46 51 52
51 43 52
13 12 54
44 13 54
18 17 55
17 27 55
26 18 55
27 26 55
17 16 57
27 17 57
28 27 57
16 45 57
45 28 57
38 44 58
44 54 58
21 20 59
20 49 59
37 36 60
49 37 60
47 56 61
5 4 62
32 31 63
43 32 63
31 38 63
38 58 63
52 43 63
58 52 63
41 39 64
39 53 64
53 61 64
59 49 65
53 59 65
49 60 65
60 47 65
47 61 65
61 53 65
42 10 66
46 42 66
39 41 67
5 62 67
23 22 68
39 67 68
14 44 69
44 38 69
15 14 69
45 15 69
38 45 69
50 61 70
61 56 70
46 66 70
41 48 71
48 6 71
6 5 71
5 67 71
67 41 71
36 35 72
35 40 72
60 36 72
40 51 73
51 46 73
56 40 73
46 70 73
70 56 73
9 8 74
8 50 74
10 9 74
66 10 74
50 70 74
70 66 74
22 21 75
53 39 75
21 59 75
59 53 75
39 68 75
68 22 75
48 41 76
41 64 76
50 48 76
61 50 76
64 61 76
4 3 77
62 4 77
3 25 77
25 24 77
24 62 77
40 56 78
72 40 78
56 47 78
47 60 78
60 72 78
12 11 79
11 42 79
54 12 79
42 52 79
52 58 79
58 54 79
24 23 80
62 24 80
67 62 80
23 68 80
68 67 80
