92
1 0 0
0 1 0
0 0 1
0.0588235 0.941176 0
0.117647 0.882353 0
0.176471 0.823529 0
0.235294 0.764706 0
0.294118 0.705882 0
0.352941 0.647059 0
0.411765 0.588235 0
0.470588 0.529412 0
0.529412 0.470588 0
0.588235 0.411765 0
0.647059 0.352941 0
0.705882 0.294118 0
0.764706 0.235294 0
0.823529 0.176471 0
0.882353 0.117647 0
0.941176 0.0588235 0
0 0.125 0.875
0 0.25 0.75
0 0.375 0.625
0 0.5 0.5
0 0.625 0.375
0 0.75 0.25
0 0.875 0.125
0.933333 0 0.0666667
0.866667 0 0.133333
0.8 0 0.2
0.733333 0 0.266667
0.666667 0 0.333333
0.6 0 0.4
0.533333 0 0.466667
0.466667 0 0.533333
0.4 0 0.6
0.333333 0 0.666667
0.266667 0 0.733333
0.2 0 0.8
0.133333 0 0.866667
0.0666666 0 0.933333
0.630614 0.125877 0.243509
0.10398 0.494521 0.401499
0.282704 0.139075 0.578221
0.142871 0.607049 0.250081
0.462742 0.421678 0.11558
0.42783 0.0845998 0.48757
0.641702 0.247746 0.110552
0.759054 0.114735 0.126211
0.3914 0.252971 0.35563
0.180086 0.260538 0.559376
0.046781 0.307131 0.646088
0.287169 0.604473 0.108358
0.0588999 0.174647 0.766453
0.329249 0.504412 0.166339
0.494057 0.232745 0.273198
0.590576 0.313929 0.0954955
0.56137 0.0944932 0.344137
0.254124 0.252623 0.493252
0.563963 0.210371 0.225667
0.0878863 0.381798 0.530315
0.133825 0.143011 0.723164
0.330134 0.256051 0.413815
0.0740793 0.826177 0.0997439
0.224677 0.381336 0.393987
0.151242 0.410601 0.438157
0.823547 0.0826045 0.0938484
0.448637 0.312655 0.238709
0.397961 0.504025 0.0980138
0.360996 0.125031 0.513973
0.068728 0.694776 0.236496
0.496067 0.116243 0.38769
0.693758 0.0939633 0.212279
0.226695 0.63506 0.138245
0.110488 0.275057 0.614455
0.12958 0.750125 0.120295
0.699512 0.193014 0.107474
0.524419 0.338665 0.136915
0.382464 0.383418 0.234118
0.25878 0.499826 0.241394
0.0885756 0.0755019 0.835923
0.0379446 0.787071 0.174984
0.434465 0.185333 0.380201
0.212907 0.122027 0.665066
0.301991 0.376795 0.321214
0.0442359 0.44207 0.513694
0.193467 0.511117 0.295417
0.0617727 0.573083 0.365144
0.038802 0.0656785 0.895519
0.901721 0.0458952 0.052384
0.185018 0.71582 0.0991614
0.166801 0.0648664 0.768333
0.306969 0.0639657 0.629065


3 1 25
0 18 26
31 30 40
11 10 44
34 33 45
14 13 46
16 15 47
29 28 47
21 20 50
8 7 51
20 19 52
50 20 52
8 51 53
13 12 55
46 13 55
32 31 56
31 40 56
40 46 58
46 55 58
56 40 58
57 42 61
4 3 62
3 25 62
49 57 63
41 59 64
49 63 64
17 16 65
27 17 65
28 27 65
16 47 65
47 28 65
10 9 67
44 10 67
9 8 67
8 53 67
35 34 68
34 45 68
61 42 68
48 61 68
24 23 69
45 33 70
33 32 70
32 56 70
56 58 70
58 54 70
30 29 71
29 47 71
40 30 71
7 6 72
51 7 72
50 52 73
52 60 73
60 49 73
59 50 73
49 64 73
64 59 73
5 4 74
4 62 74
69 43 74
62 69 74
14 46 75
46 40 75
40 71 75
15 14 75
47 15 75
71 47 75
11 44 76
12 11 76
55 12 76
54 58 76
58 55 76
44 66 76
66 54 76
61 48 77
67 53 77
48 66 77
66 44 77
44 67 77
53 51 78
51 72 78
39 38 79
38 60 79
60 52 79
25 24 80
62 25 80
24 69 80
69 62 80
54 66 81
66 48 81
48 68 81
68 45 81
45 70 81
70 54 81
37 36 82
36 42 82
42 57 82
57 49 82
49 60 82
57 61 83
63 57 83
61 77 83
77 53 83
53 78 83
78 63 83
22 21 84
59 41 84
21 50 84
50 59 84
43 41 85
41 64 85
72 43 85
78 72 85
64 63 85
63 78 85
23 22 86
69 23 86
41 43 86
43 69 86
22 84 86
84 41 86
19 2 87
2 39 87
39 79 87
52 19 87
79 52 87
18 17 88
17 27 88
26 18 88
27 26 88
6 5 89
5 74 89
72 6 89
43 72 89
74 43 89
38 37 90
60 38 90
37 82 90
82 60 90
36 35 91
42 36 91
35 68 91
68 42 91
