56
1 0 0
0 1 0
0 0 1
0.0588235 0.941176 0
0.117647 0.882353 0
0.176471 0.823529 0
0.235294 0.764706 0
0.294118 0.705882 0
0.352941 0.647059 0
0.411765 0.588235 0
0.470588 0.529412 0
0.529412 0.470588 0
0.588235 0.411765 0
0.647059 0.352941 0
0.705882 0.294118 0
0.764706 0.235294 0
0.823529 0.176471 0
0.882353 0.117647 0
0.941176 0.0588235 0
0 0.125 0.875
0 0.25 0.75
0 0.375 0.625
0 0.5 0.5
0 0.625 0.375
0 0.75 0.25
0 0.875 0.125
0.9 0 0.1
0.8 0 0.2
0.7 0 0.3
0.6 0 0.4
0.5 0 0.5
0.4 0 0.6
0.3 0 0.7
0.2 0 0.8
0.1 0 0.9
0.636091 0.128007 0.235903
0.1362 0.5498 0.314
0.28992 0.166861 0.543219
0.157326 0.241864 0.600809
0.257666 0.460482 0.281853
0.384732 0.135381 0.479887
0.126008 0.412952 0.461041
0.121058 0.651126 0.227816
0.234117 0.557682 0.208201
0.243289 0.224329 0.532383
0.531769 0.192553 0.275678
0.516258 0.27836 0.205382
0.441707 0.304826 0.253466
0.116145 0.298331 0.585524
0.800793 0.0761974 0.12301
0.709432 0.108755 0.181813
0.125447 0.115166 0.759387
0.385039 0.360215 0.254746
0.323479 0.411103 0.265418
0.0739835 0.763597 0.16242
0.548462 0.122776 0.328762


3 1 25
4 3 25
24 4 25
0 18 26
18 17 27
26 18 27
15 14 35
30 29 35
7 6 36
22 21 36
34 33 37
19 2 38
9 8 39
32 31 40
33 32 40
37 33 40
21 20 41
36 21 41
6 5 42
5 23 42
23 22 42
22 36 42
36 6 42
8 7 43
7 36 43
36 41 43
39 8 43
41 39 43
34 37 44
14 13 45
40 31 45
13 12 46
45 13 46
40 45 46
12 11 47
46 12 47
37 40 47
40 46 47
20 19 48
41 20 48
19 38 48
38 39 48
39 41 48
17 16 49
16 28 49
27 17 49
28 27 49
16 15 50
28 16 50
29 28 50
15 35 50
35 29 50
2 34 51
34 44 51
38 2 51
44 38 51
11 10 52
47 11 52
44 37 52
37 47 52
9 39 53
39 38 53
38 44 53
10 9 53
52 10 53
44 52 53
5 4 54
4 24 54
23 5 54
24 23 54
31 30 55
45 31 55
30 35 55
35 14 55
14 45 55
