102
1 0 0
0 1 0
0 0 1
0.0588235 0.941177 0
0.117647 0.882353 0
0.176471 0.823529 0
0.235294 0.764706 0
0.294118 0.705882 0
0.352941 0.647059 0
0.411765 0.588235 0
0.470588 0.529412 0
0.529412 0.470588 0
0.588235 0.411765 0
0.647059 0.352941 0
0.705882 0.294118 0
0.764706 0.235294 0
0.823529 0.176471 0
0.882353 0.117647 0
0.941176 0.0588235 0
0 0.111111 0.888889
0 0.222222 0.777778
0 0.333333 0.666667
0 0.444444 0.555556
0 0.555556 0.444444
0 0.666667 0.333333
0 0.777778 0.222222
0 0.888889 0.111111
0.933333 0 0.0666667
0.866667 0 0.133333
0.8 0 0.2
0.733333 0 0.266667
0.666667 0 0.333333
0.6 0 0.4
0.533333 0 0.466667
0.466667 0 0.533333
0.4 0 0.6
0.333333 0 0.666667
0.266667 0 0.733333
0.2 0 0.8
0.133333 0 0.866667
0.0666667 0 0.933333
0.629969 0.125344 0.244687
0.104885 0.505418 0.389697
0.274686 0.148925 0.576388
0.140138 0.610794 0.249068
0.469705 0.415913 0.114382
0.426238 0.0798815 0.493881
0.641136 0.249755 0.109109
0.740624 0.123528 0.135847
0.388439 0.246257 0.365304
0.181776 0.23061 0.587614
0.275869 0.621407 0.102724
0.0549173 0.144566 0.800517
0.322089 0.522752 0.15516
0.493967 0.22847 0.277563
0.119094 0.395164 0.485742
0.585637 0.319135 0.0952283
0.561105 0.0935702 0.345325
0.255833 0.254882 0.489285
0.198272 0.68889 0.112839
0.385671 0.145151 0.469178
0.563914 0.209004 0.227081
0.0536901 0.331882 0.614428
0.130727 0.161242 0.708031
0.333777 0.277288 0.388936
0.0844006 0.822838 0.0927616
0.236828 0.383269 0.379903
0.826114 0.0813706 0.0925153
0.448083 0.307739 0.244177
0.397595 0.489801 0.112604
0.0690566 0.713699 0.217244
0.496686 0.114868 0.388446
0.690975 0.093929 0.215096
0.220059 0.117713 0.662228
0.179154 0.474036 0.34681
0.121168 0.28382 0.595013
0.133913 0.748494 0.117594
0.697104 0.19496 0.107936
0.518147 0.315197 0.166655
0.38772 0.370299 0.241981
0.264204 0.482298 0.253498
0.181609 0.342158 0.476233
0.0432836 0.508666 0.448051
0.0960314 0.0729674 0.831001
0.439714 0.186762 0.373524
0.887894 0.052454 0.0596525
0.305249 0.363797 0.330955
0.359636 0.0693716 0.570992
0.0392148 0.0611272 0.899658
0.296746 0.0715371 0.631717
0.0630568 0.599592 0.337351
0.0709482 0.228773 0.700278
0.213497 0.573424 0.213078
0.0402316 0.827334 0.132434
0.159613 0.0733217 0.767065
0.539074 0.389826 0.0710997
0.0624381 0.429021 0.508541
0.328778 0.169297 0.501925
0.336728 0.442354 0.220918
0.77262 0.060579 0.166801
0.350928 0.575509 0.0735622
0.784648 0.147274 0.0680777


3 1 26
0 18 27
32 31 41
11 10 45
35 34 46
14 13 47
7 6 51
8 7 51
20 19 52
13 12 56
47 13 56
33 32 57
32 41 57
6 5 59
51 6 59
41 47 61
47 56 61
57 41 61
21 20 62
22 21 62
4 3 65
17 16 67
29 28 67
10 9 69
45 10 69
25 24 70
34 33 71
33 57 71
46 34 71
57 61 71
61 54 71
31 30 72
30 48 72
41 31 72
38 37 73
43 58 73
58 50 73
50 63 73
44 42 74
42 55 74
55 62 75
63 50 75
5 4 76
4 65 76
44 59 76
70 44 76
59 5 76
65 70 76
15 14 77
48 15 77
14 47 77
47 41 77
41 72 77
72 48 77
54 61 78
61 56 78
45 68 78
68 54 78
64 49 79
49 68 79
68 45 79
45 69 79
53 51 80
74 66 80
50 58 81
58 66 81
66 74 81
74 55 81
55 75 81
75 50 81
23 22 82
40 39 83
63 52 83
60 46 84
49 60 84
54 68 84
68 49 84
46 71 84
71 54 84
18 17 85
27 18 85
28 27 85
17 67 85
67 28 85
58 64 86
66 58 86
80 66 86
64 79 86
36 35 87
35 46 87
46 60 87
19 2 88
2 40 88
52 19 88
40 83 88
83 52 88
37 36 89
43 73 89
73 37 89
36 87 89
42 44 90
44 70 90
24 23 90
23 82 90
70 24 90
82 42 90
20 52 91
62 20 91
75 62 91
52 63 91
63 75 91
51 59 92
59 44 92
44 74 92
74 80 92
80 51 92
3 26 93
65 3 93
26 25 93
25 70 93
70 65 93
39 38 94
38 73 94
73 63 94
63 83 94
83 39 94
12 11 95
56 12 95
78 56 95
11 45 95
45 78 95
55 42 96
42 82 96
22 62 96
82 22 96
62 55 96
58 43 97
64 58 97
60 49 97
49 64 97
87 60 97
43 89 97
89 87 97
69 53 98
79 69 98
86 79 98
53 80 98
80 86 98
30 29 99
48 30 99
29 67 99
9 8 100
8 51 100
51 53 100
53 69 100
69 9 100
16 15 101
15 48 101
48 99 101
67 16 101
99 67 101
