116
1 0 0
0 1 0
0 0 1
0.0588235 0.941176 0
0.117647 0.882353 0
0.176471 0.823529 0
0.235294 0.764706 0
0.294118 0.705882 0
0.352941 0.647059 0
0.411765 0.588235 0
0.470588 0.529412 0
0.529412 0.470588 0
0.588235 0.411765 0
0.647059 0.352941 0
0.705882 0.294118 0
0.764706 0.235294 0
0.823529 0.176471 0
0.882353 0.117647 0
0.941176 0.0588235 0
0 0.111111 0.888889
0 0.222222 0.777778
0 0.333333 0.666667
0 0.444445 0.555556
0 0.555556 0.444444
0 0.666667 0.333333
0 0.777778 0.222222
0 0.888889 0.111111
0.941176 0 0.0588235
0.882353 0 0.117647
0.823529 0 0.176471
0.764706 0 0.235294
0.705882 0 0.294118
0.647059 0 0.352941
0.588235 0 0.411765
0.529412 0 0.470588
0.470588 0 0.529412
0.411765 0 0.588235
0.352941 0 0.647059
0.294118 0 0.705882
0.235294 0 0.764706
0.176471 0 0.823529
0.117647 0 0.882353
0.0588236 0 0.941176
0.620384 0.122126 0.257489
0.0963349 0.498049 0.405616
0.284054 0.130819 0.585126
0.160232 0.610584 0.229184
0.487934 0.409733 0.102333
0.427102 0.0845495 0.488348
0.657298 0.260486 0.0822158
0.0531036 0.344881 0.602015
0.678895 0.145853 0.175252
0.743056 0.122905 0.134039
0.391723 0.280896 0.327381
0.178761 0.213927 0.607312
0.267315 0.620359 0.112326
0.0518663 0.154324 0.793809
0.319305 0.514465 0.16623
0.1759 0.326727 0.497373
0.488628 0.225831 0.285541
0.591059 0.314557 0.0943839
0.548108 0.0749228 0.376969
0.242547 0.251914 0.505539
0.198239 0.689691 0.11207
0.574894 0.224137 0.200969
0.121612 0.157275 0.721113
0.343109 0.259756 0.397135
0.793096 0.101295 0.105609
0.0823179 0.827257 0.0904254
0.225202 0.385986 0.388812
0.157006 0.428725 0.414269
0.449861 0.319581 0.230558
0.381816 0.493991 0.124193
0.849731 0.0756096 0.0746597
0.342744 0.141642 0.515614
0.0811433 0.722469 0.196388
0.49027 0.109365 0.400366
0.233294 0.120078 0.646627
0.119732 0.282422 0.597845
0.0348784 0.256158 0.708964
0.133432 0.735279 0.13129
0.0456404 0.577104 0.377256
0.711079 0.208436 0.0804852
0.522272 0.300081 0.177648
0.394959 0.386714 0.218327
0.339397 0.39899 0.261614
0.0372765 0.0654408 0.897283
0.194231 0.494473 0.311295
0.263821 0.479778 0.256401
0.0990801 0.618173 0.282747
0.0874602 0.0740274 0.838512
0.440099 0.192976 0.366925
0.546675 0.167286 0.286039
0.0492102 0.460618 0.490172
0.107775 0.385276 0.506949
0.624033 0.215604 0.160363
0.339998 0.59114 0.0688621
0.28832 0.342421 0.369259
0.90078 0.0517892 0.0474311
0.180931 0.0954019 0.723668
0.216709 0.577879 0.205412
0.0360568 0.894563 0.0693804
0.0416354 0.686295 0.27207
0.140398 0.527319 0.332283
0.388839 0.166655 0.444506
0.32564 0.0649428 0.609417
0.542128 0.385375 0.0724962
0.0388874 0.797316 0.163797
0.595104 0.0749648 0.329931
0.0789141 0.23436 0.686726
0.718135 0.0611935 0.220672
0.375498 0.0639332 0.560569
0.138016 0.0595841 0.8024
0.673214 0.0595101 0.267276
0.300393 0.22281 0.476796
0.434775 0.447874 0.117351


0 18 27
11 10 47
36 35 48
14 13 49
22 21 50
7 6 55
20 19 56
13 12 60
49 13 60
34 33 61
58 54 62
6 5 63
55 6 63
16 15 67
15 52 67
30 29 67
52 30 67
4 3 68
58 62 69
58 69 70
17 16 73
16 67 73
29 28 73
67 29 73
35 34 76
34 61 76
48 35 76
39 38 77
38 45 77
45 62 77
62 54 77
54 58 78
65 54 78
21 20 79
50 21 79
20 56 79
5 4 80
4 68 80
63 5 80
46 63 80
68 75 80
24 23 81
14 49 82
49 51 82
15 14 82
52 15 82
51 52 82
64 60 83
47 71 83
71 59 83
53 71 84
66 53 85
53 84 85
72 57 85
84 72 85
19 2 86
2 42 86
56 19 86
70 69 87
85 57 88
57 55 88
87 69 88
46 80 89
80 75 89
81 44 89
65 56 90
42 41 90
86 42 90
56 86 90
59 71 91
71 53 91
48 76 91
76 59 91
43 64 92
59 76 92
76 61 92
64 83 92
83 59 92
22 50 93
23 22 93
81 23 93
44 81 93
70 44 94
58 70 94
78 58 94
50 78 94
93 50 94
44 93 94
43 51 95
51 49 95
64 43 95
49 60 95
60 64 95
8 7 96
7 55 96
55 57 96
9 8 96
72 9 96
57 72 96
69 62 97
66 85 97
85 88 97
88 69 97
18 17 98
27 18 98
28 27 98
17 73 98
73 28 98
40 39 99
39 77 99
54 65 99
77 54 99
55 63 100
63 46 100
46 87 100
87 88 100
88 55 100
3 1 101
1 26 101
68 3 101
25 24 102
24 81 102
81 89 102
89 75 102
44 70 103
70 87 103
87 46 103
46 89 103
89 44 103
66 74 104
53 66 104
91 53 104
48 91 104
38 37 105
45 38 105
74 45 105
12 11 106
60 12 106
11 47 106
47 83 106
83 60 106
75 68 107
26 25 107
101 26 107
68 101 107
25 102 107
102 75 107
33 32 108
32 43 108
61 33 108
43 92 108
92 61 108
56 65 109
79 56 109
65 78 109
78 50 109
50 79 109
31 30 110
30 52 110
52 51 110
37 36 111
36 48 111
48 104 111
104 74 111
74 105 111
105 37 111
41 40 112
65 90 112
90 41 112
40 99 112
99 65 112
32 31 113
43 32 113
51 43 113
31 110 113
110 51 113
62 45 114
45 74 114
74 66 114
66 97 114
97 62 114
10 9 115
9 72 115
47 10 115
71 47 115
84 71 115
72 84 115
