117
1 0 0
0 1 0
0 0 1
0.0588236 0.941176 0
0.117647 0.882353 0
0.176471 0.823529 0
0.235294 0.764706 0
0.294118 0.705882 0
0.352941 0.647059 0
0.411765 0.588235 0
0.470588 0.529412 0
0.529412 0.470588 0
0.588235 0.411765 0
0.647059 0.352941 0
0.705882 0.294118 0
0.764706 0.235294 0
0.823529 0.176471 0
0.882353 0.117647 0
0.941176 0.0588235 0
0 0.111111 0.888889
0 0.222222 0.777778
0 0.333333 0.666667
0 0.444444 0.555556
0 0.555556 0.444444
0 0.666667 0.333333
0 0.777778 0.222222
0 0.888889 0.111111
0.947368 0 0.0526316
0.894737 0 0.105263
0.842105 0 0.157895
0.789474 0 0.210526
0.736842 0 0.263158
0.684211 0 0.315789
0.631579 0 0.368421
0.578947 0 0.421053
0.526316 0 0.473684
0.473684 0 0.526316
0.421053 0 0.578947
0.368421 0 0.631579
0.315789 0 0.684211
0.263158 0 0.736842
0.210526 0 0.789474
0.157895 0 0.842105
0.105263 0 0.894737
0.0526316 0 0.947368
0.62828 0.11427 0.257451
0.0994282 0.491342 0.409229
0.286211 0.156291 0.557497
0.152927 0.622871 0.224202
0.487105 0.414358 0.0985378
0.799134 0.070651 0.130215
0.421165 0.0857347 0.493101
0.669871 0.240782 0.0893478
0.0402376 0.338298 0.621464
0.681491 0.121268 0.197241
0.738735 0.117237 0.144028
0.393692 0.280021 0.326288
0.171523 0.258778 0.569699
0.272171 0.630598 0.0972315
0.0535631 0.127922 0.818515
0.315454 0.520771 0.163776
0.046688 0.62045 0.332862
0.196098 0.324236 0.479666
0.505343 0.209058 0.285599
0.270287 0.518814 0.210898
0.595781 0.321484 0.0827348
0.538225 0.0922659 0.369509
0.246536 0.254176 0.499287
0.202326 0.677916 0.119759
0.567376 0.230314 0.202311
0.0745773 0.383717 0.541706
0.131041 0.138459 0.730501
0.341915 0.264967 0.393118
0.0921357 0.81966 0.0882046
0.238461 0.365317 0.396221
0.445706 0.339689 0.214605
0.39692 0.500534 0.102546
0.841663 0.0847452 0.0735916
0.352899 0.126445 0.520655
0.0792722 0.713255 0.207473
0.493999 0.120515 0.385487
0.334704 0.586255 0.0790403
0.224675 0.177274 0.598051
0.174449 0.47511 0.350441
0.1237 0.266758 0.609542
0.036391 0.247815 0.715794
0.575444 0.115363 0.309194
0.0392553 0.851055 0.10969
0.134451 0.722358 0.143191
0.394004 0.385528 0.220468
0.338516 0.397022 0.264462
0.0433655 0.49949 0.457144
0.508964 0.304534 0.186502
0.441882 0.188981 0.369137
0.210338 0.557922 0.23174
0.784959 0.147766 0.0672757
0.320951 0.0723528 0.606696
0.730106 0.205572 0.0643218
0.111767 0.584484 0.303749
0.101863 0.0991144 0.799023
0.219361 0.0779796 0.70266
0.624498 0.216388 0.159114
0.541203 0.360045 0.0987514
0.137153 0.379522 0.483325
0.292628 0.373878 0.333494
0.0807966 0.231762 0.687441
0.175096 0.0680327 0.756871
0.469088 0.0772748 0.453637
0.24132 0.457333 0.301346
0.293476 0.256958 0.449566
0.913456 0.0438035 0.0427406
0.442232 0.475488 0.0822798
0.172654 0.16106 0.666285
0.36096 0.476986 0.162054
0.389477 0.176218 0.434305
0.272026 0.0736337 0.654341
0.146173 0.789363 0.0644636


0 18 27
19 2 44
33 32 45
11 10 49
30 29 50
37 36 51
14 13 52
22 21 53
32 31 54
45 32 54
31 30 55
30 50 55
54 31 55
52 54 55
7 6 58
20 19 59
19 44 59
44 43 59
25 24 61
24 23 61
60 58 64
13 12 65
52 13 65
35 34 66
6 5 68
58 6 68
64 58 68
22 53 70
4 3 73
62 67 74
9 8 76
17 16 77
28 17 77
29 28 77
50 29 77
38 37 78
37 51 78
25 61 79
35 66 80
66 63 80
8 7 81
7 58 81
58 60 81
76 8 81
47 67 82
62 57 82
67 62 82
62 74 83
21 20 85
53 21 85
20 59 85
34 33 86
66 34 86
33 45 86
63 66 86
69 63 86
45 69 86
3 1 87
1 26 87
73 3 87
26 25 87
25 79 87
79 73 87
48 68 88
73 79 88
79 48 88
56 75 89
75 76 89
60 64 90
72 56 90
56 89 90
46 61 91
61 23 91
23 22 91
22 70 91
70 46 91
63 69 92
49 75 92
75 63 92
63 75 93
80 63 93
75 56 93
64 68 94
68 48 94
48 83 94
16 15 95
55 50 95
50 77 95
77 16 95
39 38 96
38 78 96
78 47 96
15 14 97
14 52 97
52 55 97
55 95 97
95 15 97
48 79 98
61 46 98
79 61 98
46 83 98
83 48 98
43 42 99
42 71 99
59 43 99
41 40 100
45 54 101
54 52 101
52 65 101
65 69 101
69 45 101
12 11 102
65 12 102
11 49 102
49 92 102
69 65 102
92 69 102
57 62 103
46 70 103
62 83 103
83 46 103
70 84 103
84 57 103
90 64 104
72 90 104
70 53 105
84 70 105
71 84 105
53 85 105
99 71 105
85 59 105
59 99 105
42 41 106
71 42 106
41 100 106
36 35 107
35 80 107
51 36 107
93 51 107
80 93 107
83 74 108
94 83 108
64 94 108
104 64 108
74 104 108
67 47 109
47 78 109
78 72 109
72 104 109
74 67 109
104 74 109
18 17 110
17 28 110
27 18 110
28 27 110
10 9 111
9 76 111
49 10 111
75 49 111
76 75 111
57 84 112
84 71 112
82 57 112
100 82 112
71 106 112
106 100 112
76 81 113
81 60 113
89 76 113
60 90 113
90 89 113
56 72 114
72 78 114
78 51 114
51 93 114
93 56 114
40 39 115
47 82 115
39 96 115
96 47 115
82 100 115
100 40 115
5 4 116
4 73 116
73 88 116
68 5 116
88 68 116
