76
1 0 0
0 1 0
0 0 1
0.0588235 0.941176 0
0.117647 0.882353 0
0.176471 0.823529 0
0.235294 0.764706 0
0.294118 0.705882 0
0.352941 0.647059 0
0.411765 0.588235 0
0.470588 0.529412 0
0.529412 0.470588 0
0.588235 0.411765 0
0.647059 0.352941 0
0.705882 0.294118 0
0.764706 0.235294 0
0.823529 0.176471 0
0.882353 0.117647 0
0.941176 0.0588235 0
0 0.111111 0.888889
0 0.222222 0.777778
0 0.333333 0.666667
0 0.444445 0.555556
0 0.555556 0.444444
0 0.666667 0.333333
0 0.777778 0.222222
0 0.888889 0.111111
0.909091 0 0.0909091
0.818182 0 0.181818
0.727273 0 0.272727
0.636364 0 0.363636
0.545455 0 0.454545
0.454545 0 0.545455
0.363636 0 0.636364
0.272727 0 0.727273
0.181818 0 0.818182
0.0909091 0 0.909091
0.623042 0.104701 0.272257
0.094234 0.4788 0.426966
0.297797 0.160044 0.54216
0.162826 0.59293 0.244244
0.805691 0.0744439 0.119865
0.455258 0.100562 0.44418
0.72485 0.113981 0.161169
0.400469 0.2635 0.336032
0.175282 0.258289 0.566429
0.258041 0.604173 0.137786
0.307957 0.515468 0.176574
0.373733 0.12433 0.501936
0.477296 0.224572 0.298131
0.628734 0.263427 0.107839
0.117601 0.388857 0.493542
0.494262 0.352717 0.15302
0.564307 0.301903 0.13379
0.532316 0.081352 0.386332
0.243476 0.24603 0.510494
0.125554 0.148358 0.726088
0.67052 0.196577 0.132903
0.217702 0.374089 0.40821
0.0791028 0.773324 0.147574
0.389062 0.492124 0.118814
0.424024 0.406093 0.169883
0.141907 0.702718 0.155375
0.562652 0.182134 0.255214
0.0484255 0.852415 0.0991598
0.100429 0.257451 0.642119
0.319988 0.394316 0.285696
0.200233 0.496183 0.303584
0.0744885 0.579419 0.346092
0.204061 0.0946214 0.701318
0.87285 0.0480587 0.0790917
0.0547872 0.075655 0.869558
0.337809 0.297276 0.364915
0.0558565 0.310009 0.634135
0.217726 0.677463 0.104811
0.0593481 0.668108 0.272544


3 1 26
0 18 27
31 30 37
22 21 38
17 16 41
29 28 41
33 32 42
16 15 43
30 29 43
37 30 43
29 41 43
41 16 43
8 7 46
9 8 47
8 46 47
34 33 48
39 34 48
33 42 48
44 39 48
44 48 49
48 42 49
14 13 50
38 21 51
12 11 52
44 49 52
13 12 53
50 13 53
12 52 53
52 49 53
32 31 54
42 32 54
31 37 54
55 45 56
15 14 57
37 43 57
43 15 57
14 50 57
45 55 58
5 4 59
25 24 59
10 9 60
9 47 60
11 10 61
52 11 61
44 52 61
10 60 61
6 5 62
5 59 62
50 53 63
53 49 63
54 37 63
49 42 63
42 54 63
37 57 63
57 50 63
4 3 64
3 26 64
26 25 64
25 59 64
59 4 64
20 19 65
19 56 65
56 45 65
45 58 65
58 51 65
47 58 66
60 47 66
58 55 66
61 60 66
40 38 67
46 40 67
38 51 67
47 46 67
51 58 67
58 47 67
23 22 68
22 38 68
38 40 68
40 62 68
35 34 69
34 39 69
36 35 69
56 36 69
39 55 69
55 56 69
18 17 70
27 18 70
28 27 70
17 41 70
41 28 70
19 2 71
56 19 71
2 36 71
36 56 71
39 44 72
55 39 72
66 55 72
44 61 72
61 66 72
21 20 73
51 21 73
20 65 73
65 51 73
7 6 74
40 46 74
46 7 74
6 62 74
62 40 74
59 24 75
62 59 75
24 23 75
23 68 75
68 62 75
