171
1 0 0
0 1 0
0 0 1
0.0555556 0.944444 0
0.111111 0.888889 0
0.166667 0.833333 0
0.222222 0.777778 0
0.277778 0.722222 0
0.333333 0.666667 0
0.388889 0.611111 0
0.444444 0.555556 0
0.5 0.5 0
0.555556 0.444444 0
0.611111 0.388889 0
0.666667 0.333333 0
0.722222 0.277778 0
0.777778 0.222222 0
0.833333 0.166667 0
0.888889 0.111111 0
0.944444 0.0555556 0
0 0.0625 0.9375
0 0.125 0.875
0 0.1875 0.8125
0 0.25 0.75
0 0.3125 0.6875
0 0.375 0.625
0 0.4375 0.5625
0 0.5 0.5
0 0.5625 0.4375
0 0.625 0.375
0 0.6875 0.3125
0 0.75 0.25
0 0.8125 0.1875
0 0.875 0.125
0 0.9375 0.0625
0.944444 0 0.0555556
0.888889 0 0.111111
0.833333 0 0.166667
0.777778 0 0.222222
0.722222 0 0.277778
0.666667 0 0.333333
0.611111 0 0.388889
0.555556 0 0.444444
0.5 0 0.5
0.444444 0 0.555556
0.388889 0 0.611111
0.333333 0 0.666667
0.277778 0 0.722222
0.222222 0 0.777778
0.166667 0 0.833333
0.111111 0 0.888889
0.0555556 0 0.944444
0.119754 0.84083 0.0394165
0.623514 0.123727 0.25276
0.104134 0.491179 0.404686
0.277997 0.129275 0.592729
0.15662 0.626365 0.217016
0.496755 0.402853 0.100392
0.790751 0.0577614 0.151488
0.427558 0.0685238 0.503918
0.653099 0.268411 0.0784896
0.0447165 0.345185 0.610099
0.684725 0.122161 0.193113
0.760626 0.174145 0.0652287
0.742986 0.119805 0.137208
0.385888 0.265057 0.349055
0.16671 0.254632 0.578658
0.71633 0.230538 0.0531328
0.267971 0.633336 0.0986928
0.0504882 0.135329 0.814183
0.678711 0.057538 0.263751
0.330713 0.519084 0.150203
0.0456577 0.628326 0.326016
0.380703 0.138056 0.481241
0.183265 0.353246 0.463489
0.496863 0.232903 0.270234
0.275447 0.503799 0.220754
0.156951 0.54144 0.301609
0.117165 0.403857 0.478978
0.337986 0.579024 0.0829896
0.590858 0.319691 0.0894516
0.892083 0.05252 0.0553972
0.554094 0.0666141 0.379292
0.152096 0.197083 0.650822
0.25912 0.24481 0.49607
0.192929 0.683471 0.1236
0.337239 0.0555978 0.607163
0.585943 0.260173 0.153883
0.0754196 0.374172 0.550409
0.521297 0.28043 0.198272
0.120559 0.130556 0.748885
0.568933 0.19494 0.236126
0.340998 0.256044 0.402959
0.167202 0.770012 0.0627865
0.0964942 0.816792 0.0867141
0.229578 0.395147 0.375275
0.1605 0.422314 0.417185
0.0787892 0.776391 0.14482
0.449442 0.321399 0.229159
0.400323 0.503245 0.096432
0.436007 0.428852 0.135141
0.273012 0.0681239 0.658864
0.13889 0.686982 0.174128
0.0832458 0.706703 0.210052
0.233741 0.0429746 0.723284
0.495392 0.124796 0.379812
0.0918523 0.206089 0.702059
0.456368 0.197033 0.346598
0.483326 0.455028 0.0616451
0.434673 0.273023 0.292304
0.634535 0.193443 0.172023
0.220709 0.61784 0.161451
0.175931 0.469862 0.354207
0.108997 0.291673 0.59933
0.494597 0.0634377 0.441965
0.040114 0.251238 0.708648
0.614983 0.0653989 0.319618
0.396556 0.393415 0.210028
0.801357 0.116288 0.0823544
0.0454701 0.565906 0.388624
0.0579209 0.883163 0.0589162
0.439577 0.131276 0.429148
0.131405 0.0582586 0.810337
0.339211 0.391766 0.269023
0.734896 0.0574407 0.207663
0.309929 0.335692 0.35438
0.0427971 0.51056 0.446643
0.074307 0.271114 0.65458
0.537638 0.33887 0.123491
0.100522 0.623415 0.276063
0.286356 0.180034 0.53361
0.243967 0.317028 0.439005
0.241139 0.703788 0.0550727
0.84747 0.103438 0.0490924
0.326609 0.198889 0.474502
0.0400645 0.772665 0.18727
0.284819 0.42595 0.289232
0.557591 0.390194 0.0522146
0.222134 0.141146 0.636721
0.216664 0.556776 0.22656
0.0929946 0.564726 0.34228
0.0567634 0.447859 0.495377
0.0500308 0.191983 0.757986
0.544616 0.141549 0.313835
0.3906 0.196936 0.412464
0.0588965 0.0416717 0.899432
0.222756 0.204024 0.573219
0.381429 0.33161 0.28696
0.343094 0.111894 0.545012
0.141374 0.326441 0.532185
0.196648 0.105153 0.6982
0.396603 0.559778 0.0436189
0.843579 0.0507838 0.105637
0.332354 0.454871 0.212774
0.275862 0.569973 0.154165
0.694368 0.187186 0.118446
0.227194 0.478818 0.293988
0.37882 0.463231 0.157949
0.0407686 0.831278 0.127953
0.180009 0.0559483 0.764042
0.620492 0.339162 0.0403468
0.474588 0.359631 0.16578
0.085223 0.078939 0.835838
0.126861 0.745688 0.127452
0.0453261 0.685128 0.269546
0.311941 0.646584 0.0414748
0.392429 0.0454529 0.562118
0.203109 0.280983 0.515908
0.444264 0.513021 0.0427149
0.292325 0.274171 0.433504
0.0343567 0.0884205 0.877223


3 1 34
0 19 35
20 2 51
5 4 52
38 37 58
44 43 59
15 14 60
26 25 61
25 24 61
17 16 63
16 15 67
63 16 67
15 60 67
22 21 69
40 39 70
62 53 70
30 29 72
19 18 81
35 19 81
36 35 81
42 41 82
46 45 86
60 80 87
26 61 88
87 89 91
89 75 91
6 5 93
5 52 93
93 52 94
54 78 96
78 74 96
74 95 96
75 89 98
79 71 99
47 46 101
46 86 101
86 55 101
56 85 102
56 102 103
48 47 104
47 101 104
90 83 106
12 11 108
100 57 108
99 100 108
75 98 109
65 107 109
107 75 109
60 87 110
53 62 110
91 53 110
87 91 110
68 85 111
85 56 111
77 54 112
54 96 112
96 95 112
88 61 113
83 66 113
43 42 114
42 82 114
59 43 114
82 105 114
24 23 115
41 40 116
40 70 116
70 53 116
82 41 116
17 63 118
63 64 118
64 58 118
29 28 119
72 29 119
4 3 120
52 4 120
94 52 120
3 34 120
34 33 120
73 59 121
105 107 121
59 114 121
114 105 121
50 49 122
38 58 124
58 64 124
64 62 124
39 38 124
70 39 124
62 70 124
92 65 125
28 27 126
119 28 126
54 119 126
106 83 127
83 113 127
61 24 127
24 115 127
113 61 127
115 106 127
87 80 128
89 87 128
77 56 129
56 103 129
95 74 131
125 95 131
7 6 132
85 68 132
6 93 132
93 85 132
18 17 133
17 118 133
81 18 133
84 130 134
32 31 135
31 103 135
103 97 135
95 125 136
125 123 136
13 12 137
12 108 137
108 57 137
57 128 137
128 80 137
101 55 138
56 77 139
111 56 139
54 77 140
119 54 140
72 119 140
129 72 140
77 129 140
27 26 141
26 88 141
78 54 141
54 126 141
126 27 141
88 78 141
69 90 142
90 106 142
23 22 142
115 23 142
22 69 142
106 115 142
105 82 143
91 75 143
75 107 143
107 105 143
53 91 143
116 53 143
82 116 143
65 92 144
73 121 144
107 65 144
121 107 144
92 134 144
134 73 144
20 51 145
51 50 145
130 84 146
66 83 146
83 138 146
55 130 146
138 55 146
109 98 147
98 117 147
65 109 147
117 123 147
123 125 147
125 65 147
55 86 148
59 73 148
130 55 148
73 134 148
134 130 148
74 78 149
78 88 149
113 66 149
88 113 149
83 90 150
138 83 150
104 101 150
101 138 150
10 9 151
9 79 151
79 99 151
37 36 152
58 37 152
36 81 152
81 133 152
118 58 152
133 118 152
71 76 153
123 117 153
76 136 153
136 123 153
71 79 154
79 68 154
68 111 154
76 71 154
111 139 154
139 76 154
64 63 155
63 67 155
67 60 155
60 110 155
62 64 155
110 62 155
136 76 156
112 95 156
95 136 156
77 112 156
139 77 156
76 139 156
99 71 157
71 153 157
100 99 157
117 100 157
153 117 157
33 32 158
97 94 158
94 120 158
120 33 158
32 135 158
135 97 158
49 48 159
122 49 159
48 104 159
90 122 159
150 90 159
104 150 159
14 13 160
60 14 160
80 60 160
13 137 160
137 80 160
57 100 161
100 117 161
117 98 161
128 57 161
98 89 161
89 128 161
90 69 162
122 90 162
50 122 162
145 50 162
93 94 163
94 97 163
85 93 163
102 85 163
97 103 163
103 102 163
31 30 164
103 31 164
30 72 164
72 129 164
129 103 164
9 8 165
79 9 165
68 79 165
8 7 165
7 132 165
132 68 165
45 44 166
44 59 166
86 45 166
59 148 166
148 86 166
84 131 167
131 74 167
66 146 167
146 84 167
74 149 167
149 66 167
11 10 168
108 11 168
99 108 168
10 151 168
151 99 168
131 84 169
92 125 169
125 131 169
84 134 169
134 92 169
21 20 170
20 145 170
69 21 170
162 69 170
145 162 170
