109
1 0 0
0 1 0
0 0 1
0.0555556 0.944444 0
0.111111 0.888889 0
0.166667 0.833333 0
0.222222 0.777778 0
0.277778 0.722222 0
0.333333 0.666667 0
0.388889 0.611111 0
0.444444 0.555556 0
0.5 0.5 0
0.555556 0.444444 0
0.611111 0.388889 0
0.666667 0.333333 0
0.722222 0.277778 0
0.777778 0.222222 0
0.833333 0.166667 0
0.888889 0.111111 0
0.944444 0.0555556 0
0 0.0769231 0.923077
0 0.153846 0.846154
0 0.230769 0.769231
0 0.307692 0.692308
0 0.384615 0.615385
0 0.461538 0.538462
0 0.538462 0.461538
0 0.615385 0.384615
0 0.692308 0.307692
0 0.769231 0.230769
0 0.846154 0.153846
0 0.923077 0.0769231
0.909091 0 0.0909091
0.818182 0 0.181818
0.727273 0 0.272727
0.636364 0 0.363636
0.545455 0 0.454545
0.454545 0 0.545455
0.363636 0 0.636364
0.272727 0 0.727273
0.181818 0 0.818182
0.0909091 0 0.909091
0.633197 0.112161 0.254642
0.0863362 0.490584 0.42308
0.291037 0.133349 0.575614
0.162187 0.60853 0.229283
0.478631 0.413888 0.107481
0.790509 0.0615561 0.147935
0.426108 0.0635428 0.51035
0.650807 0.264234 0.0849587
0.0560251 0.35093 0.593045
0.739 0.135631 0.125369
0.41504 0.257663 0.327297
0.165669 0.258051 0.576279
0.256359 0.636726 0.106915
0.695163 0.0580642 0.246773
0.314101 0.517195 0.168704
0.376967 0.128087 0.494946
0.18014 0.338667 0.481193
0.496331 0.229162 0.274506
0.148175 0.541994 0.309831
0.12971 0.403704 0.466586
0.589785 0.320799 0.089416
0.870528 0.0513074 0.0781651
0.53245 0.0742331 0.393317
0.253935 0.243934 0.502131
0.181799 0.691129 0.127072
0.578728 0.245114 0.176158
0.13073 0.135714 0.733556
0.551219 0.165525 0.283256
0.142249 0.766304 0.0914471
0.648287 0.185888 0.165824
0.0783571 0.824143 0.0974998
0.233749 0.399569 0.366681
0.443739 0.335534 0.220726
0.392611 0.520534 0.0868551
0.242855 0.0739144 0.683231
0.0949284 0.707032 0.19804
0.474188 0.123749 0.402063
0.326941 0.585206 0.0878537
0.092893 0.192401 0.714706
0.182255 0.474687 0.343059
0.340011 0.297514 0.362475
0.421996 0.452127 0.125877
0.391438 0.379863 0.228699
0.0712032 0.572361 0.356436
0.0509143 0.887106 0.0619801
0.145618 0.071696 0.782686
0.0701838 0.272865 0.656951
0.115924 0.323682 0.560394
0.327085 0.204347 0.468568
0.508809 0.297324 0.193867
0.438497 0.183887 0.377616
0.312279 0.365241 0.32248
0.0660434 0.109172 0.824785
0.333749 0.441599 0.224652
0.20607 0.164211 0.629719
0.710166 0.212395 0.077439
0.822894 0.110984 0.0661219
0.258535 0.475364 0.266101
0.0647623 0.757325 0.177913
0.331625 0.0615041 0.606871
0.237276 0.553852 0.208872
0.609566 0.0482614 0.342172
0.0553327 0.421495 0.523172
0.53407 0.372047 0.0938834
0.0833116 0.645544 0.271144
0.0577289 0.0442259 0.898045
0.249019 0.315335 0.435647


3 1 31
0 19 32
26 25 43
12 11 46
34 33 47
38 37 48
15 14 49
24 23 50
17 16 51
8 7 54
35 34 55
51 42 55
34 47 55
47 51 55
14 13 62
49 14 62
19 18 63
32 19 63
33 32 63
47 33 63
37 36 64
48 37 64
7 6 66
45 54 66
54 7 66
49 62 67
67 59 69
64 42 69
6 5 70
66 6 70
42 51 71
69 42 71
49 67 71
67 69 71
5 4 72
30 29 72
70 5 72
61 58 73
10 9 75
11 10 75
40 39 76
66 70 77
57 48 78
48 64 78
64 69 78
9 8 79
8 54 79
56 75 79
75 9 79
22 21 80
60 43 81
43 61 81
61 73 81
52 74 82
46 11 83
11 75 83
74 46 84
46 83 84
82 74 84
27 26 85
26 43 85
43 60 85
60 45 85
4 3 86
3 31 86
31 30 86
30 72 86
72 4 86
41 40 87
40 76 87
23 22 88
50 23 88
22 80 88
80 53 88
58 61 89
61 50 89
53 58 89
88 53 89
50 88 89
44 57 90
52 82 90
82 65 90
59 67 91
67 62 91
52 59 91
74 52 91
59 52 92
57 78 92
69 59 92
78 69 92
52 90 92
90 57 92
82 84 93
21 20 94
68 80 94
80 21 94
87 68 94
75 56 95
83 75 95
73 93 95
84 83 95
93 84 95
65 53 96
76 44 96
53 80 96
80 68 96
68 87 96
87 76 96
44 90 96
90 65 96
16 15 97
15 49 97
49 71 97
51 16 97
71 51 97
18 17 98
17 51 98
51 47 98
47 63 98
63 18 98
81 73 99
73 95 99
95 56 99
70 72 100
72 29 100
29 28 100
28 77 100
77 70 100
38 48 101
48 57 101
39 38 101
76 39 101
57 44 101
44 76 101
54 45 102
45 60 102
79 54 102
56 79 102
99 56 102
60 81 102
81 99 102
35 55 103
55 42 103
36 35 103
64 36 103
42 64 103
25 24 104
43 25 104
61 43 104
24 50 104
50 61 104
13 12 105
12 46 105
62 13 105
91 62 105
46 74 105
74 91 105
28 27 106
77 28 106
45 66 106
66 77 106
85 45 106
27 85 106
20 2 107
2 41 107
94 20 107
41 87 107
87 94 107
58 53 108
53 65 108
65 82 108
82 93 108
73 58 108
93 73 108
