177
1 0 0
0 1 0
0 0 1
0.0555555 0.944444 0
0.111111 0.888889 0
0.166667 0.833333 0
0.222222 0.777778 0
0.277778 0.722222 0
0.333333 0.666667 0
0.388889 0.611111 0
0.444444 0.555556 0
0.5 0.5 0
0.555556 0.444444 0
0.611111 0.388889 0
0.666667 0.333333 0
0.722222 0.277778 0
0.777778 0.222222 0
0.833333 0.166667 0
0.888889 0.111111 0
0.944444 0.0555556 0
0 0.0526316 0.947368
0 0.105263 0.894737
0 0.157895 0.842105
0 0.210526 0.789474
0 0.263158 0.736842
0 0.315789 0.684211
0 0.368421 0.631579
0 0.421053 0.578947
0 0.473684 0.526316
0 0.526316 0.473684
0 0.578947 0.421053
0 0.631579 0.368421
0 0.684211 0.315789
0 0.736842 0.263158
0 0.789474 0.210526
0 0.842105 0.157895
0 0.894737 0.105263
0 0.947368 0.0526316
0.9375 0 0.0625
0.875 0 0.125
0.8125 0 0.1875
0.75 0 0.25
0.6875 0 0.3125
0.625 0 0.375
0.5625 0 0.4375
0.5 0 0.5
0.4375 0 0.5625
0.375 0 0.625
0.3125 0 0.6875
0.25 0 0.75
0.1875 0 0.8125
0.125 0 0.875
0.0625 0 0.9375
0.639438 0.112078 0.248484
0.106208 0.494918 0.398874
0.270571 0.136758 0.592672
0.168585 0.601343 0.230072
0.483553 0.411269 0.105178
0.801428 0.0547595 0.143812
0.421851 0.065587 0.512562
0.654728 0.287901 0.0573705
0.668271 0.137225 0.194504
0.749211 0.180946 0.0698427
0.747517 0.125935 0.126548
0.38304 0.265564 0.351395
0.659698 0.0642865 0.276015
0.167816 0.24335 0.588834
0.272125 0.631548 0.096327
0.0636799 0.140665 0.795655
0.332488 0.515245 0.152267
0.0475211 0.640832 0.311647
0.375128 0.139067 0.485804
0.189734 0.327486 0.48278
0.500451 0.222411 0.277138
0.157478 0.548461 0.29406
0.117803 0.394022 0.488175
0.342702 0.576074 0.0812241
0.583823 0.335531 0.080646
0.483274 0.46113 0.0555961
0.88598 0.0493117 0.0647078
0.546506 0.0787439 0.37475
0.138913 0.193967 0.66712
0.258316 0.26557 0.476114
0.201024 0.681497 0.117479
0.357889 0.0421368 0.599974
0.813079 0.134007 0.0529142
0.599559 0.241159 0.159282
0.291563 0.48284 0.225597
0.0646343 0.37628 0.559086
0.0600883 0.327296 0.612616
0.136974 0.128656 0.734369
0.582578 0.169137 0.248285
0.324694 0.264074 0.411232
0.145957 0.788668 0.0653756
0.529044 0.291408 0.179549
0.655703 0.183383 0.160914
0.669096 0.229181 0.101723
0.0873021 0.833151 0.0795472
0.233495 0.396495 0.370009
0.146954 0.435603 0.417443
0.0671094 0.797055 0.135836
0.44312 0.335636 0.221244
0.401027 0.510352 0.0886212
0.25177 0.0480283 0.700202
0.146332 0.67239 0.181277
0.0762212 0.710159 0.21362
0.48695 0.134018 0.379032
0.249219 0.208176 0.542605
0.734851 0.0372187 0.22793
0.449174 0.208623 0.342203
0.435461 0.275712 0.288827
0.212529 0.116659 0.670811
0.216617 0.622799 0.160584
0.178525 0.480233 0.341242
0.431419 0.393374 0.175207
0.417265 0.456622 0.126113
0.500255 0.0609353 0.43881
0.575324 0.111649 0.313027
0.0574126 0.890049 0.0525381
0.0937023 0.271113 0.635185
0.437848 0.121125 0.441027
0.829433 0.0914806 0.0790868
0.12598 0.0752239 0.798796
0.35131 0.402183 0.246507
0.04312 0.0562159 0.900664
0.312791 0.328252 0.358957
0.322351 0.206627 0.471023
0.103348 0.600506 0.296146
0.261402 0.686189 0.0524084
0.612523 0.0488134 0.338663
0.0548931 0.240608 0.704499
0.193186 0.0615955 0.745219
0.0559717 0.095403 0.848625
0.0494059 0.430509 0.520085
0.516351 0.35005 0.133599
0.0765238 0.184104 0.739373
0.104314 0.545424 0.350261
0.558632 0.226262 0.215106
0.364351 0.447916 0.187733
0.549353 0.395524 0.055123
0.12909 0.31823 0.55268
0.313505 0.158097 0.528398
0.397885 0.193005 0.40911
0.25492 0.324631 0.420448
0.373397 0.332372 0.294231
0.338927 0.0980076 0.563066
0.25993 0.445586 0.294484
0.714791 0.0847086 0.2005
0.284034 0.578375 0.137591
0.515367 0.168184 0.316449
0.0486988 0.537757 0.413544
0.592717 0.287292 0.119991
0.246121 0.556541 0.197338
0.0637001 0.472961 0.463339
0.94763 0.0246486 0.0277212
0.288763 0.0715793 0.639657
0.321935 0.633736 0.0443281
0.125809 0.736212 0.13798
0.447253 0.514293 0.0384536
0.217031 0.521089 0.26188
0.199066 0.273773 0.527161
0.570606 0.0324564 0.396938
0.101658 0.0380099 0.860332
0.399382 0.558176 0.0424415
0.0524566 0.7554 0.192144
0.720384 0.237694 0.0419223
0.188258 0.375645 0.436096
0.209173 0.178584 0.612243
0.199466 0.733341 0.0671934
0.490024 0.275377 0.234598
0.0421499 0.686898 0.270952
0.614723 0.348233 0.0370446
0.117689 0.846667 0.0356438
0.304244 0.382778 0.312979
0.0477163 0.59107 0.361214
0.0382694 0.852505 0.109226
0.0993608 0.653588 0.247052


3 1 37
20 2 52
40 39 58
46 45 59
15 14 60
17 16 62
23 22 68
32 31 70
12 11 78
19 18 79
39 38 79
58 39 79
48 47 84
47 46 84
46 59 84
18 17 85
17 62 85
62 63 85
27 26 88
26 25 89
88 26 89
53 61 91
6 5 93
61 63 95
63 62 95
91 61 95
95 62 96
86 95 96
35 34 100
93 97 100
76 69 102
49 48 103
41 40 108
40 58 108
42 41 108
65 42 108
64 109 110
109 73 110
81 90 111
67 83 112
83 104 112
104 56 112
54 99 113
99 98 113
57 78 115
78 102 115
114 57 115
102 69 115
45 44 116
59 45 116
80 106 116
65 53 117
53 91 117
106 80 117
4 3 118
3 37 118
37 36 118
89 25 119
81 66 119
71 59 120
59 116 120
116 106 120
79 18 121
18 85 121
63 58 121
85 63 121
58 79 121
90 68 122
101 114 123
21 20 124
20 52 124
92 64 125
92 82 126
82 107 126
74 56 127
8 7 128
83 67 128
43 42 129
42 65 129
65 117 129
117 80 129
24 23 130
25 24 130
119 25 130
81 119 130
103 111 131
111 90 131
50 49 131
122 50 131
49 103 131
90 122 131
22 21 132
68 22 132
21 124 132
122 68 132
28 27 133
27 88 133
88 75 133
57 114 134
101 94 134
114 101 134
23 68 135
130 23 135
68 90 135
90 81 135
81 130 135
54 113 136
113 74 136
74 127 136
73 91 137
86 94 137
91 95 137
95 86 137
69 87 138
115 69 138
114 115 138
123 114 138
87 123 138
13 12 139
12 78 139
78 57 139
57 134 139
134 77 139
72 75 140
75 88 140
88 89 140
89 119 140
119 66 140
107 55 141
71 126 141
126 107 141
64 92 142
109 64 142
106 109 142
120 106 142
92 126 142
71 120 142
126 71 142
72 82 143
82 92 143
92 125 143
125 98 143
64 110 144
125 64 144
110 101 144
101 123 144
59 71 145
71 141 145
84 59 145
141 55 145
113 98 146
123 87 146
58 63 147
108 58 147
63 61 147
61 53 147
53 65 147
65 108 147
69 76 148
76 67 148
67 112 148
73 109 149
109 106 149
91 73 149
117 91 149
106 117 149
30 29 150
54 136 150
60 77 151
94 86 151
86 96 151
96 60 151
77 134 151
134 94 151
112 56 152
148 112 152
87 69 152
69 148 152
29 28 153
28 133 153
99 54 153
75 99 153
133 75 153
54 150 153
150 29 153
0 19 154
38 0 154
19 79 154
79 38 154
48 84 155
103 48 155
55 111 155
111 103 155
84 145 155
145 55 155
9 8 156
76 9 156
67 76 156
8 128 156
128 67 156
93 100 157
104 83 157
105 104 157
11 10 158
78 11 158
102 78 158
146 87 159
74 113 159
113 146 159
56 74 159
152 56 159
87 152 159
82 72 160
66 107 160
107 82 160
72 140 160
140 66 160
44 43 161
80 116 161
116 44 161
43 129 161
129 80 161
51 50 162
50 122 162
52 51 162
124 52 162
122 132 162
132 124 162
10 9 163
9 76 163
158 10 163
76 102 163
102 158 163
34 33 164
33 105 164
100 34 164
105 157 164
157 100 164
16 15 165
62 16 165
96 62 165
15 60 165
60 96 165
75 72 166
99 75 166
98 99 166
72 143 166
143 98 166
66 81 167
55 107 167
107 66 167
81 111 167
111 55 167
7 6 168
128 7 168
6 93 168
83 128 168
93 157 168
157 83 168
110 73 169
94 101 169
101 110 169
73 137 169
137 94 169
33 32 170
105 33 170
32 70 170
14 13 171
60 14 171
77 60 171
13 139 171
139 77 171
5 4 172
93 5 172
97 93 172
4 118 172
118 97 172
98 125 173
125 144 173
144 123 173
123 146 173
146 98 173
70 31 174
127 70 174
31 30 174
136 127 174
30 150 174
150 136 174
36 35 175
35 100 175
100 97 175
97 118 175
118 36 175
56 104 176
127 56 176
104 105 176
105 170 176
70 127 176
170 70 176
