136
1 0 0
0 1 0
0 0 1
0.0555556 0.944444 0
0.111111 0.888889 0
0.166667 0.833333 0
0.222222 0.777778 0
0.277778 0.722222 0
0.333333 0.666667 0
0.388889 0.611111 0
0.444444 0.555556 0
0.5 0.5 0
0.555556 0.444444 0
0.611111 0.388889 0
0.666667 0.333333 0
0.722222 0.277778 0
0.777778 0.222222 0
0.833333 0.166667 0
0.888889 0.111111 0
0.944444 0.0555556 0
0 0.0909091 0.909091
0 0.181818 0.818182
0 0.272727 0.727273
0 0.363636 0.636364
0 0.454545 0.545454
0 0.545455 0.454545
0 0.636364 0.363636
0 0.727273 0.272727
0 0.818182 0.181818
0 0.909091 0.0909091
0.941176 0 0.0588235
0.882353 0 0.117647
0.823529 0 0.176471
0.764706 0 0.235294
0.705882 0 0.294118
0.647059 0 0.352941
0.588235 0 0.411765
0.529412 0 0.470588
0.470588 0 0.529412
0.411765 0 0.588235
0.352941 0 0.647059
0.294118 0 0.705882
0.235294 0 0.764706
0.176471 0 0.823529
0.117647 0 0.882353
0.0588236 0 0.941176
0.628168 0.120374 0.251458
0.0980916 0.477789 0.424119
0.269662 0.143589 0.586748
0.169455 0.594472 0.236073
0.490892 0.401633 0.107475
0.784113 0.0755174 0.140369
0.424367 0.0702923 0.50534
0.636255 0.283252 0.0804929
0.034787 0.346271 0.618942
0.681487 0.128611 0.189902
0.753833 0.174554 0.0716134
0.398764 0.240155 0.361081
0.170203 0.248209 0.581589
0.693359 0.218647 0.0879942
0.285805 0.623663 0.0905328
0.0424306 0.141972 0.815598
0.31555 0.532648 0.151802
0.0454877 0.65132 0.303192
0.377112 0.156443 0.466445
0.195345 0.322082 0.482573
0.496696 0.229315 0.273989
0.121882 0.386582 0.491536
0.57963 0.334635 0.0857348
0.54602 0.0759339 0.378046
0.254072 0.239696 0.506232
0.347803 0.573193 0.0790035
0.189296 0.69136 0.119344
0.587679 0.250041 0.16228
0.525101 0.291153 0.183746
0.132785 0.126963 0.740252
0.563968 0.168785 0.267247
0.337892 0.257633 0.404476
0.152267 0.779744 0.0679882
0.092876 0.80558 0.101544
0.235421 0.403467 0.361112
0.445383 0.318933 0.235684
0.0855935 0.320947 0.593459
0.402799 0.518777 0.0784233
0.256577 0.0601494 0.683274
0.428238 0.428303 0.143459
0.130419 0.701665 0.167916
0.847734 0.0747921 0.0774741
0.0730844 0.714553 0.212363
0.117918 0.228606 0.653475
0.0445496 0.787245 0.168205
0.496495 0.143973 0.359533
0.0623221 0.415152 0.522526
0.725252 0.0585739 0.216174
0.224272 0.122176 0.653552
0.311701 0.0762839 0.612015
0.186728 0.489895 0.323377
0.293185 0.456612 0.250203
0.393341 0.386918 0.219741
0.901466 0.0461832 0.0523513
0.435223 0.143211 0.421566
0.633861 0.193412 0.172727
0.342282 0.402431 0.255287
0.0375953 0.0607627 0.901642
0.305821 0.356742 0.337437
0.0426197 0.496695 0.460686
0.103216 0.62236 0.274424
0.0884939 0.0765814 0.834925
0.605523 0.0675724 0.326905
0.225457 0.60667 0.167873
0.0504879 0.242374 0.707139
0.192083 0.0713513 0.736565
0.535187 0.367975 0.0968376
0.485388 0.0671816 0.44743
0.73142 0.126417 0.142164
0.363429 0.0787431 0.557828
0.136502 0.309532 0.553966
0.229259 0.509578 0.261163
0.666879 0.0574904 0.27563
0.142 0.0520418 0.805958
0.314678 0.182018 0.503304
0.0599917 0.567326 0.372682
0.456324 0.481828 0.0618479
0.0440234 0.873718 0.0822591
0.362177 0.471792 0.16603
0.239194 0.686247 0.0745588
0.802798 0.137888 0.0593145
0.130851 0.530606 0.338543
0.269027 0.547682 0.183291
0.161878 0.429227 0.408895
0.448805 0.217898 0.333297
0.217372 0.208128 0.5745
0.174102 0.164369 0.661529
0.371581 0.323659 0.30476
0.0850538 0.168959 0.745987
0.271463 0.300072 0.428465


3 1 29
0 19 30
12 11 50
33 32 51
39 38 52
14 13 53
24 23 54
23 22 54
16 15 56
15 14 59
14 53 59
56 15 59
8 7 60
21 20 61
27 26 63
13 12 68
53 13 68
37 36 69
9 8 71
8 60 71
60 62 71
53 68 73
73 68 74
73 74 76
74 66 76
64 57 77
6 5 78
72 6 78
5 4 78
78 4 79
66 74 81
74 50 81
10 9 83
9 71 83
42 41 84
81 50 85
49 72 86
72 78 86
78 79 86
18 17 87
32 31 87
51 32 87
27 63 88
86 79 88
28 27 90
27 88 90
88 79 90
69 76 91
76 66 91
24 54 92
67 47 92
54 82 92
82 67 92
34 33 93
33 51 93
84 48 94
41 40 95
48 84 95
84 41 95
81 85 98
19 18 99
30 19 99
31 30 99
18 87 99
87 31 99
57 64 100
64 52 100
46 55 101
55 59 101
59 53 101
53 73 101
73 76 101
76 46 101
20 2 103
2 45 103
61 20 103
97 80 104
102 97 104
25 24 105
24 92 105
92 47 105
49 86 106
86 88 106
88 63 106
45 44 107
103 45 107
61 103 107
36 35 108
69 36 108
46 76 108
76 69 108
72 49 109
22 21 110
21 61 110
54 22 110
82 54 110
89 82 110
43 42 111
42 84 111
84 94 111
12 50 112
68 12 112
50 74 112
74 68 112
38 37 113
37 69 113
69 91 113
52 38 113
100 52 113
91 100 113
56 59 114
59 55 114
51 56 114
93 51 114
55 93 114
40 39 115
39 52 115
52 64 115
95 40 115
58 65 116
65 67 116
67 82 116
82 89 116
89 58 116
96 80 117
80 97 117
49 96 117
109 49 117
35 34 118
55 46 118
34 93 118
93 55 118
46 108 118
108 35 118
44 43 119
75 107 119
107 44 119
43 111 119
111 75 119
64 77 120
70 48 120
48 95 120
95 115 120
115 64 120
26 25 121
63 26 121
25 105 121
106 63 121
105 47 121
11 10 122
50 11 122
85 50 122
10 83 122
83 85 122
4 3 123
79 4 123
3 29 123
29 28 123
28 90 123
90 79 123
71 62 124
83 71 124
85 83 124
98 85 124
102 98 124
62 97 124
97 102 124
7 6 125
6 72 125
60 7 125
72 109 125
109 60 125
17 16 126
16 56 126
56 51 126
51 87 126
87 17 126
96 49 127
49 106 127
106 121 127
121 47 127
62 60 128
60 109 128
97 62 128
117 97 128
109 117 128
47 67 129
67 65 129
65 80 129
80 96 129
96 127 129
127 47 129
66 81 130
81 57 130
57 100 130
91 66 130
100 91 130
65 58 131
70 65 131
48 70 131
94 48 131
58 89 132
89 75 132
75 111 132
111 94 132
94 131 132
131 58 132
57 81 133
81 98 133
77 57 133
98 102 133
102 104 133
104 77 133
61 107 134
107 75 134
110 61 134
75 89 134
89 110 134
65 70 135
80 65 135
77 104 135
104 80 135
70 120 135
120 77 135
