144
1 0 0
0 1 0
0 0 1
0.0555555 0.944445 0
0.111111 0.888889 0
0.166667 0.833333 0
0.222222 0.777778 0
0.277778 0.722222 0
0.333333 0.666667 0
0.388889 0.611111 0
0.444444 0.555556 0
0.5 0.5 0
0.555556 0.444444 0
0.611111 0.388889 0
0.666667 0.333333 0
0.722222 0.277778 0
0.777778 0.222222 0
0.833333 0.166667 0
0.888889 0.111111 0
0.944444 0.0555556 0
0 0.0526316 0.947368
0 0.105263 0.894737
0 0.157895 0.842105
0 0.210526 0.789474
0 0.263158 0.736842
0 0.315789 0.684211
0 0.368421 0.631579
0 0.421053 0.578947
0 0.473684 0.526316
0 0.526316 0.473684
0 0.578947 0.421053
0 0.631579 0.368421
0 0.684211 0.315789
0 0.736842 0.263158
0 0.789474 0.210526
0 0.842105 0.157895
0 0.894737 0.105263
0 0.947369 0.0526316
0.916667 0 0.0833333
0.833333 0 0.166667
0.75 0 0.25
0.666667 0 0.333333
0.583333 0 0.416667
0.5 0 0.5
0.416667 0 0.583333
0.333333 0 0.666667
0.25 0 0.75
0.166667 0 0.833333
0.0833333 0 0.916667
0.64532 0.123412 0.231268
0.0813378 0.492603 0.426059
0.273661 0.14702 0.579319
0.152443 0.601454 0.246103
0.477421 0.407999 0.11458
0.794822 0.0604552 0.144723
0.416153 0.069177 0.51467
0.633299 0.28345 0.0832508
0.750635 0.17646 0.0729057
0.740331 0.12369 0.13598
0.410351 0.253142 0.336507
0.643497 0.0646747 0.291828
0.175637 0.244206 0.580157
0.277659 0.631673 0.0906677
0.325026 0.523278 0.151695
0.37239 0.125334 0.502276
0.205886 0.33342 0.460693
0.505053 0.234877 0.260069
0.170975 0.54346 0.285565
0.134872 0.394729 0.470398
0.341825 0.571724 0.0864506
0.573505 0.345872 0.080623
0.88223 0.0474356 0.0703341
0.54772 0.0764361 0.375844
0.165887 0.186847 0.647266
0.257424 0.253213 0.489364
0.188235 0.679767 0.131997
0.345235 0.0485916 0.606173
0.811661 0.134479 0.0538601
0.593943 0.234414 0.171644
0.275574 0.494269 0.230157
0.0859946 0.368165 0.545841
0.068014 0.32379 0.608196
0.130325 0.13227 0.737405
0.571165 0.177274 0.251561
0.168593 0.770834 0.0605738
0.5355 0.291636 0.172864
0.660827 0.17736 0.161813
0.689321 0.227923 0.0827566
0.0843536 0.841591 0.0740553
0.221312 0.40095 0.377738
0.0758799 0.788955 0.135165
0.4393 0.336737 0.223963
0.410238 0.515506 0.0742564
0.262213 0.044398 0.693389
0.0904444 0.695963 0.213592
0.492983 0.126758 0.380259
0.238791 0.20171 0.559499
0.732955 0.0354899 0.231555
0.365318 0.21951 0.415172
0.478897 0.46017 0.0609338
0.238916 0.106373 0.654711
0.178739 0.478034 0.343227
0.428706 0.385161 0.186133
0.314468 0.286417 0.399115
0.476907 0.183734 0.339358
0.137717 0.732289 0.129995
0.114319 0.447027 0.438654
0.0525977 0.899563 0.0478389
0.0900146 0.26332 0.646666
0.128833 0.0648877 0.80628
0.341587 0.385056 0.273357
0.456476 0.285195 0.258329
0.293762 0.345712 0.360526
0.597247 0.0350123 0.367741
0.235827 0.701133 0.0630392
0.510764 0.0410337 0.448203
0.0635641 0.102611 0.833825
0.0566871 0.426759 0.516554
0.0757377 0.205136 0.719126
0.0792119 0.593174 0.327614
0.083656 0.647218 0.269126
0.367246 0.435448 0.197306
0.0717716 0.0453253 0.882903
0.0874337 0.537359 0.375208
0.244124 0.570781 0.185095
0.151415 0.300415 0.548169
0.272557 0.439744 0.287699
0.0579214 0.15895 0.783128
0.392378 0.470238 0.137385
0.459336 0.0971204 0.443544
0.71251 0.0834578 0.204032
0.330752 0.0950946 0.574153
0.414597 0.158624 0.426778
0.189117 0.0783473 0.732536
0.321651 0.183029 0.49532
0.565077 0.120744 0.314179
0.377158 0.318037 0.304804
0.0555615 0.749552 0.194887
0.541021 0.407718 0.0512606
0.503885 0.348876 0.147239
0.829435 0.0925264 0.0780386
0.196289 0.0329478 0.770763
0.181273 0.63861 0.180117
0.43969 0.0299773 0.530333


3 1 37
0 19 38
20 2 48
29 28 50
15 14 56
17 16 57
9 8 62
10 9 69
9 62 69
14 13 70
56 14 70
19 18 71
38 19 71
39 38 71
54 39 71
45 44 76
18 17 77
17 57 77
57 58 77
27 26 80
65 68 80
26 25 81
80 26 81
78 66 83
6 5 84
7 6 84
56 70 85
78 56 85
66 78 85
49 58 86
83 49 86
58 57 86
78 83 86
16 15 87
15 56 87
57 16 87
56 78 87
78 86 87
86 57 87
5 4 88
36 35 88
84 5 88
68 65 89
35 34 90
88 35 90
84 88 90
11 10 92
10 69 92
69 63 92
46 45 93
45 76 93
33 32 94
61 73 96
73 51 96
74 61 96
40 39 97
39 54 97
41 40 97
60 41 97
12 11 99
11 92 99
51 73 100
73 82 100
93 76 100
79 67 101
65 74 103
74 98 103
98 59 103
66 59 104
83 66 104
59 98 104
84 90 105
94 75 105
50 28 106
101 50 106
68 89 106
89 101 106
4 3 107
3 37 107
37 36 107
36 88 107
88 4 107
73 61 108
25 24 108
81 25 108
91 102 110
59 66 111
66 85 111
85 91 111
89 65 112
65 103 112
110 89 112
42 41 113
41 60 113
60 72 113
8 7 114
62 8 114
75 62 114
105 75 114
7 84 114
84 105 114
43 42 115
42 113 115
113 72 115
22 21 116
109 82 116
27 80 117
80 68 117
28 27 117
106 28 117
68 106 117
82 73 118
24 23 118
108 24 118
73 108 118
31 30 119
67 52 119
94 32 120
32 31 120
31 119 120
119 52 120
102 53 121
110 102 121
20 48 122
48 47 122
47 109 122
21 20 122
116 21 122
109 116 122
30 29 123
29 50 123
50 101 123
101 67 123
119 30 123
67 119 123
52 67 124
69 62 124
63 69 124
67 79 124
79 63 124
61 74 125
74 65 125
65 80 125
80 81 125
81 108 125
108 61 125
79 101 126
101 89 126
89 110 126
110 121 126
121 79 126
22 116 127
116 82 127
23 22 127
118 23 127
82 118 127
63 79 128
79 121 128
53 99 128
121 53 128
92 63 128
99 92 128
64 55 129
72 95 129
115 72 129
55 115 129
54 58 130
58 49 130
97 54 130
49 60 130
60 97 130
55 64 131
76 55 131
64 51 131
51 100 131
100 76 131
95 104 132
104 98 132
64 129 132
129 95 132
93 100 133
100 82 133
82 109 133
51 64 134
96 51 134
74 96 134
98 74 134
64 132 134
132 98 134
60 49 135
72 60 135
95 72 135
49 83 135
83 104 135
104 95 135
103 59 136
59 111 136
91 110 136
110 112 136
112 103 136
111 91 136
34 33 137
90 34 137
105 90 137
33 94 137
94 105 137
13 12 138
53 70 138
70 13 138
12 99 138
99 53 138
85 70 139
91 85 139
70 53 139
53 102 139
102 91 139
58 54 140
77 58 140
54 71 140
71 18 140
18 77 140
47 46 141
109 47 141
46 93 141
93 133 141
133 109 141
62 75 142
120 52 142
75 94 142
94 120 142
52 124 142
124 62 142
44 43 143
55 76 143
76 44 143
43 115 143
115 55 143
