186
1 0 0
0 1 0
0 0 1
0.0555555 0.944444 0
0.111111 0.888889 0
0.166667 0.833333 0
0.222222 0.777778 0
0.277778 0.722222 0
0.333333 0.666667 0
0.388889 0.611111 0
0.444444 0.555556 0
0.5 0.5 0
0.555556 0.444444 0
0.611111 0.388889 0
0.666667 0.333333 0
0.722222 0.277778 0
0.777778 0.222222 0
0.833333 0.166667 0
0.888889 0.111111 0
0.944444 0.0555556 0
0 0.0588235 0.941176
0 0.117647 0.882353
0 0.176471 0.823529
0 0.235294 0.764706
0 0.294118 0.705882
0 0.352941 0.647059
0 0.411765 0.588235
0 0.470588 0.529412
0 0.529412 0.470588
0 0.588235 0.411765
0 0.647059 0.352941
0 0.705882 0.294118
0 0.764706 0.235294
0 0.823529 0.176471
0 0.882353 0.117647
0 0.941177 0.0588235
0.947368 0 0.0526316
0.894737 0 0.105263
0.842105 0 0.157895
0.789474 0 0.210526
0.736842 0 0.263158
0.684211 0 0.315789
0.631579 0 0.368421
0.578947 0 0.421053
0.526316 0 0.473684
0.473684 0 0.526316
0.421053 0 0.578947
0.368421 0 0.631579
0.315789 0 0.684211
0.263158 0 0.736842
0.210526 0 0.789474
0.157895 0 0.842105
0.105263 0 0.894737
0.0526316 0 0.947368
0.117986 0.843067 0.0389467
0.63238 0.116063 0.251557
0.0925913 0.501546 0.405863
0.282926 0.127137 0.589937
0.153451 0.621554 0.224996
0.491631 0.395094 0.113274
0.790357 0.0607498 0.148893
0.410634 0.0671426 0.522223
0.794969 0.167018 0.0380135
0.657649 0.272273 0.0700781
0.0490035 0.342966 0.608031
0.676419 0.130669 0.192911
0.73862 0.122064 0.139316
0.395404 0.252136 0.352461
0.175148 0.242537 0.582315
0.714997 0.231234 0.0537691
0.270596 0.630984 0.0984202
0.0637504 0.127981 0.808269
0.682222 0.0585483 0.25923
0.333037 0.514185 0.152778
0.0480801 0.630345 0.321575
0.371181 0.1456 0.483219
0.181931 0.352308 0.465761
0.48424 0.250085 0.265675
0.277518 0.508003 0.214479
0.16195 0.546349 0.291701
0.123386 0.390807 0.485808
0.333903 0.571839 0.0942575
0.590155 0.33052 0.079325
0.892962 0.0555724 0.0514654
0.544017 0.0694407 0.386543
0.143225 0.203368 0.653408
0.263852 0.249776 0.486372
0.198935 0.694942 0.106123
0.342409 0.0544589 0.603132
0.579552 0.247588 0.172861
0.0763832 0.375864 0.547753
0.519572 0.28015 0.200278
0.125179 0.137701 0.73712
0.574152 0.150594 0.275254
0.341824 0.269619 0.388557
0.16169 0.779166 0.059144
0.607512 0.180547 0.211941
0.444551 0.393724 0.161725
0.0907385 0.821003 0.0882581
0.226782 0.381128 0.39209
0.149808 0.432159 0.418033
0.0847596 0.765044 0.150196
0.450046 0.324853 0.225102
0.390106 0.512792 0.0971014
0.261892 0.0729741 0.665133
0.141131 0.690121 0.168748
0.0898779 0.694538 0.215584
0.494037 0.128357 0.377605
0.239555 0.205543 0.554902
0.0902014 0.207653 0.702146
0.449775 0.20138 0.348846
0.544521 0.323264 0.132214
0.494587 0.453526 0.0518864
0.428319 0.278069 0.293612
0.641218 0.209768 0.149014
0.218042 0.160001 0.621958
0.211242 0.627188 0.16157
0.190058 0.465968 0.343975
0.109742 0.291743 0.598515
0.507608 0.0615685 0.430823
0.0391852 0.246035 0.714779
0.621531 0.0691917 0.309278
0.39368 0.393179 0.213141
0.792825 0.118737 0.0884379
0.733818 0.0624584 0.203724
0.747901 0.178506 0.0735926
0.055471 0.88975 0.0547787
0.440468 0.12452 0.435012
0.137728 0.0688542 0.793417
0.342573 0.386601 0.270826
0.0465719 0.0539104 0.899518
0.301811 0.354856 0.343332
0.064558 0.277796 0.657646
0.324567 0.22115 0.454283
0.105267 0.616859 0.277874
0.0838772 0.0664726 0.84965
0.234388 0.313963 0.451649
0.267597 0.681535 0.0508676
0.841814 0.11471 0.0434761
0.0417339 0.768528 0.189738
0.28868 0.435265 0.276055
0.579146 0.383411 0.0374431
0.554656 0.112668 0.332677
0.394452 0.339732 0.265816
0.198293 0.0651979 0.73651
0.0384373 0.429243 0.532319
0.490768 0.336007 0.173225
0.216431 0.563385 0.220184
0.0964957 0.563117 0.340387
0.302217 0.177896 0.519887
0.219432 0.735065 0.0455033
0.390876 0.453683 0.155442
0.0514013 0.188123 0.760476
0.390308 0.197574 0.412117
0.229618 0.494889 0.275494
0.342322 0.109096 0.548582
0.142798 0.323081 0.534121
0.0404037 0.513896 0.4457
0.389858 0.566162 0.0439797
0.204136 0.279414 0.51645
0.0359542 0.721158 0.242887
0.335456 0.452771 0.211773
0.274855 0.571019 0.154126
0.190842 0.124238 0.68492
0.692212 0.189682 0.118106
0.442338 0.456939 0.100724
0.330216 0.625309 0.0444752
0.842543 0.0596332 0.0978234
0.0401404 0.829791 0.130069
0.624474 0.338337 0.0371891
0.589445 0.0487551 0.3618
0.0745751 0.449402 0.476022
0.544315 0.217383 0.238302
0.606769 0.274344 0.118887
0.133355 0.75168 0.114966
0.470004 0.0512747 0.478721
0.537169 0.391966 0.0708648
0.511724 0.179667 0.308608
0.444256 0.510927 0.0448166
0.0462614 0.574017 0.379721
0.284546 0.299642 0.415812
0.363978 0.314595 0.321427
0.246499 0.425939 0.327562
0.137673 0.501822 0.360505
0.0583579 0.669213 0.272429
0.0249363 0.949104 0.0259601


0 19 36
20 2 53
5 4 54
39 38 60
46 45 61
17 16 62
15 14 63
26 25 64
16 15 69
15 63 69
22 21 71
41 40 72
65 55 72
31 30 74
19 18 83
36 19 83
37 36 83
48 47 88
47 46 88
46 61 88
26 64 90
6 5 95
5 54 95
55 65 96
93 55 96
95 54 98
80 76 100
76 99 100
77 91 102
81 73 103
49 48 104
48 88 104
88 57 104
58 105 106
105 101 106
92 85 109
91 89 111
12 11 112
77 102 113
67 110 113
110 77 113
96 65 114
89 96 114
104 57 115
68 85 115
108 68 115
57 108 115
70 87 116
87 105 116
105 58 116
100 99 117
85 68 118
90 64 118
44 43 119
43 84 119
84 107 119
24 23 120
42 41 121
41 72 121
72 55 121
55 93 121
102 97 122
66 60 123
40 39 124
72 40 124
39 60 124
60 66 124
66 65 124
65 72 124
62 16 125
16 69 125
123 62 125
66 123 125
4 3 126
54 4 126
98 54 126
35 34 126
107 110 127
75 61 127
119 107 127
51 50 128
92 71 128
21 20 130
20 53 130
53 52 130
25 24 132
64 25 132
109 85 132
85 118 132
24 120 132
120 109 132
118 64 132
79 58 134
58 106 134
52 51 135
51 128 135
71 21 135
21 130 135
130 52 135
128 71 135
99 76 136
8 7 137
87 70 137
18 17 138
83 18 138
17 62 138
62 123 138
33 32 139
106 101 139
131 129 140
13 12 141
107 84 142
121 93 142
113 102 143
102 122 143
122 129 143
50 49 144
49 104 144
128 50 144
92 128 144
27 26 145
26 90 145
97 102 146
102 91 146
59 97 146
111 59 146
91 111 146
58 79 147
116 58 147
134 74 148
79 134 148
75 133 149
108 57 149
86 108 149
133 86 149
6 95 150
95 87 150
7 6 150
137 7 150
87 137 150
122 97 151
103 73 151
23 22 152
22 71 152
71 92 152
92 109 152
120 23 152
109 120 152
75 127 153
110 67 153
127 110 153
133 75 153
67 94 153
94 133 153
140 78 154
79 117 154
147 79 154
78 147 154
61 75 155
88 61 155
57 88 155
149 57 155
75 149 155
118 68 156
76 80 156
80 90 156
90 118 156
29 28 157
28 27 157
10 9 158
81 103 158
68 108 159
108 86 159
136 76 159
76 156 159
156 68 159
86 136 159
32 31 160
106 139 160
139 32 160
73 78 161
129 122 161
78 140 161
140 129 161
122 151 161
151 73 161
78 73 162
73 81 162
81 70 162
70 116 162
116 147 162
147 78 162
85 92 163
115 85 163
104 115 163
144 104 163
92 144 163
69 63 164
63 114 164
65 66 164
114 65 164
125 69 164
66 125 164
59 112 165
97 59 165
151 97 165
103 151 165
9 8 166
70 81 166
8 137 166
137 70 166
81 158 166
158 9 166
38 37 167
37 83 167
60 38 167
83 138 167
123 60 167
138 123 167
34 33 168
101 98 168
98 126 168
126 34 168
33 139 168
139 101 168
14 13 169
63 14 169
82 63 169
13 141 169
141 82 169
43 42 170
84 43 170
42 121 170
121 142 170
142 84 170
80 100 171
100 56 171
90 80 171
145 90 171
27 145 171
157 27 171
56 157 171
91 77 172
89 91 172
96 89 172
93 96 172
63 82 173
82 111 173
111 89 173
89 114 173
114 63 173
95 98 174
98 101 174
87 95 174
105 87 174
101 105 174
45 44 175
44 119 175
61 45 175
119 127 175
127 61 175
59 111 176
111 82 176
82 141 176
112 59 176
12 112 176
141 12 176
142 93 177
77 110 177
110 107 177
107 142 177
93 172 177
172 77 177
11 10 178
112 11 178
10 158 178
158 103 178
103 165 178
165 112 178
30 29 179
74 30 179
56 148 179
148 74 179
29 157 179
157 56 179
86 133 180
133 94 180
136 86 180
94 131 180
131 99 180
99 136 180
94 67 181
131 94 181
67 113 181
113 143 181
129 131 181
143 129 181
117 99 182
99 131 182
131 140 182
140 154 182
154 117 182
56 100 183
100 117 183
148 56 183
117 79 183
79 148 183
31 74 184
160 31 184
74 134 184
134 106 184
106 160 184
3 1 185
1 35 185
35 126 185
126 3 185
