151
1 0 0
0 1 0
0 0 1
0.0555555 0.944444 0
0.111111 0.888889 0
0.166667 0.833333 0
0.222222 0.777778 0
0.277778 0.722222 0
0.333333 0.666667 0
0.388889 0.611111 0
0.444444 0.555556 0
0.5 0.5 0
0.555556 0.444444 0
0.611111 0.388889 0
0.666667 0.333333 0
0.722222 0.277778 0
0.777778 0.222222 0
0.833333 0.166667 0
0.888889 0.111111 0
0.944444 0.0555556 0
0 0.0833333 0.916667
0 0.166667 0.833333
0 0.25 0.75
0 0.333333 0.666667
0 0.416667 0.583333
0 0.5 0.5
0 0.583333 0.416667
0 0.666667 0.333333
0 0.75 0.25
0 0.833333 0.166667
0 0.916667 0.0833333
0.95 0 0.05
0.9 0 0.1
0.85 0 0.15
0.8 0 0.2
0.75 0 0.25
0.7 0 0.3
0.65 0 0.35
0.6 0 0.4
0.55 0 0.45
0.5 0 0.5
0.45 0 0.55
0.4 0 0.6
0.35 0 0.65
0.3 0 0.7
0.25 0 0.75
0.2 0 0.8
0.15 0 0.85
0.1 0 0.9
0.05 0 0.95
0.62776 0.121168 0.251072
0.0961257 0.485517 0.418357
0.272169 0.158304 0.569526
0.170284 0.607228 0.222489
0.48582 0.406745 0.107436
0.795863 0.0774449 0.126692
0.41846 0.0706987 0.510841
0.907687 0.0503738 0.0419397
0.639124 0.278031 0.0828446
0.0395438 0.342628 0.617828
0.676967 0.123053 0.199979
0.756582 0.175975 0.0674438
0.730427 0.128739 0.140834
0.394867 0.232724 0.372408
0.171813 0.251215 0.576972
0.702257 0.231569 0.0661734
0.2698 0.621124 0.109076
0.0431707 0.157937 0.798892
0.315783 0.521852 0.162366
0.051138 0.643082 0.30578
0.371241 0.157501 0.471257
0.190244 0.330787 0.478968
0.489223 0.248885 0.261892
0.271601 0.513574 0.214824
0.156408 0.537874 0.305718
0.128054 0.37608 0.495866
0.342137 0.576642 0.0812209
0.579895 0.347879 0.0722255
0.546268 0.0788649 0.374867
0.140458 0.207277 0.652265
0.250533 0.266333 0.483134
0.196318 0.671119 0.132563
0.584756 0.259176 0.156068
0.0790935 0.359874 0.561033
0.532699 0.266814 0.200487
0.132222 0.139013 0.728765
0.567448 0.171492 0.26106
0.340608 0.256218 0.403174
0.160475 0.773041 0.0664846
0.0867296 0.830756 0.0825148
0.23575 0.377404 0.386847
0.161107 0.445154 0.393739
0.443927 0.335567 0.220506
0.404064 0.518637 0.0772994
0.432313 0.423784 0.143904
0.252912 0.0786456 0.668442
0.12427 0.713905 0.161825
0.854528 0.0754553 0.0700163
0.0684714 0.703365 0.228164
0.0546786 0.776429 0.168892
0.487918 0.125372 0.38671
0.454527 0.205771 0.339702
0.223397 0.163798 0.612805
0.311302 0.0698621 0.618836
0.111396 0.627485 0.261119
0.711579 0.0616641 0.226757
0.119839 0.293419 0.586742
0.0390845 0.251771 0.709144
0.391834 0.382381 0.225785
0.432218 0.143501 0.424281
0.522691 0.421815 0.055494
0.330356 0.422806 0.246839
0.307235 0.208847 0.483918
0.0453121 0.0752614 0.879427
0.305837 0.35091 0.343253
0.0409808 0.506414 0.452605
0.0855687 0.255402 0.659029
0.533906 0.341413 0.12468
0.096945 0.0799274 0.823128
0.274008 0.428989 0.297002
0.606011 0.0700069 0.323982
0.224439 0.583636 0.191925
0.364207 0.0713395 0.564453
0.196875 0.0705303 0.732594
0.2136 0.493697 0.292703
0.0368226 0.430455 0.532722
0.627748 0.193514 0.178738
0.75766 0.0537988 0.188541
0.420545 0.291666 0.287789
0.0377939 0.907756 0.05445
0.66232 0.0582433 0.279437
0.482928 0.0620772 0.454995
0.190004 0.14099 0.669006
0.51453 0.164906 0.320564
0.150779 0.0610957 0.788125
0.463431 0.476798 0.0597712
0.227728 0.710794 0.0614782
0.221124 0.233686 0.54519
0.368955 0.47178 0.159264
0.285512 0.296179 0.418309
0.805165 0.137636 0.0571988
0.105976 0.55272 0.341304
0.362346 0.325954 0.311701
0.0808299 0.171871 0.747299
0.32525 0.133734 0.541016
0.485218 0.33838 0.176402
0.0505819 0.570384 0.379034
0.0331415 0.851296 0.115563
0.678583 0.191982 0.129435
0.303792 0.650028 0.0461806
0.0755256 0.43895 0.485524


0 19 31
20 2 49
34 33 55
42 41 56
19 18 57
31 19 57
32 31 57
14 13 58
24 23 59
16 15 61
55 61 62
15 14 65
14 58 65
61 15 65
62 61 65
22 21 67
28 27 69
68 66 73
64 71 75
9 8 76
66 68 76
13 12 77
58 13 77
39 38 78
58 77 82
84 72 86
82 84 86
70 63 87
5 4 88
6 5 88
4 3 89
88 4 89
71 80 90
51 75 91
75 71 91
71 90 91
10 9 93
9 76 93
45 44 95
53 81 96
81 88 96
88 89 96
18 17 97
33 32 97
55 33 97
32 57 97
57 18 97
28 69 98
29 28 99
28 98 99
96 89 99
98 96 99
95 52 102
44 43 103
52 95 103
95 44 103
98 69 104
74 53 104
53 96 104
96 98 104
36 35 105
62 60 105
64 75 106
75 83 106
79 64 106
23 22 107
59 23 107
22 67 107
92 94 108
63 70 109
70 56 109
100 101 109
101 63 109
12 11 110
77 12 110
68 73 111
80 52 112
70 87 112
21 20 113
67 21 113
20 49 113
49 48 113
26 25 115
83 59 116
106 83 116
85 79 116
79 106 116
59 107 116
82 77 117
84 82 117
110 54 117
77 110 117
48 47 118
67 113 118
113 48 118
90 114 119
111 73 119
114 111 119
38 37 120
50 86 120
78 38 120
86 78 120
81 53 121
73 66 121
66 81 121
42 56 122
56 70 122
43 42 122
103 43 122
46 45 123
45 95 123
74 91 124
91 90 124
90 119 124
53 74 124
121 53 124
119 73 124
73 121 124
25 24 125
24 59 125
59 83 125
115 25 125
50 60 126
58 82 126
82 86 126
86 50 126
35 34 127
34 55 127
55 62 127
62 105 127
105 35 127
72 92 128
101 72 128
63 101 128
92 108 128
3 1 129
1 30 129
89 3 129
37 36 130
60 50 130
36 105 130
105 60 130
50 120 130
120 37 130
41 40 131
56 41 131
40 39 131
39 78 131
78 100 131
109 56 131
100 109 131
64 79 132
102 64 132
79 85 132
85 123 132
95 102 132
123 95 132
78 86 133
86 72 133
100 78 133
72 101 133
101 100 133
47 46 134
85 118 134
118 47 134
46 123 134
123 85 134
11 10 135
10 93 135
93 94 135
94 54 135
54 110 135
110 11 135
7 6 136
66 7 136
81 66 136
6 88 136
88 81 136
71 64 137
80 71 137
52 80 137
102 52 137
64 102 137
76 68 138
93 76 138
94 93 138
108 94 138
68 111 138
111 108 138
90 80 139
114 90 139
80 112 139
112 87 139
87 114 139
17 16 140
16 61 140
61 55 140
55 97 140
97 17 140
51 91 141
91 74 141
104 69 141
74 104 141
87 63 142
114 87 142
111 114 142
108 111 142
128 108 142
63 128 142
107 67 143
85 116 143
116 107 143
67 118 143
118 85 143
52 103 144
112 52 144
70 112 144
122 70 144
103 122 144
72 84 145
92 72 145
54 94 145
94 92 145
84 117 145
117 54 145
27 26 146
69 27 146
115 51 146
26 115 146
51 141 146
141 69 146
30 29 147
129 30 147
29 99 147
99 89 147
89 129 147
65 58 148
60 62 148
62 65 148
58 126 148
126 60 148
8 7 149
7 66 149
66 76 149
76 8 149
75 51 150
83 75 150
125 83 150
51 115 150
115 125 150
