75
1 0 0
0 1 0
0 0 1
0.0555555 0.944444 0
0.111111 0.888889 0
0.166667 0.833333 0
0.222222 0.777778 0
0.277778 0.722222 0
0.333333 0.666667 0
0.388889 0.611111 0
0.444444 0.555556 0
0.5 0.5 0
0.555556 0.444444 0
0.611111 0.388889 0
0.666667 0.333333 0
0.722222 0.277778 0
0.777778 0.222222 0
0.833333 0.166667 0
0.888889 0.111111 0
0.944444 0.0555556 0
0 0.0666666 0.933333
0 0.133333 0.866667
0 0.2 0.8
0 0.266667 0.733333
0 0.333333 0.666667
0 0.4 0.6
0 0.466667 0.533333
0 0.533333 0.466667
0 0.6 0.4
0 0.666667 0.333333
0 0.733333 0.266667
0 0.8 0.2
0 0.866667 0.133333
0 0.933333 0.0666667
0.833333 0 0.166667
0.666667 0 0.333333
0.5 0 0.5
0.333333 0 0.666667
0.166667 0 0.833333
0.598854 0.115084 0.286062
0.13841 0.488762 0.372827
0.279358 0.131649 0.588993
0.171089 0.61725 0.211661
0.79042 0.056099 0.153481
0.457573 0.0610022 0.481425
0.414414 0.258129 0.327457
0.631374 0.0579783 0.310648
0.151709 0.251197 0.597094
0.319373 0.516113 0.164514
0.16533 0.326808 0.507862
0.147407 0.402376 0.450217
0.457147 0.379462 0.16339
0.196292 0.674508 0.1292
0.583744 0.251942 0.164314
0.512974 0.319909 0.167117
0.135052 0.131798 0.73315
0.585778 0.180319 0.233903
0.290442 0.0602491 0.649309
0.120107 0.713131 0.166762
0.258809 0.208356 0.532835
0.292367 0.458405 0.249227
0.421911 0.438811 0.139279
0.754379 0.112501 0.13312
0.71464 0.163055 0.122305
0.143629 0.0645644 0.791806
0.271066 0.574794 0.15414
0.422506 0.194182 0.383312
0.0694776 0.844338 0.0861841
0.102918 0.771462 0.12562
0.323989 0.304496 0.371515
0.104888 0.184662 0.71045
0.30561 0.385675 0.308715
0.430874 0.123894 0.445233
0.115495 0.559341 0.325164
0.0851467 0.650073 0.264781


3 1 33
4 3 33
32 4 33
0 19 34
26 25 40
27 26 40
19 18 43
34 19 43
35 34 43
37 36 44
36 35 46
35 43 46
39 44 46
44 36 46
23 22 47
11 10 48
24 23 49
23 47 49
25 24 50
24 49 50
40 25 50
13 12 51
8 7 52
42 8 52
16 15 53
15 14 53
14 13 54
13 51 54
45 53 54
53 14 54
21 20 55
16 53 56
38 37 57
37 44 57
7 6 58
30 29 58
52 7 58
55 41 59
11 48 60
48 40 60
40 50 60
12 11 61
11 60 61
51 12 61
18 17 62
39 46 62
43 18 62
46 43 62
17 16 63
16 56 63
56 39 63
39 62 63
62 17 63
20 2 64
2 38 64
38 57 64
41 55 64
57 41 64
55 20 64
9 8 65
8 42 65
10 9 65
48 10 65
40 48 65
53 45 66
56 53 66
45 59 66
59 41 66
5 4 67
4 32 67
31 5 67
32 31 67
6 5 68
5 31 68
31 30 68
30 58 68
58 6 68
49 47 69
45 54 69
54 51 69
47 59 69
59 45 69
22 21 70
21 55 70
47 22 70
59 47 70
55 59 70
50 49 71
51 61 71
60 50 71
61 60 71
49 69 71
69 51 71
44 39 72
39 56 72
41 57 72
57 44 72
56 66 72
66 41 72
28 27 73
42 28 73
27 40 73
40 65 73
65 42 73
29 28 74
28 42 74
42 52 74
52 58 74
58 29 74
