122
1 0 0
0 1 0
0 0 1
0.0555555 0.944444 0
0.111111 0.888889 0
0.166667 0.833333 0
0.222222 0.777778 0
0.277778 0.722222 0
0.333333 0.666667 0
0.388889 0.611111 0
0.444444 0.555556 0
0.5 0.5 0
0.555556 0.444444 0
0.611111 0.388889 0
0.666667 0.333333 0
0.722222 0.277778 0
0.777778 0.222222 0
0.833333 0.166667 0
0.888889 0.111111 0
0.944444 0.0555556 0
0 0.0588236 0.941176
0 0.117647 0.882353
0 0.176471 0.823529
0 0.235294 0.764706
0 0.294118 0.705882
0 0.352941 0.647059
0 0.411765 0.588235
0 0.470588 0.529412
0 0.529412 0.470588
0 0.588235 0.411765
0 0.647059 0.352941
0 0.705882 0.294118
0 0.764706 0.235294
0 0.823529 0.176471
0 0.882353 0.117647
0 0.941177 0.0588235
0.9 0 0.1
0.8 0 0.2
0.7 0 0.3
0.6 0 0.4
0.5 0 0.5
0.4 0 0.6
0.3 0 0.7
0.2 0 0.8
0.1 0 0.9
0.616619 0.119919 0.263462
0.0942691 0.485373 0.420358
0.255572 0.14142 0.603008
0.16757 0.612778 0.219651
0.491775 0.402134 0.10609
0.790106 0.0574041 0.15249
0.434806 0.0655621 0.499631
0.63083 0.28318 0.0859896
0.746564 0.177504 0.0759319
0.734551 0.120576 0.144873
0.392871 0.25162 0.355509
0.668706 0.0614304 0.269864
0.171444 0.255076 0.573481
0.272543 0.627205 0.100253
0.0591249 0.142632 0.798243
0.323338 0.51649 0.160172
0.374713 0.144518 0.480768
0.190487 0.329402 0.480111
0.487525 0.241541 0.270934
0.154883 0.541628 0.303489
0.13584 0.410995 0.453165
0.343589 0.569385 0.0870259
0.563688 0.340295 0.0960167
0.874626 0.0588439 0.0665298
0.55342 0.0712973 0.375283
0.161584 0.194317 0.644099
0.248189 0.256121 0.49569
0.182968 0.680253 0.136779
0.334464 0.0464847 0.619052
0.590029 0.234589 0.175382
0.142559 0.131515 0.725926
0.550985 0.179135 0.269881
0.156314 0.779527 0.0641589
0.522754 0.290813 0.186433
0.655526 0.176529 0.167945
0.0823995 0.838924 0.0786766
0.223837 0.391693 0.38447
0.0751944 0.780873 0.143932
0.449281 0.344121 0.206599
0.0893984 0.311318 0.599283
0.245619 0.0398927 0.714488
0.0808629 0.712997 0.20614
0.493578 0.127063 0.379359
0.472027 0.463094 0.0648784
0.196301 0.461799 0.3419
0.294436 0.46719 0.238374
0.735756 0.0335655 0.230678
0.391374 0.390797 0.217829
0.146878 0.735375 0.117747
0.149828 0.0579762 0.792196
0.080005 0.251562 0.668433
0.439821 0.192279 0.3679
0.318593 0.348203 0.333204
0.263737 0.195295 0.540968
0.411515 0.513005 0.0754794
0.240252 0.0877399 0.672009
0.0594065 0.432351 0.508242
0.0727026 0.193761 0.733536
0.688492 0.228547 0.0829616
0.339045 0.218631 0.442324
0.0778999 0.373341 0.548759
0.0801836 0.599358 0.320458
0.0861005 0.657343 0.256556
0.389246 0.453553 0.1572
0.821589 0.107023 0.0713871
0.0654162 0.0382308 0.896353
0.244411 0.567504 0.188085
0.0699373 0.54769 0.382373
0.516441 0.0361256 0.447433
0.302785 0.415788 0.281427
0.304784 0.287351 0.407866
0.0687509 0.0899205 0.841329
0.237884 0.51144 0.250676
0.263972 0.680358 0.0556699
0.0501224 0.897086 0.0527914
0.40868 0.297688 0.293632
0.334974 0.0955687 0.569458


3 1 35
0 19 36
28 27 46
13 12 49
37 36 50
41 40 51
15 14 52
17 16 53
39 38 56
50 54 56
54 45 56
9 8 58
22 21 59
10 9 66
9 58 66
14 13 67
52 14 67
13 49 67
19 18 68
36 19 68
50 36 68
56 45 69
39 56 69
62 57 71
48 58 72
42 41 73
41 51 73
47 70 75
74 63 76
6 5 77
52 67 78
63 74 78
74 52 78
45 54 79
54 53 79
76 45 79
74 76 79
5 4 80
34 33 80
77 5 80
65 62 81
33 32 82
77 80 82
80 33 82
67 49 83
78 67 83
25 24 84
57 62 84
43 42 85
42 73 85
32 31 86
82 32 86
61 51 87
51 69 87
69 45 87
45 76 87
12 11 88
49 12 88
64 46 89
46 65 89
65 81 89
38 37 91
37 50 91
50 56 91
56 38 91
83 49 92
7 6 93
6 77 93
86 72 93
77 82 93
82 86 93
44 43 94
43 85 94
24 23 95
70 57 95
57 84 95
84 24 95
63 55 96
76 63 96
61 87 96
87 76 96
81 62 97
83 92 97
47 61 98
57 70 98
71 57 98
70 47 98
11 10 99
10 66 99
66 60 99
88 11 99
85 73 100
47 75 100
75 94 100
94 85 100
27 26 101
46 27 101
65 46 101
23 22 102
22 59 102
59 75 102
75 70 102
70 95 102
95 23 102
16 15 103
15 52 103
52 74 103
53 16 103
74 79 103
79 53 103
71 98 104
96 55 104
61 96 104
98 61 104
26 25 105
62 65 105
84 62 105
25 84 105
65 101 105
101 26 105
30 29 106
64 48 106
31 30 107
86 31 107
48 72 107
72 86 107
30 106 107
106 48 107
49 88 108
92 49 108
60 90 108
99 60 108
88 99 108
18 17 109
17 53 109
53 54 109
54 50 109
50 68 109
68 18 109
20 2 110
2 44 110
44 94 110
48 64 111
58 48 111
66 58 111
60 66 111
29 28 112
28 46 112
46 64 112
64 106 112
106 29 112
40 39 113
39 69 113
51 40 113
69 51 113
89 81 114
90 89 114
81 97 114
97 92 114
92 108 114
108 90 114
62 71 115
97 62 115
71 104 115
104 55 115
59 21 116
75 59 116
94 75 116
21 20 116
20 110 116
110 94 116
90 60 117
64 89 117
89 90 117
60 111 117
111 64 117
8 7 118
58 8 118
72 58 118
7 93 118
93 72 118
4 3 119
3 35 119
35 34 119
34 80 119
80 4 119
55 63 120
63 78 120
78 83 120
83 97 120
97 115 120
115 55 120
51 61 121
73 51 121
61 47 121
47 100 121
100 73 121
