105
1 0 0
0 1 0
0 0 1
0.0555555 0.944444 0
0.111111 0.888889 0
0.166667 0.833333 0
0.222222 0.777778 0
0.277778 0.722222 0
0.333333 0.666667 0
0.388889 0.611111 0
0.444444 0.555556 0
0.5 0.5 0
0.555556 0.444444 0
0.611111 0.388889 0
0.666667 0.333333 0
0.722222 0.277778 0
0.777778 0.222222 0
0.833333 0.166667 0
0.888889 0.111111 0
0.944444 0.0555556 0
0 0.0625 0.9375
0 0.125 0.875
0 0.1875 0.8125
0 0.25 0.75
0 0.3125 0.6875
0 0.375 0.625
0 0.4375 0.5625
0 0.5 0.5
0 0.5625 0.4375
0 0.625 0.375
0 0.6875 0.3125
0 0.75 0.25
0 0.8125 0.1875
0 0.875 0.125
0 0.9375 0.0625
0.875 0 0.125
0.75 0 0.25
0.625 0 0.375
0.5 0 0.5
0.375 0 0.625
0.25 0 0.75
0.125 0 0.875
0.82274 0.0378712 0.139388
0.628506 0.12042 0.251074
0.0953072 0.486089 0.418604
0.254614 0.143711 0.601675
0.179743 0.609435 0.210822
0.491353 0.396499 0.112148
0.416226 0.0640897 0.519684
0.713281 0.173138 0.113581
0.755941 0.118751 0.125309
0.394501 0.262388 0.343111
0.683662 0.0576681 0.25867
0.180645 0.256166 0.56319
0.678504 0.226028 0.0954681
0.275311 0.627778 0.0969117
0.317111 0.518615 0.164274
0.366793 0.130112 0.503095
0.194383 0.32873 0.476888
0.495222 0.22763 0.277148
0.628368 0.282777 0.0888541
0.165109 0.54638 0.288511
0.111118 0.397211 0.491671
0.298288 0.574456 0.127255
0.56155 0.338406 0.100044
0.540024 0.0680853 0.391891
0.150742 0.189671 0.659587
0.197341 0.676881 0.125778
0.156386 0.124822 0.718792
0.580496 0.179411 0.240093
0.0794918 0.832447 0.0880609
0.246171 0.390172 0.363657
0.814509 0.0759078 0.109583
0.443135 0.335219 0.221646
0.0874283 0.311447 0.601125
0.264815 0.0782034 0.656981
0.0875999 0.712813 0.199587
0.0735311 0.774031 0.152438
0.49544 0.124032 0.380527
0.298027 0.203717 0.498256
0.297734 0.450991 0.251275
0.371625 0.394613 0.233763
0.128506 0.0719358 0.799559
0.323471 0.331906 0.344624
0.183756 0.442042 0.374202
0.413086 0.511502 0.0754124
0.517258 0.28436 0.198382
0.43387 0.18492 0.38121
0.0790725 0.0322875 0.88864
0.587423 0.237182 0.175395
0.278627 0.274979 0.446393
0.0818151 0.238234 0.679951
0.414983 0.459041 0.125976
0.0801612 0.593116 0.326723
0.0883095 0.651411 0.260279
0.164435 0.740884 0.0946811
0.919282 0.0241219 0.0565966
0.212189 0.492839 0.294972
0.320585 0.0367059 0.642709
0.141661 0.792786 0.0655531
0.184146 0.0336805 0.782174
0.0665634 0.152469 0.780967
0.0649462 0.104172 0.830881
0.0434864 0.908631 0.0478827
0.575616 0.0303256 0.394058


3 1 34
36 35 42
27 26 44
28 27 44
13 12 47
39 38 48
17 16 49
18 17 50
17 49 50
49 43 50
37 36 52
50 43 52
36 42 52
16 15 54
49 16 54
9 8 55
15 14 60
54 15 60
28 44 61
26 25 62
44 26 62
10 9 63
56 10 63
9 55 63
55 46 63
46 61 63
61 56 63
14 13 64
13 47 64
60 14 64
52 43 65
48 38 65
8 7 67
55 8 67
46 55 67
45 66 68
43 49 69
49 54 69
5 4 70
4 33 70
33 32 70
62 58 71
19 18 72
42 19 72
18 50 72
50 52 72
52 42 72
64 47 73
24 23 74
53 58 74
25 24 74
62 25 74
58 62 74
48 57 75
57 45 75
45 68 75
31 30 76
32 31 77
70 32 77
31 76 77
57 48 78
48 65 78
65 43 78
43 69 78
45 57 79
53 66 79
66 45 79
73 47 81
80 71 81
75 68 82
51 73 83
71 58 83
81 71 83
73 81 83
44 62 84
62 71 84
71 80 84
11 10 85
10 56 85
60 64 86
51 59 86
73 51 86
64 73 86
57 78 87
69 59 87
78 69 87
79 57 87
59 51 87
51 79 87
20 2 88
2 41 88
82 20 88
54 60 89
59 69 89
69 54 89
60 86 89
86 59 89
53 79 90
79 51 90
51 83 90
58 53 90
83 58 90
23 22 91
22 66 91
66 53 91
53 74 91
74 23 91
12 11 92
47 12 92
81 47 92
56 80 92
85 56 92
80 81 92
11 85 92
29 28 93
28 61 93
61 46 93
30 29 94
46 67 94
67 76 94
76 30 94
29 93 94
93 46 94
7 6 95
67 7 95
76 67 95
77 76 95
0 19 96
35 0 96
19 42 96
42 35 96
56 61 97
61 44 97
44 84 97
80 56 97
84 80 97
40 39 98
39 48 98
48 75 98
6 5 99
5 70 99
70 77 99
77 95 99
95 6 99
41 40 100
75 82 100
82 88 100
88 41 100
40 98 100
98 75 100
22 21 101
66 22 101
68 66 101
21 20 102
20 82 102
82 68 102
68 101 102
101 21 102
4 3 103
3 34 103
33 4 103
34 33 103
38 37 104
65 38 104
37 52 104
52 65 104
