148
1 0 0
0 1 0
0 0 1
0.0555556 0.944444 0
0.111111 0.888889 0
0.166667 0.833333 0
0.222222 0.777778 0
0.277778 0.722222 0
0.333333 0.666667 0
0.388889 0.611111 0
0.444444 0.555556 0
0.5 0.5 0
0.555556 0.444444 0
0.611111 0.388889 0
0.666667 0.333333 0
0.722222 0.277778 0
0.777778 0.222222 0
0.833333 0.166667 0
0.888889 0.111111 0
0.944444 0.0555556 0
0 0.0555555 0.944444
0 0.111111 0.888889
0 0.166667 0.833333
0 0.222222 0.777778
0 0.277778 0.722222
0 0.333333 0.666667
0 0.388889 0.611111
0 0.444444 0.555556
0 0.5 0.5
0 0.555556 0.444444
0 0.611111 0.388889
0 0.666667 0.333333
0 0.722222 0.277778
0 0.777778 0.222222
0 0.833333 0.166667
0 0.888889 0.111111
0 0.944444 0.0555556
0.923077 0 0.0769231
0.846154 0 0.153846
0.769231 0 0.230769
0.692308 0 0.307692
0.615385 0 0.384615
0.538462 0 0.461538
0.461538 0 0.538462
0.384615 0 0.615385
0.307692 0 0.692308
0.230769 0 0.769231
0.153846 0 0.846154
0.0769231 0 0.923077
0.629632 0.124481 0.245886
0.111583 0.49658 0.391837
0.284826 0.134168 0.581006
0.141276 0.60382 0.254904
0.47381 0.411395 0.114795
0.791173 0.0612382 0.147589
0.41451 0.0663377 0.519152
0.634561 0.282535 0.0829041
0.0460801 0.350421 0.603499
0.753173 0.174118 0.0727086
0.746066 0.124998 0.128936
0.411801 0.252551 0.335648
0.641237 0.0682774 0.290485
0.16997 0.257327 0.572703
0.285789 0.634197 0.0800148
0.0624833 0.133432 0.804085
0.325575 0.515038 0.159387
0.368423 0.128354 0.503223
0.186264 0.324001 0.489735
0.504342 0.235383 0.260275
0.167752 0.533043 0.299205
0.12824 0.391367 0.480393
0.352469 0.570102 0.077429
0.584581 0.339133 0.0762863
0.485469 0.457628 0.0569031
0.870728 0.0565742 0.0726978
0.550456 0.0644362 0.385108
0.147225 0.19414 0.658635
0.255726 0.25024 0.494034
0.202688 0.676229 0.121082
0.362757 0.0399893 0.597253
0.818083 0.117021 0.0648956
0.594983 0.234242 0.170775
0.260333 0.492279 0.247388
0.131454 0.135303 0.733242
0.569527 0.179069 0.251405
0.156574 0.77711 0.066316
0.535977 0.293238 0.170785
0.664636 0.169688 0.165676
0.68979 0.226565 0.0836445
0.0826842 0.840438 0.0768778
0.226956 0.38625 0.386794
0.0737016 0.787351 0.138948
0.453907 0.333004 0.213089
0.413917 0.510513 0.0755704
0.248024 0.0365018 0.715475
0.079467 0.705092 0.215441
0.490489 0.127267 0.382245
0.72468 0.0426146 0.232705
0.362698 0.218904 0.418398
0.211673 0.129722 0.658605
0.197686 0.465615 0.336699
0.327098 0.279985 0.392917
0.409905 0.454463 0.135632
0.473592 0.185924 0.340484
0.410922 0.386503 0.202575
0.137926 0.727831 0.134243
0.0578143 0.397341 0.544844
0.0522929 0.897984 0.0497232
0.0927652 0.258764 0.648471
0.123104 0.0713087 0.805587
0.457513 0.284877 0.25761
0.10926 0.327243 0.563496
0.303883 0.337784 0.358333
0.309318 0.184355 0.506327
0.232726 0.709396 0.0578787
0.274518 0.430735 0.294748
0.0539607 0.0841506 0.861889
0.489084 0.0465541 0.464362
0.0631095 0.201323 0.735567
0.504239 0.359544 0.136217
0.0803561 0.561817 0.357827
0.0724114 0.66143 0.266158
0.541923 0.40046 0.0576172
0.0762978 0.0384662 0.885236
0.383473 0.321923 0.294604
0.342682 0.443071 0.214247
0.196699 0.0790569 0.724244
0.0626051 0.616973 0.320422
0.702303 0.0972748 0.200422
0.0637338 0.456731 0.479535
0.277527 0.579261 0.143212
0.559585 0.123008 0.317408
0.145231 0.43849 0.416279
0.226935 0.558401 0.214664
0.252505 0.314438 0.433057
0.223452 0.190214 0.586334
0.454272 0.100615 0.445113
0.407797 0.162294 0.42991
0.329151 0.382015 0.288834
0.210379 0.622411 0.16721
0.340557 0.0913875 0.568055
0.281586 0.0720057 0.646409
0.18672 0.0341247 0.779155
0.0526558 0.303574 0.64377
0.620739 0.0352413 0.344019
0.0473191 0.516432 0.436249
0.140798 0.667172 0.19203
0.0563623 0.747186 0.196452


3 1 36
0 19 37
20 2 48
39 38 54
15 14 56
26 25 57
17 16 58
9 8 63
22 21 64
10 9 71
9 63 71
14 13 72
56 14 72
12 11 73
19 18 74
37 19 74
38 37 74
54 38 74
42 41 75
67 62 77
45 44 79
44 43 79
43 55 79
18 17 80
17 58 80
58 59 80
74 18 80
59 54 80
54 74 80
81 68 84
6 5 85
56 72 86
81 56 86
68 81 86
59 58 87
81 84 87
84 49 87
16 15 88
15 56 88
58 16 88
87 58 88
56 81 88
81 87 88
5 4 89
35 34 89
85 5 89
70 67 90
34 33 91
89 34 91
85 89 91
10 71 93
71 65 93
11 10 93
73 11 93
46 45 94
40 39 97
61 40 97
39 54 97
76 83 99
69 50 100
82 69 100
77 98 101
98 60 101
93 65 102
53 73 102
73 93 102
68 60 103
84 68 103
60 98 103
53 102 104
85 91 105
27 26 106
26 57 106
4 3 107
3 36 107
36 35 107
35 89 107
89 4 107
76 62 108
83 64 109
60 68 110
68 86 110
86 92 110
62 67 111
67 70 111
70 106 111
106 57 111
108 62 111
51 66 113
98 77 113
8 7 114
63 8 114
78 63 114
7 6 114
6 85 114
105 78 114
85 105 114
82 100 115
100 90 115
21 20 116
64 21 116
109 64 116
43 42 117
55 43 117
42 75 117
23 22 118
22 64 118
64 83 118
83 76 118
24 23 118
108 24 118
76 108 118
86 72 119
92 86 119
53 104 119
104 92 119
30 29 120
50 69 120
69 52 120
32 31 121
95 32 121
13 12 122
72 13 122
12 73 122
73 53 122
53 119 122
119 72 122
48 47 123
47 109 123
20 48 123
116 20 123
109 116 123
92 104 124
110 92 124
101 60 124
112 101 124
60 110 124
65 82 125
102 65 125
82 115 125
104 102 125
99 83 126
83 109 126
31 30 127
121 31 127
30 120 127
120 52 127
52 121 127
59 87 128
87 49 128
54 59 128
97 54 128
49 61 128
61 97 128
28 27 129
27 106 129
106 70 129
65 71 130
71 63 130
61 49 131
75 61 131
96 75 131
49 84 131
84 103 131
103 96 131
100 50 132
70 90 132
90 100 132
50 129 132
129 70 132
52 69 133
69 82 133
82 65 133
65 130 133
67 77 134
77 101 134
90 67 134
112 90 134
101 112 134
76 99 135
99 51 135
62 76 135
51 113 135
77 62 135
113 77 135
66 55 136
75 96 136
117 75 136
55 117 136
96 103 137
103 98 137
98 113 137
113 66 137
66 136 137
136 96 137
90 112 138
115 90 138
124 104 138
112 124 138
104 125 138
125 115 138
63 78 139
130 63 139
52 133 139
133 130 139
55 66 140
79 55 140
66 51 140
45 79 141
94 45 141
99 126 141
126 94 141
79 140 141
51 99 141
140 51 141
47 46 142
109 47 142
46 94 142
94 126 142
126 109 142
25 24 143
24 108 143
57 25 143
108 111 143
111 57 143
41 40 144
40 61 144
61 75 144
75 41 144
29 28 145
50 120 145
120 29 145
28 129 145
129 50 145
78 105 146
105 95 146
121 52 146
52 139 146
139 78 146
95 121 146
33 32 147
32 95 147
91 33 147
95 105 147
105 91 147
