128
1 0 0
0 1 0
0 0 1
0.0555556 0.944444 0
0.111111 0.888889 0
0.166667 0.833333 0
0.222222 0.777778 0
0.277778 0.722222 0
0.333333 0.666667 0
0.388889 0.611111 0
0.444444 0.555556 0
0.5 0.5 0
0.555556 0.444444 0
0.611111 0.388889 0
0.666667 0.333333 0
0.722222 0.277778 0
0.777778 0.222222 0
0.833333 0.166667 0
0.888889 0.111111 0
0.944444 0.0555556 0
0 0.0526316 0.947368
0 0.105263 0.894737
0 0.157895 0.842105
0 0.210526 0.789474
0 0.263158 0.736842
0 0.315789 0.684211
0 0.368421 0.631579
0 0.421053 0.578947
0 0.473684 0.526316
0 0.526316 0.473684
0 0.578947 0.421053
0 0.631579 0.368421
0 0.684211 0.315789
0 0.736842 0.263158
0 0.789474 0.210526
0 0.842105 0.157895
0 0.894737 0.105263
0 0.947368 0.0526316
0.9 0 0.1
0.8 0 0.2
0.7 0 0.3
0.6 0 0.4
0.5 0 0.5
0.4 0 0.6
0.3 0 0.7
0.2 0 0.8
0.1 0 0.9
0.635646 0.113872 0.250482
0.092016 0.499319 0.408664
0.262454 0.145458 0.592088
0.168093 0.610736 0.221171
0.502264 0.411109 0.0866271
0.782891 0.0660033 0.151106
0.437356 0.0738703 0.488773
0.630015 0.283494 0.0864902
0.750621 0.175145 0.0742336
0.731122 0.126959 0.141919
0.372804 0.256767 0.370429
0.667709 0.0608741 0.271417
0.171582 0.246257 0.582161
0.270784 0.629055 0.100161
0.308755 0.522516 0.168729
0.390075 0.12882 0.481105
0.203989 0.335204 0.460806
0.4768 0.233167 0.290033
0.173363 0.539183 0.287454
0.124549 0.395659 0.479791
0.341385 0.57082 0.0877943
0.552596 0.344686 0.102718
0.885079 0.0537587 0.0611621
0.554168 0.0754538 0.370378
0.141236 0.197092 0.661672
0.175714 0.670582 0.153704
0.342884 0.0453968 0.61172
0.81639 0.119039 0.0645702
0.587133 0.233969 0.178898
0.283598 0.478103 0.238299
0.0646746 0.322037 0.613289
0.155553 0.131772 0.712675
0.555387 0.174914 0.269699
0.161637 0.778644 0.0597184
0.521057 0.289665 0.189279
0.259849 0.262473 0.477678
0.655304 0.176559 0.168137
0.688252 0.227869 0.0838788
0.0860204 0.83876 0.0752192
0.227393 0.392456 0.380151
0.432057 0.342946 0.224997
0.243477 0.0408216 0.715701
0.0820955 0.702525 0.215379
0.5025 0.121848 0.375652
0.255656 0.20537 0.538974
0.364845 0.216977 0.418178
0.472683 0.465343 0.0619738
0.442359 0.389646 0.167995
0.154307 0.73126 0.114433
0.122073 0.443367 0.434561
0.137104 0.0718893 0.791007
0.0771999 0.260909 0.661891
0.339132 0.405109 0.255758
0.184521 0.481551 0.333929
0.316201 0.345388 0.338411
0.408653 0.514385 0.0769618
0.523008 0.0346998 0.442292
0.240628 0.0889336 0.670439
0.445916 0.174601 0.379483
0.305139 0.297456 0.397406
0.739908 0.0354082 0.224684
0.0733534 0.169935 0.756711
0.0818 0.593221 0.324979
0.0876542 0.649795 0.26255
0.0703792 0.123154 0.806467
0.392416 0.457001 0.150583
0.0771339 0.78933 0.133536
0.0804322 0.0422493 0.877319
0.410435 0.29446 0.295105
0.614896 0.0318958 0.353208
0.0669514 0.546114 0.386934
0.24367 0.574458 0.181872
0.240642 0.439085 0.320273
0.144577 0.300415 0.555008
0.344203 0.173824 0.481973
0.334709 0.0941767 0.571114
0.089704 0.361947 0.548349
0.0435482 0.914909 0.041543
0.0604453 0.750111 0.189444
0.247771 0.688225 0.0640042
0.438105 0.0291561 0.532739


3 1 37
20 2 46
29 28 48
13 12 51
39 38 52
15 14 54
17 16 55
47 52 56
52 47 58
9 8 60
10 9 67
9 60 67
14 13 68
13 51 68
54 14 68
0 19 69
38 0 69
19 18 69
52 38 69
58 47 70
50 60 72
44 43 73
18 17 74
17 55 74
55 56 74
56 52 74
52 69 74
69 18 74
61 65 76
26 25 77
49 71 78
75 64 79
6 5 80
7 6 80
54 68 81
75 54 81
64 75 81
47 56 83
79 47 83
56 55 83
75 79 83
16 15 84
15 54 84
54 75 84
55 16 84
75 83 84
83 55 84
5 4 85
4 36 85
36 35 85
80 5 85
66 63 86
81 68 87
45 44 88
44 73 88
33 32 89
62 53 90
53 70 90
70 47 90
47 79 90
59 71 91
71 49 91
82 59 91
64 57 92
57 82 92
82 91 92
12 11 93
51 12 93
68 51 94
87 68 94
7 80 95
89 72 95
28 27 96
27 66 96
48 28 96
66 86 96
45 88 97
24 23 98
23 71 98
71 59 98
25 24 98
77 25 98
87 94 99
65 48 100
76 65 100
48 96 100
86 63 101
87 99 101
99 86 101
11 10 102
10 67 102
67 61 102
93 11 102
42 41 103
70 53 103
49 78 104
88 73 104
78 97 104
97 88 104
62 90 105
79 64 105
64 92 105
90 79 105
63 82 106
82 57 106
101 63 106
40 39 107
58 40 107
39 52 107
52 58 107
23 22 108
71 23 108
78 71 108
31 30 109
65 50 109
32 31 110
89 32 110
50 72 110
72 89 110
31 109 110
109 50 110
22 21 111
21 97 111
97 78 111
78 108 111
108 22 111
61 76 112
51 93 112
94 51 112
76 99 112
99 94 112
93 102 112
102 61 112
35 34 113
85 35 113
80 85 113
95 80 113
21 20 114
97 21 114
20 46 114
46 45 114
45 97 114
57 64 115
64 81 115
81 87 115
87 101 115
101 106 115
106 57 115
41 40 116
40 58 116
58 70 116
70 103 116
103 41 116
30 29 117
29 48 117
48 65 117
65 109 117
109 30 117
50 65 118
65 61 118
60 50 118
67 60 118
61 67 118
96 86 119
100 96 119
86 99 119
99 76 119
76 100 119
82 63 120
59 82 120
77 98 120
98 59 120
49 62 121
91 49 121
92 91 121
62 105 121
105 92 121
53 62 122
62 49 122
73 53 122
49 104 122
104 73 122
27 26 123
66 27 123
63 66 123
26 77 123
77 120 123
120 63 123
4 3 124
3 37 124
36 4 124
37 36 124
33 89 125
89 95 125
34 33 125
113 34 125
95 113 125
8 7 126
60 8 126
72 60 126
7 95 126
95 72 126
43 42 127
73 43 127
53 73 127
42 103 127
103 53 127
