136
1 0 0
0 1 0
0 0 1
0.0555555 0.944444 0
0.111111 0.888889 0
0.166667 0.833333 0
0.222222 0.777778 0
0.277778 0.722222 0
0.333333 0.666667 0
0.388889 0.611111 0
0.444444 0.555556 0
0.5 0.5 0
0.555556 0.444444 0
0.611111 0.388889 0
0.666667 0.333333 0
0.722222 0.277778 0
0.777778 0.222222 0
0.833333 0.166667 0
0.888889 0.111111 0
0.944444 0.0555556 0
0 0.076923 0.923077
0 0.153846 0.846154
0 0.230769 0.769231
0 0.307692 0.692308
0 0.384615 0.615385
0 0.461538 0.538462
0 0.538462 0.461538
0 0.615385 0.384615
0 0.692308 0.307692
0 0.769231 0.230769
0 0.846154 0.153846
0 0.923077 0.0769231
0.933333 0 0.0666667
0.866667 0 0.133333
0.8 0 0.2
0.733333 0 0.266667
0.666667 0 0.333333
0.6 0 0.4
0.533333 0 0.466667
0.466667 0 0.533333
0.4 0 0.6
0.333333 0 0.666667
0.266667 0 0.733333
0.2 0 0.8
0.133333 0 0.866667
0.0666667 0 0.933333
0.626231 0.115378 0.258392
0.113308 0.478522 0.40817
0.293835 0.142448 0.563717
0.153141 0.614601 0.232258
0.478755 0.406992 0.114253
0.813952 0.0571489 0.128899
0.419639 0.06347 0.516891
0.652271 0.268828 0.0789012
0.0495389 0.334868 0.615593
0.756402 0.171516 0.072082
0.401481 0.25649 0.342029
0.181602 0.247177 0.571221
0.707757 0.214652 0.0775908
0.267976 0.641048 0.0909763
0.0482799 0.14353 0.80819
0.683481 0.0576243 0.258895
0.329757 0.518245 0.151998
0.047145 0.635317 0.317538
0.374178 0.131395 0.494428
0.180164 0.33024 0.489595
0.480517 0.230545 0.288938
0.164731 0.538422 0.296848
0.121778 0.400104 0.478118
0.332336 0.584592 0.0830718
0.586443 0.323395 0.090162
0.702088 0.131006 0.166905
0.880892 0.0530843 0.066024
0.556999 0.0791377 0.363864
0.14092 0.202005 0.657076
0.254865 0.238902 0.506234
0.195414 0.673723 0.130863
0.346973 0.0660767 0.586951
0.59261 0.245942 0.161448
0.527979 0.273623 0.198398
0.127805 0.130606 0.741589
0.561549 0.177286 0.261166
0.325758 0.271707 0.402535
0.162127 0.762524 0.0753494
0.643411 0.1896 0.166989
0.0940071 0.827618 0.0783744
0.222556 0.403485 0.373959
0.450594 0.321179 0.228226
0.39483 0.522078 0.0830911
0.27105 0.0728839 0.656066
0.134037 0.694334 0.171629
0.0634677 0.709665 0.226867
0.0499338 0.789401 0.160665
0.495653 0.142616 0.361731
0.0598028 0.416491 0.523707
0.468742 0.475468 0.0557899
0.18178 0.470446 0.347774
0.110115 0.278451 0.611434
0.298356 0.469287 0.232357
0.423858 0.448606 0.127536
0.0464374 0.268024 0.685539
0.405886 0.390007 0.204107
0.0391268 0.570292 0.390581
0.141811 0.0586975 0.799492
0.42351 0.188887 0.387604
0.339554 0.399666 0.26078
0.0506018 0.881381 0.0680169
0.315296 0.341507 0.343197
0.621261 0.0527993 0.32594
0.215836 0.588136 0.196028
0.104298 0.760685 0.135017
0.201541 0.0725707 0.725888
0.487689 0.0635933 0.448717
0.835182 0.106043 0.0587749
0.0943982 0.565534 0.340068
0.210113 0.157226 0.632661
0.260111 0.325761 0.414129
0.374235 0.327089 0.298676
0.34294 0.199689 0.457371
0.233376 0.492135 0.274488
0.512858 0.343651 0.143491
0.225356 0.716461 0.0581827
0.103042 0.34854 0.548418
0.074893 0.0700324 0.855075
0.747688 0.0586751 0.193637
0.0514505 0.500609 0.44794
0.0988513 0.63989 0.261259
0.774155 0.118516 0.107328
0.0763041 0.205424 0.718272
0.364592 0.45847 0.176938
0.546249 0.389049 0.0647024
0.276455 0.405174 0.31837
0.0326152 0.0353867 0.931998
0.274181 0.551455 0.174364
0.440038 0.121959 0.438003
0.165165 0.416781 0.418054


3 1 31
0 19 32
34 33 51
40 39 52
15 14 53
24 23 54
17 16 55
16 15 58
55 16 58
15 53 58
8 7 59
21 20 60
22 21 60
36 35 61
28 27 63
9 8 69
8 59 69
14 13 70
53 14 70
55 58 71
46 61 71
19 18 72
32 19 72
33 32 72
51 33 72
38 37 73
65 57 75
41 40 77
40 52 77
64 48 77
52 64 77
53 70 78
78 70 79
73 46 81
78 79 81
79 66 81
6 5 83
46 71 84
58 53 84
53 78 84
71 58 84
78 81 84
81 46 84
5 4 85
83 5 85
56 66 87
66 79 87
10 9 88
9 69 88
69 62 88
42 41 89
41 77 89
77 48 89
49 76 90
76 83 90
29 28 91
28 63 91
30 29 92
29 91 92
73 81 93
81 66 93
25 24 94
24 54 94
68 47 94
12 11 95
50 12 95
11 10 95
10 88 95
67 47 96
57 65 97
74 57 97
50 95 99
95 88 99
23 22 100
54 23 100
97 54 100
87 50 101
50 99 101
27 26 102
63 27 102
44 43 103
66 56 104
93 66 104
4 3 106
85 4 106
3 31 106
31 30 106
30 92 106
92 85 106
37 36 108
36 61 108
61 46 108
46 73 108
73 37 108
49 67 109
59 76 109
76 49 109
83 85 110
85 92 110
90 83 110
91 90 110
92 91 110
43 42 111
42 89 111
103 43 111
80 103 111
39 38 112
38 73 112
73 93 112
52 39 112
18 17 113
51 72 113
72 18 113
63 102 114
67 49 114
47 67 114
57 74 115
48 75 115
75 57 115
89 48 115
111 89 115
74 80 115
80 111 115
65 75 116
86 65 116
75 82 116
82 107 116
56 87 117
87 101 117
82 56 117
107 82 117
101 105 117
105 107 117
48 64 118
75 48 118
82 75 118
56 82 118
104 56 118
64 104 118
96 86 119
67 96 119
109 67 119
79 70 120
50 87 120
87 79 120
7 6 121
59 7 121
76 59 121
6 83 121
83 76 121
68 94 122
94 54 122
65 68 122
97 65 122
54 97 122
60 20 123
45 44 123
44 103 123
80 60 123
103 80 123
35 34 124
34 51 124
61 35 124
71 61 124
26 25 125
25 94 125
94 47 125
102 26 125
47 114 125
114 102 125
49 90 126
90 91 126
91 63 126
63 114 126
114 49 126
17 55 127
113 17 127
51 113 127
124 51 127
55 71 127
71 124 127
60 80 128
80 74 128
22 60 128
100 22 128
74 97 128
97 100 128
88 62 129
99 88 129
62 98 129
98 105 129
101 99 129
105 101 129
13 12 130
70 13 130
12 50 130
50 120 130
120 70 130
105 98 131
107 105 131
86 116 131
116 107 131
98 119 131
119 86 131
20 2 132
2 45 132
45 123 132
123 20 132
62 69 133
69 59 133
59 109 133
98 62 133
119 98 133
109 119 133
64 52 134
104 64 134
93 104 134
52 112 134
112 93 134
68 65 135
65 86 135
47 68 135
96 47 135
86 96 135
