146
1 0 0
0 1 0
0 0 1
0.0555555 0.944444 0
0.111111 0.888889 0
0.166667 0.833333 0
0.222222 0.777778 0
0.277778 0.722222 0
0.333333 0.666667 0
0.388889 0.611111 0
0.444444 0.555556 0
0.5 0.5 0
0.555556 0.444444 0
0.611111 0.388889 0
0.666667 0.333333 0
0.722222 0.277778 0
0.777778 0.222222 0
0.833333 0.166667 0
0.888889 0.111111 0
0.944444 0.0555556 0
0 0.0588235 0.941177
0 0.117647 0.882353
0 0.176471 0.823529
0 0.235294 0.764706
0 0.294118 0.705882
0 0.352941 0.647059
0 0.411765 0.588235
0 0.470588 0.529412
0 0.529412 0.470588
0 0.588235 0.411765
0 0.647059 0.352941
0 0.705882 0.294118
0 0.764706 0.235294
0 0.823529 0.176471
0 0.882353 0.117647
0 0.941177 0.0588235
0.923077 0 0.0769231
0.846154 0 0.153846
0.769231 0 0.230769
0.692308 0 0.307692
0.615385 0 0.384615
0.538462 0 0.461538
0.461538 0 0.538462
0.384615 0 0.615385
0.307692 0 0.692308
0.230769 0 0.769231
0.153846 0 0.846154
0.076923 0 0.923077
0.629975 0.12343 0.246595
0.112399 0.491862 0.395739
0.285199 0.134745 0.580056
0.138594 0.604164 0.257241
0.471707 0.409404 0.118889
0.790104 0.0611055 0.14879
0.416142 0.0645345 0.519323
0.647825 0.280517 0.0716582
0.75253 0.173858 0.0736119
0.743384 0.124885 0.131731
0.413008 0.243266 0.343726
0.65065 0.0654019 0.283948
0.167296 0.256195 0.576509
0.286014 0.63512 0.0788659
0.053252 0.14306 0.803688
0.324808 0.516451 0.158741
0.372798 0.137769 0.489433
0.171552 0.328797 0.499651
0.504279 0.234464 0.261258
0.170922 0.531901 0.297176
0.120665 0.413901 0.465434
0.352066 0.570902 0.0770328
0.585862 0.327552 0.0865852
0.486416 0.45614 0.0574441
0.87723 0.053096 0.0696738
0.542007 0.0654206 0.392572
0.145558 0.192247 0.662195
0.253136 0.250724 0.49614
0.202743 0.676201 0.121056
0.34951 0.0437474 0.606742
0.593838 0.244199 0.161963
0.261059 0.491486 0.247455
0.0759665 0.372334 0.551699
0.125458 0.13013 0.744412
0.570466 0.178484 0.251049
0.156904 0.776029 0.0670677
0.523365 0.294311 0.182324
0.663794 0.170602 0.165604
0.690664 0.226248 0.0830875
0.0823437 0.83736 0.0802962
0.219177 0.387475 0.393348
0.0758928 0.77677 0.147337
0.449653 0.333142 0.217204
0.0879063 0.311965 0.600128
0.414117 0.510058 0.075825
0.247674 0.0366454 0.71568
0.0702797 0.71539 0.214331
0.472884 0.114553 0.412562
0.725203 0.0426195 0.232178
0.352733 0.212462 0.434805
0.210366 0.129279 0.660356
0.201909 0.464942 0.333149
0.325626 0.279335 0.395039
0.409589 0.454591 0.13582
0.0406026 0.250162 0.709235
0.484503 0.179227 0.33627
0.394592 0.385674 0.219734
0.145166 0.725256 0.129578
0.0519951 0.896228 0.0517773
0.0895567 0.255162 0.655281
0.131638 0.0645049 0.803857
0.455313 0.283045 0.261643
0.311362 0.350051 0.338588
0.816792 0.115867 0.0673417
0.297118 0.186422 0.516459
0.233643 0.709199 0.0571586
0.289299 0.418959 0.291742
0.0649323 0.0915523 0.843515
0.487915 0.0516815 0.460403
0.0500383 0.430865 0.519097
0.0650961 0.655597 0.279307
0.499952 0.358834 0.141214
0.102797 0.558471 0.338732
0.0660557 0.197505 0.736439
0.342481 0.450697 0.206822
0.197239 0.0785896 0.724171
0.276235 0.580505 0.14326
0.0495457 0.54338 0.407074
0.701945 0.0974195 0.200635
0.0783722 0.0415786 0.880049
0.226319 0.558791 0.21489
0.384599 0.314999 0.300402
0.159337 0.438147 0.402517
0.25215 0.315791 0.432059
0.056751 0.602277 0.340972
0.221686 0.189974 0.58834
0.419864 0.172687 0.407448
0.54285 0.396665 0.0604844
0.0560051 0.48075 0.463245
0.135749 0.66696 0.197291
0.341185 0.093223 0.565592
0.189002 0.0329233 0.778074
0.564591 0.112763 0.322646
0.602405 0.0426971 0.354898
0.209485 0.62335 0.167165
0.279608 0.0727942 0.647598
0.944578 0.0232552 0.0321667
0.0325104 0.024943 0.942547


3 1 35
38 37 53
43 42 54
15 14 55
17 16 56
9 8 61
22 21 62
10 9 69
9 61 69
14 13 70
55 14 70
12 11 71
19 18 72
37 36 72
53 37 72
65 60 75
44 43 77
43 54 77
55 70 78
26 25 80
65 68 80
78 66 82
6 5 83
66 78 84
78 70 84
57 56 85
78 82 85
82 48 85
16 15 86
56 16 86
15 55 86
85 56 86
55 78 86
78 85 86
5 4 87
34 33 87
83 5 87
68 65 88
33 32 89
83 87 89
87 33 89
25 24 91
80 25 91
60 65 91
65 80 91
10 69 92
69 63 92
11 10 92
71 11 92
45 44 93
32 31 94
89 32 94
64 54 95
39 38 96
59 39 96
38 53 96
74 81 98
67 49 99
79 67 99
75 97 100
97 58 100
92 63 101
52 71 101
71 92 101
24 23 102
66 58 103
82 66 103
52 101 104
83 89 105
89 94 105
4 3 106
3 35 106
35 34 106
34 87 106
87 4 106
91 24 107
24 102 107
74 60 107
60 91 107
58 66 109
66 84 109
84 90 109
18 17 111
57 53 111
17 56 111
56 57 111
53 72 111
72 18 111
50 64 112
64 97 112
97 75 112
8 7 113
61 8 113
76 61 113
7 6 113
6 83 113
105 76 113
83 105 113
79 99 114
99 88 114
88 110 114
110 104 114
21 20 115
62 21 115
81 62 115
108 81 115
42 41 116
54 42 116
41 73 116
73 95 116
95 54 116
27 26 117
26 80 117
80 68 117
31 30 118
94 31 118
84 70 119
90 84 119
52 104 119
104 90 119
49 67 120
67 51 120
23 22 121
22 62 121
62 81 121
81 74 121
102 23 121
74 107 121
107 102 121
63 79 122
101 63 122
79 114 122
104 101 122
114 104 122
98 81 123
81 108 123
63 69 124
69 61 124
29 28 125
49 120 125
57 85 126
85 48 126
53 57 126
96 53 126
48 59 126
59 96 126
47 46 127
46 108 127
115 20 127
108 115 127
51 67 128
67 79 128
79 63 128
63 124 128
100 58 129
58 109 129
90 104 129
104 110 129
110 100 129
109 90 129
49 68 130
99 49 130
68 88 130
88 99 130
65 75 131
75 100 131
88 65 131
110 88 131
100 110 131
30 29 132
118 30 132
51 118 132
120 51 132
29 125 132
125 120 132
74 98 133
98 50 133
60 74 133
75 60 133
112 75 133
50 112 133
64 95 134
95 103 134
97 64 134
58 97 134
103 58 134
13 12 135
12 71 135
71 52 135
52 119 135
70 13 135
119 70 135
28 27 136
27 117 136
68 49 136
117 68 136
49 125 136
125 28 136
76 105 137
105 94 137
118 51 137
94 118 137
54 64 138
77 54 138
64 50 138
46 45 139
108 46 139
45 93 139
93 123 139
123 108 139
59 48 140
48 82 140
82 103 140
95 73 140
103 95 140
40 39 141
39 59 141
41 40 141
73 41 141
59 140 141
140 73 141
61 76 142
124 61 142
51 128 142
128 124 142
76 137 142
137 51 142
44 77 143
93 44 143
50 98 143
98 123 143
123 93 143
138 50 143
77 138 143
0 19 144
36 0 144
19 72 144
72 36 144
20 2 145
2 47 145
47 127 145
127 20 145
