199
1 0 0
0 1 0
0 0 1
0.0555556 0.944444 0
0.111111 0.888889 0
0.166667 0.833333 0
0.222222 0.777778 0
0.277778 0.722222 0
0.333333 0.666667 0
0.388889 0.611111 0
0.444444 0.555556 0
0.5 0.5 0
0.555556 0.444444 0
0.611111 0.388889 0
0.666667 0.333333 0
0.722222 0.277778 0
0.777778 0.222222 0
0.833333 0.166667 0
0.888889 0.111111 0
0.944444 0.0555556 0
0 0.0555555 0.944444
0 0.111111 0.888889
0 0.166667 0.833333
0 0.222222 0.777778
0 0.277778 0.722222
0 0.333333 0.666667
0 0.388889 0.611111
0 0.444444 0.555556
0 0.5 0.5
0 0.555555 0.444444
0 0.611111 0.388889
0 0.666667 0.333333
0 0.722222 0.277778
0 0.777778 0.222222
0 0.833333 0.166667
0 0.888889 0.111111
0 0.944444 0.0555556
0.95 0 0.05
0.9 0 0.1
0.85 0 0.15
0.8 0 0.2
0.75 0 0.25
0.7 0 0.3
0.65 0 0.35
0.6 0 0.4
0.55 0 0.45
0.5 0 0.5
0.45 0 0.55
0.4 0 0.6
0.35 0 0.65
0.3 0 0.7
0.25 0 0.75
0.2 0 0.8
0.15 0 0.85
0.1 0 0.9
0.0500001 0 0.95
0.812567 0.0354201 0.152013
0.117737 0.844359 0.0379041
0.638873 0.110698 0.250429
0.0916248 0.499059 0.409316
0.281031 0.126235 0.592734
0.145175 0.623191 0.231634
0.484751 0.405627 0.109622
0.412136 0.0782948 0.509569
0.907093 0.050447 0.0424601
0.793934 0.172451 0.0336147
0.645965 0.281944 0.0720905
0.0491393 0.333049 0.617812
0.677616 0.135935 0.186449
0.740433 0.12303 0.136537
0.379347 0.269268 0.351385
0.174514 0.243312 0.582174
0.706314 0.234928 0.0587579
0.264231 0.641462 0.0943075
0.0631351 0.139557 0.797308
0.687265 0.0487598 0.263975
0.325217 0.519758 0.155025
0.0471637 0.617897 0.334939
0.370173 0.146888 0.482939
0.183418 0.334904 0.481678
0.481061 0.236383 0.282556
0.274942 0.508285 0.216773
0.160205 0.547483 0.292312
0.12924 0.389403 0.481357
0.331322 0.575073 0.0936042
0.588955 0.333226 0.0778187
0.512684 0.442098 0.0452183
0.553554 0.0655803 0.380866
0.143164 0.202918 0.653917
0.26055 0.244189 0.49526
0.193508 0.680171 0.126321
0.257249 0.701125 0.0416257
0.345004 0.0529643 0.602031
0.588178 0.244918 0.166904
0.0692959 0.379123 0.551581
0.530977 0.280833 0.18819
0.12605 0.138813 0.735138
0.574925 0.163602 0.261473
0.325539 0.269478 0.404984
0.158508 0.785895 0.0555972
0.801239 0.0822018 0.116559
0.609169 0.179892 0.210939
0.646263 0.191665 0.162072
0.443699 0.390208 0.166093
0.0906875 0.822208 0.0871043
0.234804 0.392072 0.373124
0.150325 0.438065 0.411611
0.0836243 0.768096 0.14828
0.440422 0.338895 0.220683
0.383511 0.514125 0.102364
0.254961 0.0436165 0.701422
0.795353 0.128244 0.0764035
0.132252 0.69532 0.172427
0.857092 0.0760337 0.0668744
0.0853671 0.697813 0.216819
0.491971 0.130949 0.37708
0.238793 0.205447 0.55576
0.419835 0.295167 0.284998
0.0996131 0.200801 0.699586
0.447484 0.204066 0.348451
0.543784 0.325116 0.1311
0.2139 0.165486 0.620614
0.229134 0.617433 0.153433
0.188598 0.471315 0.340087
0.108506 0.289647 0.601847
0.502009 0.0625789 0.435412
0.579604 0.109665 0.310731
0.635417 0.0560674 0.308516
0.390326 0.391154 0.21852
0.714442 0.0749038 0.210654
0.747942 0.181192 0.0708659
0.055657 0.891365 0.052978
0.438709 0.128228 0.433063
0.135609 0.0699429 0.794448
0.0651257 0.26476 0.670114
0.341266 0.401479 0.257255
0.0453735 0.0541652 0.900461
0.296262 0.0574262 0.646312
0.311159 0.339687 0.349154
0.69701 0.182158 0.120832
0.0417679 0.508821 0.449411
0.318961 0.223487 0.457552
0.326752 0.457046 0.216201
0.100715 0.617928 0.281357
0.0902697 0.061663 0.848067
0.248837 0.306024 0.445139
0.0416469 0.774602 0.183751
0.288086 0.422467 0.289447
0.571898 0.390072 0.0380304
0.518724 0.175436 0.30584
0.196673 0.0664885 0.736839
0.0387357 0.438861 0.522403
0.0554371 0.205208 0.739355
0.490133 0.337371 0.172496
0.213733 0.56902 0.217247
0.540886 0.224576 0.234537
0.0944454 0.560116 0.345439
0.449375 0.489364 0.0612612
0.3021 0.176325 0.521574
0.602317 0.282861 0.114822
0.417952 0.447904 0.134144
0.190852 0.375144 0.434004
0.387639 0.200207 0.412153
0.228468 0.498988 0.272544
0.344634 0.103856 0.55151
0.141051 0.322687 0.536262
0.039543 0.835189 0.125268
0.390663 0.563389 0.0459476
0.20513 0.277465 0.517406
0.84901 0.0382022 0.112788
0.27537 0.571561 0.153069
0.184995 0.130094 0.684911
0.35649 0.345763 0.297747
0.0447558 0.55992 0.395324
0.321516 0.637471 0.041013
0.0476766 0.67442 0.277903
0.537278 0.382798 0.0799233
0.60305 0.0426725 0.354277
0.837878 0.128235 0.0338867
0.627812 0.336027 0.0361608
0.0768212 0.447511 0.475668
0.0330807 0.730924 0.235995
0.13986 0.748055 0.112084
0.367906 0.467997 0.164097
0.277149 0.326744 0.396107
0.393889 0.0455744 0.560536
0.236902 0.445118 0.317981
0.461123 0.0551261 0.483751
0.765532 0.058432 0.176036
0.481887 0.28401 0.234104
0.206046 0.721362 0.0725915
0.136654 0.502849 0.360497
0.534281 0.122974 0.342746
0.678087 0.291102 0.0308104
0.180628 0.637726 0.181646
0.240026 0.0963137 0.66366
0.649287 0.234258 0.116455
0.0251741 0.949614 0.0252121
0.0402049 0.105629 0.854166


0 19 37
20 2 55
40 39 56
5 4 57
19 18 64
37 19 64
38 37 64
17 16 65
26 25 67
16 15 72
23 22 74
42 41 75
31 30 77
12 11 86
45 44 87
7 6 91
49 48 92
27 26 94
26 67 94
6 5 99
5 57 99
58 68 101
97 58 101
93 101 102
101 68 102
99 57 104
84 76 109
51 50 110
69 100 111
38 64 113
64 18 113
111 100 113
112 107 114
61 112 114
96 88 118
80 117 119
117 70 119
95 93 120
71 88 121
116 71 121
60 116 121
73 90 122
106 105 123
88 71 124
94 67 124
46 45 125
45 87 125
87 115 125
58 97 126
43 42 127
42 75 127
75 58 127
58 126 127
108 103 128
117 108 128
69 68 129
75 41 129
68 58 129
58 75 129
65 16 130
16 72 130
111 65 130
69 111 130
4 3 131
57 4 131
104 57 131
36 35 131
115 119 132
78 63 132
125 115 132
53 52 133
96 74 133
25 24 134
67 25 134
124 67 134
118 88 134
88 124 134
21 20 136
20 55 136
55 54 136
50 49 137
49 92 137
110 50 137
92 60 137
98 70 138
68 69 139
102 68 139
130 72 139
69 130 139
29 28 140
76 81 142
135 128 142
82 61 143
61 114 143
54 53 144
53 133 144
136 54 144
133 74 144
89 141 145
141 98 145
34 33 146
114 107 146
105 138 147
135 142 147
142 81 147
13 12 148
12 86 148
80 119 149
119 115 149
126 97 149
52 51 150
51 110 150
133 52 150
96 133 150
28 27 151
27 94 151
24 23 152
23 74 152
74 96 152
96 118 152
118 134 152
134 24 152
103 108 153
62 103 153
120 62 153
95 120 153
61 82 154
93 95 155
101 93 155
97 101 155
80 149 155
149 97 155
82 143 156
143 77 156
11 10 157
86 11 157
62 86 157
116 60 158
89 116 158
78 141 158
141 89 158
66 85 159
85 120 159
120 93 159
103 62 160
128 103 160
62 157 160
157 109 160
83 79 161
106 83 161
105 106 161
79 145 161
145 105 161
70 98 162
119 70 162
132 119 162
78 132 162
141 78 162
98 141 162
82 123 163
147 81 163
81 154 163
154 82 163
63 78 164
60 92 164
158 60 164
78 158 164
124 71 165
79 83 165
83 94 165
94 124 165
35 34 166
107 104 166
104 131 166
131 35 166
34 146 166
146 107 166
10 9 167
84 109 167
109 157 167
157 10 167
71 116 168
116 89 168
89 145 168
145 79 168
79 165 168
165 71 168
39 38 169
38 113 169
56 39 169
100 56 169
113 100 169
81 76 170
76 84 170
84 73 170
73 122 170
122 154 170
154 81 170
88 96 171
96 150 171
121 88 171
117 128 172
128 135 172
70 117 172
138 70 172
135 147 172
147 138 172
30 29 173
29 140 173
140 59 173
59 156 173
77 30 173
156 77 173
73 84 174
8 7 174
7 91 174
91 73 174
9 8 174
167 9 174
84 167 174
32 31 175
31 77 175
77 143 175
143 114 175
86 62 176
148 86 176
62 120 176
120 85 176
85 148 176
44 43 177
43 127 177
87 44 177
126 87 177
127 126 177
17 65 178
65 111 178
18 17 178
113 18 178
111 113 178
14 13 179
85 66 179
13 148 179
148 85 179
83 106 180
106 59 180
59 140 180
140 28 180
28 151 180
94 83 180
151 94 180
33 32 181
114 146 181
146 33 181
32 175 181
175 114 181
99 104 182
104 107 182
112 90 182
107 112 182
109 76 183
160 109 183
76 142 183
142 128 183
128 160 183
98 138 184
145 98 184
138 105 184
105 145 184
48 47 185
47 63 185
63 164 185
92 48 185
164 92 185
123 105 186
105 147 186
147 163 186
163 123 186
47 46 187
63 47 187
46 125 187
125 132 187
132 63 187
56 100 188
100 69 188
41 40 188
129 41 188
40 56 188
69 129 188
108 117 189
117 80 189
95 153 189
153 108 189
80 155 189
155 95 189
90 73 190
73 91 190
91 6 190
6 99 190
99 182 190
182 90 190
59 106 191
106 123 191
156 59 191
123 82 191
82 156 191
115 87 192
87 126 192
126 149 192
149 115 192
15 14 193
66 72 193
72 15 193
14 179 193
179 66 193
90 112 194
122 90 194
112 61 194
61 154 194
154 122 194
60 121 195
137 60 195
110 137 195
121 171 195
150 110 195
171 150 195
72 66 196
139 72 196
102 139 196
93 102 196
159 93 196
66 159 196
3 1 197
1 36 197
36 131 197
131 3 197
22 21 198
74 22 198
144 74 198
21 136 198
136 144 198
