117
1 0 0
0 1 0
0 0 1
0.0555556 0.944444 0
0.111111 0.888889 0
0.166667 0.833333 0
0.222222 0.777778 0
0.277778 0.722222 0
0.333333 0.666667 0
0.388889 0.611111 0
0.444444 0.555556 0
0.5 0.5 0
0.555556 0.444444 0
0.611111 0.388889 0
0.666667 0.333333 0
0.722222 0.277778 0
0.777778 0.222222 0
0.833333 0.166667 0
0.888889 0.111111 0
0.944444 0.0555556 0
0 0.1 0.9
0 0.2 0.8
0 0.3 0.7
0 0.4 0.6
0 0.5 0.5
0 0.6 0.4
0 0.7 0.3
0 0.8 0.2
0 0.9 0.1
0.933333 0 0.0666667
0.866667 0 0.133333
0.8 0 0.2
0.733333 0 0.266667
0.666667 0 0.333333
0.6 0 0.4
0.533333 0 0.466667
0.466667 0 0.533333
0.4 0 0.6
0.333333 0 0.666667
0.266667 0 0.733333
0.2 0 0.8
0.133333 0 0.866667
0.0666667 0 0.933333
0.615845 0.119472 0.264683
0.10717 0.504923 0.387907
0.267595 0.143831 0.588574
0.156573 0.591215 0.252213
0.49034 0.405291 0.104369
0.788577 0.0658683 0.145555
0.431804 0.0763478 0.491848
0.653289 0.265916 0.0807947
0.0522289 0.348511 0.59926
0.744558 0.12157 0.133872
0.398952 0.239847 0.361201
0.169238 0.24277 0.587992
0.276134 0.612558 0.111308
0.0578011 0.147335 0.794864
0.316195 0.511662 0.172143
0.0425973 0.635135 0.322267
0.377751 0.133929 0.488321
0.180633 0.342109 0.477259
0.479774 0.230664 0.289562
0.115047 0.40003 0.484923
0.595629 0.320922 0.0834492
0.892932 0.048977 0.0580913
0.559067 0.0785863 0.362347
0.254489 0.257992 0.487519
0.341402 0.58196 0.0766379
0.206207 0.679719 0.114073
0.589782 0.246952 0.163267
0.141272 0.143589 0.715139
0.332441 0.263142 0.404417
0.52487 0.295938 0.179192
0.101176 0.797865 0.100959
0.236189 0.383564 0.380247
0.449196 0.325048 0.225757
0.389086 0.50976 0.101154
0.419169 0.417994 0.162838
0.131828 0.694451 0.173721
0.0720027 0.706451 0.221547
0.493155 0.131439 0.375406
0.10194 0.210136 0.687924
0.682813 0.0980457 0.219141
0.637658 0.184593 0.177749
0.556242 0.180833 0.262925
0.208906 0.11654 0.674554
0.311573 0.0781951 0.610232
0.179338 0.472825 0.347837
0.110789 0.299099 0.590112
0.0490374 0.251553 0.69941
0.70568 0.198078 0.0962417
0.349493 0.422171 0.228335
0.0407159 0.0625265 0.896758
0.250529 0.500436 0.249035
0.0994368 0.0715772 0.828986
0.0426842 0.776127 0.181189
0.215284 0.579023 0.205694
0.436791 0.167783 0.395426
0.0506513 0.445689 0.50366
0.162175 0.757884 0.0799407
0.0952851 0.608379 0.296336
0.303295 0.338521 0.358184
0.169791 0.063109 0.7671
0.0470237 0.544973 0.408003
0.376766 0.338496 0.284739
0.369115 0.0549408 0.575944
0.840593 0.081282 0.0781251
0.7954 0.140237 0.0643628
0.548285 0.374527 0.0771879
0.451973 0.481528 0.0664984
0.32735 0.180694 0.491957
0.626925 0.0537945 0.319281
0.28831 0.426153 0.285536
0.0481317 0.861365 0.0905034
0.209965 0.185239 0.604796
0.494441 0.0567103 0.448848
0.239976 0.0588896 0.701135


3 1 28
0 19 29
12 11 47
32 31 48
37 36 49
15 14 50
23 22 51
32 48 52
8 7 55
21 20 56
26 25 58
14 13 63
50 14 63
19 18 64
29 19 64
30 29 64
35 34 65
60 54 66
9 8 67
8 55 67
55 57 67
7 6 68
55 7 68
50 63 69
69 63 72
5 4 73
60 66 74
53 61 75
61 72 75
72 47 75
10 9 76
9 67 76
67 57 76
75 47 77
46 68 78
26 58 79
78 73 79
56 70 81
70 54 81
33 32 82
32 52 82
50 69 83
43 82 83
65 43 84
69 72 84
72 61 84
80 65 84
61 80 84
43 83 84
83 69 84
39 38 86
46 44 87
44 62 87
62 60 87
60 74 87
54 60 88
60 62 88
81 54 88
62 51 88
22 21 89
51 22 89
21 56 89
56 81 89
81 88 89
88 51 89
16 15 90
52 16 90
15 50 90
50 83 90
82 52 90
83 82 90
76 57 91
77 76 91
20 2 92
2 42 92
56 20 92
57 55 93
87 74 93
42 41 94
92 42 94
70 56 94
56 92 94
27 26 95
26 79 95
79 73 95
55 68 96
68 46 96
93 55 96
46 87 96
87 93 96
53 59 97
59 49 97
61 53 97
49 80 97
80 61 97
24 23 98
23 51 98
51 62 98
62 44 98
6 5 99
68 6 99
78 68 99
5 73 99
73 78 99
44 46 100
46 78 100
78 79 100
79 58 100
66 71 101
74 66 101
41 40 102
85 70 102
70 94 102
94 41 102
25 24 103
58 25 103
24 98 103
98 44 103
44 100 103
100 58 103
53 75 104
75 77 104
71 53 104
77 91 104
91 101 104
101 71 104
38 37 105
37 49 105
49 59 105
59 86 105
86 38 105
18 17 106
31 30 106
48 31 106
64 18 106
30 64 106
17 16 107
16 52 107
52 48 107
48 106 107
106 17 107
13 12 108
63 13 108
12 47 108
47 72 108
72 63 108
11 10 109
47 11 109
77 47 109
10 76 109
76 77 109
59 53 110
53 71 110
66 45 110
71 66 110
45 86 110
86 59 110
34 33 111
43 65 111
65 34 111
33 82 111
82 43 111
93 74 112
91 57 112
57 93 112
74 101 112
101 91 112
4 3 113
73 4 113
95 73 113
3 28 113
28 27 113
27 95 113
45 66 114
85 45 114
66 54 114
54 70 114
70 85 114
36 35 115
35 65 115
65 80 115
49 36 115
80 49 115
40 39 116
45 85 116
39 86 116
86 45 116
85 102 116
102 40 116
