138
1 0 0
0 1 0
0 0 1
0.0555556 0.944444 0
0.111111 0.888889 0
0.166667 0.833333 0
0.222222 0.777778 0
0.277778 0.722222 0
0.333333 0.666667 0
0.388889 0.611111 0
0.444444 0.555556 0
0.5 0.5 0
0.555556 0.444444 0
0.611111 0.388889 0
0.666667 0.333333 0
0.722222 0.277778 0
0.777778 0.222222 0
0.833333 0.166667 0
0.888889 0.111111 0
0.944444 0.0555556 0
0 0.0909091 0.909091
0 0.181818 0.818182
0 0.272727 0.727273
0 0.363636 0.636364
0 0.454545 0.545455
0 0.545455 0.454545
0 0.636364 0.363636
0 0.727273 0.272727
0 0.818182 0.181818
0 0.909091 0.0909091
0.947368 0 0.0526316
0.894737 0 0.105263
0.842105 0 0.157895
0.789474 0 0.210526
0.736842 0 0.263158
0.684211 0 0.315789
0.631579 0 0.368421
0.578947 0 0.421053
0.526316 0 0.473684
0.473684 0 0.526316
0.421053 0 0.578947
0.368421 0 0.631579
0.31579 0 0.68421
0.263158 0 0.736842
0.210526 0 0.789474
0.157895 0 0.842105
0.105263 0 0.894737
0.0526316 0 0.947368
0.630257 0.114521 0.255223
0.0987599 0.480192 0.421048
0.28174 0.129674 0.588586
0.165294 0.615494 0.219212
0.486618 0.404448 0.108934
0.804021 0.0646341 0.131345
0.428293 0.0700145 0.501693
0.643304 0.289988 0.0667076
0.0346885 0.344117 0.621194
0.684854 0.12441 0.190736
0.750904 0.187993 0.0611028
0.386668 0.271613 0.341719
0.175482 0.261895 0.562623
0.697152 0.21753 0.0853183
0.282608 0.618217 0.0991751
0.037667 0.148717 0.813616
0.316962 0.517704 0.165335
0.0398726 0.634756 0.325371
0.37369 0.152918 0.473392
0.196881 0.332842 0.470277
0.486848 0.238833 0.274319
0.269827 0.513361 0.216812
0.130569 0.372011 0.49742
0.345993 0.571537 0.0824705
0.586188 0.333154 0.0806574
0.541642 0.0809732 0.377385
0.14296 0.193383 0.663657
0.24227 0.237751 0.519979
0.185532 0.681147 0.133321
0.585411 0.239042 0.175547
0.0698056 0.391078 0.539117
0.5323 0.254052 0.213649
0.127449 0.125136 0.747415
0.570623 0.157326 0.272051
0.334909 0.251671 0.41342
0.160625 0.772075 0.0673002
0.0899153 0.80859 0.101495
0.223698 0.394296 0.382006
0.906161 0.0489672 0.0448713
0.438576 0.314991 0.246433
0.404744 0.517053 0.0782026
0.432827 0.419284 0.147889
0.257303 0.0728949 0.669802
0.129713 0.707853 0.162434
0.853033 0.0751956 0.0717711
0.0714201 0.700382 0.228198
0.488152 0.142562 0.369287
0.445618 0.220609 0.333772
0.217241 0.160866 0.621894
0.188691 0.474175 0.337134
0.114541 0.631073 0.254386
0.11662 0.293881 0.589499
0.392765 0.374782 0.232453
0.0406742 0.858653 0.100673
0.334852 0.0922228 0.572926
0.724308 0.0579702 0.217721
0.432373 0.147452 0.420175
0.0727603 0.269506 0.657734
0.523969 0.420623 0.0554076
0.335895 0.409568 0.254537
0.307068 0.199914 0.493018
0.035974 0.0610077 0.903018
0.322753 0.333891 0.343355
0.0429291 0.523557 0.433514
0.0837335 0.0795734 0.836693
0.0439316 0.773835 0.182234
0.279623 0.408386 0.311992
0.224733 0.606924 0.168343
0.192162 0.0776352 0.730203
0.747733 0.113557 0.13871
0.484828 0.0674188 0.447753
0.63922 0.216194 0.144586
0.593451 0.0690048 0.337544
0.235396 0.466814 0.29779
0.46405 0.475773 0.0601765
0.228434 0.698518 0.073048
0.0254664 0.930255 0.0442785
0.158988 0.432884 0.408128
0.141405 0.538479 0.320116
0.369942 0.468901 0.161157
0.383625 0.0592788 0.557097
0.798146 0.134624 0.0672303
0.0813661 0.58578 0.332854
0.269664 0.312062 0.418274
0.525976 0.170752 0.303273
0.535366 0.337545 0.127088
0.0770758 0.185472 0.737452
0.202449 0.540504 0.257047
0.135941 0.0565377 0.807521
0.484673 0.333071 0.182257


0 19 30
36 35 48
33 32 53
40 39 54
14 13 55
23 22 56
24 23 56
48 35 57
16 15 58
15 14 61
14 55 61
58 15 61
8 7 62
22 21 63
21 20 63
27 26 65
64 62 69
60 67 70
9 8 71
8 62 71
62 64 71
13 12 72
55 13 72
38 37 73
67 60 75
24 56 78
70 49 78
48 77 81
77 79 81
66 59 82
5 4 83
6 5 83
4 3 84
83 4 84
19 18 86
30 19 86
31 30 86
10 9 88
9 71 88
43 42 90
42 50 90
51 76 91
76 83 91
83 84 91
18 17 92
32 31 92
53 32 92
31 86 92
86 18 92
27 65 93
91 84 93
68 87 95
87 59 95
94 68 95
60 74 96
50 75 96
90 50 96
75 60 96
51 91 98
91 93 98
60 70 99
74 60 99
70 78 99
59 87 100
87 89 100
84 3 101
29 28 101
42 41 102
50 42 102
35 34 103
57 35 103
34 33 103
59 66 104
95 59 104
66 54 104
94 95 104
56 22 105
74 99 105
78 56 105
99 78 105
12 11 106
72 12 106
64 69 107
59 100 107
75 50 108
66 82 108
102 66 108
50 102 108
20 2 109
2 47 109
63 20 109
82 59 110
59 107 110
26 25 111
65 26 111
25 24 111
24 78 111
78 49 111
47 46 112
109 47 112
63 109 112
28 27 113
27 93 113
101 28 113
93 84 113
84 101 113
107 69 114
110 107 114
76 51 115
69 62 115
45 44 116
74 80 116
44 43 116
43 90 116
96 74 116
90 96 116
58 61 117
61 57 117
33 53 117
103 33 117
57 103 117
39 38 118
38 73 118
73 94 118
54 39 118
104 54 118
94 104 118
57 61 119
61 55 119
48 57 119
77 48 119
55 72 119
72 77 119
37 36 120
73 37 120
36 48 120
48 81 120
81 73 120
114 69 121
97 85 121
85 114 121
11 10 122
10 88 122
88 89 122
89 52 122
52 106 122
106 11 122
7 6 123
62 7 123
6 83 123
83 76 123
76 115 123
115 62 123
3 1 124
1 29 124
29 101 124
101 3 124
49 70 125
70 67 125
67 85 125
85 97 125
51 98 126
49 125 126
125 97 126
71 64 127
88 71 127
89 88 127
100 89 127
64 107 127
107 100 127
40 54 128
54 66 128
41 40 128
102 41 128
66 102 128
17 16 129
16 58 129
53 92 129
92 17 129
58 117 129
117 53 129
93 65 130
98 93 130
65 111 130
111 49 130
49 126 130
126 98 130
67 75 131
85 67 131
108 82 131
75 108 131
82 110 131
110 114 131
114 85 131
79 68 132
81 79 132
73 81 132
94 73 132
68 94 132
77 72 133
79 77 133
106 52 133
72 106 133
22 63 134
105 22 134
80 74 134
74 105 134
63 112 134
112 80 134
97 121 135
115 51 135
69 115 135
121 69 135
51 126 135
126 97 135
46 45 136
112 46 136
80 112 136
45 116 136
116 80 136
68 79 137
87 68 137
52 89 137
89 87 137
79 133 137
133 52 137
