141
1 0 0
0 1 0
0 0 1
0.0555556 0.944444 0
0.111111 0.888889 0
0.166667 0.833333 0
0.222222 0.777778 0
0.277778 0.722222 0
0.333333 0.666667 0
0.388889 0.611111 0
0.444444 0.555556 0
0.5 0.5 0
0.555556 0.444444 0
0.611111 0.388889 0
0.666667 0.333333 0
0.722222 0.277778 0
0.777778 0.222222 0
0.833333 0.166667 0
0.888889 0.111111 0
0.944444 0.0555556 0
0 0.076923 0.923077
0 0.153846 0.846154
0 0.230769 0.769231
0 0.307692 0.692308
0 0.384615 0.615385
0 0.461539 0.538462
0 0.538462 0.461538
0 0.615385 0.384615
0 0.692308 0.307692
0 0.769231 0.230769
0 0.846154 0.153846
0 0.923077 0.0769231
0.9375 0 0.0625
0.875 0 0.125
0.8125 0 0.1875
0.75 0 0.25
0.6875 0 0.3125
0.625 0 0.375
0.5625 0 0.4375
0.5 0 0.5
0.4375 0 0.5625
0.375 0 0.625
0.3125 0 0.6875
0.25 0 0.75
0.1875 0 0.8125
0.125 0 0.875
0.0625001 0 0.9375
0.628478 0.118151 0.25337
0.101386 0.480736 0.417878
0.272865 0.154771 0.572364
0.172069 0.607979 0.219951
0.495485 0.413659 0.0908559
0.802248 0.0553516 0.1424
0.414535 0.0613697 0.524096
0.654126 0.26718 0.0786939
0.0504382 0.33242 0.617142
0.772268 0.165005 0.0627262
0.740386 0.12111 0.138504
0.391358 0.254629 0.354013
0.180542 0.257409 0.562048
0.713197 0.210155 0.0766474
0.270354 0.64703 0.0826152
0.0535474 0.161644 0.784808
0.318094 0.51807 0.163837
0.0466961 0.646914 0.30639
0.376919 0.123757 0.499324
0.177764 0.332627 0.489609
0.493266 0.23165 0.275083
0.152945 0.532154 0.3149
0.121113 0.404106 0.474781
0.333803 0.585267 0.0809306
0.591101 0.322405 0.0864947
0.880165 0.0535797 0.0662555
0.544764 0.0831979 0.372039
0.155804 0.196196 0.648
0.252908 0.245571 0.501521
0.19741 0.677469 0.125121
0.348289 0.0589501 0.592761
0.595641 0.242633 0.161726
0.533696 0.274567 0.191737
0.130258 0.128556 0.741187
0.566611 0.1678 0.265589
0.327459 0.265001 0.40754
0.162219 0.762976 0.074805
0.654388 0.180924 0.164687
0.0935485 0.827276 0.0791759
0.229776 0.382747 0.387477
0.458507 0.334763 0.206731
0.394056 0.518148 0.0877959
0.430248 0.42914 0.140611
0.273652 0.0718998 0.654449
0.137024 0.689782 0.173194
0.0795506 0.701289 0.219161
0.0500533 0.782537 0.167409
0.496715 0.141476 0.361809
0.0949844 0.204011 0.701005
0.0590725 0.415309 0.525619
0.685062 0.10527 0.209668
0.460956 0.477714 0.0613303
0.225713 0.607904 0.166384
0.11285 0.278691 0.608458
0.292913 0.464464 0.242623
0.049071 0.252331 0.698598
0.395499 0.386224 0.218276
0.722061 0.0497389 0.2282
0.436101 0.128612 0.435287
0.137183 0.0606243 0.802193
0.337675 0.398291 0.264034
0.0508236 0.880575 0.068601
0.303994 0.342921 0.353085
0.523463 0.345973 0.130565
0.10724 0.618942 0.273818
0.16503 0.436532 0.398439
0.435469 0.27454 0.289991
0.255654 0.310627 0.43372
0.221744 0.463007 0.315249
0.59717 0.0672547 0.335576
0.10533 0.75963 0.135041
0.198613 0.068533 0.732854
0.210382 0.131746 0.657872
0.486649 0.0578914 0.45546
0.822532 0.109977 0.0674909
0.377365 0.324202 0.298433
0.324618 0.187716 0.487665
0.225858 0.717772 0.0563698
0.23538 0.531605 0.233015
0.0677496 0.0777388 0.854512
0.658369 0.0521144 0.289516
0.441873 0.201307 0.35682
0.0462197 0.491715 0.462065
0.0661071 0.561563 0.37233
0.363623 0.456925 0.179452
0.323516 0.114959 0.561525
0.217575 0.196321 0.586104
0.278095 0.408848 0.313057
0.0304261 0.037142 0.932432
0.103852 0.348837 0.54731
0.0334911 0.718614 0.247894
0.384173 0.194121 0.421706
0.276726 0.571869 0.151406
0.554176 0.389669 0.0561545


3 1 31
0 19 32
12 11 51
34 33 52
35 34 52
41 40 53
15 14 54
24 23 55
17 16 56
16 15 60
56 16 60
15 54 60
57 56 60
8 7 61
22 21 62
28 27 64
9 8 70
8 61 70
14 13 71
54 14 71
19 18 72
32 19 72
33 32 72
52 33 72
66 59 75
42 41 77
41 53 77
53 65 77
54 71 78
78 71 79
78 79 81
79 67 81
6 5 83
57 60 84
60 54 84
54 78 84
78 81 84
81 47 84
5 4 85
83 5 85
67 79 87
10 9 88
9 70 88
70 63 88
87 51 89
43 42 90
42 77 90
50 76 91
76 83 91
30 29 93
73 81 94
81 67 94
62 80 95
80 74 95
25 24 96
24 55 96
69 48 96
57 84 97
84 47 97
11 10 98
10 88 98
51 11 98
89 51 98
88 89 98
61 76 99
76 50 99
59 66 100
74 59 100
95 74 100
23 22 102
55 23 102
22 62 102
62 95 102
95 100 102
100 55 102
87 89 103
35 52 104
52 57 104
36 35 104
57 97 104
65 53 105
45 44 106
4 3 108
85 4 108
3 31 108
31 30 108
30 93 108
93 85 108
79 71 110
51 87 110
87 79 110
68 50 111
92 64 111
50 91 111
91 92 111
68 48 112
48 69 112
69 66 112
66 86 112
67 87 113
66 75 114
86 66 114
75 82 114
82 109 114
109 86 114
112 86 115
68 112 115
38 37 116
73 38 116
47 81 116
81 73 116
83 85 117
91 83 117
85 93 117
92 91 117
93 92 117
44 43 118
43 90 118
106 44 118
80 106 118
90 49 119
118 90 119
74 80 119
80 118 119
40 39 120
53 40 120
39 38 120
38 73 120
73 94 120
105 53 120
94 105 120
17 56 121
56 57 121
57 52 121
18 17 121
72 18 121
52 72 121
103 107 122
82 58 122
109 82 122
107 109 122
87 103 122
113 87 122
58 113 122
75 49 123
82 75 123
7 6 124
61 7 124
76 61 124
6 83 124
83 76 124
101 63 125
50 68 125
68 115 125
99 50 125
115 101 125
21 20 126
62 21 126
46 45 126
45 106 126
80 62 126
106 80 126
97 47 127
36 104 127
104 97 127
37 36 127
116 37 127
47 116 127
94 67 128
105 94 128
113 58 128
67 113 128
26 25 129
25 96 129
96 48 129
111 64 130
48 68 130
68 111 130
27 26 130
26 129 130
129 48 130
64 27 130
88 63 131
89 88 131
103 89 131
63 101 131
101 107 131
107 103 131
49 90 132
90 77 132
123 49 132
77 65 132
65 123 132
49 75 133
75 59 133
119 49 133
59 74 133
74 119 133
86 109 134
107 101 134
109 107 134
101 115 134
115 86 134
20 2 135
2 46 135
46 126 135
126 20 135
69 96 136
96 55 136
66 69 136
100 66 136
55 100 136
29 28 137
28 64 137
64 92 137
92 93 137
93 29 137
123 65 138
58 82 138
82 123 138
128 58 138
65 105 138
105 128 138
63 70 139
70 61 139
61 99 139
99 125 139
125 63 139
13 12 140
71 13 140
12 51 140
51 110 140
110 71 140
