96
1 0 0
0 1 0
0 0 1
0.0555555 0.944444 0
0.111111 0.888889 0
0.166667 0.833333 0
0.222222 0.777778 0
0.277778 0.722222 0
0.333333 0.666667 0
0.388889 0.611111 0
0.444444 0.555556 0
0.5 0.5 0
0.555556 0.444444 0
0.611111 0.388889 0
0.666667 0.333333 0
0.722222 0.277778 0
0.777778 0.222222 0
0.833333 0.166667 0
0.888889 0.111111 0
0.944444 0.0555556 0
0 0.0555556 0.944444
0 0.111111 0.888889
0 0.166667 0.833333
0 0.222222 0.777778
0 0.277778 0.722222
0 0.333333 0.666667
0 0.388889 0.611111
0 0.444444 0.555556
0 0.5 0.5
0 0.555556 0.444444
0 0.611111 0.388889
0 0.666667 0.333333
0 0.722222 0.277778
0 0.777778 0.222222
0 0.833333 0.166667
0 0.888889 0.111111
0 0.944444 0.0555556
0.857143 0 0.142857
0.714286 0 0.285714
0.571429 0 0.428571
0.428571 0 0.571429
0.285714 0 0.714286
0.142857 0 0.857143
0.645782 0.107773 0.246445
0.13745 0.492029 0.370521
0.2982 0.137278 0.564523
0.14603 0.618379 0.235591
0.46552 0.417155 0.117325
0.787904 0.06221 0.149886
0.39311 0.0695739 0.537316
0.741787 0.129496 0.128716
0.37109 0.267667 0.361243
0.640316 0.0631739 0.29651
0.155891 0.253649 0.59046
0.269192 0.629556 0.101252
0.344982 0.518375 0.136643
0.187738 0.338994 0.473267
0.645976 0.244884 0.10914
0.183761 0.539849 0.27639
0.137038 0.394894 0.468068
0.295227 0.576814 0.127959
0.144894 0.192119 0.662986
0.200216 0.67738 0.122404
0.587582 0.302318 0.1101
0.134467 0.129964 0.73557
0.575462 0.161681 0.262857
0.455433 0.21224 0.332327
0.0984109 0.796383 0.105206
0.446192 0.327587 0.226222
0.107762 0.306874 0.585365
0.271715 0.0380867 0.690199
0.493277 0.108851 0.397871
0.494661 0.269668 0.235671
0.231493 0.421409 0.347098
0.294705 0.21164 0.493655
0.303013 0.463178 0.233809
0.378708 0.389606 0.231686
0.12867 0.736297 0.135033
0.701579 0.185773 0.112648
0.897225 0.0284253 0.0743501
0.130148 0.0656905 0.804161
0.305418 0.341357 0.353225
0.247877 0.0888581 0.663265
0.529698 0.359983 0.110318
0.0732498 0.0289227 0.897827
0.431925 0.468437 0.0996383
0.247877 0.28308 0.469043
0.543936 0.0433074 0.412757
0.0928978 0.683534 0.223568
0.0766507 0.847673 0.075676
0.0847167 0.577978 0.337305
0.41303 0.163165 0.423805
0.0735769 0.239716 0.686707
0.578482 0.215681 0.205837
0.0992766 0.451263 0.449461
0.0815651 0.356509 0.561926


3 1 36
4 3 36
35 4 36
29 28 44
31 30 46
13 12 47
19 18 48
38 37 48
18 17 50
43 48 50
48 18 50
38 48 52
48 43 52
9 8 54
11 10 55
16 15 57
29 44 58
27 26 59
10 9 60
9 54 60
55 10 60
54 46 60
46 58 60
58 55 60
23 22 61
8 7 62
54 8 62
46 54 62
15 14 63
57 15 63
22 21 64
45 61 64
61 22 64
43 50 65
6 5 67
34 33 67
25 24 69
24 53 69
41 40 70
40 49 70
42 41 70
52 43 71
45 49 71
43 65 71
57 63 72
51 66 72
63 68 72
68 51 72
61 45 74
66 51 74
53 61 74
55 58 75
58 44 75
44 73 75
47 75 76
75 73 76
62 7 77
7 6 77
6 67 77
33 32 77
67 33 77
17 16 78
50 17 78
65 50 78
16 57 78
0 19 79
37 0 79
19 48 79
48 37 79
21 20 80
64 21 80
42 70 80
51 68 81
59 56 81
73 59 81
68 76 81
76 73 81
49 45 82
70 49 82
45 64 82
64 80 82
80 70 82
14 13 83
63 14 83
68 63 83
13 47 83
47 76 83
76 68 83
20 2 84
2 42 84
42 80 84
80 20 84
12 11 85
47 12 85
75 47 85
11 55 85
55 75 85
69 53 86
56 69 86
53 74 86
74 51 86
51 81 86
81 56 86
40 39 87
49 40 87
39 38 87
38 52 87
52 71 87
71 49 87
32 31 88
31 46 88
46 62 88
62 77 88
77 32 88
5 4 89
4 35 89
35 34 89
34 67 89
67 5 89
30 29 90
29 58 90
46 30 90
58 46 90
65 66 91
71 65 91
45 71 91
66 74 91
74 45 91
24 23 92
53 24 92
23 61 92
61 53 92
66 65 93
57 72 93
72 66 93
65 78 93
78 57 93
28 27 94
44 28 94
73 44 94
27 59 94
59 73 94
26 25 95
56 59 95
59 26 95
25 69 95
69 56 95
