129
1 0 0
0 1 0
0 0 1
0.0555555 0.944444 0
0.111111 0.888889 0
0.166667 0.833333 0
0.222222 0.777778 0
0.277778 0.722222 0
0.333333 0.666667 0
0.388889 0.611111 0
0.444444 0.555556 0
0.5 0.5 0
0.555556 0.444444 0
0.611111 0.388889 0
0.666667 0.333333 0
0.722222 0.277778 0
0.777778 0.222222 0
0.833333 0.166667 0
0.888889 0.111111 0
0.944444 0.0555556 0
0 0.0625 0.9375
0 0.125 0.875
0 0.1875 0.8125
0 0.25 0.75
0 0.3125 0.6875
0 0.375 0.625
0 0.4375 0.5625
0 0.5 0.5
0 0.5625 0.4375
0 0.625 0.375
0 0.6875 0.3125
0 0.75 0.25
0 0.8125 0.1875
0 0.875 0.125
0 0.9375 0.0625
0.909091 0 0.0909091
0.818182 0 0.181818
0.727273 0 0.272727
0.636364 0 0.363636
0.545455 0 0.454545
0.454545 0 0.545455
0.363636 0 0.636364
0.272727 0 0.727273
0.181818 0 0.818182
0.090909 0 0.909091
0.61291 0.119866 0.267224
0.102581 0.485599 0.411821
0.284726 0.120724 0.594551
0.174268 0.61191 0.213821
0.493886 0.409582 0.0965322
0.80942 0.0708891 0.119691
0.441874 0.0726711 0.485455
0.634547 0.281483 0.0839698
0.748789 0.173193 0.078018
0.721783 0.112395 0.165822
0.39874 0.253918 0.347342
0.65483 0.0581196 0.287051
0.176994 0.253093 0.569913
0.275703 0.626547 0.0977495
0.0538111 0.147444 0.798745
0.312261 0.523055 0.164684
0.373298 0.138242 0.48846
0.209777 0.323938 0.466284
0.495549 0.235647 0.268804
0.154828 0.542581 0.302591
0.129715 0.39904 0.471245
0.343045 0.56965 0.0873058
0.588004 0.33249 0.079506
0.873596 0.0480435 0.0783607
0.546789 0.0782213 0.374989
0.15018 0.201078 0.648741
0.253543 0.254505 0.491952
0.197948 0.673164 0.128888
0.351834 0.0566635 0.591502
0.592323 0.23409 0.173587
0.0668494 0.340017 0.593134
0.123925 0.135706 0.740369
0.551519 0.177508 0.270973
0.147595 0.780072 0.0723336
0.533683 0.293797 0.17252
0.655808 0.175337 0.168855
0.0791804 0.83538 0.0854392
0.23242 0.401105 0.366475
0.452975 0.331664 0.215361
0.398456 0.504817 0.0967271
0.269916 0.0640303 0.666054
0.0667704 0.71008 0.22315
0.0698625 0.772221 0.157917
0.493973 0.128284 0.377743
0.188876 0.466193 0.344932
0.299959 0.463678 0.236362
0.309939 0.286181 0.40388
0.401218 0.443191 0.155591
0.404366 0.378568 0.217066
0.136828 0.724159 0.139013
0.133751 0.0586648 0.807584
0.0787399 0.264844 0.656416
0.43947 0.190345 0.370185
0.0502931 0.894891 0.0548158
0.306229 0.349235 0.344536
0.806324 0.125014 0.0686614
0.260386 0.190918 0.548696
0.33915 0.21666 0.444191
0.0685136 0.19994 0.731547
0.054291 0.655014 0.290695
0.68961 0.227286 0.0831034
0.0805427 0.599086 0.320371
0.060688 0.0394516 0.89986
0.506171 0.0374152 0.456414
0.238349 0.512652 0.248999
0.0585069 0.451622 0.489871
0.244555 0.569332 0.186113
0.58158 0.0335502 0.38487
0.203779 0.152772 0.643448
0.210777 0.0412622 0.74796
0.0676689 0.539718 0.392613
0.325042 0.408689 0.266268
0.262806 0.683345 0.0538496
0.742249 0.0484125 0.209338
0.0526227 0.40023 0.547147
0.127787 0.314911 0.557302
0.381487 0.315651 0.302863
0.200046 0.0973281 0.702626
0.0641032 0.0927721 0.843125
0.21055 0.729177 0.0602738
0.510384 0.360908 0.128709
0.12169 0.661004 0.217305
0.475191 0.463076 0.0617333
0.453263 0.284521 0.262216


3 1 34
0 19 35
13 12 49
15 14 52
17 16 53
38 37 56
54 45 56
9 8 58
22 21 59
10 9 66
9 58 66
14 13 67
52 14 67
19 18 68
18 50 68
35 19 68
36 35 68
50 36 68
56 45 69
62 57 71
48 58 72
42 41 73
41 40 73
40 51 73
51 61 73
61 47 73
25 24 75
74 63 77
6 5 78
52 67 79
74 52 79
63 74 79
45 54 80
54 53 80
74 77 80
77 45 80
5 4 81
33 32 81
78 5 81
65 62 82
11 10 84
10 66 84
66 60 84
42 73 85
73 47 85
31 30 86
32 31 87
78 81 87
81 32 87
31 86 87
61 51 88
51 69 88
69 45 88
45 77 88
64 46 89
46 65 89
65 82 89
84 60 90
89 82 90
62 71 91
84 90 92
49 92 93
78 87 94
87 86 94
44 43 95
24 23 96
70 57 96
75 24 96
61 88 97
63 55 97
77 63 97
88 77 97
4 3 98
3 34 98
34 33 98
33 81 98
81 4 98
82 62 99
62 91 99
18 17 100
50 18 100
54 50 100
17 53 100
53 54 100
47 61 101
57 70 101
71 57 101
55 91 102
91 71 102
71 101 102
61 97 102
101 61 102
97 55 102
22 59 103
59 76 103
76 70 103
23 22 103
96 23 103
70 96 103
30 29 104
86 30 104
16 15 105
53 16 105
80 53 105
15 52 105
52 74 105
74 80 105
29 28 106
104 29 106
64 48 106
20 2 107
2 44 107
44 95 107
40 39 108
51 40 108
69 51 108
64 89 109
89 90 109
90 60 109
27 26 110
46 27 110
65 46 110
58 48 111
60 66 111
66 58 111
109 60 111
48 64 111
64 109 111
39 38 112
38 56 112
56 69 112
69 108 112
108 39 112
70 76 113
47 101 113
101 70 113
43 42 114
42 85 114
95 43 114
28 27 115
27 46 115
46 64 115
64 106 115
106 28 115
92 90 116
93 92 116
90 82 116
82 99 116
99 93 116
8 7 117
58 8 117
72 58 117
37 36 118
36 50 118
56 37 118
50 54 118
54 56 118
26 25 119
25 75 119
75 65 119
65 110 119
110 26 119
57 62 120
62 65 120
65 75 120
75 96 120
96 57 120
91 55 121
99 91 121
83 93 121
93 99 121
85 47 122
47 113 122
76 95 122
95 114 122
114 85 122
113 76 122
59 21 123
76 59 123
95 76 123
21 20 123
20 107 123
107 95 123
7 6 124
94 72 124
6 78 124
78 94 124
72 117 124
117 7 124
13 49 125
67 13 125
79 67 125
83 79 125
49 93 125
93 83 125
72 94 126
94 86 126
48 72 126
86 104 126
104 106 126
106 48 126
12 11 127
49 12 127
92 49 127
11 84 127
84 92 127
55 63 128
63 79 128
79 83 128
83 121 128
121 55 128
