68
1 0 0
0 1 0
0 0 1
0.0555556 0.944444 0
0.111111 0.888889 0
0.166667 0.833333 0
0.222222 0.777778 0
0.277778 0.722222 0
0.333333 0.666667 0
0.388889 0.611111 0
0.444444 0.555556 0
0.5 0.5 0
0.555556 0.444444 0
0.611111 0.388889 0
0.666667 0.333333 0
0.722222 0.277778 0
0.777778 0.222222 0
0.833333 0.166667 0
0.888889 0.111111 0
0.944444 0.0555556 0
0 0.0555556 0.944444
0 0.111111 0.888889
0 0.166667 0.833333
0 0.222222 0.777778
0 0.277778 0.722222
0 0.333333 0.666667
0 0.388889 0.611111
0 0.444444 0.555556
0 0.5 0.5
0 0.555556 0.444444
0 0.611111 0.388889
0 0.666667 0.333333
0 0.722222 0.277778
0 0.777778 0.222222
0 0.833333 0.166667
0 0.888889 0.111111
0 0.944444 0.0555556
0.75 0 0.25
0.5 0 0.5
0.25 0 0.75
0.624201 0.116357 0.259442
0.327279 0.142102 0.530619
0.179223 0.626136 0.194641
0.434257 0.407383 0.15836
0.420195 0.0732335 0.506572
0.829257 0.0351974 0.135546
0.37431 0.262043 0.363647
0.635865 0.0521147 0.31202
0.19053 0.250094 0.559376
0.315614 0.515111 0.169275
0.21712 0.321545 0.461336
0.5783 0.237842 0.183858
0.177191 0.194072 0.628737
0.16074 0.68581 0.15345
0.58137 0.177389 0.241241
0.498194 0.295676 0.20613
0.176486 0.0991618 0.724352
0.229991 0.402723 0.367286
0.43009 0.352611 0.217299
0.232923 0.0386895 0.728387
0.186598 0.471266 0.342135
0.129799 0.737961 0.13224
0.22586 0.56999 0.20415
0.362574 0.457977 0.179449
0.379341 0.205843 0.414816
0.790697 0.0779487 0.131354
0.143674 0.524308 0.332018
0.0908082 0.804227 0.104965


5 4 35
34 5 35
3 1 36
4 3 36
35 4 36
18 17 40
9 8 42
31 30 42
13 12 43
40 41 44
0 19 45
37 0 45
38 37 47
44 38 47
37 45 47
40 44 47
24 23 48
11 10 49
26 25 50
25 24 50
24 48 50
48 46 50
16 15 51
23 22 52
22 41 52
48 23 52
8 7 53
32 31 53
31 42 53
42 8 53
17 16 54
16 51 54
40 17 54
41 40 54
15 14 55
50 46 55
46 51 55
51 15 55
22 21 56
41 22 56
21 20 56
44 41 56
27 26 57
26 50 57
14 13 58
13 43 58
50 55 58
55 14 58
43 57 58
57 50 58
20 2 59
2 39 59
39 38 59
38 44 59
56 20 59
44 56 59
28 27 60
27 57 60
7 6 61
6 33 61
33 32 61
32 53 61
53 7 61
10 9 62
9 42 62
30 29 62
42 30 62
49 10 62
12 11 63
11 49 63
49 60 63
43 12 63
57 43 63
60 57 63
46 48 64
48 52 64
51 46 64
54 51 64
52 41 64
41 54 64
19 18 65
18 40 65
40 47 65
45 19 65
47 45 65
29 28 66
28 60 66
60 49 66
49 62 66
62 29 66
6 5 67
5 34 67
33 6 67
34 33 67
