36
1 0 0
0 1 0
0 0 1
0.0555556 0.944444 0
0.111111 0.888889 0
0.166667 0.833333 0
0.222222 0.777778 0
0.277778 0.722222 0
0.333333 0.666667 0
0.388889 0.611111 0
0.444444 0.555556 0
0.5 0.5 0
0.555556 0.444444 0
0.611111 0.388889 0
0.666667 0.333333 0
0.722222 0.277778 0
0.777778 0.222222 0
0.833333 0.166667 0
0.888889 0.111111 0
0.944444 0.0555556 0
0 0.0769231 0.923077
0 0.153846 0.846154
0 0.230769 0.769231
0 0.307692 0.692308
0 0.384615 0.615385
0 0.461538 0.538462
0 0.538462 0.461538
0 0.615385 0.384615
0 0.692308 0.307692
0 0.769231 0.230769
0 0.846154 0.153846
0 0.923077 0.0769231
0.8 0 0.2
0.6 0 0.4
0.4 0 0.6
0.2 0 0.8


2 15 20
15 14 20
14 13 21
20 14 21
13 12 22
21 13 22
12 11 23
22 12 23
11 10 24
23 11 24
10 9 25
24 10 25
9 8 26
25 9 26
8 7 27
26 8 27
7 6 28
27 7 28
6 5 29
28 6 29
5 4 30
29 5 30
3 1 31
4 3 31
30 4 31
0 19 32
19 18 32
18 17 33
32 18 33
17 16 34
33 17 34
15 2 35
16 15 35
34 16 35
