68
1 0 0
0 1 0
0 0 1
0.0555555 0.944444 0
0.111111 0.888889 0
0.166667 0.833333 0
0.222222 0.777778 0
0.277778 0.722222 0
0.333333 0.666667 0
0.388889 0.611111 0
0.444444 0.555556 0
0.5 0.5 0
0.555556 0.444444 0
0.611111 0.388889 0
0.666667 0.333333 0
0.722222 0.277778 0
0.777778 0.222222 0
0.833333 0.166667 0
0.888889 0.111111 0
0.944444 0.0555556 0
0 0.0769231 0.923077
0 0.153846 0.846154
0 0.230769 0.769231
0 0.307692 0.692308
0 0.384615 0.615385
0 0.461538 0.538462
0 0.538462 0.461538
0 0.615385 0.384615
0 0.692308 0.307692
0 0.769231 0.230769
0 0.846154 0.153846
0 0.923077 0.0769231
0.857143 0 0.142857
0.714286 0 0.285714
0.571429 0 0.428571
0.428571 0 0.571429
0.285714 0 0.714286
0.142857 0 0.857143
0.614626 0.103984 0.28139
0.293916 0.154993 0.551091
0.161908 0.621879 0.216213
0.813225 0.0562946 0.13048
0.436174 0.0776151 0.486211
0.393055 0.264917 0.342028
0.151271 0.238523 0.610205
0.271606 0.516853 0.211541
0.190578 0.340346 0.469077
0.470828 0.220472 0.3087
0.144098 0.535485 0.320417
0.152024 0.409072 0.438904
0.468744 0.360399 0.170857
0.538029 0.310695 0.151276
0.136625 0.148605 0.714771
0.578188 0.181414 0.240398
0.0755592 0.833463 0.0909779
0.393472 0.409437 0.197091
0.130388 0.693771 0.175841
0.408206 0.136616 0.455177
0.140261 0.0715496 0.78819
0.714077 0.073977 0.211946
0.107557 0.756181 0.136262
0.315113 0.315934 0.368953
0.322965 0.45443 0.222606
0.277522 0.0669768 0.655501
0.117338 0.462599 0.420063
0.265128 0.592218 0.142654
0.260412 0.223008 0.51658
0.600925 0.265057 0.134018


3 1 31
4 3 31
30 4 31
0 19 32
17 16 38
35 34 38
8 7 40
27 26 40
19 18 41
32 19 41
33 32 41
36 35 42
35 38 42
22 21 44
10 9 45
23 22 46
22 44 46
43 39 47
26 25 48
40 26 48
24 23 49
23 46 49
13 12 50
14 13 51
43 47 51
13 50 51
50 43 51
21 20 52
44 21 52
16 15 53
38 16 53
42 38 53
5 4 54
4 30 54
29 5 54
30 29 54
12 11 55
50 12 55
7 6 56
28 27 56
27 40 56
40 7 56
47 39 57
42 53 57
53 47 57
2 37 58
20 2 58
52 20 58
39 52 58
18 17 59
41 18 59
34 33 59
33 41 59
17 38 59
38 34 59
6 5 60
5 29 60
29 28 60
28 56 60
56 6 60
43 50 61
46 44 61
55 46 61
50 55 61
11 10 62
10 45 62
45 49 62
55 11 62
49 46 62
46 55 62
37 36 63
36 42 63
42 57 63
58 37 63
57 39 63
39 58 63
45 48 64
48 25 64
25 24 64
24 49 64
49 45 64
9 8 65
8 40 65
40 48 65
45 9 65
48 45 65
39 43 66
52 39 66
44 52 66
43 61 66
61 44 66
15 14 67
14 51 67
51 47 67
47 53 67
53 15 67
