114
1 0 0
0 1 0
0 0 1
0.0555555 0.944444 0
0.111111 0.888889 0
0.166667 0.833333 0
0.222222 0.777778 0
0.277778 0.722222 0
0.333333 0.666667 0
0.388889 0.611111 0
0.444444 0.555556 0
0.5 0.5 0
0.555556 0.444444 0
0.611111 0.388889 0
0.666667 0.333333 0
0.722222 0.277778 0
0.777778 0.222222 0
0.833333 0.166667 0
0.888889 0.111111 0
0.944444 0.0555556 0
0 0.0769231 0.923077
0 0.153846 0.846154
0 0.230769 0.769231
0 0.307692 0.692308
0 0.384615 0.615385
0 0.461538 0.538462
0 0.538462 0.461538
0 0.615385 0.384615
0 0.692308 0.307692
0 0.769231 0.230769
0 0.846154 0.153846
0 0.923077 0.0769231
0.916667 0 0.0833333
0.833333 0 0.166667
0.75 0 0.25
0.666667 0 0.333333
0.583333 0 0.416667
0.5 0 0.5
0.416667 0 0.583333
0.333333 0 0.666667
0.25 0 0.75
0.166667 0 0.833333
0.0833333 0 0.916667
0.633897 0.109613 0.25649
0.0872675 0.502564 0.410168
0.284675 0.142115 0.57321
0.169066 0.623087 0.207847
0.478885 0.411863 0.109252
0.787145 0.0583348 0.15452
0.443815 0.0666792 0.489505
0.649774 0.266143 0.0840825
0.0567179 0.353319 0.589963
0.750989 0.166753 0.0822573
0.404096 0.254343 0.341561
0.157556 0.255408 0.587036
0.258885 0.639486 0.101629
0.0509282 0.147561 0.801511
0.699469 0.0553047 0.245226
0.312703 0.519898 0.167399
0.382857 0.130396 0.486747
0.188879 0.327488 0.483633
0.490743 0.230339 0.278918
0.164279 0.541702 0.294018
0.129595 0.403944 0.466461
0.592637 0.321814 0.0855498
0.869452 0.0543325 0.0762159
0.543997 0.0747074 0.381296
0.249967 0.24481 0.505223
0.192673 0.697181 0.110146
0.352489 0.0649581 0.582553
0.580951 0.243964 0.175085
0.125901 0.130392 0.743707
0.564701 0.164242 0.271057
0.139813 0.764784 0.095403
0.52386 0.301295 0.174845
0.656446 0.183261 0.160293
0.085861 0.828304 0.0858355
0.23364 0.402792 0.363567
0.448495 0.324065 0.227441
0.392675 0.519855 0.0874699
0.272877 0.0622534 0.664869
0.0976126 0.692432 0.209956
0.481119 0.136555 0.382326
0.327139 0.586026 0.0868348
0.0997645 0.201468 0.698768
0.17327 0.465891 0.360838
0.339947 0.29798 0.362073
0.421571 0.45205 0.12638
0.392839 0.378198 0.228962
0.0470806 0.566894 0.386026
0.051234 0.886705 0.0620612
0.136719 0.0603444 0.802937
0.0695505 0.273475 0.656974
0.246205 0.487925 0.26587
0.116546 0.323687 0.559766
0.336926 0.208009 0.455065
0.724802 0.115274 0.159923
0.422521 0.186744 0.390735
0.314083 0.368512 0.317405
0.0570744 0.427413 0.515513
0.331161 0.44393 0.224909
0.0559966 0.766796 0.177207
0.0898184 0.602481 0.3077
0.194171 0.178989 0.62684
0.259873 0.32438 0.415748
0.622452 0.0481653 0.329382
0.813836 0.111658 0.0745061
0.0644732 0.07015 0.865377
0.707723 0.22268 0.0695973
0.243591 0.566756 0.189653
0.535197 0.371836 0.092967
0.203832 0.0440935 0.752075
0.203029 0.104622 0.692349
0.0432605 0.65421 0.302529


3 1 31
0 19 32
26 25 44
12 11 47
34 33 48
38 37 49
15 14 50
24 23 51
17 16 52
8 7 55
21 20 56
22 21 56
35 34 57
34 48 57
14 13 64
50 14 64
19 18 65
32 19 65
33 32 65
48 33 65
37 36 66
49 37 66
60 54 67
7 6 68
46 55 68
55 7 68
39 38 69
38 49 69
59 45 69
49 59 69
50 64 70
70 61 72
66 43 72
6 5 73
68 6 73
61 70 74
70 64 74
72 43 75
50 70 75
70 72 75
5 4 76
73 5 76
63 60 77
53 61 78
61 74 78
11 10 79
10 9 79
40 39 80
39 69 80
69 45 80
46 68 81
68 73 81
59 49 82
72 61 82
49 66 82
66 72 82
9 8 83
8 55 83
58 79 83
79 9 83
22 56 84
56 71 84
62 44 85
44 63 85
63 77 85
53 78 86
47 11 87
11 79 87
78 47 88
47 87 88
86 78 88
27 26 89
26 44 89
4 3 90
3 31 90
31 30 90
30 76 90
76 4 90
42 41 91
51 23 92
23 22 92
22 84 92
84 54 92
62 85 93
85 77 93
60 63 94
63 51 94
54 60 94
92 54 94
51 92 94
45 59 95
67 45 95
53 86 95
86 67 95
57 48 96
43 57 96
52 75 96
75 43 96
61 53 97
59 82 97
82 61 97
53 95 97
95 59 97
86 88 98
25 24 99
24 51 99
51 63 99
44 25 99
63 44 99
79 58 100
87 79 100
88 87 100
98 88 100
58 93 100
93 77 100
77 98 100
30 29 101
76 30 101
73 76 101
29 28 101
28 81 101
81 73 101
44 62 102
89 44 102
62 46 102
46 81 102
27 89 102
45 67 103
67 54 103
54 84 103
84 71 103
60 67 104
67 86 104
86 98 104
77 60 104
98 77 104
36 35 105
35 57 105
57 43 105
43 66 105
66 36 105
18 17 106
48 65 106
65 18 106
96 48 106
17 52 106
52 96 106
20 2 107
2 42 107
42 91 107
56 20 107
71 56 107
91 71 107
16 15 108
52 16 108
75 52 108
15 50 108
50 75 108
55 46 109
46 62 109
58 83 109
83 55 109
93 58 109
62 93 109
13 12 110
12 47 110
64 13 110
74 64 110
47 78 110
78 74 110
41 40 111
40 80 111
91 41 111
80 45 112
111 80 112
45 103 112
71 91 112
91 111 112
103 71 112
28 27 113
81 28 113
27 102 113
102 81 113
