92
1 0 0
0 1 0
0 0 1
0.0555555 0.944444 0
0.111111 0.888889 0
0.166667 0.833333 0
0.222222 0.777778 0
0.277778 0.722222 0
0.333333 0.666667 0
0.388889 0.611111 0
0.444444 0.555556 0
0.5 0.5 0
0.555556 0.444444 0
0.611111 0.388889 0
0.666667 0.333333 0
0.722222 0.277778 0
0.777778 0.222222 0
0.833333 0.166667 0
0.888889 0.111111 0
0.944444 0.0555556 0
0 0.0526316 0.947369
0 0.105263 0.894737
0 0.157895 0.842105
0 0.210526 0.789474
0 0.263158 0.736842
0 0.315789 0.684211
0 0.368421 0.631579
0 0.421053 0.578947
0 0.473684 0.526316
0 0.526316 0.473684
0 0.578947 0.421053
0 0.631579 0.368421
0 0.684211 0.315789
0 0.736842 0.263158
0 0.789474 0.210526
0 0.842105 0.157895
0 0.894737 0.105263
0 0.947368 0.0526316
0.833333 0 0.166667
0.666667 0 0.333333
0.5 0 0.5
0.333333 0 0.666667
0.166667 0 0.833333
0.618828 0.115086 0.266086
0.122831 0.491165 0.386004
0.296522 0.137541 0.565938
0.148245 0.601323 0.250432
0.463347 0.417924 0.118729
0.783705 0.0699091 0.146385
0.404369 0.0727976 0.522834
0.380034 0.249293 0.370673
0.630358 0.0575631 0.312079
0.176702 0.252527 0.570771
0.251023 0.63319 0.115787
0.338129 0.519195 0.142676
0.183907 0.334242 0.481851
0.590847 0.248694 0.16046
0.172744 0.538296 0.28896
0.134889 0.391408 0.473702
0.294515 0.576859 0.128626
0.137062 0.194538 0.668399
0.16361 0.690262 0.146128
0.576482 0.304754 0.118765
0.739038 0.135793 0.125169
0.13197 0.135981 0.732048
0.588733 0.16584 0.245427
0.444782 0.338716 0.216502
0.265669 0.0420026 0.692328
0.245429 0.413857 0.340714
0.489171 0.208474 0.302355
0.308406 0.201652 0.489943
0.285198 0.462468 0.252334
0.475475 0.107602 0.416923
0.381936 0.392327 0.225738
0.130424 0.744355 0.125221
0.674779 0.194526 0.130695
0.122924 0.0554693 0.821607
0.404851 0.29822 0.296929
0.212726 0.0906469 0.696628
0.533523 0.0333191 0.433157
0.426671 0.469178 0.104151
0.446184 0.158566 0.39525
0.533707 0.360948 0.105345
0.104184 0.793842 0.101974
0.231734 0.290514 0.477752
0.293591 0.357924 0.348485
0.124164 0.445172 0.430664
0.886314 0.0268014 0.0868843
0.113214 0.651779 0.235007
0.0714526 0.861588 0.0669596
0.40307 0.0296107 0.567319
0.0721461 0.023512 0.904342


3 1 37
4 3 37
36 4 37
29 28 44
31 30 46
13 12 47
19 18 48
39 38 51
38 48 51
48 43 51
25 24 52
9 8 53
11 10 54
26 25 55
16 15 56
30 29 57
29 44 57
46 30 57
27 26 58
26 55 58
10 9 59
9 53 59
53 46 59
54 10 59
46 57 59
57 54 59
23 22 60
24 23 60
52 24 60
8 7 61
33 32 61
53 8 61
15 14 62
56 15 62
18 17 63
43 48 63
48 18 63
22 21 64
45 60 64
60 22 64
43 63 65
42 41 67
56 50 69
60 45 70
50 52 70
69 50 70
52 60 70
54 57 71
57 44 71
45 49 72
49 51 72
51 43 72
47 71 73
71 68 73
7 6 74
34 33 74
33 61 74
61 7 74
17 16 75
16 56 75
63 17 75
65 63 75
56 69 75
69 65 75
21 20 76
42 67 76
50 56 77
56 62 77
62 66 77
49 45 78
45 64 78
67 49 78
64 21 78
21 76 78
76 67 78
40 39 79
39 51 79
51 49 79
12 11 80
11 54 80
54 71 80
47 12 80
71 47 80
65 69 81
69 70 81
43 65 81
72 43 81
70 45 81
45 72 81
14 13 82
62 14 82
66 62 82
13 47 82
47 73 82
73 66 82
6 5 83
5 35 83
35 34 83
34 74 83
74 6 83
25 52 84
55 25 84
52 50 84
50 77 84
77 55 84
58 55 85
66 73 85
68 58 85
73 68 85
55 77 85
77 66 85
28 27 86
27 58 86
58 68 86
44 28 86
68 71 86
71 44 86
0 19 87
38 0 87
19 48 87
48 38 87
32 31 88
31 46 88
46 53 88
53 61 88
61 32 88
5 4 89
4 36 89
35 5 89
36 35 89
41 40 90
67 41 90
49 67 90
40 79 90
79 49 90
20 2 91
2 42 91
42 76 91
76 20 91
