129
1 0 0
0 1 0
0 0 1
0.0555556 0.944444 0
0.111111 0.888889 0
0.166667 0.833333 0
0.222222 0.777778 0
0.277778 0.722222 0
0.333333 0.666667 0
0.388889 0.611111 0
0.444444 0.555556 0
0.5 0.5 0
0.555556 0.444444 0
0.611111 0.388889 0
0.666667 0.333333 0
0.722222 0.277778 0
0.777778 0.222222 0
0.833333 0.166667 0
0.888889 0.111111 0
0.944444 0.0555556 0
0 0.0833333 0.916667
0 0.166667 0.833333
0 0.25 0.75
0 0.333333 0.666667
0 0.416667 0.583333
0 0.5 0.5
0 0.583333 0.416667
0 0.666667 0.333333
0 0.75 0.25
0 0.833333 0.166667
0 0.916667 0.0833333
0.933333 0 0.0666667
0.866667 0 0.133333
0.8 0 0.2
0.733333 0 0.266667
0.666667 0 0.333333
0.6 0 0.4
0.533333 0 0.466667
0.466667 0 0.533333
0.4 0 0.6
0.333333 0 0.666667
0.266667 0 0.733333
0.2 0 0.8
0.133333 0 0.866667
0.0666668 0 0.933333
0.62699 0.115138 0.257872
0.0999818 0.4849 0.415118
0.288604 0.141798 0.569598
0.154961 0.614188 0.230851
0.486992 0.421423 0.0915855
0.814435 0.0562859 0.129279
0.427364 0.0793097 0.493327
0.653457 0.26811 0.0784327
0.045552 0.349551 0.604897
0.757289 0.170401 0.0723099
0.405312 0.246189 0.348499
0.173276 0.254504 0.57222
0.708186 0.214459 0.0773548
0.271976 0.626057 0.101967
0.0598782 0.134768 0.805354
0.684154 0.0572124 0.258634
0.315928 0.5305 0.153572
0.368541 0.155971 0.475488
0.186757 0.337229 0.476015
0.482479 0.227045 0.290477
0.168111 0.530739 0.30115
0.124006 0.400549 0.475445
0.594328 0.319692 0.0859804
0.702999 0.129233 0.167768
0.880908 0.0526182 0.0664736
0.557857 0.078562 0.363581
0.249099 0.239889 0.511012
0.341062 0.588271 0.0706669
0.197353 0.673229 0.129418
0.34784 0.0699378 0.582222
0.593655 0.245021 0.161324
0.530944 0.27847 0.190586
0.132641 0.13173 0.735629
0.561449 0.176503 0.262048
0.329992 0.259165 0.410844
0.163451 0.761224 0.075325
0.643489 0.188826 0.167685
0.0984203 0.82544 0.07614
0.234358 0.393592 0.37205
0.453461 0.333183 0.213355
0.391474 0.523666 0.0848594
0.268666 0.0727732 0.658561
0.134831 0.69341 0.171759
0.0638534 0.701867 0.234279
0.114511 0.212065 0.673424
0.0500441 0.787522 0.162434
0.493784 0.131552 0.374664
0.0678965 0.408587 0.523516
0.287834 0.448725 0.263441
0.394138 0.389993 0.215869
0.0559553 0.274521 0.669523
0.340498 0.399031 0.260471
0.1101 0.320445 0.569454
0.425718 0.436018 0.138265
0.303512 0.35472 0.341768
0.102745 0.0656055 0.83165
0.165373 0.439416 0.395211
0.217544 0.468124 0.314332
0.621905 0.0530825 0.325012
0.213566 0.594584 0.19185
0.43603 0.167651 0.396319
0.187814 0.0655419 0.746644
0.49359 0.0573599 0.44905
0.83547 0.105509 0.0590214
0.101835 0.566912 0.331253
0.20318 0.160469 0.636351
0.0491874 0.875013 0.0758001
0.451878 0.489316 0.0588058
0.0498069 0.618764 0.331429
0.247823 0.53145 0.220727
0.312785 0.196602 0.490613
0.0455002 0.540802 0.413698
0.534281 0.364395 0.101324
0.0418373 0.0564998 0.901663
0.774594 0.11649 0.108915
0.360184 0.461694 0.178122
0.748557 0.0564028 0.19504
0.260672 0.313558 0.425769
0.101485 0.638172 0.260343
0.10453 0.758416 0.137055
0.227578 0.712653 0.0597691
0.0466649 0.204462 0.748873
0.0418213 0.471253 0.486926
0.372133 0.325357 0.302509


3 1 30
0 19 31
12 11 49
33 32 50
39 38 51
15 14 52
24 23 53
17 16 54
16 15 57
54 16 57
15 52 57
8 7 58
21 20 59
35 34 60
14 13 67
52 14 67
54 57 68
45 60 68
19 18 69
31 19 69
32 31 69
50 32 69
37 36 70
63 56 71
9 8 72
8 58 72
58 61 72
40 39 74
39 51 74
51 62 74
62 47 74
52 67 75
75 67 76
70 45 78
75 76 78
76 64 78
62 55 79
6 5 80
57 52 81
45 68 81
68 57 81
52 75 81
75 78 81
78 45 81
5 4 82
80 5 82
55 64 84
64 76 84
10 9 85
9 72 85
72 61 85
41 40 86
40 74 86
74 47 86
48 73 87
73 80 87
28 27 88
59 77 89
29 28 90
28 88 90
70 78 91
78 64 91
66 46 92
24 53 92
23 22 95
53 23 95
56 63 97
63 66 97
66 92 97
92 53 97
53 95 97
89 56 97
95 89 97
84 49 98
94 84 98
93 83 99
96 93 99
44 43 100
77 59 100
65 46 101
46 66 101
66 63 101
63 83 101
83 93 102
65 101 102
101 83 102
36 35 103
35 60 103
60 45 103
45 70 103
70 36 103
48 65 104
58 73 104
73 48 104
55 62 105
62 51 105
51 91 105
64 55 105
91 64 105
42 41 106
41 86 106
43 42 106
100 43 106
77 100 106
38 37 107
51 38 107
91 51 107
37 70 107
70 91 107
18 17 108
50 69 108
69 18 108
46 65 109
65 48 109
47 71 110
71 56 110
56 89 110
89 77 110
77 106 110
86 47 110
106 86 110
4 3 111
82 4 111
3 30 111
30 29 111
29 90 111
90 82 111
11 10 112
10 85 112
85 98 112
49 11 112
98 49 112
27 26 113
88 27 113
93 61 114
102 93 114
61 58 114
58 104 114
65 102 114
104 65 114
47 62 115
62 79 115
71 47 115
79 71 115
26 25 116
46 109 116
109 113 116
113 26 116
13 12 117
67 13 117
12 49 117
76 67 117
49 84 117
84 76 117
20 2 118
2 44 118
44 100 118
59 20 118
100 59 118
54 68 119
17 54 119
108 17 119
50 108 119
85 61 120
61 93 120
93 96 120
98 85 120
96 94 120
94 98 120
34 33 121
33 50 121
50 119 121
60 34 121
68 60 121
119 68 121
63 71 122
83 63 122
71 79 122
79 99 122
99 83 122
48 87 123
87 88 123
88 113 123
109 48 123
113 109 123
80 82 124
87 80 124
82 90 124
88 87 124
90 88 124
7 6 125
58 7 125
73 58 125
6 80 125
80 73 125
22 21 126
21 59 126
95 22 126
59 89 126
89 95 126
25 24 127
24 92 127
92 46 127
46 116 127
116 25 127
79 55 128
55 84 128
84 94 128
94 96 128
96 99 128
99 79 128
