112
1 0 0
0 1 0
0 0 1
0.0555556 0.944444 0
0.111111 0.888889 0
0.166667 0.833333 0
0.222222 0.777778 0
0.277778 0.722222 0
0.333333 0.666667 0
0.388889 0.611111 0
0.444444 0.555556 0
0.5 0.5 0
0.555556 0.444444 0
0.611111 0.388889 0
0.666667 0.333333 0
0.722222 0.277778 0
0.777778 0.222222 0
0.833333 0.166667 0
0.888889 0.111111 0
0.944444 0.0555556 0
0 0.0666667 0.933333
0 0.133333 0.866667
0 0.2 0.8
0 0.266667 0.733333
0 0.333333 0.666667
0 0.4 0.6
0 0.466667 0.533333
0 0.533333 0.466667
0 0.6 0.4
0 0.666667 0.333333
0 0.733333 0.266667
0 0.8 0.2
0 0.866667 0.133333
0 0.933333 0.0666667
0.9 0 0.1
0.8 0 0.2
0.7 0 0.3
0.6 0 0.4
0.5 0 0.5
0.4 0 0.6
0.3 0 0.7
0.2 0 0.8
0.1 0 0.9
0.615169 0.118769 0.266062
0.0925452 0.487088 0.420367
0.269658 0.138497 0.591845
0.171174 0.611059 0.217768
0.497642 0.393542 0.108816
0.774867 0.0586479 0.166485
0.430294 0.0652148 0.504491
0.631194 0.28206 0.0867467
0.743533 0.179026 0.0774416
0.73249 0.122284 0.145226
0.414196 0.257389 0.328415
0.665256 0.0605232 0.274221
0.16654 0.256726 0.576733
0.276416 0.622212 0.101373
0.296565 0.515215 0.18822
0.380869 0.132985 0.486146
0.206799 0.326575 0.466626
0.49874 0.229433 0.271827
0.147997 0.546353 0.30565
0.130939 0.402194 0.466866
0.34046 0.568232 0.091308
0.562663 0.337643 0.099694
0.549081 0.0633269 0.387592
0.140659 0.199329 0.660013
0.251942 0.254274 0.493785
0.205019 0.675798 0.119183
0.592997 0.233223 0.17378
0.150819 0.133439 0.715741
0.553163 0.175428 0.271409
0.139194 0.774306 0.0865003
0.522238 0.286249 0.191513
0.656069 0.176006 0.167925
0.0784526 0.831228 0.0903198
0.22788 0.401635 0.370486
0.434442 0.332351 0.233207
0.0930098 0.315643 0.591347
0.390633 0.507623 0.101744
0.266728 0.0405566 0.692716
0.0972748 0.711572 0.191153
0.496115 0.12242 0.381465
0.347034 0.0385714 0.614394
0.20246 0.478881 0.318659
0.315893 0.446838 0.237269
0.322897 0.290943 0.38616
0.43527 0.450695 0.114034
0.392502 0.395803 0.211695
0.864037 0.0505931 0.0853696
0.136721 0.0598075 0.803472
0.0759144 0.242503 0.681583
0.0500441 0.892597 0.0573589
0.330631 0.205246 0.464123
0.441063 0.184485 0.374452
0.216026 0.0796821 0.704292
0.31472 0.361743 0.323537
0.0676302 0.0995975 0.832772
0.0711257 0.172969 0.755905
0.078132 0.603546 0.318322
0.0597708 0.432749 0.50748
0.820089 0.1075 0.0724116
0.0642891 0.768573 0.167138
0.0609506 0.0412073 0.897842
0.689994 0.227976 0.0820292
0.238663 0.559503 0.201834
0.0640196 0.550634 0.385346
0.319031 0.0852548 0.595714
0.223134 0.19148 0.585386
0.0561023 0.371966 0.571932
0.190285 0.730768 0.0789469
0.102967 0.654295 0.242738


3 1 33
0 19 34
27 26 44
13 12 47
36 35 48
39 38 49
15 14 50
17 16 51
17 51 52
37 36 54
36 48 54
48 52 54
52 43 54
9 8 56
10 9 63
9 56 63
14 13 64
50 14 64
13 47 64
38 37 65
49 38 65
37 54 65
54 43 65
59 55 67
8 7 68
56 8 68
46 56 68
69 60 71
6 5 72
53 60 73
50 64 73
69 50 73
60 69 73
43 52 74
52 51 74
71 43 74
69 71 74
5 4 75
32 31 75
72 5 75
62 59 76
53 73 77
64 47 77
73 64 77
24 23 78
55 59 78
59 62 78
11 10 79
10 63 79
63 57 79
41 40 80
30 29 81
65 43 82
43 71 82
58 49 82
49 65 82
40 39 83
80 40 83
39 49 83
61 44 84
44 62 84
62 76 84
79 57 85
57 84 85
84 76 85
59 67 86
53 77 86
12 11 87
47 12 87
11 79 87
79 85 87
77 47 88
47 87 88
87 85 88
19 18 89
34 19 89
35 34 89
48 35 89
42 41 90
23 22 91
66 55 91
55 78 91
78 23 91
4 3 92
3 33 92
33 32 92
32 75 92
75 4 92
45 58 93
53 86 93
86 67 93
58 82 94
71 60 94
82 71 94
93 58 94
60 53 94
53 93 94
45 70 95
70 90 95
41 80 95
90 41 95
76 59 96
59 86 96
85 76 96
88 85 96
86 77 96
77 88 96
21 20 97
90 70 97
22 21 98
70 66 98
66 91 98
91 22 98
21 97 98
97 70 98
29 28 99
61 46 99
26 25 100
44 26 100
62 44 100
18 17 101
17 52 101
52 48 101
48 89 101
89 18 101
31 30 102
72 75 102
75 31 102
30 81 102
81 72 102
20 2 103
2 42 103
42 90 103
90 97 103
97 20 103
15 50 104
50 69 104
16 15 104
51 16 104
74 51 104
69 74 104
56 46 105
46 61 105
57 63 105
63 56 105
61 84 105
84 57 105
27 44 106
44 61 106
28 27 106
99 28 106
61 99 106
58 45 107
80 83 107
49 58 107
83 49 107
45 95 107
95 80 107
55 66 108
67 55 108
66 70 108
70 45 108
45 93 108
93 67 108
25 24 109
24 78 109
78 62 109
62 100 109
100 25 109
7 6 110
68 7 110
6 72 110
72 81 110
81 68 110
46 68 111
68 81 111
99 46 111
81 29 111
29 99 111
