126
1 0 0
0 1 0
0 0 1
0.0555555 0.944444 0
0.111111 0.888889 0
0.166667 0.833333 0
0.222222 0.777778 0
0.277778 0.722222 0
0.333333 0.666667 0
0.388889 0.611111 0
0.444444 0.555556 0
0.5 0.5 0
0.555556 0.444444 0
0.611111 0.388889 0
0.666667 0.333333 0
0.722222 0.277778 0
0.777778 0.222222 0
0.833333 0.166667 0
0.888889 0.111111 0
0.944444 0.0555556 0
0 0.0714286 0.928571
0 0.142857 0.857143
0 0.214286 0.785714
0 0.285714 0.714286
0 0.357143 0.642857
0 0.428571 0.571428
0 0.5 0.5
0 0.571429 0.428571
0 0.642857 0.357143
0 0.714286 0.285714
0 0.785714 0.214286
0 0.857143 0.142857
0 0.928571 0.0714286
0.923077 0 0.0769231
0.846154 0 0.153846
0.769231 0 0.230769
0.692308 0 0.307692
0.615385 0 0.384615
0.538462 0 0.461538
0.461538 0 0.538462
0.384615 0 0.615385
0.307692 0 0.692308
0.230769 0 0.769231
0.153846 0 0.846154
0.0769231 0 0.923077
0.620595 0.115911 0.263494
0.0987859 0.489286 0.411928
0.292347 0.128474 0.579178
0.144391 0.629058 0.226551
0.480194 0.411393 0.108413
0.801219 0.0578064 0.140975
0.424083 0.0648302 0.511086
0.649849 0.266188 0.0839638
0.755761 0.168267 0.0759714
0.743794 0.114785 0.141421
0.400171 0.259689 0.34014
0.181341 0.25179 0.566868
0.274957 0.641617 0.0834257
0.0507069 0.149601 0.799693
0.312067 0.522883 0.165051
0.380693 0.132104 0.487203
0.187836 0.324421 0.487744
0.490034 0.230597 0.27937
0.166229 0.541756 0.292015
0.130511 0.394919 0.47457
0.328298 0.586107 0.0855951
0.587749 0.325018 0.087233
0.874004 0.0548182 0.0711773
0.560087 0.0741297 0.365783
0.141626 0.2019 0.656474
0.249855 0.259155 0.49099
0.211338 0.666954 0.121708
0.342308 0.0625896 0.595102
0.582287 0.242737 0.174976
0.0570675 0.348292 0.594641
0.125912 0.128196 0.745892
0.563863 0.165285 0.270852
0.147953 0.776402 0.0756448
0.523754 0.292906 0.18334
0.661652 0.176631 0.161718
0.0875484 0.83249 0.0799618
0.226296 0.39384 0.379864
0.450659 0.324957 0.224385
0.397648 0.524282 0.0780702
0.265136 0.0582689 0.676596
0.081887 0.698607 0.219506
0.0645694 0.772715 0.162715
0.480623 0.13087 0.388507
0.73604 0.050252 0.213708
0.189517 0.463243 0.34724
0.120544 0.29552 0.583936
0.291085 0.445549 0.263365
0.32047 0.287143 0.392387
0.429736 0.455975 0.114289
0.387796 0.395417 0.216787
0.051513 0.889381 0.0591065
0.124057 0.0582325 0.81771
0.0645172 0.25819 0.677293
0.419714 0.192758 0.387529
0.325821 0.206508 0.467671
0.820637 0.113682 0.0656807
0.189336 0.0618124 0.748851
0.312835 0.366643 0.320521
0.0624176 0.646584 0.290999
0.514519 0.351891 0.13359
0.0968921 0.572844 0.330264
0.0567932 0.433608 0.509598
0.258172 0.326428 0.415401
0.634135 0.0531839 0.312681
0.494012 0.0520006 0.453987
0.684618 0.0877517 0.22763
0.207178 0.729465 0.0633569
0.240744 0.512266 0.24699
0.209842 0.123824 0.666334
0.0629878 0.0818932 0.855119
0.708456 0.222714 0.0688304
0.0726678 0.194136 0.733196
0.046374 0.538971 0.414655
0.237643 0.584203 0.178154
0.377037 0.324701 0.298262
0.231385 0.189341 0.579274
0.550956 0.38929 0.0597549
0.361159 0.465282 0.173559
0.140571 0.714053 0.145375
0.0372601 0.0321297 0.93061
0.0401878 0.596644 0.363168


3 1 32
0 19 33
12 11 49
35 34 50
40 39 51
15 14 52
17 16 53
8 7 57
22 21 58
9 8 65
8 57 65
14 13 66
52 14 66
19 18 67
33 19 67
34 33 67
50 34 67
38 37 68
61 56 70
57 7 71
41 40 72
40 51 72
51 60 72
60 47 72
52 66 73
24 23 74
25 24 74
68 45 76
73 62 76
6 5 77
62 73 78
73 66 78
54 53 79
52 73 79
73 76 79
76 45 79
5 4 80
77 5 80
64 61 81
55 62 82
62 78 82
11 10 83
10 9 83
9 65 83
65 59 83
42 41 84
41 72 84
72 47 84
31 30 86
80 31 86
30 29 86
29 85 86
77 80 86
60 51 87
68 76 87
76 62 87
36 35 88
35 50 88
50 54 88
63 46 89
46 64 89
64 81 89
56 61 90
61 64 90
64 74 90
69 56 90
89 81 91
49 11 93
11 83 93
82 49 94
49 93 94
4 3 95
3 32 95
32 31 95
31 80 95
80 4 95
44 43 96
23 22 97
69 90 97
74 23 97
90 74 97
60 87 98
62 55 98
87 62 98
47 60 99
92 70 99
55 92 99
98 55 99
60 98 99
18 17 100
54 50 100
17 53 100
53 54 100
50 67 100
67 18 100
43 42 101
96 43 101
42 84 101
75 96 101
91 81 102
94 91 102
29 28 103
85 29 103
48 85 103
78 66 104
49 82 104
82 78 104
46 63 105
63 48 105
48 103 105
26 25 106
46 26 106
64 46 106
25 74 106
74 64 106
61 70 107
70 92 107
81 61 107
102 81 107
92 102 107
37 36 108
45 68 108
68 37 108
39 38 109
51 39 109
38 68 109
68 87 109
87 51 109
54 79 110
79 45 110
88 54 110
36 88 110
108 36 110
45 108 110
7 6 111
71 7 111
6 77 111
63 89 112
89 91 112
91 59 112
69 75 113
75 101 113
84 47 113
101 84 113
21 20 114
58 21 114
44 96 114
75 58 114
96 75 114
16 15 115
53 16 115
15 52 115
52 79 115
79 53 115
58 75 116
75 69 116
22 58 116
97 22 116
69 97 116
27 26 117
26 46 117
46 105 117
48 63 118
71 48 118
57 71 118
63 112 118
59 65 118
112 59 118
65 57 118
55 82 119
92 55 119
102 92 119
82 94 119
94 102 119
47 99 120
99 70 120
56 69 120
69 113 120
113 47 120
70 56 120
13 12 121
12 49 121
49 104 121
66 13 121
104 66 121
83 59 122
93 83 122
59 91 122
91 94 122
94 93 122
48 71 123
85 48 123
77 86 123
86 85 123
111 77 123
71 111 123
20 2 124
2 44 124
44 114 124
114 20 124
28 27 125
103 28 125
105 103 125
27 117 125
117 105 125
