101
1 0 0
0 1 0
0 0 1
0.0555555 0.944444 0
0.111111 0.888889 0
0.166667 0.833333 0
0.222222 0.777778 0
0.277778 0.722222 0
0.333333 0.666667 0
0.388889 0.611111 0
0.444444 0.555556 0
0.5 0.5 0
0.555556 0.444444 0
0.611111 0.388889 0
0.666667 0.333333 0
0.722222 0.277778 0
0.777778 0.222222 0
0.833333 0.166667 0
0.888889 0.111111 0
0.944444 0.0555556 0
0 0.0909091 0.909091
0 0.181818 0.818182
0 0.272727 0.727273
0 0.363636 0.636364
0 0.454545 0.545455
0 0.545455 0.454545
0 0.636364 0.363636
0 0.727273 0.272727
0 0.818182 0.181818
0 0.909091 0.0909091
0.916667 0 0.0833333
0.833333 0 0.166667
0.75 0 0.25
0.666667 0 0.333333
0.583333 0 0.416667
0.5 0 0.5
0.416667 0 0.583333
0.333333 0 0.666667
0.25 0 0.75
0.166667 0 0.833333
0.0833333 0 0.916667
0.640966 0.125917 0.233117
0.119805 0.510423 0.369772
0.280912 0.148174 0.570913
0.164846 0.612562 0.222592
0.47863 0.409468 0.111902
0.804983 0.0723321 0.122685
0.413653 0.0647147 0.521632
0.644748 0.274444 0.0808079
0.735324 0.122582 0.142094
0.389988 0.267316 0.342696
0.170636 0.235579 0.593784
0.260068 0.62445 0.115481
0.0594632 0.136037 0.804499
0.293538 0.522187 0.184274
0.387575 0.156154 0.456271
0.203438 0.329792 0.46677
0.490307 0.236134 0.27356
0.135306 0.399648 0.465046
0.583127 0.30977 0.107103
0.878429 0.0487225 0.0728488
0.560754 0.0757857 0.36346
0.251646 0.245292 0.503063
0.581298 0.239856 0.178846
0.060051 0.337482 0.602467
0.136596 0.141081 0.722323
0.563371 0.165179 0.27145
0.146426 0.763934 0.0896395
0.0867296 0.822206 0.0910639
0.450127 0.323075 0.226798
0.379164 0.521166 0.09967
0.123907 0.68859 0.187503
0.483025 0.118415 0.39856
0.242755 0.416908 0.340337
0.645725 0.20558 0.148696
0.311415 0.071991 0.616594
0.197048 0.479906 0.323046
0.119737 0.296541 0.583722
0.393904 0.372004 0.234092
0.708316 0.187276 0.104409
0.306826 0.33126 0.361914
0.0483461 0.509102 0.442552
0.325218 0.226059 0.448723
0.0923423 0.063801 0.843857
0.204468 0.697711 0.0978212
0.0528699 0.254419 0.692711
0.203438 0.0767944 0.719767
0.0741351 0.597379 0.328486
0.339128 0.435946 0.224926
0.0680228 0.756183 0.175794
0.207732 0.166008 0.62626
0.719096 0.0514716 0.229433
0.525537 0.348418 0.126045
0.211195 0.553688 0.235118
0.428152 0.463326 0.108522
0.0925854 0.206398 0.701016
0.328439 0.593501 0.0780599
0.0555821 0.681083 0.263335
0.0574777 0.427644 0.514879
0.0481006 0.87801 0.0738896
0.645953 0.0608789 0.293168


3 1 29
0 19 30
12 11 45
18 17 46
32 31 46
36 35 47
37 36 47
15 14 48
17 16 49
46 17 49
8 7 52
21 20 53
50 55 57
14 13 59
48 14 59
19 18 60
30 19 60
31 30 60
18 46 60
46 31 60
35 34 61
56 51 62
48 59 63
59 57 63
23 22 64
61 41 66
63 57 66
6 5 67
5 4 68
67 5 68
50 57 69
10 9 70
55 47 72
57 55 72
47 35 72
35 61 72
66 57 72
61 66 72
58 56 73
15 48 74
66 41 74
48 63 74
63 66 74
38 37 75
55 43 75
37 47 75
47 55 75
73 54 76
42 58 76
58 73 76
51 56 77
56 58 77
58 64 77
50 69 78
69 45 78
16 15 79
15 74 79
41 49 79
74 41 79
49 16 79
56 62 80
73 56 80
50 78 80
25 24 81
43 55 82
55 50 82
62 43 82
50 80 82
80 62 82
20 2 83
2 40 83
53 20 83
40 39 83
65 53 83
7 6 84
44 52 84
52 7 84
71 44 84
6 67 84
67 71 84
22 21 85
64 22 85
77 64 85
39 38 86
38 75 86
75 43 86
65 83 86
83 39 86
26 25 87
42 44 87
81 42 87
44 71 87
25 81 87
70 54 88
54 73 88
73 80 88
80 78 88
28 27 89
68 28 89
67 68 89
71 67 89
43 62 90
62 51 90
51 65 90
65 86 90
86 43 90
33 32 91
32 46 91
46 49 91
13 12 92
59 13 92
12 45 92
57 59 92
69 57 92
45 69 92
44 42 93
42 76 93
52 44 93
54 52 93
76 54 93
11 10 94
10 70 94
45 11 94
78 45 94
70 88 94
88 78 94
53 65 95
65 51 95
21 53 95
85 21 95
51 77 95
77 85 95
9 8 96
8 52 96
52 54 96
54 70 96
70 9 96
26 87 97
87 71 97
27 26 97
89 27 97
71 89 97
24 23 98
58 42 98
23 64 98
64 58 98
42 81 98
81 24 98
4 3 99
3 29 99
29 28 99
28 68 99
68 4 99
34 33 100
41 61 100
61 34 100
33 91 100
49 41 100
91 49 100
