91
1 0 0
0 1 0
0 0 1
0.0555555 0.944444 0
0.111111 0.888889 0
0.166667 0.833333 0
0.222222 0.777778 0
0.277778 0.722222 0
0.333333 0.666667 0
0.388889 0.611111 0
0.444444 0.555556 0
0.5 0.5 0
0.555556 0.444444 0
0.611111 0.388889 0
0.666667 0.333333 0
0.722222 0.277778 0
0.777778 0.222222 0
0.833333 0.166667 0
0.888889 0.111111 0
0.944444 0.0555556 0
0 0.1 0.9
0 0.2 0.8
0 0.3 0.7
0 0.4 0.6
0 0.5 0.5
0 0.6 0.4
0 0.7 0.3
0 0.8 0.2
0 0.9 0.1
0.916667 0 0.0833333
0.833333 0 0.166667
0.75 0 0.25
0.666667 0 0.333333
0.583333 0 0.416667
0.5 0 0.5
0.416667 0 0.583333
0.333333 0 0.666667
0.25 0 0.75
0.166667 0 0.833333
0.0833334 0 0.916667
0.637876 0.114004 0.24812
0.103562 0.49987 0.396568
0.275767 0.131038 0.593195
0.163264 0.610063 0.226673
0.475959 0.398157 0.125885
0.799132 0.0755832 0.125285
0.427106 0.0631128 0.509782
0.730882 0.118781 0.150337
0.403602 0.244254 0.352144
0.1843 0.255258 0.560442
0.258926 0.620186 0.120888
0.294115 0.517264 0.188622
0.384858 0.137979 0.477162
0.490733 0.228177 0.28109
0.648044 0.230856 0.121099
0.119825 0.407439 0.472736
0.889978 0.0448125 0.0652093
0.552789 0.080488 0.366723
0.269181 0.243359 0.487459
0.590484 0.282449 0.127066
0.536234 0.339756 0.12401
0.0639766 0.343406 0.592618
0.131202 0.12579 0.743008
0.569643 0.179326 0.251032
0.223742 0.392284 0.383974
0.0774478 0.779739 0.142813
0.136011 0.705494 0.158495
0.484579 0.119435 0.395986
0.0832805 0.190716 0.726003
0.0486558 0.861967 0.0893776
0.31267 0.0701658 0.617165
0.192947 0.474237 0.332816
0.419902 0.448679 0.131419
0.70346 0.193193 0.103347
0.330104 0.42136 0.248536
0.056805 0.0816043 0.861591
0.331557 0.217605 0.450838
0.212158 0.688101 0.099741
0.378254 0.512509 0.109237
0.187668 0.071021 0.741311
0.0581876 0.673707 0.268106
0.207139 0.166046 0.626815
0.132379 0.312629 0.554992
0.370166 0.331422 0.298411
0.0739559 0.589789 0.336255
0.457737 0.314327 0.227936
0.323091 0.59801 0.0788987
0.207466 0.549354 0.24318
0.728094 0.0495022 0.222403
0.0573122 0.262218 0.680469
0.274363 0.33084 0.394796


3 1 28
0 19 29
33 32 40
24 23 41
12 11 44
18 17 45
30 18 45
31 30 45
35 34 46
36 35 46
17 16 47
45 17 47
40 32 47
8 7 50
36 46 52
48 52 53
15 14 54
41 23 55
19 18 56
18 30 56
29 19 56
30 29 56
34 33 57
33 40 57
14 13 59
54 14 59
13 12 60
12 44 60
53 59 60
59 13 60
23 22 61
55 23 61
40 54 63
57 40 63
59 53 63
54 59 63
5 4 65
27 26 65
6 5 66
5 65 66
52 46 67
53 52 67
46 34 67
34 57 67
63 53 67
57 63 67
21 20 68
62 49 68
4 3 69
3 28 69
28 27 69
27 65 69
65 4 69
37 36 70
42 37 70
36 52 70
52 42 70
41 55 71
55 64 71
64 51 71
11 10 72
44 11 72
16 15 73
47 16 73
40 47 73
15 54 73
54 40 73
51 64 74
20 2 75
2 39 75
39 62 75
62 68 75
68 20 75
42 52 76
52 48 76
58 42 76
7 6 77
43 50 77
50 7 77
6 66 77
66 43 77
10 9 78
51 74 78
72 10 78
74 72 78
38 37 79
37 42 79
39 38 79
62 39 79
26 25 80
65 26 80
66 65 80
58 49 81
49 62 81
42 58 81
79 42 81
62 79 81
55 61 82
49 64 82
64 55 82
68 49 82
44 72 83
58 76 83
76 48 83
72 74 83
25 24 84
24 41 84
41 43 84
80 25 84
43 66 84
66 80 84
60 44 85
48 53 85
53 60 85
44 83 85
83 48 85
9 8 86
8 50 86
50 51 86
51 78 86
78 9 86
43 41 87
41 71 87
50 43 87
51 50 87
71 51 87
32 31 88
47 32 88
31 45 88
45 47 88
22 21 89
61 22 89
82 61 89
21 68 89
68 82 89
49 58 90
64 49 90
74 64 90
58 83 90
83 74 90
