132
1 0 0
0 1 0
0 0 1
0.0555555 0.944444 0
0.111111 0.888889 0
0.166667 0.833333 0
0.222222 0.777778 0
0.277778 0.722222 0
0.333333 0.666667 0
0.388889 0.611111 0
0.444444 0.555556 0
0.5 0.5 0
0.555556 0.444444 0
0.611111 0.388889 0
0.666667 0.333333 0
0.722222 0.277778 0
0.777778 0.222222 0
0.833333 0.166667 0
0.888889 0.111111 0
0.944444 0.0555556 0
0 0.0909091 0.909091
0 0.181818 0.818182
0 0.272727 0.727273
0 0.363636 0.636364
0 0.454545 0.545455
0 0.545455 0.454545
0 0.636364 0.363636
0 0.727273 0.272727
0 0.818182 0.181818
0 0.909091 0.0909091
0.9375 0 0.0625
0.875 0 0.125
0.8125 0 0.1875
0.75 0 0.25
0.6875 0 0.3125
0.625 0 0.375
0.5625 0 0.4375
0.5 0 0.5
0.4375 0 0.5625
0.375 0 0.625
0.3125 0 0.6875
0.25 0 0.75
0.1875 0 0.8125
0.125 0 0.875
0.0624999 0 0.9375
0.631184 0.120321 0.248494
0.103844 0.490671 0.405485
0.271632 0.141951 0.586416
0.163777 0.600836 0.235387
0.488554 0.415736 0.09571
0.796369 0.0814096 0.122221
0.413306 0.0687368 0.517957
0.652754 0.269097 0.0781489
0.760326 0.160201 0.0794728
0.39173 0.257732 0.350538
0.180371 0.250318 0.569311
0.0385884 0.315961 0.645451
0.271268 0.636227 0.0925044
0.0578307 0.143681 0.798489
0.309979 0.501953 0.188068
0.37781 0.157058 0.465132
0.20133 0.323961 0.474709
0.49769 0.228055 0.274255
0.111018 0.394517 0.494465
0.58937 0.332018 0.0786122
0.694744 0.127861 0.177395
0.895356 0.0490732 0.0555706
0.535615 0.0747702 0.389615
0.256016 0.241571 0.502414
0.339609 0.572679 0.087712
0.198069 0.670071 0.13186
0.594007 0.245599 0.160394
0.533342 0.277746 0.188911
0.12259 0.134084 0.743326
0.565434 0.167413 0.267153
0.326958 0.247007 0.426035
0.163398 0.761998 0.074604
0.642046 0.188498 0.169456
0.0971313 0.831893 0.0709757
0.225581 0.405462 0.368957
0.457197 0.322403 0.220401
0.0855189 0.311917 0.602564
0.401488 0.519312 0.0791999
0.425957 0.426252 0.147791
0.136053 0.686458 0.177489
0.0821328 0.700228 0.217639
0.113775 0.222279 0.663945
0.0491118 0.772251 0.178637
0.493986 0.144584 0.361431
0.0565739 0.404564 0.538862
0.222327 0.119303 0.658371
0.316691 0.0696148 0.613694
0.182688 0.495148 0.322164
0.708735 0.0544558 0.236809
0.0483202 0.577208 0.374471
0.430751 0.147331 0.421918
0.38648 0.367703 0.245816
0.335325 0.418206 0.246469
0.247756 0.491529 0.260715
0.330046 0.335637 0.334317
0.0973103 0.609908 0.292782
0.0980086 0.0670066 0.834985
0.285115 0.415445 0.29944
0.219127 0.581288 0.199585
0.524997 0.358745 0.116258
0.0397376 0.0598873 0.900375
0.361549 0.0820343 0.556416
0.595969 0.0676034 0.336428
0.706181 0.210336 0.0834825
0.178762 0.0686629 0.752575
0.846134 0.0768286 0.0770373
0.0502065 0.233379 0.716415
0.0445417 0.493035 0.462423
0.320484 0.160479 0.519037
0.656988 0.0582698 0.284742
0.0423801 0.672954 0.284666
0.257604 0.0597081 0.682688
0.226859 0.713104 0.0600372
0.453952 0.482439 0.0636086
0.47237 0.0669685 0.460662
0.136587 0.542014 0.321399
0.367486 0.470902 0.161612
0.16276 0.408704 0.428537
0.74823 0.0881596 0.16361
0.267593 0.324706 0.4077
0.221774 0.191798 0.586428
0.0426658 0.862562 0.0947719
0.10585 0.76047 0.13368
0.447246 0.220342 0.332412
0.172541 0.165786 0.661674
0.140642 0.318794 0.540564
0.274293 0.560997 0.16471


3 1 29
0 19 30
12 11 49
33 32 50
39 38 51
15 14 52
17 16 53
50 17 53
23 22 56
8 7 57
21 20 58
13 12 64
14 13 64
52 14 64
19 18 66
30 19 66
31 30 66
37 36 67
61 55 68
9 8 69
8 57 69
52 64 71
71 64 72
71 72 74
72 62 74
60 54 75
6 5 76
45 65 77
52 71 77
71 74 77
74 45 77
5 4 78
76 5 78
62 72 80
10 9 82
9 69 82
80 49 83
48 70 84
70 76 84
58 73 86
28 27 87
67 74 88
74 62 88
24 23 89
23 56 89
63 46 89
56 81 89
81 63 89
40 39 91
34 33 93
26 25 94
54 60 95
60 51 95
54 80 96
80 83 96
92 79 98
75 54 99
54 96 99
96 97 99
48 84 100
84 85 100
94 46 100
44 43 101
73 58 101
98 79 102
97 59 102
59 98 102
99 97 102
57 70 103
70 48 103
48 92 103
92 98 103
12 49 104
64 12 104
72 64 104
49 80 104
80 72 104
20 2 105
2 44 105
44 101 105
58 20 105
101 58 105
39 51 106
91 39 106
51 60 106
36 35 107
67 36 107
45 74 107
74 67 107
16 15 108
53 16 108
15 52 108
65 53 108
52 77 108
77 65 108
42 41 109
43 42 109
101 43 109
73 101 109
18 17 110
17 50 110
32 31 110
50 32 110
66 18 110
31 66 110
22 21 111
21 58 111
56 22 111
58 86 111
81 56 111
86 81 111
25 24 112
24 89 112
89 46 112
46 94 112
94 25 112
60 75 113
68 47 113
75 68 113
106 60 113
47 91 113
91 106 113
35 34 114
34 93 114
65 45 114
93 65 114
45 107 114
107 35 114
27 26 115
85 87 115
87 27 115
26 94 115
94 100 115
100 85 115
41 40 116
40 91 116
47 90 116
91 47 116
90 109 116
109 41 116
7 6 117
57 7 117
70 57 117
6 76 117
76 70 117
11 10 118
49 11 118
83 49 118
10 82 118
82 83 118
38 37 119
51 38 119
37 67 119
67 88 119
88 95 119
95 51 119
46 92 120
92 48 120
48 100 120
100 46 120
69 59 121
82 69 121
59 97 121
83 82 121
96 83 121
97 96 121
61 79 122
46 63 122
92 46 122
79 92 122
33 50 123
93 33 123
50 53 123
53 65 123
65 93 123
61 68 124
79 61 124
68 75 124
75 99 124
99 102 124
102 79 124
47 68 125
90 47 125
68 55 125
4 3 126
78 4 126
3 29 126
29 28 126
28 87 126
87 78 126
76 78 127
84 76 127
85 84 127
78 87 127
87 85 127
62 80 128
80 54 128
54 95 128
88 62 128
95 88 128
55 86 129
86 73 129
73 109 129
109 90 129
125 55 129
90 125 129
55 61 130
63 81 130
81 86 130
86 55 130
61 122 130
122 63 130
59 69 131
69 57 131
57 103 131
98 59 131
103 98 131
