148
1 0 0
0 1 0
0 0 1
0.0555555 0.944444 0
0.111111 0.888889 0
0.166667 0.833333 0
0.222222 0.777778 0
0.277778 0.722222 0
0.333333 0.666667 0
0.388889 0.611111 0
0.444444 0.555556 0
0.5 0.5 0
0.555556 0.444444 0
0.611111 0.388889 0
0.666667 0.333333 0
0.722222 0.277778 0
0.777778 0.222222 0
0.833333 0.166667 0
0.888889 0.111111 0
0.944444 0.0555556 0
0 0.0714285 0.928571
0 0.142857 0.857143
0 0.214286 0.785714
0 0.285714 0.714286
0 0.357143 0.642857
0 0.428571 0.571429
0 0.5 0.5
0 0.571429 0.428571
0 0.642857 0.357143
0 0.714286 0.285714
0 0.785714 0.214286
0 0.857143 0.142857
0 0.928571 0.0714286
0.9375 0 0.0625
0.875 0 0.125
0.8125 0 0.1875
0.75 0 0.25
0.6875 0 0.3125
0.625 0 0.375
0.5625 0 0.4375
0.5 0 0.5
0.4375 0 0.5625
0.375 0 0.625
0.3125 0 0.6875
0.25 0 0.75
0.1875 0 0.8125
0.125 0 0.875
0.0625 0 0.9375
0.11445 0.830365 0.0551845
0.632212 0.117517 0.25027
0.106 0.478449 0.41555
0.27302 0.137612 0.589368
0.165792 0.622792 0.211415
0.493216 0.407965 0.098819
0.811995 0.059877 0.128128
0.423876 0.0557832 0.520341
0.652143 0.270856 0.0770007
0.689276 0.118342 0.192382
0.764299 0.173522 0.0621789
0.752526 0.117044 0.13043
0.386174 0.251184 0.362642
0.178511 0.261689 0.559801
0.706944 0.225487 0.0675697
0.0513895 0.300515 0.648095
0.272835 0.632543 0.094622
0.0631787 0.149197 0.787625
0.685441 0.0539419 0.260617
0.328725 0.519065 0.15221
0.379931 0.115111 0.504958
0.189216 0.334258 0.476526
0.494108 0.239832 0.266061
0.164657 0.54869 0.286653
0.120867 0.399878 0.479255
0.332778 0.583754 0.0834684
0.590715 0.323214 0.0860705
0.879278 0.0563752 0.0643469
0.546955 0.0899628 0.363082
0.158663 0.199016 0.642321
0.246427 0.257813 0.49576
0.201179 0.688041 0.11078
0.349326 0.0586329 0.592041
0.592788 0.247502 0.15971
0.0803404 0.359667 0.559993
0.534054 0.276326 0.18962
0.138894 0.13519 0.725915
0.569895 0.171455 0.25865
0.320607 0.267142 0.412251
0.156594 0.766081 0.0773246
0.22754 0.386503 0.385957
0.0873296 0.776455 0.136215
0.457789 0.336077 0.206134
0.395614 0.518006 0.0863799
0.430502 0.42906 0.140438
0.274723 0.0702786 0.654999
0.132814 0.696226 0.17096
0.0828198 0.699609 0.217571
0.485908 0.128153 0.385939
0.0918561 0.213093 0.69505
0.0557737 0.864961 0.0792649
0.643951 0.193252 0.162797
0.469247 0.472873 0.0578794
0.222753 0.617565 0.159683
0.180637 0.471403 0.34796
0.111478 0.278367 0.610154
0.296333 0.474277 0.22939
0.394396 0.386671 0.218933
0.43098 0.129914 0.439107
0.127448 0.0708367 0.801715
0.441127 0.198612 0.360261
0.331864 0.402064 0.266072
0.300079 0.349895 0.350026
0.0481867 0.517132 0.434681
0.82002 0.115591 0.0643884
0.523263 0.346037 0.130701
0.108136 0.619676 0.272188
0.256227 0.314738 0.429034
0.256128 0.69451 0.0493626
0.165902 0.414763 0.419334
0.610956 0.0611898 0.327855
0.198381 0.0680669 0.733552
0.212407 0.132133 0.65546
0.492144 0.0623638 0.445492
0.0472058 0.663056 0.289738
0.208898 0.567275 0.223827
0.0542846 0.440352 0.505364
0.296021 0.195476 0.508503
0.0560857 0.583404 0.36051
0.374671 0.325052 0.300277
0.23105 0.504169 0.264781
0.365059 0.187197 0.447745
0.0608791 0.0706303 0.868491
0.74765 0.0574697 0.19488
0.0416086 0.230048 0.728344
0.260073 0.428814 0.311112
0.270184 0.556113 0.173703
0.364549 0.4566 0.178851
0.325752 0.122954 0.551293
0.228716 0.195691 0.575593
0.553402 0.389398 0.0572006
0.705372 0.171656 0.122972
0.0398542 0.739912 0.220234
0.433428 0.27495 0.291622
0.0296729 0.0344193 0.935908
0.113107 0.538296 0.348597
0.135855 0.330079 0.534065
0.511937 0.166511 0.321552
0.0354821 0.806152 0.158366
0.0351796 0.378521 0.5863


3 1 32
0 19 33
5 4 48
35 34 54
41 40 55
42 41 55
15 14 56
17 16 58
16 15 62
58 16 62
15 56 62
24 23 63
22 21 65
37 36 66
57 49 66
9 8 73
8 64 73
14 13 74
56 14 74
19 18 75
33 19 75
34 33 75
54 34 75
69 61 78
43 42 80
42 55 80
55 68 80
56 74 81
81 74 83
81 83 85
83 70 85
6 5 87
79 6 87
5 48 87
87 48 89
70 83 90
10 9 91
9 73 91
73 67 91
90 53 92
44 43 93
43 80 93
52 79 94
79 87 94
87 89 94
94 89 95
65 84 97
84 77 97
4 3 98
3 32 98
32 31 98
48 4 98
89 48 98
49 57 99
62 56 99
56 81 99
81 85 99
85 49 99
12 11 100
53 12 100
11 10 100
10 91 100
92 53 100
91 92 100
64 79 101
79 52 101
82 63 103
63 97 103
77 61 103
97 77 103
90 92 105
68 55 106
46 45 107
84 65 107
106 96 108
27 26 111
17 58 112
58 59 112
59 54 112
18 17 112
75 18 112
54 75 112
83 74 113
53 90 113
90 83 113
71 52 114
52 94 114
94 95 114
69 78 115
88 69 115
78 86 115
86 110 115
110 88 115
8 7 116
64 8 116
7 6 116
6 79 116
79 64 116
72 69 117
69 88 117
50 72 117
102 50 117
88 102 117
38 37 118
37 66 118
66 49 118
39 38 118
76 39 118
49 85 118
85 76 118
45 44 119
44 93 119
84 107 119
107 45 119
77 84 120
84 119 120
93 51 120
119 93 120
40 39 121
39 76 121
55 40 121
76 96 121
96 106 121
106 55 121
29 28 122
114 95 122
52 71 123
101 52 123
82 72 124
26 25 124
111 26 124
72 50 124
50 111 124
86 78 125
27 111 126
28 27 126
122 28 126
114 122 126
90 105 127
105 109 127
86 60 127
110 86 127
109 110 127
71 102 128
123 71 128
68 106 129
106 108 129
108 60 129
60 86 129
86 125 129
21 20 130
65 21 130
107 65 130
47 46 130
46 107 130
36 35 131
35 54 131
54 59 131
66 36 131
59 57 131
57 66 131
23 22 132
63 23 132
97 63 132
22 65 132
65 97 132
109 104 133
88 110 133
110 109 133
102 88 133
128 102 133
104 128 133
67 73 134
73 64 134
64 101 134
101 123 134
104 67 134
128 104 134
123 128 134
91 67 135
92 91 135
105 92 135
67 104 135
104 109 135
109 105 135
80 68 136
51 93 136
93 80 136
125 51 136
68 129 136
129 125 136
78 61 137
120 51 137
61 77 137
77 120 137
51 125 137
125 78 137
13 12 138
74 13 138
12 53 138
53 113 138
113 74 138
57 59 139
59 58 139
58 62 139
62 99 139
99 57 139
30 29 140
95 89 140
29 122 140
122 95 140
70 90 141
60 108 141
108 70 141
90 127 141
127 60 141
20 2 142
2 47 142
47 130 142
130 20 142
50 102 143
102 71 143
71 114 143
114 126 143
111 50 143
126 111 143
69 72 144
72 82 144
61 69 144
103 61 144
82 103 144
76 85 145
96 76 145
85 70 145
70 108 145
108 96 145
31 30 146
89 98 146
98 31 146
30 140 146
140 89 146
25 24 147
24 63 147
63 82 147
82 124 147
124 25 147
