196
1 0 0
0 1 0
0 0 1
0.0555555 0.944444 0
0.111111 0.888889 0
0.166667 0.833333 0
0.222222 0.777778 0
0.277778 0.722222 0
0.333333 0.666667 0
0.388889 0.611111 0
0.444444 0.555556 0
0.5 0.5 0
0.555556 0.444444 0
0.611111 0.388889 0
0.666667 0.333333 0
0.722222 0.277778 0
0.777778 0.222222 0
0.833333 0.166667 0
0.888889 0.111111 0
0.944444 0.0555556 0
0 0.0526316 0.947368
0 0.105263 0.894737
0 0.157895 0.842105
0 0.210526 0.789474
0 0.263158 0.736842
0 0.315789 0.684211
0 0.368421 0.631579
0 0.421053 0.578947
0 0.473684 0.526316
0 0.526316 0.473684
0 0.578947 0.421053
0 0.631579 0.368421
0 0.684211 0.315789
0 0.736842 0.263158
0 0.789474 0.210526
0 0.842105 0.157895
0 0.894737 0.105263
0 0.947368 0.0526316
0.944444 0 0.0555556
0.888889 0 0.111111
0.833333 0 0.166667
0.777778 0 0.222222
0.722222 0 0.277778
0.666667 0 0.333333
0.611111 0 0.388889
0.555556 0 0.444444
0.5 0 0.5
0.444444 0 0.555556
0.388889 0 0.611111
0.333333 0 0.666667
0.277778 0 0.722222
0.222222 0 0.777778
0.166667 0 0.833333
0.111111 0 0.888889
0.0555556 0 0.944444
0.119034 0.843989 0.0369772
0.6264 0.121259 0.252341
0.0975788 0.499356 0.403066
0.271926 0.147936 0.580138
0.163209 0.611341 0.22545
0.493976 0.402559 0.103465
0.798765 0.0707741 0.130461
0.421814 0.06346 0.514726
0.776366 0.184438 0.0391957
0.655985 0.284182 0.0598328
0.675817 0.131085 0.193099
0.736868 0.127822 0.13531
0.383763 0.260699 0.355538
0.657025 0.0564992 0.286476
0.169633 0.252208 0.578159
0.718078 0.229962 0.0519597
0.274207 0.628658 0.0971352
0.0591663 0.143554 0.79728
0.328035 0.519266 0.152699
0.0473345 0.628381 0.324285
0.378286 0.143151 0.478563
0.18042 0.336431 0.483149
0.488361 0.227568 0.284071
0.2776 0.517365 0.205036
0.165357 0.546027 0.288616
0.121108 0.394787 0.484105
0.336531 0.571693 0.0917761
0.592255 0.32974 0.078005
0.502461 0.451247 0.0462923
0.898775 0.0482896 0.0529356
0.554234 0.0614138 0.384353
0.140305 0.215881 0.643814
0.259621 0.245915 0.494464
0.205619 0.677829 0.116552
0.348866 0.0484388 0.602696
0.596795 0.235162 0.168043
0.0843773 0.361203 0.55442
0.0530536 0.326898 0.620048
0.534495 0.28747 0.178035
0.125355 0.12898 0.745665
0.560034 0.172353 0.267614
0.341051 0.264639 0.394311
0.156546 0.782221 0.0612337
0.60895 0.180704 0.210346
0.666443 0.181001 0.152556
0.0913141 0.829195 0.0794913
0.238501 0.373567 0.387933
0.157454 0.437443 0.405103
0.0799224 0.792545 0.127533
0.437753 0.350618 0.211629
0.388856 0.515983 0.0951612
0.794776 0.131576 0.0736488
0.438393 0.406549 0.155058
0.266997 0.0595537 0.67345
0.138307 0.683727 0.177966
0.0694465 0.708323 0.222231
0.233236 0.0394057 0.727358
0.48707 0.129288 0.383643
0.235195 0.213691 0.551114
0.41243 0.281819 0.305751
0.104726 0.192735 0.702539
0.726659 0.0396013 0.233739
0.447451 0.209226 0.343323
0.216011 0.623723 0.160266
0.187533 0.478157 0.33431
0.109743 0.288493 0.601764
0.507213 0.0569883 0.435799
0.573404 0.108439 0.318157
0.226879 0.737984 0.0351371
0.387525 0.401616 0.210858
0.728965 0.177992 0.0930428
0.0581049 0.88874 0.0531551
0.431103 0.139734 0.429163
0.119465 0.0759744 0.80456
0.0657933 0.258596 0.67561
0.339299 0.395147 0.265554
0.0494502 0.0496679 0.900882
0.468633 0.291242 0.240125
0.320837 0.342685 0.336478
0.316599 0.230982 0.452419
0.539592 0.342863 0.117545
0.321557 0.45892 0.219522
0.103415 0.611156 0.285429
0.610612 0.0464624 0.342926
0.243693 0.307253 0.449053
0.5946 0.284563 0.120837
0.287093 0.424243 0.288664
0.559237 0.389322 0.051441
0.65997 0.22887 0.111161
0.0548666 0.0957594 0.849374
0.230543 0.126575 0.642882
0.0494433 0.422919 0.527638
0.844095 0.0962778 0.0596275
0.540022 0.232581 0.227397
0.091248 0.560607 0.348145
0.30326 0.180891 0.515849
0.0604539 0.756669 0.182877
0.0547583 0.200011 0.745231
0.398383 0.195472 0.406145
0.281116 0.573498 0.145386
0.239874 0.490721 0.269406
0.140898 0.323072 0.53603
0.0676914 0.468965 0.463343
0.200261 0.0931895 0.70655
0.447442 0.508181 0.0443761
0.391189 0.564956 0.0438553
0.735836 0.080753 0.183411
0.486656 0.343699 0.169646
0.511973 0.166978 0.321049
0.0482089 0.535653 0.416138
0.389545 0.341677 0.268778
0.227225 0.561196 0.211579
0.345773 0.105397 0.54883
0.331781 0.623074 0.0451448
0.0496419 0.675051 0.275307
0.382144 0.463322 0.154534
0.267294 0.680725 0.0519813
0.202987 0.279623 0.51739
0.101381 0.04241 0.856209
0.178065 0.0553209 0.766614
0.202946 0.186565 0.610488
0.137365 0.735593 0.127042
0.62169 0.341364 0.0369458
0.0417946 0.848196 0.110009
0.392993 0.0425425 0.564465
0.200502 0.721225 0.0782733
0.44264 0.46125 0.0961101
0.455004 0.0846353 0.46036
0.684798 0.0832474 0.231954
0.0393837 0.587156 0.37346
0.950995 0.0241777 0.0248278
0.287693 0.305754 0.406552
0.849935 0.0423962 0.107669
0.236852 0.425337 0.337811
0.190276 0.372589 0.437135
0.29987 0.0822421 0.617888
0.166755 0.153013 0.680232
0.0346208 0.382749 0.58263
0.779443 0.034657 0.1859
0.137527 0.504582 0.357891
0.105442 0.656597 0.237961


3 1 37
20 2 54
5 4 55
47 46 62
17 16 63
15 14 64
43 42 68
16 15 70
63 16 70
15 64 70
23 22 72
32 31 74
12 11 83
19 18 84
39 38 84
45 44 85
49 48 89
26 25 92
6 5 97
5 55 97
56 65 98
95 56 98
65 66 99
90 98 99
98 65 99
97 55 100
97 100 103
81 73 105
17 63 106
66 61 106
50 49 108
51 50 111
50 108 111
42 41 116
68 42 116
77 114 117
114 67 117
71 88 118
88 109 118
109 59 118
86 69 120
91 92 120
46 45 121
45 85 121
85 112 121
68 56 122
56 95 122
112 85 122
7 6 123
6 97 123
104 107 124
63 70 125
99 66 125
66 106 125
106 63 125
4 3 126
3 37 126
37 36 126
55 4 126
100 55 126
94 72 128
25 24 129
92 25 129
120 92 129
115 86 129
86 120 129
21 20 131
20 54 131
54 53 131
114 77 132
96 67 133
67 114 133
73 78 136
130 124 136
79 59 137
44 43 138
43 68 138
85 44 138
68 122 138
122 85 138
87 134 139
64 82 140
93 90 140
82 135 140
135 93 140
133 130 141
130 136 141
13 12 142
12 83 142
83 60 142
60 135 142
135 82 142
70 64 143
99 125 143
125 70 143
90 99 143
140 90 143
64 140 143
22 21 144
72 22 144
21 131 144
128 72 144
28 27 146
91 80 146
18 17 147
17 106 147
106 61 147
84 18 147
90 93 148
77 95 148
95 98 148
98 90 148
93 132 148
132 77 148
137 74 149
79 137 149
87 113 150
113 58 150
75 134 150
134 87 150
35 34 151
103 35 151
34 33 151
33 110 151
110 109 151
24 23 152
23 72 152
72 94 152
94 115 152
115 129 152
129 24 152
67 96 153
117 67 153
112 117 153
127 112 153
75 127 153
134 75 153
96 134 153
73 81 154
81 71 154
71 118 154
78 73 154
79 119 155
136 78 155
141 136 155
76 80 156
80 91 156
120 69 156
91 120 156
80 102 157
102 57 157
29 28 157
28 146 157
146 80 157
111 108 158
108 145 158
11 10 159
83 11 159
10 9 160
81 105 160
105 159 160
159 10 160
61 66 161
66 65 161
104 132 162
132 93 162
93 135 162
60 107 162
135 60 162
107 104 162
95 77 163
77 117 163
117 112 163
112 122 163
122 95 163
30 29 164
57 149 164
29 157 164
157 57 164
104 124 165
124 130 165
114 132 165
132 104 165
130 133 165
133 114 165
59 79 166
118 59 166
78 154 166
154 118 166
79 155 166
155 78 166
62 75 167
75 150 167
150 58 167
9 8 168
71 81 168
81 160 168
160 9 168
33 32 169
110 33 169
32 74 169
74 137 169
105 73 170
124 107 170
73 136 170
136 124 170
8 7 171
7 123 171
88 71 171
71 168 171
168 8 171
69 113 172
113 87 172
87 139 172
139 76 172
156 69 172
76 156 172
53 52 173
52 128 173
128 144 173
131 53 173
144 131 173
52 51 174
128 52 174
51 111 174
94 128 174
158 94 174
111 158 174
69 86 175
113 69 175
58 113 175
145 58 175
109 88 176
97 103 176
103 151 176
151 109 176
14 13 177
64 14 177
82 64 177
13 142 177
142 82 177
36 35 178
35 103 178
103 100 178
100 126 178
126 36 178
48 47 179
89 48 179
47 62 179
62 167 179
167 89 179
88 171 180
171 123 180
176 88 180
123 97 180
97 176 180
60 83 181
83 159 181
159 105 181
105 170 181
107 60 181
170 107 181
62 46 182
46 121 182
75 62 182
127 75 182
121 112 182
112 127 182
65 56 183
56 68 183
68 116 183
116 161 183
161 65 183
31 30 184
74 31 184
149 74 184
30 164 184
164 149 184
0 19 185
38 0 185
19 84 185
84 38 185
96 133 186
133 101 186
101 139 186
134 96 186
139 134 186
40 39 187
61 40 187
147 61 187
39 84 187
84 147 187
102 101 188
119 102 188
101 133 188
133 141 188
141 155 188
155 119 188
80 76 189
102 80 189
101 102 189
76 139 189
139 101 189
49 89 190
108 49 190
58 145 190
145 108 190
89 167 190
167 58 190
86 115 191
115 94 191
94 158 191
158 145 191
145 175 191
175 86 191
27 26 192
26 92 192
92 91 192
91 146 192
146 27 192
41 40 193
40 61 193
61 161 193
116 41 193
161 116 193
57 102 194
102 119 194
149 57 194
119 79 194
79 149 194
59 109 195
109 110 195
137 59 195
110 169 195
169 137 195
