132
1 0 0
0 1 0
0 0 1
0.0555556 0.944444 0
0.111111 0.888889 0
0.166667 0.833333 0
0.222222 0.777778 0
0.277778 0.722222 0
0.333333 0.666667 0
0.388889 0.611111 0
0.444444 0.555556 0
0.5 0.5 0
0.555556 0.444444 0
0.611111 0.388889 0
0.666667 0.333333 0
0.722222 0.277778 0
0.777778 0.222222 0
0.833333 0.166667 0
0.888889 0.111111 0
0.944444 0.0555556 0
0 0.0526316 0.947368
0 0.105263 0.894737
0 0.157895 0.842105
0 0.210526 0.789474
0 0.263158 0.736842
0 0.315789 0.68421
0 0.368421 0.631579
0 0.421053 0.578947
0 0.473684 0.526316
0 0.526316 0.473684
0 0.578947 0.421053
0 0.631579 0.368421
0 0.68421 0.315789
0 0.736842 0.263158
0 0.789474 0.210526
0 0.842105 0.157895
0 0.894737 0.105263
0 0.947368 0.0526316
0.909091 0 0.0909091
0.818182 0 0.181818
0.727273 0 0.272727
0.636364 0 0.363636
0.545455 0 0.454545
0.454545 0 0.545455
0.363636 0 0.636364
0.272727 0 0.727273
0.181818 0 0.818182
0.0909091 0 0.909091
0.627509 0.113077 0.259415
0.0898468 0.498598 0.411555
0.274658 0.147776 0.577565
0.168433 0.609936 0.221631
0.503254 0.410596 0.08615
0.815844 0.0603358 0.123821
0.433265 0.0710187 0.495716
0.63021 0.283738 0.0860518
0.750672 0.174008 0.0753198
0.732439 0.118636 0.148925
0.405712 0.248236 0.346053
0.644671 0.0507237 0.304605
0.167609 0.244719 0.587672
0.273255 0.625814 0.100931
0.324712 0.520185 0.155103
0.384319 0.126238 0.489443
0.204502 0.334494 0.461004
0.495418 0.239027 0.265555
0.159415 0.539183 0.301402
0.135134 0.395259 0.469608
0.34097 0.570463 0.0885672
0.55271 0.344653 0.102637
0.891505 0.0533656 0.0551297
0.542203 0.0772455 0.380552
0.162671 0.185255 0.652074
0.25302 0.25431 0.49267
0.178649 0.674178 0.147172
0.332461 0.0533013 0.614238
0.818579 0.11837 0.0630509
0.590896 0.23429 0.174814
0.275593 0.487159 0.237249
0.0847873 0.368806 0.546406
0.0649939 0.322199 0.612808
0.126171 0.130107 0.743722
0.563036 0.175075 0.261888
0.150856 0.782506 0.0666372
0.522765 0.291515 0.18572
0.657823 0.175223 0.166954
0.688778 0.227712 0.0835098
0.0819235 0.843258 0.0748182
0.223222 0.400361 0.376417
0.0740946 0.789825 0.13608
0.432639 0.344302 0.223058
0.407834 0.513799 0.0783668
0.2498 0.0348775 0.715323
0.0801295 0.701894 0.217977
0.497807 0.124734 0.377459
0.237065 0.202334 0.560601
0.360397 0.221204 0.418399
0.472229 0.464933 0.0628381
0.234686 0.114128 0.651186
0.185312 0.47091 0.343778
0.44362 0.389056 0.167324
0.466866 0.190247 0.342887
0.131134 0.734718 0.134148
0.115407 0.447304 0.437289
0.146423 0.0637275 0.789849
0.0805694 0.258008 0.661423
0.339839 0.406191 0.25397
0.0512883 0.900058 0.0486539
0.729916 0.0576094 0.212474
0.315407 0.346176 0.338417
0.412722 0.296201 0.291077
0.0667063 0.102335 0.830959
0.313091 0.286922 0.399987
0.0696284 0.193653 0.736719
0.0797249 0.593315 0.32696
0.0878877 0.649804 0.262308
0.392039 0.456163 0.151798
0.0750934 0.0481823 0.876724
0.501455 0.0377505 0.460795
0.0641776 0.546081 0.389742
0.244452 0.563401 0.192147
0.261631 0.439282 0.299086
0.20769 0.727173 0.0651366
0.142643 0.300573 0.556784
0.333183 0.0960461 0.570771
0.0567859 0.426697 0.516518
0.411114 0.166044 0.422841
0.320883 0.18374 0.495376
0.215227 0.0797426 0.70503
0.0556353 0.750184 0.194181
0.261216 0.680761 0.0580234
0.579109 0.0316937 0.389197


3 1 37
20 2 47
29 28 49
13 12 52
39 38 53
15 14 55
17 16 56
41 40 59
9 8 61
10 9 68
9 61 68
14 13 69
13 52 69
55 14 69
0 19 70
38 0 70
19 18 70
53 38 70
59 48 71
51 61 74
44 43 75
43 54 75
18 17 76
17 56 76
57 53 76
56 57 76
53 70 76
70 18 76
27 26 79
64 67 79
26 25 80
79 26 80
77 65 82
6 5 83
55 69 84
77 55 84
65 77 84
48 57 85
82 48 85
57 56 85
77 82 85
16 15 86
15 55 86
55 77 86
56 16 86
77 85 86
85 56 86
5 4 87
36 35 87
83 5 87
67 64 88
35 34 89
83 87 89
87 35 89
84 69 90
11 10 91
10 68 91
68 62 91
45 44 92
44 75 92
46 45 92
33 32 93
63 54 94
54 71 94
71 48 94
48 82 94
60 72 95
72 50 95
73 60 95
12 11 97
52 12 97
11 91 97
50 72 98
72 81 98
66 49 99
78 66 99
69 52 100
90 69 100
65 58 101
82 65 101
58 96 101
94 82 101
93 74 102
83 89 102
49 28 103
99 49 103
67 88 103
88 99 103
46 92 104
72 60 105
25 24 105
80 25 105
90 100 106
4 3 107
3 37 107
37 36 107
36 87 107
87 4 107
40 39 108
39 53 108
59 40 108
53 57 108
57 48 108
48 59 108
88 64 109
90 106 109
106 88 109
58 65 110
65 84 110
84 90 110
90 109 110
22 21 111
81 22 111
104 81 111
73 96 112
96 58 112
64 73 112
109 64 112
58 110 112
110 109 112
23 22 113
22 81 113
81 72 113
24 23 113
105 24 113
72 105 113
31 30 114
66 51 114
93 32 115
51 74 115
74 93 115
32 31 115
31 114 115
114 51 115
62 78 116
91 62 116
97 91 116
52 97 116
100 52 116
78 106 116
106 100 116
20 47 117
47 46 117
46 104 117
21 20 117
111 21 117
104 111 117
43 42 118
54 43 118
71 54 118
30 29 119
29 49 119
49 66 119
66 114 119
114 30 119
51 66 120
61 51 120
68 61 120
62 68 120
66 78 120
78 62 120
78 99 121
106 78 121
99 88 121
88 106 121
7 6 122
6 83 122
102 74 122
83 102 122
60 73 123
73 64 123
64 79 123
79 80 123
80 105 123
105 60 123
54 63 124
75 54 124
63 50 124
50 98 124
98 75 124
27 79 125
79 67 125
28 27 125
103 28 125
67 103 125
63 94 126
94 101 126
101 96 126
73 95 127
96 73 127
50 63 127
63 126 127
95 50 127
126 96 127
92 75 128
75 98 128
104 92 128
98 81 128
81 104 128
34 33 129
89 34 129
102 89 129
33 93 129
93 102 129
61 8 130
74 61 130
8 7 130
7 122 130
122 74 130
41 59 131
59 71 131
42 41 131
118 42 131
71 118 131
