86
1 0 0
0 1 0
0 0 1
0.0555555 0.944444 0
0.111111 0.888889 0
0.166667 0.833333 0
0.222222 0.777778 0
0.277778 0.722222 0
0.333333 0.666667 0
0.388889 0.611111 0
0.444444 0.555556 0
0.5 0.5 0
0.555556 0.444444 0
0.611111 0.388889 0
0.666667 0.333333 0
0.722222 0.277778 0
0.777778 0.222222 0
0.833333 0.166667 0
0.888889 0.111111 0
0.944444 0.0555556 0
0 0.0769231 0.923077
0 0.153846 0.846154
0 0.230769 0.769231
0 0.307692 0.692308
0 0.384615 0.615385
0 0.461538 0.538462
0 0.538462 0.461538
0 0.615385 0.384615
0 0.692308 0.307692
0 0.769231 0.230769
0 0.846154 0.153846
0 0.923077 0.0769231
0.888889 0 0.111111
0.777778 0 0.222222
0.666667 0 0.333333
0.555556 0 0.444444
0.444444 0 0.555556
0.333333 0 0.666667
0.222222 0 0.777778
0.111111 0 0.888889
0.632699 0.124686 0.242615
0.0951869 0.514481 0.390332
0.254659 0.130236 0.615105
0.156635 0.595224 0.248141
0.473473 0.404747 0.12178
0.799832 0.0652643 0.134904
0.407051 0.0657031 0.527246
0.616415 0.257452 0.126134
0.734595 0.13548 0.129925
0.386414 0.272086 0.3415
0.178047 0.253532 0.568421
0.300829 0.525611 0.17356
0.380642 0.13598 0.483378
0.19227 0.341855 0.465875
0.483733 0.229634 0.286634
0.113682 0.390922 0.495395
0.563751 0.312654 0.123595
0.264694 0.608334 0.126973
0.190078 0.680942 0.128979
0.120635 0.141202 0.738163
0.569804 0.171729 0.258467
0.28474 0.253083 0.462177
0.679052 0.200677 0.12027
0.0745439 0.829 0.0964564
0.467833 0.330684 0.201483
0.0895569 0.30127 0.609173
0.287741 0.0665891 0.64567
0.0827896 0.685943 0.231267
0.244213 0.423039 0.332749
0.180209 0.473994 0.345796
0.410417 0.450296 0.139288
0.53282 0.0745549 0.392625
0.168725 0.0680168 0.763258
0.656919 0.0623152 0.280766
0.112897 0.758173 0.12893
0.324206 0.350297 0.325497
0.199874 0.544559 0.255567
0.0800541 0.216431 0.703515
0.0844807 0.605875 0.309644
0.342202 0.458171 0.199627
0.227741 0.189178 0.583081
0.346197 0.197448 0.456356
0.0679303 0.0560465 0.876023
0.048745 0.888408 0.0628472
0.478183 0.135978 0.385839
0.0684588 0.440527 0.491014


3 1 31
0 19 32
26 25 41
12 11 44
13 12 44
19 18 45
32 19 45
33 32 45
18 17 45
34 33 45
37 36 46
15 14 47
17 16 48
45 17 48
10 9 51
24 23 55
14 13 56
47 14 56
54 47 56
9 8 57
51 9 57
7 6 58
8 7 58
57 8 58
43 57 58
21 20 59
47 54 60
40 48 62
48 16 62
16 15 62
60 40 62
15 47 62
47 60 62
5 4 63
30 29 63
13 44 64
56 13 64
49 54 64
54 56 64
23 22 65
50 53 65
53 55 65
55 23 65
38 37 66
37 46 66
52 42 66
46 52 66
28 27 67
55 53 68
68 51 69
55 68 69
11 10 70
44 11 70
36 35 71
46 36 71
40 60 71
42 59 72
39 38 72
38 66 72
66 42 72
35 34 73
48 40 73
34 45 73
45 48 73
40 71 73
71 35 73
5 63 74
63 29 74
6 5 74
29 28 74
28 67 74
58 6 74
67 58 74
61 49 75
53 50 75
50 61 75
49 64 75
64 44 75
44 70 75
68 53 75
43 41 76
41 69 76
57 43 76
51 57 76
69 51 76
22 21 77
21 59 77
59 50 77
50 65 77
65 22 77
27 26 78
26 41 78
41 43 78
67 27 78
43 58 78
58 67 78
10 51 79
70 10 79
51 68 79
68 75 79
75 70 79
50 59 80
61 50 80
59 42 80
42 52 81
52 54 81
54 49 81
80 42 81
49 61 81
61 80 81
20 2 82
2 39 82
39 72 82
59 20 82
72 59 82
4 3 83
3 31 83
31 30 83
30 63 83
63 4 83
52 46 84
54 52 84
60 54 84
46 71 84
71 60 84
25 24 85
24 55 85
41 25 85
69 41 85
55 69 85
