192
1 0 0
0 1 0
0 0 1
0.0555555 0.944444 0
0.111111 0.888889 0
0.166667 0.833333 0
0.222222 0.777778 0
0.277778 0.722222 0
0.333333 0.666667 0
0.388889 0.611111 0
0.444444 0.555556 0
0.5 0.5 0
0.555556 0.444444 0
0.611111 0.388889 0
0.666667 0.333333 0
0.722222 0.277778 0
0.777778 0.222222 0
0.833333 0.166667 0
0.888889 0.111111 0
0.944444 0.0555556 0
0 0.0555556 0.944444
0 0.111111 0.888889
0 0.166667 0.833333
0 0.222222 0.777778
0 0.277778 0.722222
0 0.333333 0.666667
0 0.388889 0.611111
0 0.444444 0.555556
0 0.5 0.5
0 0.555556 0.444444
0 0.611111 0.388889
0 0.666667 0.333333
0 0.722222 0.277778
0 0.777778 0.222222
0 0.833333 0.166667
0 0.888889 0.111111
0 0.944444 0.0555556
0.947368 0 0.0526316
0.894737 0 0.105263
0.842105 0 0.157895
0.789474 0 0.210526
0.736842 0 0.263158
0.684211 0 0.315789
0.631579 0 0.368421
0.578947 0 0.421053
0.526316 0 0.473684
0.473684 0 0.526316
0.421053 0 0.578947
0.368421 0 0.631579
0.315789 0 0.684211
0.263158 0 0.736842
0.210526 0 0.789474
0.157895 0 0.842105
0.105263 0 0.894737
0.0526316 0 0.947368
0.118197 0.844018 0.0377847
0.624936 0.123786 0.251277
0.0929352 0.500907 0.406158
0.270078 0.147374 0.582548
0.152322 0.621168 0.22651
0.486825 0.403921 0.109254
0.800532 0.0651071 0.134361
0.411924 0.0619681 0.526107
0.788683 0.177629 0.0336884
0.655679 0.285049 0.0592715
0.0491472 0.332312 0.618541
0.680868 0.120902 0.19823
0.744684 0.123313 0.132003
0.393861 0.25312 0.353019
0.66295 0.0615815 0.275469
0.170151 0.250673 0.579176
0.709906 0.229214 0.0608799
0.263777 0.641555 0.0946681
0.0426955 0.144243 0.813061
0.329524 0.515031 0.155445
0.377051 0.141597 0.481352
0.182987 0.335144 0.481869
0.497072 0.219816 0.283112
0.275054 0.509749 0.215197
0.161397 0.546205 0.292398
0.124068 0.392463 0.483469
0.333198 0.572902 0.0939003
0.589538 0.332471 0.0779917
0.512679 0.441339 0.0459817
0.895372 0.0501884 0.0544399
0.549603 0.0782552 0.372142
0.14805 0.199303 0.652647
0.261161 0.243485 0.495354
0.194432 0.682942 0.122626
0.265184 0.695383 0.0394335
0.355024 0.0459873 0.598989
0.589842 0.244824 0.165334
0.0688936 0.374861 0.556245
0.531928 0.28154 0.186532
0.132804 0.135872 0.731324
0.562955 0.169784 0.26726
0.327817 0.27702 0.395164
0.157928 0.786642 0.0554308
0.608182 0.180315 0.211503
0.647676 0.188056 0.164268
0.440185 0.393885 0.16593
0.0918583 0.820711 0.087431
0.225372 0.399807 0.374821
0.152198 0.437633 0.410168
0.0859838 0.765108 0.148908
0.441152 0.335715 0.223132
0.386862 0.509624 0.103514
0.798291 0.129009 0.0726998
0.253126 0.0652513 0.681623
0.139924 0.688968 0.171107
0.0868049 0.694815 0.21838
0.487482 0.122073 0.390445
0.236005 0.212543 0.551452
0.100216 0.200332 0.699452
0.719844 0.0502031 0.229953
0.45236 0.198108 0.349532
0.544051 0.324121 0.131828
0.433144 0.277067 0.289789
0.211372 0.625073 0.163555
0.18988 0.469095 0.341025
0.108026 0.289572 0.602402
0.428396 0.451122 0.120482
0.512455 0.055813 0.431732
0.587049 0.105614 0.307337
0.390767 0.393003 0.216231
0.748269 0.18009 0.0716408
0.0582472 0.886552 0.0552008
0.432217 0.148701 0.419082
0.145072 0.0638176 0.791111
0.0655404 0.264012 0.670447
0.342551 0.389309 0.26814
0.046773 0.0522683 0.900959
0.300121 0.361314 0.338565
0.0431398 0.50291 0.45395
0.320389 0.223112 0.456499
0.327648 0.455218 0.217134
0.100938 0.614823 0.284239
0.083408 0.0706569 0.845935
0.251765 0.297585 0.450649
0.042952 0.773138 0.18391
0.286992 0.436569 0.27644
0.570611 0.390405 0.0389837
0.61142 0.0453516 0.343228
0.653639 0.2309 0.115461
0.393233 0.34034 0.266427
0.198174 0.0633886 0.738437
0.226984 0.133384 0.639633
0.0581749 0.198387 0.743438
0.490239 0.337341 0.17242
0.0478933 0.667401 0.284706
0.216782 0.563311 0.219906
0.844075 0.0955112 0.0604136
0.544314 0.228666 0.227021
0.0957165 0.556872 0.347411
0.451457 0.489342 0.0592009
0.0523614 0.441828 0.505811
0.302267 0.178592 0.519141
0.605469 0.281177 0.113354
0.387005 0.201824 0.411171
0.522187 0.151098 0.326715
0.229463 0.49524 0.275298
0.337727 0.108011 0.554262
0.140088 0.323545 0.536367
0.392257 0.561507 0.0462356
0.204428 0.278124 0.517448
0.744884 0.0724775 0.182638
0.275275 0.572478 0.152246
0.190427 0.120479 0.689094
0.0448028 0.555666 0.399532
0.328083 0.627309 0.0446079
0.265073 0.336825 0.398102
0.379343 0.452099 0.168558
0.475341 0.0393609 0.485299
0.0473613 0.60986 0.342778
0.0419366 0.832141 0.125923
0.62234 0.341722 0.0359381
0.206528 0.188551 0.604921
0.852497 0.0414395 0.106064
0.139686 0.747755 0.112559
0.035743 0.726876 0.237381
0.0909303 0.453775 0.455294
0.486181 0.281001 0.232818
0.699744 0.175364 0.124892
0.362206 0.316184 0.32161
0.536847 0.381635 0.0815177
0.246613 0.429326 0.324061
0.197672 0.369639 0.432689
0.137739 0.502121 0.36014
0.450032 0.0925229 0.457445
0.296244 0.0804051 0.623351
0.0925204 0.12325 0.784229
0.206417 0.721803 0.0717803


3 1 36
0 19 37
20 2 54
5 4 55
40 39 61
47 46 62
17 16 63
15 14 64
26 25 65
42 41 69
66 56 69
16 15 71
15 64 71
23 22 73
22 21 73
12 11 83
19 18 84
37 19 84
38 37 84
8 7 89
7 6 89
49 48 90
48 47 90
47 62 90
27 26 92
26 65 92
6 5 97
5 55 97
56 66 98
95 56 98
91 98 99
98 66 99
97 55 101
81 74 106
67 61 107
17 63 107
50 49 108
59 109 110
109 104 110
94 86 113
41 40 114
66 69 114
69 41 114
93 91 116
68 115 117
115 77 117
72 88 118
88 109 118
109 59 118
103 102 119
86 70 120
92 65 120
100 60 121
45 44 122
44 85 122
85 111 122
69 56 123
56 95 123
105 100 124
63 16 125
16 71 125
67 107 125
107 63 125
4 3 126
55 4 126
3 36 126
36 35 126
101 55 126
111 115 127
52 51 128
25 24 129
65 25 129
120 65 129
113 86 129
86 120 129
21 20 131
20 54 131
54 53 131
29 28 133
74 78 135
130 124 135
79 59 136
59 110 136
53 52 137
52 128 137
73 21 137
21 131 137
131 53 137
87 134 138
134 96 138
34 33 139
110 104 139
132 130 140
130 135 140
135 78 140
13 12 141
12 83 141
43 42 142
42 69 142
44 43 142
85 44 142
69 123 142
123 85 142
71 64 143
91 99 143
117 105 144
105 124 144
124 130 144
51 50 145
50 108 145
128 51 145
94 128 145
24 23 147
23 73 147
94 113 147
113 129 147
129 24 147
100 105 148
60 100 148
116 60 148
93 116 148
32 31 149
136 110 149
59 79 150
118 59 150
18 17 151
17 107 151
84 18 151
107 61 151
77 95 152
91 93 152
98 91 152
95 98 152
79 136 153
11 10 154
83 11 154
106 121 154
60 83 154
121 60 154
28 27 155
133 28 155
27 92 155
92 80 155
87 112 156
112 58 156
75 134 156
134 87 156
82 116 157
116 91 157
64 82 157
143 64 157
91 143 157
115 68 158
127 115 158
68 96 158
96 134 158
75 127 158
134 75 158
95 77 159
77 115 159
115 111 159
123 95 159
111 85 159
85 123 159
79 119 160
140 78 160
78 150 160
150 79 160
62 75 161
90 62 161
156 58 161
75 156 161
76 80 162
80 92 162
120 70 162
92 120 162
10 9 163
81 106 163
106 154 163
154 10 163
70 112 164
112 87 164
87 138 164
138 76 164
76 162 164
162 70 164
40 61 165
114 40 165
61 67 165
67 66 165
66 114 165
74 81 166
81 72 166
72 118 166
78 74 166
118 150 166
150 78 166
86 94 167
146 86 167
94 145 167
145 108 167
108 146 167
29 133 168
133 57 168
30 29 168
57 153 168
9 8 169
72 81 169
8 89 169
89 72 169
81 163 169
163 9 169
96 132 170
138 96 170
132 102 170
106 74 171
121 106 171
100 121 171
124 100 171
74 135 171
135 124 171
46 45 172
45 122 172
62 46 172
31 30 173
136 149 173
153 136 173
149 31 173
30 168 173
168 153 173
35 34 174
104 101 174
101 126 174
126 35 174
34 139 174
139 104 174
14 13 175
64 14 175
82 64 175
13 141 175
141 82 175
70 86 176
86 146 176
112 70 176
58 112 176
146 58 176
39 38 177
61 39 177
151 61 177
38 84 177
84 151 177
97 101 178
101 104 178
104 109 178
109 88 178
33 32 179
110 139 179
139 33 179
32 149 179
149 110 179
80 103 180
103 57 180
155 80 180
57 133 180
133 155 180
105 117 181
117 77 181
93 148 181
148 105 181
77 152 181
152 93 181
66 67 182
99 66 182
125 71 182
71 143 182
143 99 182
67 125 182
96 68 183
132 96 183
68 117 183
117 144 183
130 132 183
144 130 183
83 60 184
141 83 184
60 116 184
116 82 184
82 141 184
119 102 185
102 132 185
132 140 185
140 160 185
160 119 185
80 76 186
103 80 186
102 103 186
170 102 186
76 138 186
138 170 186
57 103 187
103 119 187
153 57 187
119 79 187
79 153 187
75 62 188
127 75 188
122 111 188
111 127 188
172 122 188
62 172 188
49 90 189
108 49 189
58 146 189
146 108 189
90 161 189
161 58 189
128 94 190
73 137 190
137 128 190
94 147 190
147 73 190
88 72 191
72 89 191
89 6 191
6 97 191
97 178 191
178 88 191
