53
1 0 0
0 1 0
0 0 1
0.0555555 0.944444 0
0.111111 0.888889 0
0.166667 0.833333 0
0.222222 0.777778 0
0.277778 0.722222 0
0.333333 0.666667 0
0.388889 0.611111 0
0.444444 0.555556 0
0.5 0.5 0
0.555556 0.444444 0
0.611111 0.388889 0
0.666667 0.333333 0
0.722222 0.277778 0
0.777778 0.222222 0
0.833333 0.166667 0
0.888889 0.111111 0
0.944444 0.0555556 0
0 0.0555556 0.944444
0 0.111111 0.888889
0 0.166667 0.833333
0 0.222222 0.777778
0 0.277778 0.722222
0 0.333333 0.666667
0 0.388889 0.611111
0 0.444444 0.555556
0 0.5 0.5
0 0.555556 0.444444
0 0.611111 0.388889
0 0.666667 0.333333
0 0.722222 0.277778
0 0.777778 0.222222
0 0.833333 0.166667
0 0.888889 0.111111
0 0.944444 0.0555556
0.5 0 0.5
0.310298 0.136336 0.553366
0.457363 0.0805871 0.46205
0.377162 0.251443 0.371396
0.417389 0.190394 0.392217
0.285504 0.417231 0.297265
0.329671 0.361831 0.308499
0.659415 0.0321896 0.308395
0.334842 0.30688 0.358278
0.207832 0.582953 0.209215
0.181552 0.638427 0.18002
0.246287 0.518771 0.234942
0.263415 0.47109 0.265495
0.292908 0.0315726 0.67552
0.586996 0.135945 0.277058
0.153981 0.694274 0.151745


7 6 33
32 7 33
6 5 34
33 6 34
5 4 35
34 5 35
3 1 36
4 3 36
35 4 36
22 21 38
19 18 39
21 20 39
38 21 39
16 15 40
24 23 40
17 16 41
23 22 41
22 38 41
16 40 41
40 23 41
13 12 42
27 26 42
14 13 43
26 25 43
13 42 43
42 26 43
0 19 44
37 0 44
19 39 44
15 14 45
25 24 45
24 40 45
40 15 45
14 43 45
43 25 45
10 9 46
9 30 46
29 10 46
30 29 46
9 8 47
8 31 47
30 9 47
31 30 47
11 10 48
10 29 48
29 28 48
12 11 49
28 27 49
27 42 49
42 12 49
11 48 49
48 28 49
20 2 50
2 37 50
37 44 50
39 20 50
44 39 50
18 17 51
38 39 51
39 18 51
17 41 51
41 38 51
8 7 52
7 32 52
31 8 52
32 31 52
