125
1 0 0
0 1 0
0 0 1
0.0555555 0.944444 0
0.111111 0.888889 0
0.166667 0.833333 0
0.222222 0.777778 0
0.277778 0.722222 0
0.333333 0.666667 0
0.388889 0.611111 0
0.444444 0.555556 0
0.5 0.5 0
0.555556 0.444444 0
0.611111 0.388889 0
0.666667 0.333333 0
0.722222 0.277778 0
0.777778 0.222222 0
0.833333 0.166667 0
0.888889 0.111111 0
0.944444 0.0555556 0
0 0.0555556 0.944444
0 0.111111 0.888889
0 0.166667 0.833333
0 0.222222 0.777778
0 0.277778 0.722222
0 0.333333 0.666667
0 0.388889 0.611111
0 0.444444 0.555556
0 0.5 0.5
0 0.555556 0.444444
0 0.611111 0.388889
0 0.666667 0.333333
0 0.722222 0.277778
0 0.777778 0.222222
0 0.833333 0.166667
0 0.888889 0.111111
0 0.944444 0.0555556
0.9 0 0.1
0.8 0 0.2
0.7 0 0.3
0.6 0 0.4
0.5 0 0.5
0.4 0 0.6
0.3 0 0.7
0.2 0 0.8
0.1 0 0.9
0.621061 0.117696 0.261243
0.105224 0.494073 0.400702
0.255313 0.141746 0.602941
0.167532 0.611651 0.220816
0.488467 0.414826 0.0967071
0.812092 0.0631839 0.124724
0.436881 0.0646965 0.498423
0.633404 0.282076 0.0845208
0.750065 0.175062 0.0748732
0.731577 0.124387 0.144037
0.393936 0.250754 0.355311
0.647133 0.0527786 0.300089
0.170949 0.254943 0.574108
0.271764 0.62771 0.100526
0.323979 0.516388 0.159633
0.375492 0.143883 0.480625
0.190455 0.327488 0.482057
0.488581 0.241277 0.270142
0.154683 0.543374 0.301943
0.110776 0.402083 0.487141
0.342634 0.56968 0.0876861
0.585064 0.333405 0.0815318
0.896628 0.0465326 0.0568395
0.553203 0.0700905 0.376707
0.145646 0.19631 0.658044
0.249136 0.2566 0.494264
0.178019 0.674529 0.147452
0.335269 0.0456649 0.619066
0.811639 0.125285 0.0630763
0.588916 0.235071 0.176013
0.153733 0.131089 0.715177
0.551798 0.178921 0.269281
0.16001 0.777886 0.0621037
0.522051 0.296119 0.18183
0.655076 0.176564 0.16836
0.688553 0.22751 0.0839363
0.0824797 0.842111 0.0754091
0.218027 0.384031 0.397942
0.429299 0.339096 0.231605
0.0885599 0.306577 0.604864
0.24258 0.040536 0.716883
0.0737879 0.706895 0.219317
0.494183 0.126625 0.379192
0.473241 0.466001 0.0607583
0.201928 0.475324 0.322748
0.308733 0.459887 0.231381
0.38991 0.397016 0.213074
0.14064 0.734125 0.125235
0.133834 0.0651131 0.801053
0.0788317 0.251357 0.669811
0.440324 0.192023 0.367653
0.316317 0.348018 0.335665
0.262964 0.195617 0.54142
0.411828 0.514156 0.0740161
0.522945 0.0337778 0.443277
0.239254 0.0876176 0.673129
0.307065 0.287324 0.405611
0.34016 0.218525 0.441315
0.7376 0.0356691 0.226731
0.0738855 0.173778 0.752336
0.0705782 0.598453 0.330969
0.0957706 0.652612 0.251618
0.0731497 0.367098 0.559752
0.0687151 0.124244 0.807041
0.397042 0.460157 0.142801
0.0755819 0.788753 0.135665
0.0593458 0.0452574 0.895397
0.0667941 0.45677 0.476436
0.24362 0.567771 0.188609
0.0674268 0.540094 0.392479
0.409287 0.295864 0.294849
0.276803 0.415055 0.308142
0.163189 0.438663 0.398149
0.242243 0.512016 0.245741
0.251148 0.687116 0.0617364
0.334707 0.0949322 0.570361
0.0508218 0.900494 0.0486847
0.505519 0.361801 0.13268
0.712623 0.0806477 0.206729


3 1 36
13 12 50
38 37 51
42 41 52
15 14 53
17 16 54
40 39 57
9 8 59
27 26 65
10 9 66
9 59 66
14 13 67
53 14 67
0 19 68
37 0 68
19 18 68
18 51 68
51 37 68
57 46 69
40 57 69
62 58 71
49 59 72
43 42 73
42 52 73
18 17 74
17 54 74
54 55 74
51 18 74
55 51 74
48 70 76
75 63 77
6 5 78
7 6 78
53 67 79
63 75 79
75 53 79
46 55 80
77 46 80
55 54 80
75 77 80
16 15 81
15 53 81
53 75 81
54 16 81
75 80 81
80 54 81
5 4 82
35 34 82
78 5 82
65 62 83
25 24 85
58 62 85
44 43 86
43 73 86
32 31 87
33 32 87
61 52 88
52 69 88
69 46 88
46 77 88
12 11 89
50 12 89
64 47 90
7 78 93
33 87 93
87 72 93
45 44 94
44 86 94
24 23 95
23 70 95
70 58 95
58 85 95
85 24 95
63 56 96
77 63 96
61 88 96
88 77 96
83 62 97
84 92 97
48 61 98
58 70 98
71 58 98
70 48 98
11 10 99
10 66 99
66 60 99
89 11 99
41 40 100
40 69 100
52 41 100
69 52 100
86 73 101
48 76 101
76 94 101
94 86 101
62 71 102
97 62 102
71 98 103
96 56 103
61 96 103
98 61 103
56 102 103
102 71 103
39 38 104
57 39 104
38 51 104
23 22 105
70 23 105
76 70 105
31 30 106
30 29 106
64 49 106
87 31 107
49 72 107
72 87 107
31 106 107
106 49 107
26 25 108
25 85 108
62 65 108
85 62 108
65 26 108
21 94 109
94 76 109
22 21 109
105 22 109
76 105 109
50 89 110
60 91 110
91 92 110
92 50 110
89 99 110
99 60 110
34 33 111
78 82 111
82 34 111
33 93 111
93 78 111
20 2 112
2 45 112
21 20 112
94 21 112
45 94 112
28 27 113
47 28 113
27 65 113
49 64 114
59 49 114
66 59 114
60 66 114
29 28 115
28 47 115
47 64 115
64 106 115
106 29 115
56 63 116
63 79 116
79 84 116
102 56 116
84 97 116
97 102 116
91 90 117
92 91 117
83 97 117
97 92 117
65 83 118
113 65 118
90 47 118
47 113 118
83 117 118
117 90 118
64 90 119
90 91 119
91 60 119
60 114 119
114 64 119
8 7 120
59 8 120
72 59 120
7 93 120
93 72 120
52 61 121
73 52 121
61 48 121
48 101 121
101 73 121
4 3 122
3 36 122
36 35 122
35 82 122
82 4 122
13 50 123
67 13 123
79 67 123
84 79 123
50 92 123
92 84 123
51 55 124
104 51 124
55 46 124
46 57 124
57 104 124
