191
1 0 0
0 1 0
0 0 1
0.0555555 0.944444 0
0.111111 0.888889 0
0.166667 0.833333 0
0.222222 0.777778 0
0.277778 0.722222 0
0.333333 0.666667 0
0.388889 0.611111 0
0.444444 0.555556 0
0.5 0.5 0
0.555556 0.444444 0
0.611111 0.388889 0
0.666667 0.333333 0
0.722222 0.277778 0
0.777778 0.222222 0
0.833333 0.166667 0
0.888889 0.111111 0
0.944444 0.0555556 0
0 0.0555556 0.944444
0 0.111111 0.888889
0 0.166667 0.833333
0 0.222222 0.777778
0 0.277778 0.722222
0 0.333333 0.666667
0 0.388889 0.611111
0 0.444444 0.555556
0 0.5 0.5
0 0.555556 0.444444
0 0.611111 0.388889
0 0.666667 0.333333
0 0.722222 0.277778
0 0.777778 0.222222
0 0.833333 0.166667
0 0.888889 0.111111
0 0.944444 0.0555556
0.944444 0 0.0555556
0.888889 0 0.111111
0.833333 0 0.166667
0.777778 0 0.222222
0.722222 0 0.277778
0.666667 0 0.333333
0.611111 0 0.388889
0.555556 0 0.444444
0.5 0 0.5
0.444444 0 0.555556
0.388889 0 0.611111
0.333333 0 0.666667
0.277778 0 0.722222
0.222222 0 0.777778
0.166667 0 0.833333
0.111111 0 0.888889
0.0555555 0 0.944444
0.119295 0.842069 0.038636
0.622632 0.123955 0.253413
0.0928459 0.486259 0.420895
0.277423 0.133678 0.588899
0.155172 0.619585 0.225243
0.494516 0.402587 0.102897
0.79647 0.0662195 0.137311
0.422179 0.0635751 0.514246
0.778169 0.183777 0.038054
0.654508 0.284919 0.0605728
0.0482212 0.339243 0.612536
0.678738 0.116545 0.204718
0.736367 0.127154 0.136479
0.395769 0.252569 0.351662
0.65761 0.0633788 0.279011
0.169685 0.25217 0.578145
0.715105 0.230991 0.0539037
0.272899 0.629833 0.0972681
0.0641001 0.132693 0.803207
0.330945 0.517548 0.151507
0.379772 0.1424 0.477828
0.178044 0.338692 0.483264
0.494725 0.223719 0.281556
0.277656 0.518712 0.203632
0.165123 0.545986 0.288891
0.122137 0.400188 0.477675
0.335292 0.571862 0.0928461
0.592397 0.329653 0.0779499
0.502835 0.450868 0.0462969
0.894322 0.0500583 0.0556199
0.555135 0.0620615 0.382803
0.136484 0.220179 0.643337
0.263082 0.251518 0.4854
0.202522 0.693539 0.10394
0.335309 0.0584236 0.606267
0.596138 0.235403 0.168459
0.0830271 0.367729 0.549244
0.537935 0.286969 0.175096
0.129656 0.124444 0.7459
0.561163 0.172069 0.266768
0.340948 0.270498 0.388554
0.163821 0.775943 0.0602361
0.665947 0.180663 0.15339
0.0927467 0.820378 0.0868752
0.230659 0.384752 0.384589
0.157096 0.437404 0.4055
0.0805632 0.775443 0.143994
0.440066 0.341006 0.218928
0.389818 0.515532 0.0946503
0.794456 0.131088 0.0744562
0.438527 0.40567 0.155803
0.273244 0.0651385 0.661617
0.150777 0.679033 0.17019
0.0904764 0.700135 0.209388
0.234529 0.0401616 0.725309
0.496218 0.121248 0.382534
0.236553 0.211717 0.55173
0.101483 0.195076 0.703441
0.715533 0.0501653 0.234302
0.450384 0.200191 0.349426
0.432683 0.278325 0.288992
0.215202 0.625781 0.159017
0.191804 0.467758 0.340438
0.107051 0.292406 0.600543
0.508116 0.0559836 0.4359
0.573826 0.110012 0.316162
0.226131 0.729748 0.0441205
0.388334 0.400189 0.211477
0.728402 0.181152 0.0904456
0.0583045 0.88636 0.0553358
0.434698 0.147318 0.417985
0.120477 0.0751964 0.804327
0.0638217 0.268562 0.667617
0.341536 0.386245 0.272218
0.0498618 0.0506927 0.899445
0.30236 0.353978 0.343662
0.0413652 0.505127 0.453507
0.324711 0.221667 0.453621
0.540064 0.343182 0.116755
0.322352 0.458001 0.219647
0.102355 0.61546 0.282186
0.232988 0.318657 0.448355
0.593566 0.28589 0.120544
0.0427891 0.774452 0.182758
0.289331 0.425075 0.285593
0.559653 0.389126 0.0512209
0.610998 0.0505094 0.338493
0.393019 0.341823 0.265158
0.0564458 0.0950883 0.848466
0.227332 0.127458 0.64521
0.0491506 0.667845 0.283004
0.843001 0.0962925 0.0607064
0.544485 0.229817 0.225698
0.0960948 0.555457 0.348448
0.0561174 0.442339 0.501544
0.303332 0.179711 0.516957
0.388318 0.201181 0.410501
0.240758 0.491046 0.268195
0.140439 0.324411 0.535149
0.201963 0.0928823 0.705155
0.447776 0.508007 0.0442178
0.39113 0.564854 0.0440153
0.74309 0.0720738 0.184837
0.278696 0.572783 0.148521
0.487773 0.344211 0.168015
0.513593 0.165324 0.321082
0.0430105 0.228572 0.728417
0.222062 0.56358 0.214358
0.0460074 0.554337 0.399655
0.349507 0.106754 0.543739
0.332178 0.622526 0.045296
0.383338 0.462584 0.154078
0.273088 0.67787 0.0490426
0.0474922 0.610027 0.342481
0.202984 0.280276 0.51674
0.656362 0.230398 0.11324
0.0411045 0.833118 0.125777
0.179343 0.0544965 0.76616
0.203038 0.184784 0.612178
0.621235 0.341633 0.0371319
0.127825 0.745967 0.126208
0.391297 0.0435727 0.565131
0.0599524 0.176145 0.763902
0.610938 0.179395 0.209667
0.848897 0.0424432 0.108659
0.102492 0.0422341 0.855274
0.443443 0.460889 0.0956676
0.455022 0.0855196 0.459458
0.284578 0.300044 0.415378
0.363238 0.315037 0.321726
0.247009 0.426262 0.326729
0.486224 0.283747 0.23003
0.137255 0.50279 0.359956
0.167036 0.154302 0.678662
0.0361786 0.727186 0.236636
0.0343676 0.399105 0.566528
0.186887 0.376332 0.436782


3 1 36
0 19 37
20 2 53
5 4 54
40 39 60
46 45 61
17 16 62
15 14 63
26 25 64
42 41 68
65 55 68
16 15 70
62 16 70
15 63 70
12 11 82
19 18 83
37 19 83
38 37 83
44 43 84
48 47 88
6 5 95
5 54 95
65 66 96
95 54 97
56 79 99
80 73 102
17 62 103
66 60 103
49 48 105
48 88 105
88 57 105
58 106 107
50 49 108
49 105 108
41 40 112
65 68 112
68 41 112
67 113 114
113 76 114
106 58 115
71 87 115
87 106 115
99 98 116
85 69 117
90 64 117
45 44 118
44 84 118
84 109 118
68 55 119
55 93 119
109 84 119
7 6 120
6 95 120
95 87 120
101 104 121
62 70 122
96 66 122
66 103 122
103 62 122
4 3 123
3 36 123
36 35 123
54 4 123
97 54 123
109 113 124
92 72 125
25 24 126
64 25 126
117 64 126
111 85 126
85 117 126
21 20 128
20 53 128
53 52 128
29 28 130
73 77 133
127 121 133
78 58 134
58 107 134
63 81 136
91 89 136
81 132 136
132 91 136
34 33 137
107 100 137
129 127 138
127 133 138
13 12 139
12 82 139
82 59 139
59 132 139
132 81 139
43 42 140
42 68 140
68 119 140
84 43 140
119 84 140
114 101 141
101 121 141
121 127 141
22 21 142
72 22 142
21 128 142
125 72 142
105 57 143
32 31 144
134 107 144
18 17 145
17 103 145
83 18 145
103 60 145
89 91 146
76 93 146
78 134 147
90 79 148
28 27 148
130 28 148
79 56 148
56 130 148
74 131 149
110 57 149
86 110 149
131 86 149
113 67 150
124 113 150
67 94 150
94 131 150
74 124 150
131 74 150
78 116 151
133 77 151
138 133 151
75 79 152
79 90 152
117 69 152
90 117 152
108 105 153
105 143 153
11 10 154
82 11 154
10 9 155
80 102 155
102 154 155
154 10 155
40 60 156
112 40 156
60 66 156
66 65 156
65 112 156
77 73 157
73 80 157
80 71 157
71 115 157
59 104 158
132 59 158
91 132 158
104 101 158
93 76 159
76 113 159
113 109 159
109 119 159
119 93 159
24 23 160
111 126 160
126 24 160
58 78 161
115 58 161
78 151 161
151 77 161
77 157 161
157 115 161
30 29 162
29 130 162
130 56 162
56 147 162
61 74 163
57 88 163
74 149 163
149 57 163
9 8 164
71 80 164
80 155 164
155 9 164
102 73 165
121 104 165
73 133 165
133 121 165
8 7 166
7 120 166
87 71 166
120 87 166
71 164 166
164 8 166
31 30 167
134 144 167
144 31 167
147 134 167
30 162 167
162 147 167
69 110 168
110 86 168
86 135 168
135 75 168
75 152 168
152 69 168
70 63 169
96 122 169
122 70 169
89 96 169
136 89 169
63 136 169
35 34 170
100 97 170
97 123 170
123 35 170
34 137 170
137 100 170
51 50 171
125 51 171
50 108 171
92 125 171
153 92 171
108 153 171
69 85 172
110 69 172
57 110 172
143 57 172
14 13 173
63 14 173
81 63 173
13 139 173
139 81 173
95 97 174
97 100 174
87 95 174
106 87 174
100 107 174
107 106 174
47 46 175
46 61 175
88 47 175
61 163 175
163 88 175
23 22 176
22 72 176
72 92 176
92 111 176
160 23 176
111 160 176
93 55 177
55 65 177
65 96 177
96 89 177
89 146 177
146 93 177
39 38 178
60 39 178
145 60 178
38 83 178
83 145 178
52 51 179
51 125 179
125 142 179
128 52 179
142 128 179
59 82 180
82 154 180
154 102 180
104 59 180
102 165 180
165 104 180
61 45 181
45 118 181
74 61 181
124 74 181
118 109 181
109 124 181
86 131 182
131 94 182
135 86 182
94 129 182
129 98 182
98 135 182
94 67 183
129 94 183
67 114 183
114 141 183
127 129 183
141 127 183
116 98 184
98 129 184
129 138 184
138 151 184
151 116 184
101 114 185
114 76 185
76 146 185
146 91 185
91 158 185
158 101 185
56 99 186
99 116 186
147 56 186
116 78 186
78 147 186
85 111 187
111 92 187
92 153 187
153 143 187
143 172 187
172 85 187
33 32 188
107 137 188
137 33 188
32 144 188
144 107 188
27 26 189
26 64 189
64 90 189
90 148 189
148 27 189
79 75 190
99 79 190
98 99 190
75 135 190
135 98 190
