110
1 0 0
0 1 0
0 0 1
0.0555555 0.944444 0
0.111111 0.888889 0
0.166667 0.833333 0
0.222222 0.777778 0
0.277778 0.722222 0
0.333333 0.666667 0
0.388889 0.611111 0
0.444444 0.555556 0
0.5 0.5 0
0.555556 0.444444 0
0.611111 0.388889 0
0.666667 0.333333 0
0.722222 0.277778 0
0.777778 0.222222 0
0.833333 0.166667 0
0.888889 0.111111 0
0.944444 0.0555556 0
0 0.0909091 0.909091
0 0.181818 0.818182
0 0.272727 0.727273
0 0.363636 0.636364
0 0.454545 0.545455
0 0.545455 0.454545
0 0.636364 0.363636
0 0.727273 0.272727
0 0.818182 0.181818
0 0.909091 0.0909091
0.923077 0 0.0769231
0.846154 0 0.153846
0.769231 0 0.230769
0.692308 0 0.307692
0.615385 0 0.384615
0.538462 0 0.461538
0.461538 0 0.538462
0.384615 0 0.615385
0.307692 0 0.692308
0.230769 0 0.769231
0.153846 0 0.846154
0.076923 0 0.923077
0.63972 0.115115 0.245165
0.115707 0.499061 0.385232
0.274905 0.141868 0.583227
0.159957 0.601408 0.238635
0.484179 0.404609 0.111213
0.811158 0.0739435 0.114899
0.425316 0.0763264 0.498357
0.650986 0.266345 0.0826684
0.739506 0.12837 0.132124
0.396868 0.251374 0.351758
0.177924 0.244267 0.57781
0.258428 0.60765 0.133921
0.0583352 0.141587 0.800077
0.311584 0.517056 0.17136
0.36233 0.137906 0.499763
0.176636 0.337126 0.486238
0.491046 0.231747 0.277207
0.11835 0.390931 0.490719
0.593368 0.322664 0.0839682
0.881613 0.0493583 0.0690283
0.559381 0.0785517 0.362067
0.256775 0.234715 0.50851
0.202304 0.688145 0.109552
0.354273 0.0565688 0.589158
0.57559 0.249132 0.175278
0.0568226 0.332914 0.610264
0.13756 0.1439 0.71854
0.564541 0.166256 0.269202
0.14744 0.756376 0.0961846
0.0892512 0.812889 0.0978598
0.450922 0.319133 0.229945
0.383951 0.525584 0.0904649
0.0724805 0.711221 0.216298
0.194421 0.429134 0.376445
0.494952 0.132097 0.372951
0.104636 0.208986 0.686378
0.736971 0.0513098 0.211719
0.633117 0.195928 0.170955
0.114946 0.293855 0.591199
0.326015 0.292755 0.38123
0.396307 0.368015 0.235678
0.0536942 0.423123 0.523183
0.7003 0.197832 0.101868
0.519691 0.316829 0.16348
0.248364 0.503145 0.248491
0.287619 0.0699989 0.642382
0.0476744 0.506529 0.445797
0.107774 0.0699677 0.822258
0.32516 0.207613 0.467227
0.0432665 0.778214 0.17852
0.27934 0.427035 0.293625
0.0525516 0.240644 0.706804
0.43471 0.169112 0.396178
0.198088 0.0783073 0.723605
0.322511 0.368116 0.309373
0.191188 0.531644 0.277168
0.434179 0.465887 0.0999344
0.0733191 0.598474 0.328206
0.206799 0.165305 0.627896
0.247989 0.332137 0.419875
0.67679 0.0627681 0.260442
0.358232 0.445061 0.196707
0.334945 0.585729 0.0793263
0.54901 0.379732 0.0712574
0.0483578 0.872546 0.0790963
0.129635 0.674207 0.196159
0.0425031 0.0579361 0.899561
0.491984 0.055552 0.452464


3 1 29
0 19 30
12 11 46
18 17 47
32 31 47
37 36 48
15 14 49
17 16 50
47 17 50
8 7 53
21 20 54
14 13 60
49 14 60
19 18 61
30 19 61
31 30 61
18 47 61
47 31 61
35 34 62
34 42 62
7 6 64
45 53 64
53 7 64
38 37 65
37 48 65
48 56 65
49 60 66
23 22 67
62 42 69
66 58 69
6 5 70
64 6 70
5 4 71
70 5 71
51 58 72
10 9 73
27 26 74
70 71 74
43 59 75
59 57 75
69 58 76
62 69 76
54 68 77
68 52 77
33 32 78
32 47 78
47 50 78
69 42 79
49 66 79
66 69 79
57 59 80
59 67 80
52 57 80
77 52 80
51 72 82
81 51 82
72 46 82
24 23 83
59 43 83
23 67 83
67 59 83
16 15 84
50 16 84
15 49 84
49 79 84
42 50 84
79 42 84
58 66 85
66 60 85
72 58 85
46 72 85
55 53 86
39 38 87
38 65 87
56 44 87
65 56 87
25 24 88
24 83 88
83 43 88
41 40 89
68 54 89
44 56 90
56 51 90
51 81 90
63 44 90
81 63 90
28 27 91
27 74 91
74 71 91
55 86 92
86 75 92
22 21 93
21 54 93
54 77 93
67 22 93
80 67 93
77 80 93
51 56 94
58 51 94
56 48 94
48 76 94
76 58 94
40 39 95
39 87 95
87 44 95
68 89 95
89 40 95
81 82 96
45 43 97
43 75 97
75 86 97
53 45 97
86 53 97
11 10 98
10 73 98
46 11 98
82 46 98
74 26 99
26 25 99
25 88 99
43 45 99
88 43 99
44 63 100
63 52 100
52 68 100
68 95 100
95 44 100
57 52 101
52 63 101
75 57 101
92 75 101
63 81 101
81 96 101
96 92 101
34 33 102
42 34 102
33 78 102
50 42 102
78 50 102
73 55 103
55 92 103
92 96 103
98 73 103
96 82 103
82 98 103
9 8 104
8 53 104
53 55 104
55 73 104
73 9 104
13 12 105
60 13 105
85 60 105
12 46 105
46 85 105
4 3 106
3 29 106
29 28 106
71 4 106
28 91 106
91 71 106
45 64 107
64 70 107
70 74 107
74 99 107
99 45 107
20 2 108
2 41 108
41 89 108
54 20 108
89 54 108
36 35 109
35 62 109
48 36 109
76 48 109
62 76 109
