157
1 0 0
0 1 0
0 0 1
0.0555556 0.944444 0
0.111111 0.888889 0
0.166667 0.833333 0
0.222222 0.777778 0
0.277778 0.722222 0
0.333333 0.666667 0
0.388889 0.611111 0
0.444444 0.555556 0
0.5 0.5 0
0.555556 0.444444 0
0.611111 0.388889 0
0.666667 0.333333 0
0.722222 0.277778 0
0.777778 0.222222 0
0.833333 0.166667 0
0.888889 0.111111 0
0.944444 0.0555556 0
0 0.0625 0.9375
0 0.125 0.875
0 0.1875 0.8125
0 0.25 0.75
0 0.3125 0.6875
0 0.375 0.625
0 0.4375 0.5625
0 0.5 0.5
0 0.5625 0.4375
0 0.625 0.375
0 0.6875 0.3125
0 0.75 0.25
0 0.8125 0.1875
0 0.875 0.125
0 0.9375 0.0625
0.9375 0 0.0625
0.875 0 0.125
0.8125 0 0.1875
0.75 0 0.25
0.6875 0 0.3125
0.625 0 0.375
0.5625 0 0.4375
0.5 0 0.5
0.4375 0 0.5625
0.375 0 0.625
0.3125 0 0.6875
0.25 0 0.75
0.1875 0 0.8125
0.125 0 0.875
0.0625001 0 0.9375
0.109231 0.83685 0.0539194
0.625873 0.123506 0.250621
0.10479 0.491485 0.403726
0.264492 0.141209 0.594299
0.160432 0.62615 0.213417
0.472027 0.401523 0.12645
0.811489 0.0612689 0.127242
0.421114 0.0668493 0.512037
0.77211 0.182163 0.0457276
0.652356 0.269734 0.0779101
0.688267 0.121786 0.189947
0.7475 0.111704 0.140796
0.385274 0.265808 0.348919
0.178113 0.256145 0.565742
0.711392 0.223505 0.0651032
0.278214 0.633814 0.0879718
0.0635697 0.133131 0.803299
0.68593 0.0573575 0.256713
0.318163 0.523116 0.158721
0.0507143 0.636569 0.312716
0.382499 0.136355 0.481146
0.189671 0.336905 0.473424
0.504337 0.218816 0.276847
0.15875 0.543684 0.297566
0.119012 0.403366 0.477622
0.339098 0.583718 0.0771846
0.586237 0.3262 0.0875634
0.88459 0.0516177 0.0637924
0.55633 0.0651831 0.378487
0.130249 0.210307 0.659444
0.255363 0.254751 0.489887
0.202456 0.681529 0.116015
0.359045 0.0462379 0.594717
0.592644 0.250623 0.156733
0.290574 0.480633 0.228793
0.0783236 0.378707 0.542969
0.0583621 0.330999 0.610639
0.524114 0.278871 0.197015
0.13999 0.136123 0.723887
0.571825 0.192968 0.235207
0.325612 0.260862 0.413527
0.160901 0.765942 0.0731573
0.648622 0.192532 0.158846
0.229201 0.389283 0.381516
0.0832754 0.78785 0.128875
0.45386 0.337919 0.208221
0.396265 0.511524 0.0922113
0.255049 0.0468558 0.698096
0.12919 0.711592 0.159218
0.0876064 0.683788 0.228605
0.49507 0.122747 0.382183
0.0459566 0.856746 0.0972973
0.457241 0.196499 0.34626
0.476188 0.468648 0.0551647
0.446472 0.275 0.278528
0.221367 0.108293 0.67034
0.224467 0.617944 0.157589
0.187127 0.466959 0.345914
0.113402 0.277519 0.609079
0.424661 0.446042 0.129297
0.224852 0.728142 0.0470061
0.620122 0.0637196 0.316158
0.405561 0.39102 0.20342
0.7915 0.129468 0.0790315
0.0466508 0.567531 0.385818
0.439563 0.13025 0.430187
0.12731 0.0687222 0.803968
0.0621797 0.261937 0.675883
0.334469 0.404677 0.260854
0.312184 0.342584 0.345232
0.0432673 0.511151 0.445581
0.108568 0.613302 0.27813
0.287048 0.183092 0.52986
0.194449 0.0616464 0.743904
0.493046 0.0613367 0.445617
0.0649863 0.1973 0.737713
0.516636 0.349306 0.134058
0.844097 0.100291 0.0556119
0.0918284 0.566264 0.341908
0.0551153 0.4446 0.500285
0.744389 0.0594433 0.196168
0.361951 0.457271 0.180778
0.545684 0.139071 0.315245
0.390543 0.197128 0.412329
0.261383 0.317815 0.420802
0.231159 0.205372 0.563468
0.382972 0.333335 0.283693
0.330513 0.192351 0.477137
0.723208 0.167397 0.109396
0.264856 0.428992 0.306152
0.279581 0.577282 0.143137
0.0609674 0.064343 0.87469
0.232398 0.553449 0.214153
0.539364 0.400487 0.0601491
0.162004 0.420924 0.417072
0.0514339 0.75177 0.196796
0.267203 0.682168 0.0506297
0.291793 0.0748103 0.633397
0.335399 0.115782 0.548819
0.226222 0.497947 0.27583
0.127976 0.329842 0.542183
0.0364101 0.703826 0.259764
0.393261 0.564144 0.0425947
0.0291513 0.0306437 0.940205
0.194937 0.173442 0.631621
0.0640338 0.894659 0.0413067
0.0334384 0.394294 0.572267


3 1 34
0 19 35
5 4 50
37 36 56
43 42 57
17 16 58
15 14 59
16 15 64
58 16 64
15 59 64
22 21 66
39 38 67
60 51 67
30 29 69
9 8 75
8 65 75
14 13 76
59 14 76
19 18 77
35 19 77
36 35 77
56 36 77
41 40 78
71 63 80
45 44 82
44 43 82
43 57 82
59 76 83
25 24 86
83 76 87
83 87 89
87 72 89
6 5 91
5 50 91
64 59 92
59 83 92
51 60 92
89 51 92
83 89 92
91 50 94
75 68 96
46 45 97
54 81 98
81 91 98
91 94 98
54 98 99
34 33 101
33 32 101
32 94 101
94 50 101
12 11 103
11 10 103
10 96 103
72 87 104
87 95 104
62 102 104
102 72 104
65 81 106
81 54 106
73 52 107
79 63 108
55 103 109
103 96 109
7 6 110
6 91 110
91 81 110
40 39 111
39 67 111
67 51 111
78 40 111
95 55 112
55 109 112
17 58 113
61 56 113
29 28 114
69 29 114
70 57 115
100 102 115
48 47 116
88 66 116
24 23 117
79 108 117
86 24 117
108 86 117
90 62 119
28 27 120
114 28 120
52 114 120
73 54 121
54 99 121
99 69 121
47 46 123
46 97 123
105 88 123
88 116 123
116 47 123
97 105 123
42 41 124
41 78 124
57 42 124
78 100 124
100 115 124
115 57 124
23 22 125
22 66 125
66 88 125
88 79 125
117 23 125
79 117 125
87 76 126
55 95 126
95 87 126
18 17 127
17 113 127
56 77 127
113 56 127
77 18 127
52 73 128
114 52 128
69 114 128
121 69 128
73 121 128
85 74 129
27 26 129
120 27 129
74 52 129
52 120 129
38 37 130
37 56 130
56 61 130
67 38 130
61 60 130
60 67 130
68 84 131
96 68 131
109 96 131
84 118 131
112 109 131
118 112 131
89 72 132
100 78 132
51 89 132
72 102 132
102 100 132
78 111 132
111 51 132
62 90 133
102 62 133
70 115 133
115 102 133
71 80 134
93 71 134
119 93 134
80 90 134
90 119 134
53 122 135
80 63 135
122 80 135
62 104 136
104 95 136
95 112 136
119 62 136
112 118 136
118 119 136
90 80 137
80 122 137
133 90 137
70 133 137
58 64 138
60 61 138
92 60 138
64 92 138
61 113 138
113 58 138
107 93 139
118 84 139
93 119 139
119 118 139
68 75 140
75 65 140
65 106 140
21 20 141
66 21 141
116 66 141
49 48 141
48 116 141
54 73 142
106 54 142
84 68 142
68 140 142
140 106 142
13 12 143
76 13 143
12 103 143
103 55 143
55 126 143
126 76 143
74 71 144
71 93 144
52 74 144
107 52 144
93 107 144
32 31 145
94 32 145
98 94 145
99 98 145
8 7 146
65 8 146
7 110 146
81 65 146
110 81 146
45 82 147
97 45 147
53 105 147
105 97 147
57 70 148
82 57 148
122 53 148
70 137 148
137 122 148
53 147 148
147 82 148
107 139 149
139 84 149
73 107 149
142 73 149
84 142 149
71 74 150
74 85 150
63 71 150
108 63 150
85 86 150
86 108 150
31 30 151
30 69 151
69 99 151
99 145 151
145 31 151
10 9 152
96 10 152
9 75 152
75 96 152
20 2 153
2 49 153
49 141 153
141 20 153
79 88 154
88 105 154
63 79 154
135 63 154
105 53 154
53 135 154
4 3 155
3 34 155
34 101 155
50 4 155
101 50 155
26 25 156
25 86 156
86 85 156
85 129 156
129 26 156
