36
1 0 0
0 1 0
0 0 1
0.0555555 0.944444 0
0.111111 0.888889 0
0.166667 0.833333 0
0.222222 0.777778 0
0.277778 0.722222 0
0.333333 0.666667 0
0.388889 0.611111 0
0.444444 0.555556 0
0.5 0.5 0
0.555556 0.444444 0
0.611111 0.388889 0
0.666667 0.333333 0
0.722222 0.277778 0
0.777778 0.222222 0
0.833333 0.166667 0
0.888889 0.111111 0
0.944444 0.0555556 0
0 0.0833333 0.916667
0 0.166667 0.833333
0 0.25 0.75
0 0.333333 0.666667
0 0.416667 0.583333
0 0.5 0.5
0 0.583333 0.416667
0 0.666667 0.333333
0 0.75 0.25
0 0.833333 0.166667
0 0.916667 0.0833333
0.833333 0 0.166667
0.666667 0 0.333333
0.5 0 0.5
0.333333 0 0.666667
0.166667 0 0.833333


2 14 20
14 13 20
13 12 21
20 13 21
12 11 22
21 12 22
11 10 23
22 11 23
10 9 24
23 10 24
9 8 25
24 9 25
8 7 26
25 8 26
7 6 27
26 7 27
6 5 28
27 6 28
5 4 29
28 5 29
3 1 30
4 3 30
29 4 30
0 19 31
19 18 31
18 17 32
31 18 32
17 16 33
32 17 33
16 15 34
33 16 34
14 2 35
15 14 35
34 15 35
