209
1 0 0
0 1 0
0 0 1
0.0555555 0.944444 0
0.111111 0.888889 0
0.166667 0.833333 0
0.222222 0.777778 0
0.277778 0.722222 0
0.333333 0.666667 0
0.388889 0.611111 0
0.444444 0.555556 0
0.5 0.5 0
0.555556 0.444444 0
0.611111 0.388889 0
0.666667 0.333333 0
0.722222 0.277778 0
0.777778 0.222222 0
0.833333 0.166667 0
0.888889 0.111111 0
0.944444 0.0555556 0
0 0.05 0.95
0 0.1 0.9
0 0.15 0.85
0 0.2 0.8
0 0.25 0.75
0 0.3 0.7
0 0.35 0.65
0 0.4 0.6
0 0.45 0.55
0 0.5 0.5
0 0.55 0.45
0 0.6 0.4
0 0.65 0.35
0 0.7 0.3
0 0.75 0.25
0 0.8 0.2
0 0.85 0.15
0 0.9 0.1
0 0.95 0.05
0.944444 0 0.0555556
0.888889 0 0.111111
0.833333 0 0.166667
0.777778 0 0.222222
0.722222 0 0.277778
0.666667 0 0.333333
0.611111 0 0.388889
0.555556 0 0.444444
0.5 0 0.5
0.444444 0 0.555556
0.388889 0 0.611111
0.333333 0 0.666667
0.277778 0 0.722222
0.222222 0 0.777778
0.166667 0 0.833333
0.111111 0 0.888889
0.0555556 0 0.944444
0.119072 0.84425 0.0366775
0.627865 0.121304 0.250831
0.0935661 0.500671 0.405763
0.274584 0.145149 0.580267
0.161107 0.608276 0.230617
0.481997 0.4104 0.107603
0.79349 0.0654432 0.141067
0.420554 0.0627815 0.516665
0.782756 0.175671 0.0415725
0.94762 0.0261414 0.0262389
0.652186 0.27224 0.0755738
0.0465031 0.344462 0.609035
0.675605 0.131217 0.193178
0.736326 0.126343 0.137331
0.384044 0.262354 0.353602
0.65752 0.0560091 0.286471
0.166865 0.255319 0.577816
0.0496502 0.29704 0.653309
0.276028 0.63312 0.0908529
0.0640588 0.13072 0.805221
0.315328 0.529391 0.155281
0.386099 0.122902 0.490998
0.179527 0.33483 0.485643
0.491259 0.224918 0.283823
0.275957 0.511334 0.212708
0.160778 0.533999 0.305223
0.122213 0.392148 0.485639
0.330279 0.575262 0.0944591
0.598525 0.334166 0.0673089
0.500692 0.464066 0.0352418
0.886246 0.0578009 0.0559529
0.54562 0.0850334 0.369347
0.158591 0.188024 0.653385
0.257597 0.601858 0.140545
0.26485 0.238773 0.496377
0.204497 0.674208 0.121295
0.33636 0.0448108 0.618829
0.837007 0.123415 0.0395777
0.591387 0.236657 0.171956
0.0686847 0.377391 0.553925
0.52586 0.290265 0.183875
0.129154 0.12555 0.745297
0.561684 0.170871 0.267445
0.447714 0.217251 0.335035
0.326969 0.270205 0.402825
0.154475 0.783274 0.0622512
0.609026 0.180812 0.210161
0.666972 0.183579 0.149449
0.687934 0.217899 0.0941666
0.447676 0.390532 0.161792
0.0896236 0.831091 0.0792854
0.240936 0.389975 0.369089
0.153824 0.43719 0.408986
0.0701479 0.797958 0.131894
0.450199 0.335462 0.214339
0.391251 0.514531 0.0942188
0.265948 0.0702988 0.663753
0.128121 0.694833 0.177046
0.0681694 0.713002 0.218828
0.23813 0.0398681 0.722002
0.487609 0.117318 0.395073
0.238858 0.210584 0.550558
0.414064 0.281164 0.304771
0.105127 0.194191 0.700681
0.726166 0.0399554 0.233879
0.19617 0.465889 0.337941
0.100496 0.302514 0.59699
0.297248 0.460752 0.241999
0.420866 0.450018 0.129115
0.510498 0.0592865 0.430216
0.0497711 0.247423 0.702806
0.584829 0.106112 0.309059
0.225913 0.738067 0.0360198
0.397062 0.385999 0.216939
0.803447 0.111107 0.0854455
0.736601 0.174388 0.0890105
0.058146 0.89075 0.0511043
0.429037 0.137988 0.432975
0.127574 0.0736007 0.798825
0.336965 0.408283 0.254752
0.0482867 0.0515602 0.900153
0.465237 0.285754 0.249009
0.588537 0.377682 0.0337813
0.330669 0.324492 0.344839
0.0436183 0.501854 0.454528
0.318103 0.227732 0.454165
0.529708 0.34856 0.121733
0.112477 0.598841 0.288682
0.606204 0.0456696 0.348126
0.0937122 0.0600115 0.846276
0.251184 0.29816 0.450655
0.588084 0.28866 0.123256
0.351021 0.0933999 0.555579
0.442917 0.172685 0.384399
0.670913 0.295246 0.0338411
0.224492 0.13287 0.642638
0.0493467 0.652264 0.298389
0.163365 0.147441 0.689194
0.539219 0.232326 0.228455
0.0591771 0.188844 0.751979
0.0955577 0.554258 0.350184
0.0517923 0.443694 0.504514
0.0637011 0.752239 0.18406
0.359623 0.450105 0.190272
0.137269 0.32337 0.539361
0.315732 0.168958 0.515309
0.230908 0.496378 0.272713
0.180153 0.638076 0.181771
0.265017 0.434565 0.300418
0.375878 0.176534 0.447588
0.20051 0.0930285 0.706461
0.389546 0.566245 0.044209
0.73459 0.0806489 0.184761
0.113865 0.243327 0.642808
0.492698 0.337919 0.169383
0.384162 0.342405 0.273433
0.232973 0.573289 0.193739
0.514571 0.156018 0.329411
0.045696 0.552718 0.401586
0.331303 0.623938 0.0447591
0.721364 0.234847 0.0437881
0.266317 0.681654 0.0520292
0.133066 0.738923 0.128011
0.44717 0.512649 0.0401817
0.0488888 0.603384 0.347728
0.204281 0.277641 0.518078
0.0406135 0.10014 0.859246
0.196326 0.196512 0.607163
0.19719 0.721914 0.0808962
0.19664 0.369306 0.434054
0.77772 0.034726 0.187554
0.478638 0.0357819 0.48558
0.0401217 0.698895 0.260983
0.394689 0.0373947 0.567916
0.0398002 0.85486 0.10534
0.36896 0.486124 0.144915
0.179929 0.0536615 0.766409
0.0911759 0.453913 0.454911
0.53068 0.405316 0.0640039
0.386551 0.217531 0.395918
0.308907 0.379777 0.311315
0.274926 0.326189 0.398885
0.63737 0.237827 0.124804
0.461346 0.462405 0.0762489
0.194709 0.555411 0.24988
0.295503 0.0930233 0.611474
0.564783 0.0336592 0.401558
0.451501 0.0904164 0.458082
0.103025 0.658302 0.238673
0.684843 0.0834845 0.231672
0.137928 0.500328 0.361744
0.844662 0.0456116 0.109727
0.292009 0.0304108 0.677581


3 1 38
20 2 55
5 4 56
17 16 64
0 19 65
39 0 65
27 26 67
44 43 71
26 25 73
67 26 73
23 22 75
12 11 85
19 18 86
65 19 86
40 39 86
39 65 86
76 83 89
83 74 89
89 74 91
50 49 92
18 17 93
17 64 93
86 18 93
28 27 95
27 67 95
6 5 101
5 56 101
57 68 102
98 57 102
68 69 103
94 102 103
102 68 103
101 56 106
36 35 109
101 106 109
83 76 111
52 51 115
70 99 118
99 79 118
43 42 120
71 43 120
108 107 121
67 73 122
95 67 122
105 61 124
87 116 125
25 24 126
73 25 126
71 57 127
57 98 127
7 6 128
6 101 128
110 105 129
93 64 130
69 62 130
86 93 130
103 69 131
104 103 131
69 130 131
130 64 131
4 3 132
3 38 132
38 37 132
56 4 132
106 56 132
97 75 134
21 20 136
20 55 136
55 54 136
96 110 137
118 79 137
13 12 138
14 13 138
84 14 138
100 70 139
70 118 139
30 29 140
61 105 142
45 44 144
44 71 144
71 127 144
127 87 144
54 53 145
53 134 145
136 54 145
134 75 145
90 141 146
141 100 146
66 84 147
84 142 147
96 94 147
142 96 147
63 77 148
133 116 149
15 14 150
14 84 150
84 66 150
33 32 152
88 119 153
119 97 153
151 88 153
94 96 154
79 98 154
98 102 154
102 94 154
96 137 154
137 79 154
24 23 155
23 75 155
75 97 155
97 119 155
119 126 155
126 24 155
81 143 156
28 95 157
95 82 157
29 28 157
140 29 157
35 34 158
34 114 158
109 35 158
114 113 158
76 80 159
80 123 159
105 124 159
129 105 159
123 135 159
135 129 159
78 82 160
82 95 160
122 72 160
95 122 160
90 117 161
117 59 161
141 90 161
59 148 161
148 77 161
123 80 162
81 121 162
89 91 163
91 113 163
121 107 164
135 123 164
123 162 164
162 121 164
77 133 165
133 149 165
141 161 165
161 77 165
153 97 166
115 112 166
112 151 166
151 153 166
10 9 167
83 111 167
62 69 168
69 68 168
122 73 169
72 122 169
73 126 169
119 88 169
126 119 169
105 110 170
142 105 170
110 96 170
96 142 170
110 129 171
129 135 171
118 137 171
137 110 171
139 118 171
80 76 172
76 89 172
89 163 172
163 60 172
98 79 173
79 99 173
127 98 173
116 87 173
87 127 173
99 149 173
149 116 173
31 30 174
30 140 174
140 58 174
58 156 174
9 8 175
74 83 175
83 167 175
167 9 175
16 15 176
64 16 176
104 131 176
131 64 176
66 104 176
150 66 176
15 150 176
8 7 177
7 128 177
91 74 177
74 175 177
175 8 177
113 91 178
101 109 178
109 158 178
158 113 178
11 10 179
85 11 179
10 167 179
167 111 179
32 31 180
143 152 180
156 143 180
152 32 180
31 174 180
174 156 180
72 117 181
117 90 181
90 146 181
146 78 181
78 160 181
160 72 181
22 21 182
75 22 182
145 75 182
21 136 182
136 145 182
117 72 183
59 117 183
151 59 183
88 151 183
72 169 183
169 88 183
91 177 184
177 128 184
178 91 184
128 101 184
101 178 184
82 78 185
108 82 185
107 108 185
78 146 185
42 41 186
41 62 186
62 168 186
120 42 186
168 120 186
48 47 187
63 48 187
47 46 187
46 125 187
34 33 188
114 34 188
33 152 188
49 48 189
48 63 189
63 148 189
92 49 189
148 92 189
37 36 190
36 109 190
109 106 190
106 132 190
132 37 190
111 76 191
124 111 191
76 159 191
159 124 191
53 52 192
134 53 192
52 115 192
97 134 192
166 97 192
115 166 192
108 58 193
58 140 193
82 108 193
157 82 193
140 157 193
12 85 194
138 12 194
84 138 194
142 84 194
61 142 194
99 70 195
149 99 195
70 100 195
165 149 195
100 141 195
141 165 195
107 139 196
164 107 196
135 164 196
139 171 196
171 135 196
100 139 197
146 100 197
139 107 197
107 185 197
185 146 197
94 103 198
103 104 198
147 94 198
104 66 198
66 147 198
124 61 199
111 124 199
179 111 199
85 179 199
61 194 199
194 85 199
60 143 200
143 81 200
162 80 200
80 172 200
172 60 200
81 162 200
112 92 201
92 148 201
148 59 201
59 151 201
151 112 201
46 45 202
125 46 202
87 125 202
45 144 202
144 87 202
77 63 203
133 77 203
125 116 203
116 133 203
187 125 203
63 187 203
113 114 204
143 60 204
152 143 204
60 163 204
163 113 204
114 188 204
188 152 204
68 57 205
57 71 205
71 120 205
120 168 205
168 68 205
58 108 206
108 121 206
156 58 206
121 81 206
81 156 206
41 40 207
62 41 207
40 86 207
86 130 207
130 62 207
51 50 208
50 92 208
92 112 208
112 115 208
115 51 208
