58
1 0 0
0 1 0
0 0 1
0.0555555 0.944445 0
0.111111 0.888889 0
0.166667 0.833333 0
0.222222 0.777778 0
0.277778 0.722222 0
0.333333 0.666667 0
0.388889 0.611111 0
0.444444 0.555556 0
0.5 0.5 0
0.555556 0.444444 0
0.611111 0.388889 0
0.666667 0.333333 0
0.722222 0.277778 0
0.777778 0.222222 0
0.833333 0.166667 0
0.888889 0.111111 0
0.944444 0.0555556 0
0 0.05 0.95
0 0.1 0.9
0 0.15 0.85
0 0.2 0.8
0 0.25 0.75
0 0.3 0.7
0 0.35 0.65
0 0.4 0.6
0 0.45 0.55
0 0.5 0.5
0 0.55 0.45
0 0.6 0.4
0 0.65 0.35
0 0.7 0.3
0 0.75 0.25
0 0.8 0.2
0 0.85 0.15
0 0.9 0.1
0 0.95 0.05
0.666667 0 0.333333
0.333333 0 0.666667
0.598776 0.10823 0.292994
0.388685 0.0814264 0.529889
0.406806 0.238763 0.354431
0.26861 0.4888 0.24259
0.490091 0.177313 0.332596
0.362063 0.341537 0.296399
0.314932 0.145983 0.539084
0.335265 0.391884 0.272851
0.713778 0.0493361 0.236886
0.29272 0.0439406 0.663339
0.276407 0.44469 0.278903
0.213702 0.596247 0.190051
0.225103 0.557246 0.217651
0.179133 0.656315 0.164552
0.377144 0.29202 0.330836
0.154233 0.709348 0.136418
0.229805 0.195509 0.574687


7 6 35
34 7 35
6 5 36
35 6 36
5 4 37
36 5 37
3 1 38
4 3 38
37 4 38
20 2 40
19 18 41
22 21 42
17 16 43
25 24 43
12 11 44
11 30 44
30 29 44
18 17 45
41 18 45
17 43 45
43 24 45
15 14 46
27 26 46
23 22 47
22 42 47
42 41 47
41 45 47
14 13 48
28 27 48
27 46 48
46 14 48
0 19 49
19 41 49
41 42 49
39 0 49
42 39 49
21 20 50
20 40 50
40 39 50
39 42 50
42 21 50
13 12 51
29 28 51
12 44 51
44 29 51
28 48 51
48 13 51
10 9 52
9 32 52
32 31 52
11 10 53
30 11 53
31 30 53
10 52 53
52 31 53
9 8 54
8 33 54
32 9 54
33 32 54
16 15 55
43 16 55
26 25 55
25 43 55
15 46 55
46 26 55
8 7 56
7 34 56
33 8 56
34 33 56
24 23 57
45 24 57
23 47 57
47 45 57
