49
1 0 0
0 1 0
0 0 1
0.0555555 0.944444 0
0.111111 0.888889 0
0.166667 0.833333 0
0.222222 0.777778 0
0.277778 0.722222 0
0.333333 0.666667 0
0.388889 0.611111 0
0.444444 0.555556 0
0.5 0.5 0
0.555556 0.444444 0
0.611111 0.388889 0
0.666667 0.333333 0
0.722222 0.277778 0
0.777778 0.222222 0
0.833333 0.166667 0
0.888889 0.111111 0
0.944444 0.0555556 0
0 0.5 0.5
0.941176 0 0.0588235
0.882353 0 0.117647
0.823529 0 0.176471
0.764706 0 0.235294
0.705882 0 0.294118
0.647059 0 0.352941
0.588235 0 0.411765
0.529412 0 0.470588
0.470588 0 0.529412
0.411765 0 0.588235
0.352941 0 0.647059
0.294118 0 0.705882
0.235294 0 0.764706
0.176471 0 0.823529
0.117647 0 0.882353
0.0588235 0 0.941176
0.102694 0.438915 0.45839
0.0504248 0.450325 0.49925
0.395854 0.287271 0.316875
0.180992 0.388376 0.430632
0.445562 0.268962 0.285476
0.341509 0.308581 0.34991
0.511793 0.221253 0.266955
0.628402 0.188149 0.183449
0.233243 0.360626 0.406131
0.287181 0.332572 0.380246
0.142174 0.413784 0.444042
0.571261 0.22 0.208738


3 1 20
0 19 21
19 18 22
21 19 22
18 17 23
22 18 23
17 16 24
23 17 24
16 15 25
24 16 25
15 14 26
25 15 26
5 4 37
36 35 37
20 2 38
2 36 38
36 37 38
4 3 38
37 4 38
3 20 38
10 9 39
31 30 39
6 5 40
35 34 40
11 10 41
29 11 41
30 29 41
10 39 41
39 30 41
9 8 42
32 31 42
31 39 42
39 9 42
12 11 43
11 29 43
28 12 43
29 28 43
14 13 44
13 27 44
26 14 44
27 26 44
7 6 45
6 40 45
34 33 45
40 34 45
8 7 46
33 32 46
32 42 46
42 8 46
7 45 46
45 33 46
5 37 47
40 5 47
37 35 47
35 40 47
13 12 48
12 28 48
27 13 48
28 27 48
