181
1 0 0
0 1 0
0 0 1
0.0555555 0.944444 0
0.111111 0.888889 0
0.166667 0.833333 0
0.222222 0.777778 0
0.277778 0.722222 0
0.333333 0.666667 0
0.388889 0.611111 0
0.444444 0.555556 0
0.5 0.5 0
0.555556 0.444444 0
0.611111 0.388889 0
0.666667 0.333333 0
0.722222 0.277778 0
0.777778 0.222222 0
0.833333 0.166667 0
0.888889 0.111111 0
0.944444 0.0555556 0
0 0.05 0.95
0 0.1 0.9
0 0.15 0.85
0 0.2 0.8
0 0.25 0.75
0 0.3 0.7
0 0.35 0.65
0 0.4 0.6
0 0.45 0.55
0 0.5 0.5
0 0.55 0.45
0 0.6 0.4
0 0.65 0.35
0 0.7 0.3
0 0.75 0.25
0 0.8 0.2
0 0.85 0.15
0 0.9 0.1
0 0.95 0.05
0.9375 0 0.0625
0.875 0 0.125
0.8125 0 0.1875
0.75 0 0.25
0.6875 0 0.3125
0.625 0 0.375
0.5625 0 0.4375
0.5 0 0.5
0.4375 0 0.5625
0.375 0 0.625
0.3125 0 0.6875
0.25 0 0.75
0.1875 0 0.8125
0.125 0 0.875
0.0624999 0 0.9375
0.641307 0.109948 0.248745
0.104902 0.495603 0.399495
0.272348 0.135913 0.591739
0.171042 0.597672 0.231286
0.486291 0.408156 0.105553
0.802755 0.0543917 0.142854
0.423174 0.0599418 0.516884
0.659653 0.281603 0.0587436
0.668884 0.136359 0.194757
0.750128 0.17988 0.0699915
0.751992 0.123142 0.124866
0.397341 0.255075 0.347585
0.66615 0.0591165 0.274734
0.171989 0.245185 0.582827
0.0453597 0.303441 0.651199
0.272999 0.629996 0.0970051
0.0638841 0.141101 0.795015
0.322248 0.516413 0.161339
0.942257 0.0269904 0.0307524
0.378348 0.137463 0.484188
0.179711 0.337408 0.482881
0.487661 0.224945 0.287393
0.16454 0.542814 0.292646
0.121542 0.398743 0.479715
0.33754 0.570841 0.0916188
0.59877 0.334899 0.0663312
0.486179 0.458083 0.0557386
0.544782 0.0842306 0.370988
0.138119 0.196583 0.665299
0.240108 0.248559 0.511333
0.206517 0.675558 0.117926
0.356344 0.0421278 0.601529
0.816224 0.131565 0.0522109
0.599666 0.24096 0.159374
0.291913 0.475242 0.232845
0.0819256 0.374027 0.544047
0.133994 0.133448 0.732559
0.582764 0.165659 0.251577
0.330386 0.266008 0.403606
0.15254 0.789354 0.058106
0.530522 0.289403 0.180076
0.656182 0.182624 0.161194
0.66917 0.228042 0.102788
0.0886946 0.833306 0.0779993
0.233881 0.395317 0.370803
0.155161 0.432346 0.412493
0.0760236 0.793134 0.130842
0.454185 0.329846 0.215969
0.097196 0.31105 0.591754
0.4 0.510885 0.0891151
0.258561 0.0378799 0.703559
0.13681 0.692304 0.170886
0.848981 0.0837916 0.0672272
0.0631528 0.70287 0.233977
0.479547 0.130051 0.390402
0.486218 0.274752 0.23903
0.254985 0.199151 0.545864
0.414638 0.294575 0.290787
0.737606 0.0376971 0.224697
0.456649 0.195096 0.348255
0.208622 0.125891 0.665487
0.207102 0.627967 0.16493
0.177586 0.475774 0.34664
0.425775 0.390198 0.184027
0.417141 0.455588 0.127271
0.503687 0.0557749 0.440538
0.0578591 0.891374 0.0507672
0.102905 0.259842 0.637253
0.4259 0.143307 0.430793
0.127522 0.0754678 0.79701
0.339391 0.411218 0.249391
0.0439379 0.054569 0.901493
0.58977 0.102899 0.307332
0.554042 0.390839 0.0551189
0.324509 0.326632 0.34886
0.0459514 0.501146 0.452902
0.318645 0.211675 0.46968
0.107666 0.603178 0.289157
0.256794 0.687226 0.0559797
0.614267 0.0459616 0.339772
0.0573155 0.249276 0.693409
0.200158 0.0653419 0.7345
0.161829 0.732513 0.105658
0.0570117 0.0933162 0.849672
0.885773 0.0409873 0.0732397
0.0658826 0.19573 0.738388
0.053457 0.654673 0.29187
0.518728 0.348742 0.132529
0.106368 0.547659 0.345973
0.0521978 0.44427 0.503532
0.0693613 0.749127 0.181512
0.557526 0.225227 0.217248
0.363577 0.448126 0.188297
0.316215 0.157387 0.526397
0.396988 0.19437 0.408642
0.257353 0.329388 0.413259
0.525264 0.150814 0.323921
0.260477 0.437459 0.302064
0.715751 0.0842377 0.200011
0.257516 0.281887 0.460596
0.28182 0.579603 0.138577
0.375545 0.354784 0.269671
0.593992 0.286825 0.119183
0.171533 0.300563 0.527904
0.240153 0.568077 0.19177
0.048687 0.55152 0.399793
0.278666 0.0729398 0.648394
0.329301 0.625331 0.0453674
0.445929 0.515349 0.0387219
0.230593 0.533779 0.235628
0.0502668 0.603179 0.346554
0.570883 0.0329756 0.396142
0.101708 0.0374691 0.860823
0.340527 0.0972537 0.562219
0.300711 0.383638 0.315651
0.390636 0.565978 0.043387
0.18915 0.376153 0.434697
0.209328 0.180867 0.609806
0.720939 0.235468 0.0435931
0.0403256 0.353861 0.605813
0.0930104 0.454162 0.452827
0.118146 0.84684 0.0350146
0.118395 0.651821 0.229784
0.225069 0.490498 0.284433
0.448419 0.0973297 0.454252
0.217159 0.741253 0.041588
0.040121 0.854106 0.105773


3 1 38
20 2 53
41 40 59
47 46 60
15 14 61
17 16 63
43 42 66
26 25 68
23 22 70
0 19 72
39 0 72
14 13 79
61 14 79
12 11 80
49 48 85
48 47 85
47 60 85
18 17 86
17 63 86
63 64 86
28 27 89
74 77 89
54 62 91
6 5 93
62 64 95
64 63 95
91 62 95
95 63 96
87 95 96
36 35 100
93 97 100
78 71 103
50 49 104
19 18 106
64 59 106
86 64 106
18 86 106
34 33 107
94 101 109
83 67 110
65 75 111
75 109 111
109 101 111
42 41 112
41 59 112
66 42 112
75 65 113
82 90 114
69 84 115
84 105 115
55 99 116
99 98 116
58 80 118
80 103 118
117 58 118
103 71 118
46 45 119
60 46 119
81 108 119
4 3 120
3 38 120
38 37 120
82 67 121
67 102 121
102 68 121
90 70 123
21 20 125
20 53 125
66 54 126
54 91 126
13 12 127
79 13 127
12 80 127
80 58 127
92 65 128
65 111 128
30 29 129
83 110 130
76 57 131
8 7 132
84 69 132
44 43 133
43 66 133
66 126 133
126 81 133
25 24 134
68 25 134
121 68 134
82 121 134
114 90 135
51 50 135
123 51 135
50 104 135
90 123 135
105 84 136
93 100 136
84 132 136
22 21 137
70 22 137
123 70 137
21 125 137
72 19 138
19 106 138
40 39 138
39 72 138
59 40 138
106 59 138
23 70 139
70 90 139
24 23 139
134 24 139
90 82 139
82 134 139
33 32 140
107 33 140
101 94 141
58 117 141
117 101 141
79 127 141
127 58 141
55 116 142
116 76 142
76 131 142
28 89 143
89 77 143
29 28 143
129 29 143
35 34 144
34 107 144
100 35 144
107 105 144
105 136 144
136 100 144
75 91 145
91 95 145
95 87 145
109 75 145
87 94 145
94 109 145
71 88 146
118 71 146
117 118 146
124 117 146
88 124 146
110 56 147
73 130 147
130 110 147
65 92 148
113 65 148
108 113 148
122 108 148
73 122 148
130 73 148
92 130 148
92 128 149
128 98 149
91 75 150
75 113 150
108 81 150
81 126 150
126 91 150
113 108 150
124 88 151
116 98 151
59 64 152
112 59 152
64 62 152
62 54 152
54 66 152
66 112 152
83 130 153
130 92 153
149 74 153
92 149 153
71 78 154
78 69 154
69 115 154
111 101 155
101 117 155
117 124 155
128 111 155
61 79 156
94 87 156
87 96 156
96 61 156
79 141 156
141 94 156
67 83 157
102 67 157
74 89 157
89 102 157
83 153 157
153 74 157
71 154 158
115 57 158
154 115 158
30 129 159
129 55 159
31 30 159
55 142 159
49 85 160
104 49 160
56 114 160
114 135 160
135 104 160
9 8 161
69 78 161
8 132 161
132 69 161
11 10 162
80 11 162
103 80 162
88 71 163
71 158 163
57 76 163
158 57 163
32 31 164
131 140 164
140 32 164
142 131 164
31 159 164
159 142 164
45 44 165
81 119 165
119 45 165
44 133 165
133 81 165
52 51 166
51 123 166
53 52 166
125 53 166
123 137 166
137 125 166
60 73 167
73 147 167
147 56 167
85 60 167
56 160 167
160 85 167
98 128 168
151 98 168
124 151 168
155 124 168
128 155 168
10 9 169
9 161 169
161 78 169
162 10 169
78 103 169
103 162 169
77 74 170
99 77 170
98 99 170
74 149 170
149 98 170
67 82 171
110 67 171
56 110 171
82 114 171
114 56 171
16 15 172
15 61 172
61 96 172
63 16 172
96 63 172
27 26 173
89 27 173
26 68 173
68 102 173
102 89 173
99 55 174
55 129 174
77 99 174
143 77 174
129 143 174
5 4 175
93 5 175
97 93 175
4 120 175
120 97 175
105 107 176
57 115 176
115 105 176
107 140 176
131 57 176
140 131 176
151 88 177
88 163 177
76 116 177
163 76 177
116 151 177
73 60 178
122 73 178
60 119 178
119 108 178
108 122 178
7 6 179
132 7 179
6 93 179
93 136 179
136 132 179
37 36 180
36 100 180
100 97 180
97 120 180
120 37 180
