40
1 0 0
0 1 0
0 0 1
0.0555555 0.944445 0
0.111111 0.888889 0
0.166667 0.833333 0
0.222222 0.777778 0
0.277778 0.722222 0
0.333333 0.666667 0
0.388889 0.611111 0
0.444444 0.555556 0
0.5 0.5 0
0.555556 0.444444 0
0.611111 0.388889 0
0.666667 0.333333 0
0.722222 0.277778 0
0.777778 0.222222 0
0.833333 0.166667 0
0.888889 0.111111 0
0.944444 0.0555556 0
0 0.5 0.5
0.95 0 0.05
0.9 0 0.1
0.85 0 0.15
0.8 0 0.2
0.75 0 0.25
0.7 0 0.3
0.65 0 0.35
0.6 0 0.4
0.55 0 0.45
0.5 0 0.5
0.45 0 0.55
0.4 0 0.6
0.35 0 0.65
0.3 0 0.7
0.25 0 0.75
0.2 0 0.8
0.15 0 0.85
0.1 0 0.9
0.0499999 0 0.95


0 19 21
19 18 22
21 19 22
18 17 23
22 18 23
17 16 24
23 17 24
16 15 25
24 16 25
15 14 26
25 15 26
14 13 27
26 14 27
13 12 28
27 13 28
12 11 29
28 12 29
11 10 30
29 11 30
10 9 31
30 10 31
9 8 32
31 9 32
8 7 33
32 8 33
7 6 34
33 7 34
6 5 35
34 6 35
5 4 36
35 5 36
4 3 37
36 4 37
3 1 38
37 3 38
1 20 38
20 2 39
38 20 39
