79
1 0 0
0 1 0
0 0 1
0.0555556 0.944444 0
0.111111 0.888889 0
0.166667 0.833333 0
0.222222 0.777778 0
0.277778 0.722222 0
0.333333 0.666667 0
0.388889 0.611111 0
0.444444 0.555556 0
0.5 0.5 0
0.555556 0.444444 0
0.611111 0.388889 0
0.666667 0.333333 0
0.722222 0.277778 0
0.777778 0.222222 0
0.833333 0.166667 0
0.888889 0.111111 0
0.944444 0.0555556 0
0 0.05 0.95
0 0.1 0.9
0 0.15 0.85
0 0.2 0.8
0 0.25 0.75
0 0.3 0.7
0 0.35 0.65
0 0.4 0.6
0 0.45 0.55
0 0.5 0.5
0 0.55 0.45
0 0.6 0.4
0 0.65 0.35
0 0.7 0.3
0 0.75 0.25
0 0.8 0.2
0 0.85 0.15
0 0.9 0.1
0 0.95 0.05
0.8 0 0.2
0.6 0 0.4
0.4 0 0.6
0.2 0 0.8
0.701513 0.106136 0.192351
0.313882 0.135849 0.550269
0.193997 0.604909 0.201094
0.782566 0.054472 0.162962
0.418734 0.0656271 0.515639
0.347714 0.269064 0.383222
0.202416 0.245745 0.551839
0.640407 0.0423749 0.317218
0.331835 0.519489 0.148676
0.200433 0.337432 0.462134
0.14644 0.395081 0.458479
0.174668 0.652262 0.17307
0.16073 0.197299 0.641971
0.571627 0.247402 0.180971
0.524285 0.331458 0.144256
0.684318 0.152787 0.162895
0.47281 0.207506 0.319684
0.187395 0.104072 0.708533
0.456352 0.386955 0.156693
0.228003 0.048633 0.723364
0.251137 0.422091 0.326772
0.174016 0.469032 0.356953
0.386977 0.455808 0.157214
0.537931 0.0946256 0.367444
0.140134 0.732645 0.127221
0.492123 0.151003 0.356874
0.669023 0.197268 0.133709
0.443398 0.302283 0.254319
0.176178 0.512907 0.310915
0.328014 0.362847 0.309139
0.182073 0.561737 0.256189
0.150718 0.299323 0.549959
0.0961556 0.813231 0.0906129
0.321334 0.190783 0.487883
0.126721 0.156485 0.716794
0.425517 0.0283991 0.546084


5 4 37
36 5 37
3 1 38
4 3 38
37 4 38
20 2 42
19 18 43
10 9 45
32 31 45
0 19 46
39 0 46
19 43 46
25 24 49
40 39 50
47 40 50
39 46 50
11 10 51
27 26 52
28 27 53
27 52 53
9 8 54
45 9 54
8 33 54
33 32 54
32 45 54
24 23 55
49 24 55
16 15 56
15 14 57
18 17 58
43 18 58
48 49 59
56 48 59
22 21 60
47 44 60
14 13 61
57 14 61
21 20 62
20 42 62
42 41 62
60 21 62
47 60 62
28 53 63
29 28 64
28 63 64
12 11 65
11 51 65
13 12 65
61 13 65
63 61 65
64 63 65
44 47 66
47 50 66
46 43 66
50 46 66
8 7 67
33 8 67
34 33 67
7 6 67
6 35 67
35 34 67
43 58 68
58 59 68
44 66 68
66 43 68
17 16 69
16 56 69
56 59 69
58 17 69
59 58 69
56 15 70
15 57 70
52 48 70
48 56 70
30 29 71
29 64 71
64 65 71
65 51 71
53 52 72
57 61 72
61 63 72
63 53 72
52 70 72
70 57 72
10 45 73
51 10 73
45 31 73
31 30 73
30 71 73
71 51 73
25 49 74
49 48 74
26 25 74
52 26 74
48 52 74
6 5 75
5 36 75
35 6 75
36 35 75
49 55 76
59 49 76
55 44 76
44 68 76
68 59 76
23 22 77
44 55 77
55 23 77
22 60 77
60 44 77
41 40 78
40 47 78
47 62 78
62 41 78
