206
1 0 0
0 1 0
0 0 1
0.0555555 0.944444 0
0.111111 0.888889 0
0.166667 0.833333 0
0.222222 0.777778 0
0.277778 0.722222 0
0.333333 0.666667 0
0.388889 0.611111 0
0.444444 0.555556 0
0.5 0.5 0
0.555556 0.444444 0
0.611111 0.388889 0
0.666667 0.333333 0
0.722222 0.277778 0
0.777778 0.222222 0
0.833333 0.166667 0
0.888889 0.111111 0
0.944444 0.0555556 0
0 0.05 0.95
0 0.1 0.9
0 0.15 0.85
0 0.2 0.8
0 0.25 0.75
0 0.3 0.7
0 0.35 0.65
0 0.4 0.6
0 0.45 0.55
0 0.5 0.5
0 0.55 0.45
0 0.6 0.4
0 0.65 0.35
0 0.7 0.3
0 0.75 0.25
0 0.8 0.2
0 0.85 0.15
0 0.9 0.1
0 0.95 0.05
0.947368 0 0.0526316
0.894737 0 0.105263
0.842105 0 0.157895
0.789474 0 0.210526
0.736842 0 0.263158
0.684211 0 0.315789
0.631579 0 0.368421
0.578947 0 0.421053
0.526316 0 0.473684
0.473684 0 0.526316
0.421053 0 0.578947
0.368421 0 0.631579
0.315789 0 0.684211
0.263158 0 0.736842
0.210526 0 0.789474
0.157895 0 0.842105
0.105263 0 0.894737
0.0526316 0 0.947368
0.118119 0.844881 0.0369994
0.629678 0.121445 0.248877
0.0931231 0.501545 0.405332
0.28336 0.126639 0.590001
0.157451 0.616399 0.22615
0.48764 0.399563 0.112797
0.804591 0.0702126 0.125197
0.424754 0.0652798 0.509966
0.778605 0.184037 0.0373584
0.655322 0.27907 0.0656073
0.0462048 0.344321 0.609475
0.683329 0.129978 0.186694
0.747657 0.119622 0.132721
0.389805 0.254103 0.356092
0.662143 0.055828 0.282029
0.166642 0.245529 0.587829
0.715842 0.225097 0.0590608
0.0486324 0.296938 0.654429
0.26566 0.646992 0.0873482
0.04887 0.143289 0.807841
0.308575 0.531783 0.159641
0.385967 0.126589 0.487444
0.181105 0.334189 0.484706
0.490759 0.226266 0.282975
0.274958 0.510254 0.214788
0.160715 0.533508 0.305778
0.124076 0.392109 0.483815
0.341521 0.572392 0.0860868
0.58751 0.334476 0.078014
0.508061 0.457712 0.034227
0.898654 0.048861 0.0524854
0.549079 0.0792668 0.371655
0.151588 0.199646 0.648767
0.260662 0.601263 0.138076
0.260266 0.242734 0.496999
0.198596 0.67307 0.128333
0.262314 0.698589 0.039097
0.35068 0.0539683 0.595352
0.586932 0.246881 0.166187
0.0688916 0.377448 0.553661
0.518564 0.289094 0.192342
0.133905 0.126577 0.739518
0.56165 0.171288 0.267062
0.455087 0.219493 0.32542
0.324109 0.274427 0.401464
0.148374 0.786183 0.0654433
0.607695 0.181355 0.21095
0.647285 0.189892 0.162823
0.438435 0.395143 0.166422
0.0854504 0.83338 0.0811694
0.227795 0.396252 0.375953
0.15259 0.437186 0.410224
0.0695694 0.795418 0.135012
0.45037 0.33686 0.21277
0.401325 0.509805 0.0888699
0.256881 0.0455385 0.69758
0.798809 0.129618 0.0715727
0.131768 0.685116 0.183116
0.0801713 0.704391 0.215438
0.487856 0.118084 0.39406
0.237362 0.206676 0.555963
0.403735 0.289816 0.306449
0.106915 0.193624 0.699462
0.726875 0.0374988 0.235626
0.54454 0.327938 0.127523
0.232486 0.103987 0.663527
0.191286 0.465683 0.34303
0.100376 0.301542 0.598082
0.300142 0.459975 0.239883
0.422032 0.451722 0.126246
0.514242 0.0544712 0.431287
0.0491402 0.242602 0.708258
0.584963 0.107306 0.307731
0.397318 0.386752 0.215931
0.355558 0.10125 0.543192
0.747033 0.169787 0.0831799
0.0578265 0.891192 0.0509812
0.424577 0.146947 0.428477
0.147274 0.0619673 0.790759
0.170884 0.14152 0.687596
0.343192 0.405922 0.250886
0.0473475 0.0518266 0.900826
0.46436 0.285184 0.250456
0.298139 0.0574571 0.644404
0.582397 0.380336 0.0372669
0.314618 0.335313 0.350069
0.0433246 0.502724 0.453951
0.315647 0.230757 0.453596
0.111902 0.599352 0.288747
0.0909338 0.0661231 0.842943
0.250506 0.297393 0.452101
0.603927 0.282016 0.114057
0.285688 0.428103 0.28621
0.609543 0.0453974 0.345059
0.654276 0.230367 0.115358
0.75652 0.0616389 0.181841
0.194355 0.629953 0.175692
0.445943 0.181837 0.372221
0.198481 0.0675386 0.73398
0.0480945 0.653166 0.298739
0.844899 0.095551 0.0595497
0.539044 0.232483 0.228474
0.0742273 0.175726 0.750046
0.095428 0.554625 0.349947
0.0524812 0.443945 0.503574
0.310341 0.174931 0.514728
0.0612536 0.7476 0.191147
0.640045 0.326431 0.0335235
0.35947 0.452607 0.187922
0.208509 0.170242 0.621249
0.138086 0.322127 0.539787
0.420381 0.5386 0.0410194
0.233613 0.487586 0.278801
0.364637 0.177723 0.45764
0.530233 0.402471 0.0672963
0.10305 0.247908 0.649041
0.852297 0.041388 0.106315
0.492525 0.345255 0.16222
0.393048 0.342978 0.263974
0.233147 0.571305 0.195548
0.51567 0.156096 0.328235
0.0454302 0.552926 0.401644
0.320827 0.635019 0.0441548
0.266512 0.334723 0.398765
0.132667 0.737698 0.129635
0.479575 0.0380414 0.482384
0.0487971 0.603369 0.347834
0.202785 0.277276 0.51994
0.463532 0.469742 0.0667257
0.405094 0.0417595 0.553147
0.0401657 0.70737 0.252464
0.0392989 0.10137 0.859331
0.203597 0.721867 0.0745359
0.364842 0.502101 0.133057
0.0396842 0.85041 0.109906
0.0948433 0.65906 0.246097
0.255175 0.416162 0.328664
0.700153 0.176206 0.12364
0.0909309 0.455486 0.453583
0.382372 0.210417 0.407211
0.453429 0.0907331 0.455838
0.950927 0.024663 0.0244097
0.691007 0.0820889 0.226904
0.198553 0.367888 0.433559
0.19455 0.555122 0.250328
0.328299 0.366117 0.305583
0.0331932 0.203806 0.763001
0.137059 0.500658 0.362283
0.0969392 0.115313 0.787747


3 1 38
20 2 56
5 4 57
17 16 65
27 26 67
44 43 71
16 15 73
65 16 73
15 66 73
26 25 74
67 26 74
23 22 76
12 11 86
19 18 87
40 39 87
77 84 90
84 75 90
90 75 92
8 7 93
7 6 93
50 49 94
28 27 96
27 67 96
6 5 102
5 57 102
58 68 103
99 58 103
95 103 104
103 68 104
102 57 106
36 35 109
102 106 109
52 51 112
17 65 113
69 63 113
70 100 118
100 80 118
43 42 120
71 43 120
97 95 121
108 107 123
67 74 124
96 67 124
105 62 126
47 46 127
46 88 127
88 116 127
25 24 128
74 25 128
71 58 129
58 99 129
110 105 130
64 78 131
60 94 131
65 73 132
113 65 132
69 113 132
4 3 133
3 38 133
38 37 133
57 4 133
106 57 133
54 53 135
89 119 136
119 98 136
21 20 138
20 56 138
56 55 138
97 110 139
118 80 139
51 50 140
50 94 140
112 51 140
94 60 140
60 122 140
122 112 140
13 12 141
101 70 142
70 118 142
30 29 143
55 54 146
138 55 146
54 135 146
91 144 147
144 101 147
66 85 148
85 121 148
121 95 148
137 125 149
45 44 150
44 71 150
46 45 150
88 46 150
71 129 150
129 88 150
73 66 151
95 104 151
148 95 151
66 148 151
42 41 152
41 63 152
120 42 152
63 69 152
69 68 152
90 92 153
92 114 153
114 61 153
100 70 154
134 116 154
53 52 155
52 112 155
135 53 155
98 135 155
136 98 155
112 122 155
122 136 155
33 32 156
18 17 157
17 113 157
113 63 157
87 18 157
80 99 158
95 97 158
103 95 158
99 103 158
97 139 158
139 80 158
98 119 159
119 128 159
82 145 160
29 28 161
28 96 161
96 83 161
143 29 161
91 117 162
131 78 162
117 60 162
60 131 162
144 91 162
35 34 163
109 35 163
115 114 163
15 14 164
66 15 164
85 66 164
14 13 164
13 141 164
141 85 164
77 81 165
81 125 165
105 126 165
130 105 165
125 137 165
137 130 165
72 89 166
117 72 166
60 117 166
122 60 166
89 136 166
136 122 166
79 83 167
83 96 167
124 72 167
96 124 167
10 9 168
9 84 168
11 10 168
84 111 168
125 81 169
82 123 169
149 125 169
78 134 170
144 162 170
162 78 170
62 121 171
121 85 171
85 141 171
12 86 171
141 12 171
124 74 172
89 72 172
72 124 172
74 128 172
119 89 172
128 119 172
41 40 173
63 41 173
40 87 173
87 157 173
157 63 173
62 105 174
121 62 174
105 110 174
110 97 174
97 121 174
110 130 175
130 137 175
118 139 175
139 110 175
81 77 176
77 90 176
153 61 176
90 153 176
99 80 177
80 100 177
116 88 177
88 129 177
100 154 177
154 116 177
129 99 177
31 30 178
30 143 178
143 59 178
59 160 178
9 8 179
84 9 179
75 84 179
8 93 179
93 75 179
101 142 180
147 101 180
142 107 180
114 92 181
102 109 181
109 163 181
163 114 181
48 47 182
64 48 182
47 127 182
32 31 183
145 156 183
160 145 183
156 32 183
31 178 183
178 160 183
72 117 184
117 91 184
91 147 184
147 79 184
167 72 184
79 167 184
126 62 185
111 126 185
86 11 185
11 168 185
168 111 185
62 171 185
171 86 185
49 48 186
48 64 186
94 49 186
64 131 186
131 94 186
34 33 187
33 156 187
115 163 187
163 34 187
22 21 188
76 22 188
146 76 188
21 138 188
138 146 188
92 75 189
75 93 189
93 6 189
6 102 189
102 181 189
181 92 189
84 77 190
111 84 190
77 165 190
126 111 190
165 126 190
37 36 191
36 109 191
109 106 191
106 133 191
133 37 191
61 114 192
114 115 192
145 61 192
156 145 192
115 187 192
187 156 192
123 107 193
107 142 193
149 169 193
169 123 193
68 69 194
104 68 194
69 132 194
151 104 194
132 73 194
73 151 194
108 59 195
59 143 195
83 108 195
161 83 195
143 161 195
70 101 196
101 144 196
144 170 196
134 154 196
170 134 196
154 70 196
78 64 197
134 78 197
127 116 197
116 134 197
182 127 197
64 182 197
0 19 198
39 0 198
19 87 198
87 39 198
68 58 199
58 71 199
71 120 199
120 152 199
152 68 199
83 79 200
108 83 200
107 108 200
180 107 200
79 147 200
147 180 200
61 145 201
145 82 201
169 81 201
81 176 201
176 61 201
82 169 201
137 149 202
175 137 202
142 118 202
118 175 202
149 193 202
193 142 202
23 76 203
76 159 203
24 23 203
128 24 203
159 128 203
59 108 204
108 123 204
160 59 204
123 82 204
82 160 204
135 98 205
76 146 205
146 135 205
98 159 205
159 76 205
