165
1 0 0
0 1 0
0 0 1
0.0555555 0.944445 0
0.111111 0.888889 0
0.166667 0.833333 0
0.222222 0.777778 0
0.277778 0.722222 0
0.333333 0.666667 0
0.388889 0.611111 0
0.444444 0.555556 0
0.5 0.5 0
0.555556 0.444444 0
0.611111 0.388889 0
0.666667 0.333333 0
0.722222 0.277778 0
0.777778 0.222222 0
0.833333 0.166667 0
0.888889 0.111111 0
0.944444 0.0555556 0
0 0.05 0.95
0 0.1 0.9
0 0.15 0.85
0 0.2 0.8
0 0.25 0.75
0 0.3 0.7
0 0.35 0.65
0 0.4 0.6
0 0.45 0.55
0 0.5 0.5
0 0.55 0.45
0 0.6 0.4
0 0.65 0.35
0 0.7 0.3
0 0.75 0.25
0 0.8 0.2
0 0.85 0.15
0 0.9 0.1
0 0.95 0.05
0.928571 0 0.0714286
0.857143 0 0.142857
0.785714 0 0.214286
0.714286 0 0.285714
0.642857 0 0.357143
0.571429 0 0.428571
0.5 0 0.5
0.428571 0 0.571429
0.357143 0 0.642857
0.285714 0 0.714286
0.214286 0 0.785714
0.142857 0 0.857143
0.0714285 0 0.928571
0.624011 0.116032 0.259957
0.0873676 0.497952 0.41468
0.286857 0.138895 0.574248
0.156658 0.608255 0.235087
0.481716 0.411235 0.107049
0.797332 0.0533212 0.149347
0.423102 0.0595417 0.517357
0.651678 0.27882 0.0695016
0.668746 0.135644 0.195611
0.750015 0.181178 0.0688073
0.75295 0.122157 0.124893
0.40104 0.251584 0.347376
0.663616 0.0614066 0.274978
0.178103 0.240169 0.581728
0.269837 0.636641 0.093522
0.0661161 0.140367 0.793517
0.324428 0.513392 0.16218
0.926248 0.0331301 0.0406219
0.375967 0.126631 0.497402
0.178207 0.346534 0.47526
0.487231 0.226561 0.286208
0.16656 0.548622 0.284818
0.136448 0.394874 0.468679
0.331848 0.577339 0.0908129
0.59387 0.341391 0.0647394
0.486357 0.458273 0.0553696
0.5427 0.066845 0.390455
0.138162 0.197507 0.664332
0.260301 0.248452 0.491247
0.199883 0.673263 0.126855
0.362768 0.0439178 0.593314
0.816114 0.131144 0.0527419
0.593834 0.24826 0.157907
0.283869 0.473362 0.242769
0.0823444 0.376972 0.540684
0.0583851 0.330995 0.610619
0.133001 0.134551 0.732448
0.582618 0.171447 0.245935
0.151539 0.783894 0.0645671
0.524077 0.298975 0.176949
0.658596 0.182936 0.158468
0.676841 0.223636 0.0995224
0.0827183 0.844489 0.0727928
0.219671 0.393226 0.387103
0.142794 0.439237 0.417969
0.0752379 0.792601 0.132161
0.450878 0.330194 0.218928
0.411736 0.512897 0.0753669
0.262706 0.0336639 0.70363
0.855026 0.0779718 0.0670027
0.0714777 0.70556 0.222963
0.501598 0.121781 0.376621
0.253381 0.199786 0.546834
0.402806 0.295151 0.302043
0.736108 0.0389295 0.224963
0.444002 0.203049 0.352949
0.36039 0.222765 0.416845
0.210452 0.127748 0.6618
0.225389 0.617748 0.156862
0.189503 0.478163 0.332334
0.424465 0.391322 0.184212
0.321011 0.281476 0.397513
0.416776 0.455929 0.127295
0.14427 0.726675 0.129056
0.053119 0.900548 0.0463327
0.0966763 0.27057 0.632753
0.134671 0.0679593 0.79737
0.338541 0.412715 0.248744
0.0428827 0.0559419 0.901175
0.580242 0.0965951 0.323163
0.313111 0.338088 0.348801
0.250041 0.69017 0.0597888
0.0604451 0.245176 0.694379
0.872995 0.0322292 0.0947761
0.500135 0.0457278 0.454137
0.0660906 0.195637 0.738272
0.0691888 0.650153 0.280658
0.515367 0.35299 0.131643
0.106334 0.547424 0.346242
0.0657173 0.441876 0.492407
0.362589 0.448449 0.188961
0.543997 0.400087 0.0559161
0.151439 0.302262 0.546299
0.253571 0.332041 0.414388
0.327891 0.184395 0.487714
0.200218 0.0728255 0.726956
0.259594 0.434392 0.306014
0.713344 0.0857901 0.200866
0.617329 0.0390455 0.343625
0.237938 0.567049 0.195014
0.138645 0.664756 0.196598
0.521077 0.158685 0.320238
0.283005 0.0728121 0.644183
0.372826 0.356538 0.270636
0.458428 0.0993195 0.442253
0.0503714 0.602939 0.34669
0.0958269 0.0406593 0.863514
0.107518 0.596143 0.296339
0.341348 0.0916682 0.566984
0.424751 0.161988 0.413261
0.563964 0.218363 0.217673
0.0582967 0.754773 0.186931
0.210472 0.179368 0.61016
0.496323 0.270944 0.232733
0.0577265 0.0937976 0.848476
0.0497018 0.555589 0.394709
0.32025 0.635413 0.0443373
0.72156 0.237315 0.0411257
0.297466 0.386695 0.315838
0.236679 0.294233 0.469088
0.235514 0.51912 0.245366
0.58027 0.298949 0.120781
0.211734 0.739621 0.0486455


3 1 38
20 2 51
30 29 53
41 40 57
46 45 58
15 14 59
17 16 61
23 22 67
0 19 69
39 0 69
10 9 75
14 13 76
59 14 76
12 11 77
47 46 82
46 58 82
18 17 83
17 61 83
61 62 83
28 27 86
71 74 86
26 25 87
27 26 87
86 27 87
52 60 89
6 5 90
60 62 92
62 61 92
89 60 92
92 61 93
59 84 93
84 92 93
5 4 94
37 36 94
90 5 94
74 71 95
74 95 96
36 35 97
94 36 97
90 94 97
11 10 99
77 11 99
10 75 99
75 68 99
48 47 100
49 48 100
19 18 101
69 19 101
62 57 101
83 62 101
18 83 101
34 33 102
80 65 104
63 72 105
42 41 106
64 42 106
41 57 106
72 63 107
107 63 108
79 88 109
75 66 110
66 81 110
53 96 111
96 95 111
63 105 113
80 108 113
108 63 113
99 68 114
56 77 114
77 99 114
112 56 114
90 97 115
4 3 116
3 38 116
38 37 116
37 94 116
94 4 116
79 65 117
87 25 117
50 49 118
88 67 118
21 20 120
20 51 120
64 52 121
103 78 121
113 105 122
8 7 123
81 66 123
115 81 123
25 24 124
117 25 124
79 117 124
40 39 125
39 69 125
69 101 125
57 40 125
101 57 125
45 44 126
44 78 126
58 45 126
23 67 127
67 88 127
88 79 127
24 23 127
124 24 127
79 124 127
33 32 128
102 33 128
56 112 129
98 91 129
112 98 129
53 111 130
111 73 130
28 86 131
86 74 131
29 28 131
74 96 131
53 29 131
96 53 131
68 85 132
114 68 132
112 114 132
119 112 132
85 119 132
13 12 133
76 13 133
12 77 133
77 56 133
56 129 133
129 76 133
65 80 134
71 86 134
86 87 134
87 117 134
117 65 134
95 71 135
122 95 135
113 122 135
54 70 136
104 54 136
80 104 136
108 80 136
109 88 137
49 100 137
118 49 137
88 118 137
85 111 138
119 85 138
111 95 138
57 62 139
62 60 139
60 52 139
52 64 139
106 57 139
64 106 139
43 42 140
42 64 140
44 43 140
78 44 140
64 121 140
121 78 140
55 73 141
110 55 141
68 75 141
75 110 141
55 110 142
110 81 142
81 115 142
115 102 142
102 128 142
128 55 142
89 72 143
72 107 143
52 89 143
121 52 143
103 121 143
47 82 144
100 47 144
54 109 144
109 137 144
137 100 144
98 112 145
112 119 145
105 98 145
122 105 145
70 58 146
58 126 146
78 103 146
126 78 146
32 31 147
128 32 147
51 50 148
120 51 148
50 118 148
73 55 149
130 73 149
147 130 149
55 128 149
128 147 149
58 70 150
82 58 150
70 54 150
54 144 150
144 82 150
136 70 151
107 108 151
108 136 151
103 143 151
143 107 151
70 146 151
146 103 151
72 89 152
89 92 152
92 84 152
35 34 153
97 35 153
34 102 153
102 115 153
115 97 153
65 79 154
104 65 154
54 104 154
79 109 154
109 54 154
105 72 155
91 98 155
98 105 155
84 91 155
152 84 155
72 152 155
22 21 156
67 22 156
118 67 156
148 118 156
21 120 156
120 148 156
31 30 157
30 53 157
53 130 157
130 147 157
147 31 157
9 8 158
66 75 158
75 9 158
8 123 158
123 66 158
16 15 159
15 59 159
59 93 159
61 16 159
93 61 159
95 122 160
138 95 160
119 138 160
145 119 160
122 145 160
71 134 161
134 80 161
135 71 161
80 113 161
113 135 161
73 111 162
111 85 162
141 73 162
85 68 162
68 141 162
59 76 163
84 59 163
91 84 163
76 129 163
129 91 163
7 6 164
6 90 164
123 7 164
90 115 164
115 123 164
