68
1 0 0
0 1 0
0 0 1
0.0555555 0.944444 0
0.111111 0.888889 0
0.166667 0.833333 0
0.222222 0.777778 0
0.277778 0.722222 0
0.333333 0.666667 0
0.388889 0.611111 0
0.444444 0.555556 0
0.5 0.5 0
0.555556 0.444444 0
0.611111 0.388889 0
0.666667 0.333333 0
0.722222 0.277778 0
0.777778 0.222222 0
0.833333 0.166667 0
0.888889 0.111111 0
0.944444 0.0555556 0
0 0.05 0.95
0 0.1 0.9
0 0.15 0.85
0 0.2 0.8
0 0.25 0.75
0 0.3 0.7
0 0.35 0.65
0 0.4 0.6
0 0.45 0.55
0 0.5 0.5
0 0.55 0.45
0 0.6 0.4
0 0.65 0.35
0 0.7 0.3
0 0.75 0.25
0 0.8 0.2
0 0.85 0.15
0 0.9 0.1
0 0.95 0.05
0.75 0 0.25
0.5 0 0.5
0.25 0 0.75
0.804962 0.0332625 0.161776
0.591652 0.121997 0.286352
0.298198 0.130039 0.571764
0.201879 0.603045 0.195077
0.438137 0.0587384 0.503125
0.374516 0.255909 0.369575
0.238056 0.237445 0.524499
0.268417 0.530896 0.200686
0.222123 0.327764 0.450113
0.174541 0.655469 0.16999
0.514863 0.277153 0.207984
0.539612 0.180404 0.279984
0.196795 0.0972096 0.705996
0.215167 0.387669 0.397163
0.452433 0.332885 0.214682
0.237553 0.0473559 0.715091
0.406888 0.42797 0.165142
0.266573 0.186977 0.54645
0.246167 0.48209 0.271743
0.617336 0.212882 0.169782
0.434167 0.382918 0.182915
0.156608 0.700683 0.142709
0.122946 0.76124 0.115814
0.612661 0.0705864 0.316753
0.0927723 0.815266 0.0919614
0.203604 0.437428 0.358968


5 4 37
36 5 37
3 1 38
4 3 38
37 4 38
20 2 41
0 19 42
39 0 42
19 18 43
23 22 44
10 9 45
32 31 45
40 39 46
25 24 48
47 25 48
11 10 49
31 30 49
10 45 49
45 31 49
27 26 50
26 25 50
25 47 50
9 8 51
33 32 51
32 45 51
45 9 51
16 15 52
50 47 52
18 17 53
43 18 53
47 48 53
22 21 54
44 22 54
46 44 54
28 27 55
27 50 55
15 14 56
52 15 56
50 52 56
55 50 56
21 20 57
54 21 57
20 41 57
41 40 57
40 46 57
46 54 57
13 12 58
24 23 59
48 24 59
23 44 59
53 48 59
44 43 59
43 53 59
12 11 60
11 49 60
30 29 60
49 30 60
58 12 60
16 52 61
52 47 61
17 16 61
53 17 61
47 53 61
14 13 62
55 56 62
56 14 62
13 58 62
8 7 63
7 34 63
34 33 63
33 51 63
51 8 63
7 6 64
6 35 64
34 7 64
35 34 64
42 19 65
19 43 65
39 42 65
46 39 65
43 44 65
44 46 65
6 5 66
5 36 66
35 6 66
36 35 66
29 28 67
60 29 67
58 60 67
28 55 67
55 62 67
62 58 67
