60
1 0 0
0 1 0
0 0 1
0.0555555 0.944444 0
0.111111 0.888889 0
0.166667 0.833333 0
0.222222 0.777778 0
0.277778 0.722222 0
0.333333 0.666667 0
0.388889 0.611111 0
0.444444 0.555556 0
0.5 0.5 0
0.555556 0.444444 0
0.611111 0.388889 0
0.666667 0.333333 0
0.722222 0.277778 0
0.777778 0.222222 0
0.833333 0.166667 0
0.888889 0.111111 0
0.944444 0.0555556 0
0 0.333333 0.666667
0 0.666667 0.333333
0.944444 0 0.0555556
0.888889 0 0.111111
0.833333 0 0.166667
0.777778 0 0.222222
0.722222 0 0.277778
0.666667 0 0.333333
0.611111 0 0.388889
0.555556 0 0.444444
0.5 0 0.5
0.444444 0 0.555556
0.388889 0 0.611111
0.333333 0 0.666667
0.277778 0 0.722222
0.222222 0 0.777778
0.166667 0 0.833333
0.111111 0 0.888889
0.0555555 0 0.944444
0.0939552 0.511826 0.394219
0.157588 0.569888 0.272523
0.0383264 0.33441 0.627263
0.394009 0.266364 0.339627
0.176918 0.25869 0.564393
0.0409762 0.678871 0.280153
0.48402 0.226879 0.289101
0.273632 0.502044 0.224324
0.261759 0.242284 0.495957
0.585746 0.21259 0.201664
0.326969 0.269427 0.403605
0.532455 0.234202 0.233343
0.0789231 0.746186 0.174891
0.441721 0.349891 0.208388
0.129057 0.260169 0.610774
0.639603 0.180223 0.180174
0.215542 0.414909 0.36955
0.687146 0.15578 0.157074
0.749057 0.118514 0.132429
0.35926 0.454281 0.186459
0.0823376 0.209256 0.708406


0 19 22
19 18 23
22 19 23
18 17 24
23 18 24
17 16 25
24 17 25
6 5 40
5 4 40
4 39 40
20 2 41
2 38 41
21 20 41
32 31 42
36 35 43
3 1 44
1 21 44
21 41 44
41 39 44
31 30 45
8 7 46
7 6 46
35 34 47
13 12 48
29 28 48
33 32 49
32 42 49
8 46 49
34 33 49
47 34 49
46 47 49
12 11 50
11 45 50
30 29 50
45 30 50
29 48 50
48 12 50
4 3 51
39 4 51
3 44 51
44 39 51
10 9 52
9 42 52
11 10 52
45 11 52
42 31 52
31 45 52
37 36 53
36 43 53
40 39 53
43 40 53
14 13 54
28 27 54
13 48 54
48 28 54
6 40 55
40 43 55
46 6 55
47 46 55
43 35 55
35 47 55
15 14 56
26 15 56
27 26 56
14 54 56
54 27 56
16 15 57
15 26 57
25 16 57
26 25 57
9 8 58
8 49 58
42 9 58
49 42 58
38 37 59
41 38 59
39 41 59
53 39 59
37 53 59
