68
1 0 0
0 1 0
0 0 1
0.0555555 0.944444 0
0.111111 0.888889 0
0.166667 0.833333 0
0.222222 0.777778 0
0.277778 0.722222 0
0.333333 0.666667 0
0.388889 0.611111 0
0.444444 0.555556 0
0.5 0.5 0
0.555556 0.444444 0
0.611111 0.388889 0
0.666667 0.333333 0
0.722222 0.277778 0
0.777778 0.222222 0
0.833333 0.166667 0
0.888889 0.111111 0
0.944444 0.0555556 0
0 0.25 0.75
0 0.5 0.5
0 0.75 0.25
0.941176 0 0.0588235
0.882353 0 0.117647
0.823529 0 0.176471
0.764706 0 0.235294
0.705882 0 0.294118
0.647059 0 0.352941
0.588235 0 0.411765
0.529412 0 0.470588
0.470588 0 0.529412
0.411765 0 0.588235
0.352941 0 0.647059
0.294118 0 0.705882
0.235294 0 0.764706
0.176471 0 0.823529
0.117647 0 0.882353
0.0588235 0 0.941177
0.0945044 0.481522 0.423973
0.276068 0.163138 0.560794
0.16948 0.597978 0.232542
0.0412226 0.397593 0.561184
0.683891 0.151724 0.164385
0.733514 0.128806 0.137681
0.390462 0.220298 0.38924
0.16733 0.206915 0.625755
0.0522448 0.202525 0.74523
0.31555 0.494435 0.190015
0.0414796 0.624784 0.333737
0.49246 0.266011 0.241529
0.582634 0.233899 0.183467
0.329015 0.246441 0.424544
0.441326 0.372028 0.186646
0.209311 0.404183 0.386506
0.0749069 0.748488 0.176605
0.234185 0.581173 0.184642
0.106152 0.205484 0.688364
0.225483 0.19061 0.583907
0.798727 0.0966682 0.104605
0.440229 0.16794 0.391831
0.122716 0.709486 0.167798
0.630901 0.189124 0.179975
0.535305 0.165489 0.299206
0.37695 0.44971 0.17334
0.148822 0.395554 0.455624
0.272376 0.397807 0.329817
0.0309691 0.833892 0.135139


0 19 23
19 18 24
23 19 24
18 17 25
24 18 25
35 34 40
6 5 41
21 20 42
15 14 43
28 27 43
16 15 44
26 16 44
27 26 44
15 43 44
43 27 44
33 32 45
37 36 46
20 2 47
2 38 47
42 20 47
39 42 47
8 7 48
22 21 49
21 42 49
42 39 49
12 11 50
13 12 51
34 33 52
40 34 52
33 45 52
11 10 53
50 11 53
4 3 55
49 39 55
7 6 56
6 41 56
41 54 56
38 37 57
47 38 57
37 46 57
39 47 57
36 35 58
46 36 58
35 40 58
54 46 58
17 16 59
16 26 59
25 17 59
26 25 59
32 31 60
31 50 60
45 32 60
53 45 60
50 53 60
5 4 61
39 41 61
41 5 61
4 55 61
55 39 61
28 43 62
43 14 62
14 13 62
13 51 62
29 28 62
51 29 62
31 30 63
50 31 63
30 29 63
29 51 63
12 50 63
51 12 63
9 8 64
8 48 64
52 45 64
48 52 64
10 9 64
53 10 64
45 53 64
46 54 65
54 41 65
41 39 65
39 57 65
57 46 65
40 52 66
52 48 66
48 7 66
7 56 66
56 54 66
58 40 66
54 58 66
3 1 67
1 22 67
55 3 67
22 49 67
49 55 67
