62
1 0 0
0 1 0
0 0 1
0.0555555 0.944444 0
0.111111 0.888889 0
0.166667 0.833333 0
0.222222 0.777778 0
0.277778 0.722222 0
0.333333 0.666667 0
0.388889 0.611111 0
0.444444 0.555556 0
0.5 0.5 0
0.555556 0.444444 0
0.611111 0.388889 0
0.666667 0.333333 0
0.722222 0.277778 0
0.777778 0.222222 0
0.833333 0.166667 0
0.888889 0.111111 0
0.944444 0.0555556 0
0 0.25 0.75
0 0.5 0.5
0 0.75 0.25
0.9375 0 0.0625
0.875 0 0.125
0.8125 0 0.1875
0.75 0 0.25
0.6875 0 0.3125
0.625 0 0.375
0.5625 0 0.4375
0.5 0 0.5
0.4375 0 0.5625
0.375 0 0.625
0.3125 0 0.6875
0.25 0 0.75
0.1875 0 0.8125
0.125 0 0.875
0.0625 0 0.9375
0.0968134 0.462658 0.440529
0.157037 0.616092 0.226871
0.675027 0.149085 0.175888
0.382287 0.21543 0.402283
0.185736 0.266142 0.548122
0.0607164 0.227786 0.711498
0.0486985 0.694742 0.256559
0.492334 0.240387 0.267279
0.265559 0.479801 0.25464
0.256364 0.246021 0.497615
0.557531 0.210914 0.231555
0.323609 0.236222 0.440169
0.444099 0.362549 0.193353
0.617921 0.178625 0.203454
0.112759 0.17285 0.71439
0.210688 0.541925 0.247387
0.328224 0.446364 0.225412
0.0460202 0.449845 0.504135
0.429686 0.165036 0.405278
0.100593 0.666696 0.232711
0.389851 0.424602 0.185547
0.724993 0.124603 0.150404
0.137237 0.379797 0.482966
0.791441 0.0920216 0.116537


3 1 22
0 19 23
19 18 24
23 19 24
18 17 25
24 18 25
6 5 39
15 14 40
28 27 40
33 32 41
36 35 42
20 2 43
2 37 43
4 3 44
3 22 44
22 21 44
12 11 45
31 30 45
8 7 46
35 34 47
42 35 47
46 42 47
13 12 48
30 29 48
12 45 48
45 30 48
33 41 49
34 33 49
47 34 49
11 10 50
45 11 50
14 13 51
29 28 51
28 40 51
40 14 51
13 48 51
48 29 51
37 36 52
43 37 52
36 42 52
6 39 53
7 6 53
46 7 53
42 46 53
9 8 54
8 46 54
46 47 54
47 49 54
21 20 55
20 43 55
43 38 55
44 21 55
32 31 56
41 32 56
50 41 56
31 45 56
45 50 56
5 4 57
38 39 57
39 5 57
4 44 57
44 55 57
55 38 57
10 9 58
49 41 58
41 50 58
50 10 58
9 54 58
54 49 58
16 15 59
26 16 59
27 26 59
15 40 59
40 27 59
39 38 60
38 43 60
43 52 60
53 39 60
52 42 60
42 53 60
17 16 61
16 26 61
25 17 61
26 25 61
