93
1 0 0
0 1 0
0 0 1
0.0555555 0.944445 0
0.111111 0.888889 0
0.166667 0.833333 0
0.222222 0.777778 0
0.277778 0.722222 0
0.333333 0.666667 0
0.388889 0.611111 0
0.444444 0.555556 0
0.5 0.5 0
0.555556 0.444444 0
0.611111 0.388889 0
0.666667 0.333333 0
0.722222 0.277778 0
0.777778 0.222222 0
0.833333 0.166667 0
0.888889 0.111111 0
0.944444 0.0555556 0
0 0.166667 0.833333
0 0.333333 0.666667
0 0.5 0.5
0 0.666667 0.333333
0 0.833333 0.166667
0.95 0 0.05
0.9 0 0.1
0.85 0 0.15
0.8 0 0.2
0.75 0 0.25
0.7 0 0.3
0.65 0 0.35
0.6 0 0.4
0.55 0 0.45
0.5 0 0.5
0.45 0 0.55
0.4 0 0.6
0.35 0 0.65
0.3 0 0.7
0.25 0 0.75
0.2 0 0.8
0.15 0 0.85
0.1 0 0.9
0.05 0 0.95
0.622386 0.143453 0.234161
0.0921127 0.500235 0.407652
0.265198 0.172236 0.562566
0.170521 0.57789 0.251588
0.492538 0.366972 0.14049
0.0420152 0.329605 0.62838
0.685691 0.109951 0.204358
0.741547 0.128789 0.129665
0.40182 0.237452 0.360728
0.174678 0.258413 0.566909
0.0464326 0.158604 0.794964
0.319237 0.520016 0.160747
0.0406928 0.66246 0.296847
0.384102 0.134464 0.481434
0.50123 0.191186 0.307583
0.645147 0.249825 0.105028
0.282474 0.497857 0.219669
0.589697 0.300798 0.109505
0.195133 0.682187 0.12268
0.556927 0.220566 0.222507
0.0823873 0.335116 0.582497
0.1234 0.172559 0.70404
0.337172 0.31343 0.349398
0.0935008 0.786934 0.119565
0.22015 0.39227 0.38758
0.156531 0.431029 0.41244
0.439113 0.345071 0.215815
0.812368 0.0916887 0.0959432
0.0760713 0.682905 0.241023
0.218184 0.137634 0.644183
0.455687 0.153722 0.390592
0.548883 0.11874 0.332377
0.0414151 0.827449 0.131136
0.694282 0.219542 0.0861757
0.410516 0.483115 0.106369
0.0897247 0.156844 0.753431
0.281171 0.318465 0.400364
0.371365 0.447275 0.18136
0.5373 0.369326 0.0933748
0.14226 0.743599 0.114142
0.209551 0.293324 0.497125
0.331163 0.127975 0.540861
0.86577 0.0726691 0.0615611
0.0411133 0.500174 0.458713
0.231709 0.513496 0.254794
0.12936 0.30704 0.5636
0.244345 0.64091 0.114745
0.169484 0.131413 0.699103
0.120652 0.614875 0.264473


0 19 25
19 18 26
25 19 26
20 2 43
32 31 44
39 38 46
11 10 48
22 21 49
30 29 50
31 30 50
44 31 50
16 15 51
28 16 51
29 28 51
50 29 51
21 20 54
49 21 54
20 43 54
43 42 54
8 7 55
24 23 56
36 35 57
35 52 57
34 33 58
14 13 59
44 50 59
55 7 60
13 12 61
44 59 61
59 13 61
6 5 62
32 44 63
44 61 63
48 58 63
57 52 66
55 60 66
4 3 67
68 47 69
48 10 70
58 48 70
17 16 71
16 28 71
27 17 71
28 27 71
56 45 72
40 39 73
39 46 73
35 34 74
52 35 74
70 52 74
34 58 74
58 70 74
33 32 75
32 63 75
58 33 75
63 58 75
3 1 76
1 24 76
67 3 76
72 67 76
24 56 76
56 72 76
15 14 77
51 15 77
50 51 77
14 59 77
59 50 77
10 9 78
70 10 78
42 41 79
41 65 79
49 54 79
64 49 79
65 64 79
54 42 79
66 60 80
68 46 80
55 66 81
66 52 81
9 8 81
78 9 81
8 55 81
52 70 81
70 78 81
12 11 82
11 48 82
48 63 82
61 12 82
63 61 82
5 4 83
47 62 83
62 5 83
4 67 83
68 69 84
69 53 84
46 68 84
73 46 84
53 73 84
38 37 85
46 38 85
37 36 85
36 57 85
57 66 85
80 46 85
66 80 85
18 17 86
17 27 86
26 18 86
27 26 86
23 22 87
56 23 87
45 56 87
64 45 87
22 49 87
49 64 87
62 47 88
47 68 88
68 80 88
80 60 88
45 64 89
64 65 89
53 69 89
69 45 89
7 6 90
60 7 90
88 60 90
6 62 90
62 88 90
41 40 91
65 41 91
40 73 91
73 53 91
53 89 91
89 65 91
67 72 92
69 47 92
45 69 92
72 45 92
47 83 92
83 67 92
