85
1 0 0
0 1 0
0 0 1
0.0555555 0.944444 0
0.111111 0.888889 0
0.166667 0.833333 0
0.222222 0.777778 0
0.277778 0.722222 0
0.333333 0.666667 0
0.388889 0.611111 0
0.444444 0.555556 0
0.5 0.5 0
0.555556 0.444444 0
0.611111 0.388889 0
0.666667 0.333333 0
0.722222 0.277778 0
0.777778 0.222222 0
0.833333 0.166667 0
0.888889 0.111111 0
0.944444 0.0555556 0
0 0.142857 0.857143
0 0.285714 0.714286
0 0.428571 0.571429
0 0.571429 0.428571
0 0.714286 0.285714
0 0.857143 0.142857
0.933333 0 0.0666667
0.866667 0 0.133333
0.8 0 0.2
0.733333 0 0.266667
0.666667 0 0.333333
0.6 0 0.4
0.533333 0 0.466667
0.466667 0 0.533333
0.4 0 0.6
0.333333 0 0.666667
0.266667 0 0.733333
0.2 0 0.8
0.133333 0 0.866667
0.0666666 0 0.933333
0.636244 0.0991057 0.26465
0.101616 0.47198 0.426404
0.267853 0.126812 0.605335
0.157353 0.613197 0.229449
0.492266 0.374293 0.133441
0.0508208 0.354535 0.594645
0.74007 0.136705 0.123225
0.388328 0.288024 0.323649
0.177474 0.263058 0.559468
0.278248 0.610486 0.111266
0.0531493 0.170156 0.776694
0.32164 0.522794 0.155566
0.0412058 0.6424 0.316394
0.447722 0.118261 0.434017
0.382489 0.139167 0.478344
0.500831 0.233009 0.266159
0.648624 0.214327 0.137049
0.249757 0.25034 0.499903
0.580496 0.244812 0.174692
0.545827 0.331117 0.123056
0.12436 0.137641 0.737999
0.325647 0.244391 0.429962
0.788321 0.0971276 0.114551
0.222204 0.371074 0.406722
0.169372 0.445444 0.385184
0.0735627 0.752884 0.173553
0.386882 0.500224 0.112894
0.429055 0.413966 0.156979
0.516049 0.116087 0.367864
0.691962 0.121294 0.186744
0.218394 0.617303 0.164303
0.110242 0.300377 0.589381
0.582457 0.119964 0.297579
0.0466791 0.835027 0.118294
0.137647 0.741521 0.120831
0.353861 0.39344 0.2527
0.0451801 0.511529 0.443291
0.0922025 0.623119 0.284679
0.198896 0.119679 0.681424
0.24529 0.499509 0.255201
0.320943 0.102045 0.577011
0.838807 0.0733875 0.0878051
0.907816 0.0420713 0.0501122
0.441483 0.263404 0.295114
0.286607 0.3829 0.330493


3 1 25
0 19 26
31 30 40
37 36 42
12 11 44
22 21 45
16 15 46
8 7 49
20 2 50
2 39 50
21 20 50
45 21 50
9 8 51
8 49 51
24 23 52
34 33 53
35 34 54
34 53 54
15 14 56
14 13 58
56 14 58
12 44 59
44 55 59
13 12 59
58 13 59
55 58 59
39 38 60
50 39 60
54 47 61
57 42 61
17 16 62
16 46 62
29 28 62
46 29 62
48 57 63
43 41 64
48 63 64
24 52 65
10 9 66
9 51 66
11 10 67
44 11 67
10 66 67
33 32 68
53 33 68
55 53 68
58 55 68
30 29 69
29 46 69
40 30 69
56 40 69
46 15 69
15 56 69
7 6 70
6 43 70
49 7 70
43 64 70
45 50 71
50 60 71
60 48 71
41 45 71
64 41 71
48 64 71
32 31 72
31 40 72
40 56 72
56 58 72
58 68 72
68 32 72
4 3 73
65 4 73
3 25 73
25 24 73
24 65 73
6 5 74
43 6 74
5 4 74
4 65 74
66 51 75
61 47 75
47 67 75
67 66 75
22 45 76
45 41 76
23 22 76
52 23 76
43 74 77
65 52 77
74 65 77
41 43 77
76 41 77
52 76 77
37 42 78
42 57 78
57 48 78
38 37 78
60 38 78
48 60 78
51 49 79
49 70 79
64 63 79
70 64 79
36 35 80
42 36 80
35 54 80
54 61 80
61 42 80
18 17 81
27 18 81
28 27 81
17 62 81
62 28 81
19 18 82
18 27 82
26 19 82
27 26 82
47 54 83
54 53 83
55 44 83
53 55 83
44 67 83
67 47 83
57 61 84
61 75 84
75 51 84
63 57 84
51 79 84
79 63 84
