94
1 0 0
0 1 0
0 0 1
0.0555556 0.944444 0
0.111111 0.888889 0
0.166667 0.833333 0
0.222222 0.777778 0
0.277778 0.722222 0
0.333333 0.666667 0
0.388889 0.611111 0
0.444444 0.555556 0
0.5 0.5 0
0.555556 0.444444 0
0.611111 0.388889 0
0.666667 0.333333 0
0.722222 0.277778 0
0.777778 0.222222 0
0.833333 0.166667 0
0.888889 0.111111 0
0.944444 0.0555556 0
0 0.125 0.875
0 0.25 0.75
0 0.375 0.625
0 0.5 0.5
0 0.625 0.375
0 0.75 0.25
0 0.875 0.125
0.933333 0 0.0666667
0.866667 0 0.133333
0.8 0 0.2
0.733333 0 0.266667
0.666667 0 0.333333
0.6 0 0.4
0.533333 0 0.466667
0.466667 0 0.533333
0.4 0 0.6
0.333333 0 0.666667
0.266667 0 0.733333
0.2 0 0.8
0.133333 0 0.866667
0.0666667 0 0.933333
0.632096 0.121016 0.246888
0.0988576 0.509081 0.392061
0.268789 0.141225 0.589986
0.152356 0.60136 0.246284
0.494823 0.382825 0.122352
0.0518066 0.370069 0.578125
0.741855 0.12031 0.137835
0.391987 0.246792 0.36122
0.18171 0.258724 0.559566
0.27847 0.609758 0.111772
0.0561329 0.143851 0.800016
0.321842 0.522671 0.155487
0.43606 0.0856928 0.478248
0.37606 0.122969 0.500971
0.500811 0.254032 0.245157
0.656488 0.235444 0.108068
0.112181 0.386706 0.501113
0.55925 0.0967599 0.34399
0.252779 0.261952 0.485269
0.581829 0.234692 0.183479
0.547504 0.333761 0.118735
0.133159 0.130283 0.736558
0.328609 0.248467 0.422924
0.788428 0.0966535 0.114919
0.222998 0.373854 0.403148
0.08026 0.781606 0.138134
0.387059 0.488646 0.124295
0.439781 0.434406 0.125814
0.500166 0.127568 0.372266
0.0480796 0.849072 0.102849
0.691747 0.0878338 0.22042
0.317554 0.100023 0.582424
0.178459 0.485641 0.3359
0.218428 0.631804 0.149768
0.116688 0.258264 0.625048
0.104316 0.678059 0.217626
0.0484167 0.579892 0.371691
0.064906 0.274826 0.660268
0.339999 0.400351 0.259649
0.250802 0.499201 0.249997
0.443789 0.312359 0.243851
0.204061 0.0798343 0.716105
0.168971 0.715325 0.115703
0.0408478 0.465169 0.493984
0.287186 0.379152 0.333661
0.703855 0.184976 0.111169
0.83966 0.0752601 0.0850804
0.906568 0.0448938 0.0485381
0.0431451 0.688558 0.268297
0.165071 0.358991 0.475939
0.439974 0.19028 0.369747
0.207365 0.17357 0.619064
0.386611 0.359025 0.254364


3 1 26
0 19 27
32 31 41
12 11 45
22 21 46
8 7 50
20 2 51
2 40 51
21 20 51
9 8 52
8 50 52
35 34 53
36 35 54
35 53 54
15 14 56
42 46 57
33 32 58
32 41 58
14 13 60
56 14 60
41 56 60
58 41 60
12 45 61
45 55 61
13 12 61
60 13 61
55 60 61
40 39 62
51 40 62
54 48 63
59 43 63
17 16 64
16 47 64
30 29 64
47 30 64
49 59 65
5 4 66
10 9 67
9 52 67
11 10 68
45 11 68
10 67 68
34 33 69
33 58 69
53 34 69
58 60 69
60 55 69
4 3 70
66 4 70
3 26 70
26 25 70
25 66 70
31 30 71
30 47 71
41 31 71
37 36 72
43 37 72
36 54 72
54 63 72
63 43 72
44 42 73
42 57 73
7 6 74
50 7 74
44 73 74
62 49 75
51 62 75
5 66 76
42 44 76
24 23 77
42 76 77
46 21 78
21 51 78
51 75 78
57 46 78
75 57 78
67 52 79
52 50 80
73 65 80
50 74 80
74 73 80
55 45 81
45 68 81
38 37 82
37 43 82
39 38 82
62 39 82
44 74 83
74 6 83
6 5 83
5 76 83
76 44 83
23 22 84
22 46 84
46 42 84
42 77 84
77 23 84
59 63 85
63 79 85
65 59 85
80 65 85
79 52 85
52 80 85
16 15 86
47 16 86
56 41 86
41 71 86
71 47 86
15 56 86
18 17 87
28 18 87
29 28 87
17 64 87
64 29 87
19 18 88
18 28 88
27 19 88
28 27 88
25 24 89
66 25 89
76 66 89
24 77 89
77 76 89
49 65 90
65 73 90
73 57 90
57 75 90
75 49 90
48 54 91
54 53 91
53 69 91
69 55 91
81 48 91
55 81 91
43 59 92
82 43 92
59 49 92
49 62 92
62 82 92
63 48 93
79 63 93
68 67 93
67 79 93
48 81 93
81 68 93
