111
1 0 0
0 1 0
0 0 1
0.0555555 0.944444 0
0.111111 0.888889 0
0.166667 0.833333 0
0.222222 0.777778 0
0.277778 0.722222 0
0.333333 0.666667 0
0.388889 0.611111 0
0.444444 0.555556 0
0.5 0.5 0
0.555556 0.444444 0
0.611111 0.388889 0
0.666667 0.333333 0
0.722222 0.277778 0
0.777778 0.222222 0
0.833333 0.166667 0
0.888889 0.111111 0
0.944444 0.0555556 0
0 0.125 0.875
0 0.25 0.75
0 0.375 0.625
0 0.5 0.5
0 0.625 0.375
0 0.75 0.25
0 0.875 0.125
0.95 0 0.05
0.9 0 0.1
0.85 0 0.15
0.8 0 0.2
0.75 0 0.25
0.7 0 0.3
0.65 0 0.35
0.6 0 0.4
0.55 0 0.45
0.5 0 0.5
0.45 0 0.55
0.4 0 0.6
0.35 0 0.65
0.3 0 0.7
0.25 0 0.75
0.2 0 0.8
0.15 0 0.85
0.1 0 0.9
0.05 0 0.95
0.635892 0.116437 0.247671
0.0882083 0.499878 0.411914
0.282053 0.132028 0.58592
0.163173 0.612458 0.224368
0.477107 0.403821 0.119071
0.656249 0.25959 0.0841603
0.0363727 0.357152 0.606475
0.685416 0.126889 0.187694
0.760422 0.152313 0.0872647
0.391072 0.254041 0.354887
0.170325 0.261251 0.568424
0.272278 0.635119 0.0926025
0.0510637 0.125616 0.82332
0.323734 0.527844 0.148422
0.0498317 0.628562 0.321606
0.38256 0.13024 0.4872
0.198612 0.328254 0.473134
0.49051 0.243131 0.266359
0.267516 0.508225 0.224259
0.579717 0.3331 0.0871827
0.810385 0.0967252 0.0928896
0.204318 0.670773 0.124909
0.572815 0.227542 0.199642
0.0828604 0.374532 0.542607
0.135596 0.127416 0.736988
0.341081 0.265265 0.393654
0.255362 0.263479 0.481159
0.0854303 0.822818 0.0917513
0.233295 0.408575 0.358129
0.443197 0.349101 0.207702
0.415288 0.480858 0.103855
0.855681 0.075325 0.0689942
0.498952 0.10825 0.392798
0.0791227 0.715582 0.205295
0.444291 0.231721 0.323987
0.223383 0.178531 0.598087
0.176157 0.47784 0.346004
0.123902 0.266824 0.609274
0.546038 0.12988 0.324083
0.387843 0.394262 0.217895
0.0412107 0.853931 0.104858
0.336698 0.0840986 0.579203
0.133146 0.732213 0.13464
0.706045 0.210189 0.0837661
0.533103 0.376633 0.090264
0.334274 0.391411 0.274315
0.596774 0.0969846 0.306242
0.0415159 0.498329 0.460155
0.523135 0.280112 0.196753
0.212073 0.541707 0.24622
0.740716 0.0970376 0.162246
0.0728449 0.232884 0.694272
0.117027 0.584127 0.298846
0.10059 0.0959561 0.803454
0.444151 0.115847 0.440002
0.137058 0.404001 0.458941
0.21907 0.0748697 0.70606
0.363105 0.541858 0.0950367
0.622712 0.237016 0.140272
0.28812 0.349415 0.362464
0.919976 0.0420051 0.0380189
0.175244 0.14615 0.678606
0.0331962 0.75873 0.208074
0.313297 0.203096 0.483607
0.258153 0.0707821 0.671065


0 19 27
20 2 45
33 32 46
11 10 50
14 13 51
22 21 52
23 22 52
32 31 53
46 32 53
16 15 54
7 6 57
8 7 57
21 20 58
20 45 58
45 44 58
8 57 59
25 24 60
38 37 61
59 57 64
13 12 65
17 16 66
16 54 66
30 29 66
54 30 66
6 5 67
57 6 67
64 57 67
43 42 70
61 55 71
4 3 73
62 72 74
63 50 75
10 9 76
50 10 76
75 50 76
18 17 77
28 18 77
29 28 77
17 66 77
66 29 77
36 35 78
63 75 80
78 63 80
48 72 81
62 56 81
72 62 81
62 74 82
35 34 84
63 78 84
78 35 84
75 76 85
55 80 85
80 75 85
3 1 86
1 26 86
73 3 86
79 73 86
40 39 87
48 40 87
39 38 87
38 61 87
5 4 88
49 67 88
67 5 88
4 73 88
73 79 88
15 14 89
14 51 89
51 53 89
54 15 89
12 11 90
65 12 90
11 50 90
68 65 90
59 64 91
85 59 91
71 55 91
55 85 91
34 33 92
33 46 92
46 68 92
68 84 92
84 34 92
24 23 93
47 60 93
60 24 93
69 47 93
23 52 93
52 69 93
63 84 94
84 68 94
50 63 94
90 50 94
68 90 94
64 67 95
67 49 95
74 64 95
49 82 95
82 74 95
31 30 96
30 54 96
53 31 96
89 53 96
54 89 96
52 21 97
21 58 97
69 52 97
83 69 97
70 83 97
60 47 98
79 60 98
82 49 98
49 88 98
88 79 98
44 43 99
43 70 99
58 44 99
70 97 99
97 58 99
55 61 100
61 37 100
37 36 100
36 78 100
80 55 100
78 80 100
56 62 101
47 69 101
62 82 101
69 83 101
83 56 101
82 98 101
98 47 101
42 41 102
9 8 103
8 59 103
76 9 103
59 85 103
85 76 103
46 53 104
53 51 104
51 13 104
13 65 104
65 68 104
68 46 104
74 72 105
64 74 105
91 64 105
71 91 105
19 18 106
18 28 106
27 19 106
28 27 106
56 83 107
83 70 107
70 42 107
42 102 107
81 56 107
102 81 107
25 60 108
60 79 108
26 25 108
86 26 108
79 86 108
61 71 109
87 61 109
72 48 109
48 87 109
71 105 109
105 72 109
41 40 110
40 48 110
48 81 110
81 102 110
102 41 110
