109
1 0 0
0 1 0
0 0 1
0.0555555 0.944444 0
0.111111 0.888889 0
0.166667 0.833333 0
0.222222 0.777778 0
0.277778 0.722222 0
0.333333 0.666667 0
0.388889 0.611111 0
0.444444 0.555556 0
0.5 0.5 0
0.555556 0.444444 0
0.611111 0.388889 0
0.666667 0.333333 0
0.722222 0.277778 0
0.777778 0.222222 0
0.833333 0.166667 0
0.888889 0.111111 0
0.944444 0.0555556 0
0 0.125 0.875
0 0.25 0.75
0 0.375 0.625
0 0.5 0.5
0 0.625 0.375
0 0.75 0.25
0 0.875 0.125
0.947368 0 0.0526316
0.894737 0 0.105263
0.842105 0 0.157895
0.789474 0 0.210526
0.736842 0 0.263158
0.684211 0 0.315789
0.631579 0 0.368421
0.578947 0 0.421053
0.526316 0 0.473684
0.473684 0 0.526316
0.421053 0 0.578947
0.368421 0 0.631579
0.31579 0 0.68421
0.263158 0 0.736842
0.210526 0 0.789474
0.157895 0 0.842105
0.105263 0 0.894737
0.0526316 0 0.947368
0.638403 0.0980186 0.263578
0.0947624 0.475852 0.429386
0.280786 0.122912 0.596302
0.163625 0.612375 0.223999
0.475846 0.406927 0.117227
0.034624 0.360821 0.604555
0.677906 0.131506 0.190588
0.759189 0.153092 0.0877188
0.395838 0.258173 0.34599
0.168385 0.24266 0.588955
0.270928 0.622298 0.106774
0.0437391 0.132401 0.82386
0.31539 0.490443 0.194167
0.050254 0.627375 0.322371
0.434616 0.110672 0.454712
0.382495 0.122764 0.494741
0.497334 0.242131 0.260536
0.642147 0.268859 0.0889939
0.579042 0.3241 0.0968582
0.540269 0.111799 0.347932
0.255886 0.260688 0.483426
0.348404 0.557869 0.0937264
0.196311 0.690985 0.112704
0.558571 0.217892 0.223537
0.0751714 0.373852 0.550976
0.130719 0.155838 0.713443
0.342485 0.244744 0.412771
0.0850947 0.824732 0.0901732
0.236877 0.384188 0.378934
0.148678 0.408498 0.442824
0.825738 0.0908632 0.0833987
0.437623 0.339149 0.223228
0.412151 0.483795 0.104055
0.078264 0.71887 0.202866
0.488626 0.111698 0.399675
0.449082 0.210737 0.340181
0.227326 0.159522 0.613151
0.187675 0.477908 0.334417
0.117877 0.309643 0.57248
0.379941 0.41818 0.20188
0.0411528 0.854654 0.104193
0.333375 0.113215 0.55341
0.132096 0.734693 0.133211
0.526668 0.317224 0.156108
0.52812 0.403238 0.0686413
0.344973 0.370252 0.284775
0.300792 0.222771 0.476437
0.699348 0.218416 0.0822363
0.591431 0.107732 0.300837
0.253283 0.489784 0.256933
0.0414791 0.498503 0.460018
0.0934389 0.0887042 0.817857
0.214875 0.575665 0.20946
0.732283 0.104188 0.163529
0.0713422 0.235176 0.693482
0.118948 0.582396 0.298657
0.202546 0.318564 0.47889
0.292038 0.361911 0.346051
0.182263 0.106116 0.711621
0.0326339 0.760139 0.207227
0.917291 0.0446236 0.0380857
0.0242867 0.0573494 0.918364
0.614515 0.20475 0.180736
0.224999 0.0645896 0.710411


0 19 27
33 32 45
40 39 47
11 10 49
22 21 50
23 22 50
32 31 51
45 32 51
16 15 52
7 6 55
8 7 55
21 20 56
25 24 58
37 36 59
38 37 60
37 59 60
59 53 60
14 13 62
13 12 63
62 13 63
35 34 64
9 8 66
8 55 66
55 57 66
6 5 67
55 6 67
61 64 68
60 53 71
4 3 72
18 17 75
28 18 75
29 28 75
17 16 75
16 52 75
30 29 75
52 30 75
61 49 76
10 9 77
49 10 77
76 49 77
9 66 77
36 35 79
59 36 79
35 64 79
64 61 79
53 59 80
59 79 80
76 53 80
61 76 80
79 61 80
47 65 81
70 54 83
46 69 83
74 46 83
54 74 83
53 76 84
76 77 84
66 57 84
77 66 84
3 1 85
1 26 85
72 3 85
78 72 85
39 38 86
47 39 86
38 60 86
60 71 86
48 67 87
67 5 87
5 4 87
4 72 87
72 78 87
49 61 88
61 68 88
68 63 88
12 11 89
11 49 89
49 88 89
63 12 89
88 63 89
84 57 90
71 53 90
53 84 90
65 47 91
47 86 91
86 71 91
15 14 92
52 15 92
14 62 92
62 51 92
34 33 93
33 45 93
64 34 93
68 64 93
57 55 94
82 73 94
24 23 95
58 24 95
46 58 95
69 46 95
23 50 95
50 69 95
44 43 96
56 44 96
43 42 96
42 70 96
55 67 97
94 55 97
67 48 97
48 82 97
82 94 97
31 30 98
30 52 98
51 31 98
92 51 98
52 92 98
50 21 99
21 56 99
69 50 99
70 83 99
83 69 99
56 96 99
96 70 99
46 74 100
58 46 100
78 58 100
74 82 100
82 48 100
48 87 100
87 78 100
65 73 101
74 54 101
54 81 101
81 65 101
73 82 101
82 74 101
73 65 102
65 91 102
71 90 102
91 71 102
94 73 102
90 57 102
57 94 102
42 41 103
70 42 103
54 70 103
81 54 103
25 58 104
58 78 104
26 25 104
85 26 104
78 85 104
19 18 105
18 28 105
27 19 105
28 27 105
20 2 106
2 44 106
44 56 106
56 20 106
45 51 107
51 62 107
62 63 107
63 68 107
68 93 107
93 45 107
41 40 108
40 47 108
47 81 108
81 103 108
103 41 108
