93
1 0 0
0 1 0
0 0 1
0.0555555 0.944444 0
0.111111 0.888889 0
0.166667 0.833333 0
0.222222 0.777778 0
0.277778 0.722222 0
0.333333 0.666667 0
0.388889 0.611111 0
0.444444 0.555556 0
0.5 0.5 0
0.555556 0.444444 0
0.611111 0.388889 0
0.666667 0.333333 0
0.722222 0.277778 0
0.777778 0.222222 0
0.833333 0.166667 0
0.888889 0.111111 0
0.944444 0.0555556 0
0 0.111111 0.888889
0 0.222222 0.777778
0 0.333333 0.666667
0 0.444444 0.555556
0 0.555556 0.444444
0 0.666667 0.333333
0 0.777778 0.222222
0 0.888889 0.111111
0.923077 0 0.0769231
0.846154 0 0.153846
0.769231 0 0.230769
0.692308 0 0.307692
0.615385 0 0.384615
0.538462 0 0.461538
0.461538 0 0.538462
0.384615 0 0.615385
0.307692 0 0.692308
0.230769 0 0.769231
0.153846 0 0.846154
0.076923 0 0.923077
0.626694 0.129128 0.244178
0.11647 0.508199 0.375331
0.277174 0.136653 0.586174
0.152385 0.612052 0.235563
0.482277 0.401335 0.116388
0.430837 0.0890526 0.48011
0.752322 0.105433 0.142245
0.401701 0.251155 0.347144
0.173571 0.250288 0.576141
0.270247 0.619829 0.109924
0.314951 0.530748 0.1543
0.377112 0.141614 0.481274
0.473527 0.215741 0.310732
0.655837 0.22964 0.114523
0.124675 0.398326 0.476999
0.88538 0.0480842 0.0665353
0.554418 0.0870063 0.358576
0.251143 0.25165 0.497206
0.823366 0.0716618 0.104973
0.578481 0.232422 0.189097
0.534857 0.330682 0.134461
0.0559997 0.31926 0.62474
0.1324 0.146013 0.721587
0.227124 0.384961 0.387915
0.0755195 0.772369 0.152111
0.386552 0.497243 0.116204
0.138364 0.708682 0.152955
0.496598 0.129711 0.373691
0.100846 0.198578 0.700575
0.0480945 0.855875 0.0960306
0.181348 0.471648 0.347003
0.392742 0.369682 0.237576
0.705667 0.178261 0.116072
0.306687 0.336665 0.356648
0.0466329 0.509019 0.444349
0.213215 0.678097 0.108688
0.201042 0.0706245 0.728334
0.064413 0.0957605 0.839827
0.0574783 0.663279 0.279242
0.115399 0.298203 0.586398
0.327271 0.429583 0.243146
0.319994 0.0688991 0.611107
0.331207 0.240595 0.428198
0.676909 0.080063 0.243028
0.199635 0.571662 0.228703
0.248161 0.515422 0.236417
0.197572 0.153136 0.649293
0.0838067 0.595469 0.320724
0.458646 0.313935 0.227419
0.0540004 0.420322 0.525678
0.0485234 0.200941 0.750535
0.441787 0.465052 0.0931618
0.13292 0.0680328 0.799047


3 1 27
0 19 28
12 11 44
35 34 45
17 16 46
31 30 46
8 7 49
9 8 50
8 49 50
35 45 51
47 51 52
51 45 52
15 14 53
19 18 55
28 19 55
29 28 55
33 32 56
32 40 56
34 33 56
18 17 58
30 29 58
17 46 58
46 30 58
29 55 58
55 18 58
14 13 59
53 14 59
40 53 59
56 40 59
13 12 60
12 44 60
52 59 60
59 13 60
22 21 61
48 57 63
5 4 64
26 25 64
10 9 65
9 50 65
6 5 66
5 64 66
45 34 67
34 56 67
52 45 67
56 59 67
59 52 67
62 48 68
4 3 69
3 27 69
27 26 69
26 64 69
64 4 69
41 54 70
54 63 70
16 15 72
46 16 72
15 53 72
53 40 72
63 57 73
24 23 74
7 6 75
49 7 75
6 66 75
66 43 75
38 37 76
37 42 76
20 2 77
2 39 77
62 68 77
25 24 78
64 25 78
66 64 78
48 63 79
63 54 79
68 48 79
54 61 79
50 63 80
63 73 80
65 50 80
71 65 80
73 71 80
37 36 81
42 37 81
36 35 81
35 51 81
51 42 81
42 51 82
51 47 82
57 42 82
73 57 82
47 71 82
71 73 82
32 31 83
40 32 83
72 40 83
31 46 83
46 72 83
43 41 84
41 70 84
49 75 84
75 43 84
50 49 85
63 50 85
70 63 85
49 84 85
84 70 85
57 48 86
48 62 86
42 57 86
76 42 86
41 43 87
74 41 87
43 66 87
66 78 87
24 74 87
78 24 87
47 52 88
52 60 88
60 44 88
44 71 88
71 47 88
23 22 89
22 61 89
54 41 89
61 54 89
74 23 89
41 74 89
21 20 90
61 21 90
20 77 90
77 68 90
68 79 90
79 61 90
11 10 91
10 65 91
44 11 91
71 44 91
65 71 91
39 38 92
38 76 92
62 77 92
77 39 92
76 86 92
86 62 92
