60
1 0 0
0 1 0
0 0 1
0.0555556 0.944444 0
0.111111 0.888889 0
0.166667 0.833333 0
0.222222 0.777778 0
0.277778 0.722222 0
0.333333 0.666667 0
0.388889 0.611111 0
0.444444 0.555556 0
0.5 0.5 0
0.555556 0.444444 0
0.611111 0.388889 0
0.666667 0.333333 0
0.722222 0.277778 0
0.777778 0.222222 0
0.833333 0.166667 0
0.888889 0.111111 0
0.944444 0.0555556 0
0 0.111111 0.888889
0 0.222222 0.777778
0 0.333333 0.666667
0 0.444444 0.555556
0 0.555556 0.444444
0 0.666667 0.333333
0 0.777778 0.222222
0 0.888889 0.111111
0.9 0 0.1
0.8 0 0.2
0.7 0 0.3
0.6 0 0.4
0.5 0 0.5
0.4 0 0.6
0.3 0 0.7
0.2 0 0.8
0.1 0 0.9
0.642481 0.123396 0.234123
0.101472 0.491882 0.406646
0.278532 0.156698 0.56477
0.717297 0.10576 0.176943
0.189975 0.266032 0.543993
0.404828 0.163923 0.431248
0.449206 0.284861 0.265933
0.251316 0.502427 0.246256
0.124865 0.411449 0.463687
0.132115 0.620916 0.246969
0.270103 0.250056 0.479841
0.548221 0.228966 0.222813
0.407747 0.342614 0.249639
0.0756516 0.777689 0.146659
0.210129 0.579768 0.210103
0.142054 0.318285 0.539661
0.556766 0.138734 0.3045
0.299353 0.443204 0.257443
0.803968 0.0730933 0.122939
0.354482 0.396157 0.249361
0.0987338 0.704887 0.196379
0.135174 0.12437 0.740456
0.439799 0.101614 0.458587


3 1 27
4 3 27
26 4 27
0 19 28
19 18 29
28 19 29
16 15 37
32 31 37
23 22 38
36 35 39
17 16 40
30 17 40
31 30 40
16 37 40
37 31 40
35 34 42
39 35 42
13 12 43
42 13 43
39 42 43
9 8 44
22 21 45
38 22 45
7 6 46
24 23 46
23 38 46
14 13 48
13 42 48
12 11 49
43 12 49
39 43 49
47 39 49
5 4 50
4 26 50
26 25 50
8 7 51
38 45 51
44 8 51
45 44 51
7 46 51
46 38 51
21 20 52
20 41 52
45 21 52
44 45 52
32 37 53
37 15 53
15 14 53
14 48 53
33 32 53
10 9 54
9 44 54
52 41 54
44 52 54
18 17 55
17 30 55
29 18 55
30 29 55
11 10 56
47 49 56
49 11 56
41 47 56
54 41 56
10 54 56
6 5 57
25 24 57
24 46 57
46 6 57
5 50 57
50 25 57
20 2 58
41 20 58
2 36 58
47 41 58
36 39 58
39 47 58
34 33 59
42 34 59
48 42 59
33 53 59
53 48 59
