126
1 0 0
0 1 0
0 0 1
0.0526316 0.947368 0
0.105263 0.894737 0
0.157895 0.842105 0
0.210526 0.789474 0
0.263158 0.736842 0
0.315789 0.684211 0
0.368421 0.631579 0
0.421053 0.578947 0
0.473684 0.526316 0
0.526316 0.473684 0
0.578947 0.421053 0
0.631579 0.368421 0
0.684211 0.315789 0
0.736842 0.263158 0
0.789474 0.210526 0
0.842105 0.157895 0
0.894737 0.105263 0
0.947368 0.0526316 0
0 0.0555556 0.944444
0 0.111111 0.888889
0 0.166667 0.833333
0 0.222222 0.777778
0 0.277778 0.722222
0 0.333333 0.666667
0 0.388889 0.611111
0 0.444444 0.555556
0 0.5 0.5
0 0.555556 0.444444
0 0.611111 0.388889
0 0.666667 0.333333
0 0.722222 0.277778
0 0.777778 0.222222
0 0.833333 0.166667
0 0.888889 0.111111
0 0.944444 0.0555556
0.888889 0 0.111111
0.777778 0 0.222222
0.666667 0 0.333333
0.555556 0 0.444444
0.444444 0 0.555556
0.333333 0 0.666667
0.222222 0 0.777778
0.111111 0 0.888889
0.83633 0.0365751 0.127095
0.616439 0.120132 0.263429
0.103984 0.500227 0.395789
0.262924 0.147093 0.589983
0.166287 0.612282 0.221431
0.485627 0.409505 0.104868
0.433658 0.0705524 0.495789
0.633945 0.277309 0.0887455
0.750966 0.17102 0.0780137
0.723363 0.120102 0.156535
0.392609 0.25083 0.356562
0.671348 0.0644665 0.264185
0.177627 0.262717 0.559656
0.265463 0.629543 0.104994
0.293552 0.523767 0.182681
0.384201 0.134862 0.480938
0.182625 0.334665 0.482711
0.493856 0.22938 0.276763
0.165781 0.543796 0.290424
0.111339 0.399256 0.489405
0.331268 0.579651 0.0890817
0.57658 0.329538 0.0938827
0.549903 0.0752189 0.374878
0.157835 0.194627 0.647539
0.188823 0.685605 0.125573
0.589521 0.232583 0.177896
0.144074 0.129697 0.726228
0.553944 0.176283 0.269772
0.509131 0.285296 0.205573
0.280332 0.246731 0.472937
0.654665 0.175813 0.169522
0.0800744 0.843612 0.0763138
0.225697 0.383843 0.390459
0.80344 0.0766636 0.119897
0.100848 0.792918 0.106234
0.458534 0.346888 0.194578
0.0890098 0.304927 0.606063
0.246682 0.0387286 0.714589
0.0804288 0.695583 0.223988
0.496087 0.124558 0.379355
0.238794 0.206284 0.554922
0.344692 0.0448118 0.610496
0.303202 0.465804 0.230994
0.409138 0.443074 0.147788
0.395232 0.388647 0.216121
0.149638 0.0689263 0.781436
0.0820835 0.245316 0.672601
0.19686 0.48594 0.317199
0.317824 0.348572 0.333604
0.0991067 0.739562 0.161332
0.403095 0.494394 0.102511
0.243432 0.0873664 0.669201
0.440928 0.184423 0.374649
0.691612 0.223763 0.0846252
0.0744728 0.0366844 0.888843
0.33716 0.196505 0.466335
0.0892234 0.645379 0.265398
0.594825 0.0323565 0.372819
0.0794016 0.587569 0.33303
0.505425 0.0347879 0.459788
0.098913 0.455718 0.445369
0.241143 0.574524 0.184333
0.920573 0.0248448 0.0545827
0.0742375 0.185016 0.740746
0.281002 0.293325 0.425673
0.068783 0.538412 0.392805
0.73692 0.0363536 0.226727
0.390838 0.541408 0.0677545
0.334243 0.0937623 0.571995
0.073127 0.356171 0.570702
0.160879 0.02758 0.811541
0.545989 0.376853 0.0771582
0.311186 0.411172 0.277642
0.810889 0.12612 0.0629913
0.393042 0.303123 0.303834
0.20508 0.434159 0.360761
0.0684397 0.0865792 0.844981
0.0427764 0.916104 0.0411194
0.180302 0.74938 0.0703183
0.0581539 0.134728 0.807118


3 1 37
39 38 46
13 12 51
16 15 53
18 17 54
55 47 57
9 8 59
28 27 65
10 9 66
9 59 66
15 14 67
53 15 67
57 47 68
8 7 70
59 8 70
50 59 70
49 69 72
71 63 73
56 63 74
53 67 74
63 71 74
71 53 74
47 55 76
55 54 76
73 47 76
71 73 76
5 4 77
4 36 77
36 35 77
65 62 78
20 19 79
46 20 79
55 57 79
6 5 80
5 77 80
35 34 80
77 35 80
74 67 81
26 25 82
58 62 82
44 43 83
33 32 84
61 52 85
52 68 85
68 47 85
47 73 85
58 69 86
75 58 86
69 49 86
43 42 87
42 52 87
83 43 87
51 12 89
81 51 90
51 89 90
25 24 92
69 58 92
58 82 92
82 25 92
60 64 93
88 60 93
64 48 93
78 62 94
81 90 94
34 33 95
33 84 95
80 34 95
84 70 95
12 11 96
89 12 96
60 88 96
88 89 96
83 87 97
49 72 97
72 91 97
91 83 97
63 56 98
73 63 98
61 85 98
85 73 98
17 16 99
16 53 99
53 71 99
54 17 99
76 54 99
71 76 99
21 2 100
2 45 100
49 61 101
86 49 101
61 98 101
56 75 101
98 56 101
75 86 101
32 31 102
84 32 102
50 70 102
70 84 102
41 40 103
40 57 103
57 68 103
31 30 104
64 50 104
50 102 104
102 31 104
42 41 105
52 42 105
68 52 105
41 103 105
103 68 105
29 28 106
48 29 106
28 65 106
93 48 106
59 50 107
66 59 107
50 64 107
64 60 107
60 66 107
0 20 108
38 0 108
20 46 108
46 38 108
24 23 109
72 69 109
69 92 109
92 24 109
62 58 110
58 75 110
94 62 110
75 56 110
30 29 111
29 48 111
48 64 111
64 104 111
104 30 111
40 39 112
57 40 112
39 46 112
46 79 112
79 57 112
11 10 113
10 66 113
96 11 113
66 60 113
60 96 113
52 61 114
87 52 114
61 49 114
49 97 114
97 87 114
27 26 115
65 27 115
62 65 115
82 62 115
26 82 115
45 44 116
44 83 116
83 91 116
91 100 116
100 45 116
14 13 117
13 51 117
67 14 117
51 81 117
81 67 117
89 88 118
90 89 118
78 94 118
94 90 118
19 18 119
18 54 119
54 55 119
55 79 119
79 19 119
56 74 120
74 81 120
81 94 120
94 110 120
110 56 120
65 78 121
106 65 121
93 106 121
88 93 121
118 88 121
78 118 121
91 72 122
22 21 122
21 100 122
100 91 122
4 3 123
3 37 123
36 4 123
37 36 123
7 6 124
6 80 124
80 95 124
70 7 124
95 70 124
23 22 125
72 109 125
109 23 125
22 122 125
122 72 125
