117
1 0 0
0 1 0
0 0 1
0.0526316 0.947368 0
0.105263 0.894737 0
0.157895 0.842105 0
0.210526 0.789474 0
0.263158 0.736842 0
0.315789 0.684211 0
0.368421 0.631579 0
0.421053 0.578947 0
0.473684 0.526316 0
0.526316 0.473684 0
0.578947 0.421053 0
0.631579 0.368421 0
0.684211 0.315789 0
0.736842 0.263158 0
0.789474 0.210526 0
0.842105 0.157895 0
0.894737 0.105263 0
0.947368 0.0526316 0
0 0.0833333 0.916667
0 0.166667 0.833333
0 0.25 0.75
0 0.333333 0.666667
0 0.416667 0.583333
0 0.5 0.5
0 0.583333 0.416667
0 0.666667 0.333333
0 0.75 0.25
0 0.833333 0.166667
0 0.916667 0.0833333
0.923077 0 0.0769231
0.846154 0 0.153846
0.769231 0 0.230769
0.692308 0 0.307692
0.615385 0 0.384615
0.538462 0 0.461538
0.461538 0 0.538462
0.384615 0 0.615385
0.307692 0 0.692308
0.230769 0 0.769231
0.153846 0 0.846154
0.0769231 0 0.923077
0.641081 0.112664 0.246255
0.0936475 0.491253 0.415099
0.275479 0.143309 0.581212
0.159204 0.616731 0.224065
0.487887 0.39902 0.113092
0.803936 0.0695901 0.126473
0.425068 0.0757327 0.499199
0.743308 0.122371 0.134321
0.396636 0.251241 0.352122
0.177692 0.24308 0.579228
0.283108 0.623421 0.0934718
0.0555423 0.145796 0.798662
0.310601 0.520174 0.169226
0.0412501 0.632517 0.326233
0.363082 0.137956 0.498962
0.176117 0.334323 0.48956
0.491825 0.232209 0.275966
0.645189 0.280494 0.0743171
0.157649 0.541776 0.300575
0.123029 0.398608 0.478363
0.586487 0.329281 0.0842316
0.877103 0.0491916 0.073705
0.559902 0.0782217 0.361876
0.256766 0.234103 0.50913
0.207943 0.683554 0.108503
0.354651 0.0560457 0.589303
0.575621 0.249794 0.174584
0.0529712 0.338485 0.608544
0.132399 0.137075 0.730526
0.567048 0.166989 0.265963
0.162016 0.759069 0.0789152
0.648639 0.204268 0.147093
0.0781792 0.834332 0.087489
0.451052 0.318777 0.230171
0.394931 0.512701 0.0923675
0.128791 0.693872 0.177337
0.207091 0.407661 0.385248
0.495467 0.132006 0.372527
0.106112 0.207807 0.686081
0.736062 0.0494743 0.214464
0.444182 0.456899 0.0989193
0.114663 0.294542 0.590795
0.326644 0.292802 0.380554
0.397286 0.367335 0.235379
0.0487703 0.885864 0.065366
0.524617 0.324987 0.150397
0.712923 0.180309 0.106768
0.125223 0.0617513 0.813025
0.178158 0.480244 0.341598
0.288625 0.0689332 0.642442
0.325473 0.208036 0.466491
0.283785 0.42386 0.292355
0.100902 0.768593 0.130505
0.434552 0.168451 0.396997
0.203039 0.0793834 0.717577
0.323252 0.368109 0.308639
0.0592162 0.0687622 0.872022
0.103968 0.565747 0.330284
0.0539312 0.432788 0.513281
0.205876 0.165178 0.628946
0.249324 0.329321 0.421355
0.676543 0.0610117 0.262446
0.0527727 0.236025 0.711203
0.229136 0.569878 0.200986
0.089596 0.633049 0.277355
0.361023 0.44389 0.195088
0.0490465 0.559514 0.39144
0.0562514 0.707348 0.2364
0.24788 0.482626 0.269493
0.0416331 0.782691 0.175676
0.491535 0.0550265 0.453438
0.351168 0.572545 0.0762865
0.848032 0.0974974 0.0544708


3 1 31
0 20 32
13 12 48
34 33 49
39 38 50
18 17 51
49 18 51
9 8 54
22 21 55
28 27 57
16 15 61
15 14 61
14 13 64
61 14 64
20 19 65
32 20 65
33 32 65
49 33 65
37 36 66
36 44 66
7 6 68
8 7 68
54 8 68
40 39 69
39 50 69
50 58 69
61 64 70
25 24 71
24 23 71
66 44 73
70 60 73
6 5 74
68 6 74
16 61 75
73 44 75
61 70 75
70 73 75
5 4 76
52 60 77
11 10 78
47 68 79
68 74 79
63 59 80
73 60 81
66 73 81
55 72 82
72 53 82
35 34 83
34 49 83
49 51 83
12 11 84
48 12 84
11 78 84
59 63 85
63 71 85
53 59 85
82 53 85
77 48 87
48 84 87
52 77 87
86 52 87
4 3 88
3 31 88
31 30 88
30 76 88
76 4 88
13 48 89
64 13 89
60 70 89
70 64 89
77 60 89
48 77 89
17 16 90
51 17 90
44 51 90
75 44 90
16 75 90
43 42 91
62 45 92
45 63 92
63 80 92
41 40 93
40 69 93
58 46 93
69 58 93
46 58 94
58 52 94
52 86 94
67 46 94
86 67 94
74 5 96
5 76 96
79 74 96
52 58 97
60 52 97
58 50 97
50 81 97
81 60 97
42 41 98
91 42 98
72 91 98
41 93 98
93 46 98
86 87 99
21 2 100
2 43 100
43 91 100
55 21 100
72 55 100
91 72 100
45 62 101
62 47 101
26 25 102
45 26 102
63 45 102
25 71 102
71 63 102
46 67 103
67 53 103
53 72 103
72 98 103
98 46 103
59 53 104
53 67 104
80 59 104
95 80 104
67 86 104
86 99 104
99 95 104
36 35 105
44 36 105
35 83 105
51 44 105
83 51 105
23 22 106
22 55 106
55 82 106
71 23 106
85 71 106
82 85 106
47 62 107
54 68 107
68 47 107
56 54 107
62 92 107
47 79 108
101 47 108
84 78 109
87 84 109
78 56 109
56 95 109
99 87 109
95 99 109
27 26 110
26 45 110
45 101 110
57 27 110
101 108 110
108 57 110
29 28 111
28 57 111
79 96 111
57 108 111
108 79 111
95 56 112
92 80 112
80 95 112
56 107 112
107 92 112
30 29 113
76 30 113
96 76 113
29 111 113
111 96 113
38 37 114
37 66 114
50 38 114
81 50 114
66 81 114
10 9 115
9 54 115
54 56 115
56 78 115
78 10 115
19 18 116
18 49 116
49 65 116
65 19 116
