157
1 0 0
0 1 0
0 0 1
0.0526316 0.947368 0
0.105263 0.894737 0
0.157895 0.842105 0
0.210526 0.789474 0
0.263158 0.736842 0
0.315789 0.684211 0
0.368421 0.631579 0
0.421053 0.578947 0
0.473684 0.526316 0
0.526316 0.473684 0
0.578947 0.421053 0
0.631579 0.368421 0
0.684211 0.315789 0
0.736842 0.263158 0
0.789474 0.210526 0
0.842105 0.157895 0
0.894737 0.105263 0
0.947368 0.0526316 0
0 0.0833334 0.916667
0 0.166667 0.833333
0 0.25 0.75
0 0.333333 0.666667
0 0.416667 0.583333
0 0.5 0.5
0 0.583333 0.416667
0 0.666667 0.333333
0 0.75 0.25
0 0.833333 0.166667
0 0.916667 0.0833333
0.95 0 0.05
0.9 0 0.1
0.85 0 0.15
0.8 0 0.2
0.75 0 0.25
0.7 0 0.3
0.65 0 0.35
0.6 0 0.4
0.55 0 0.45
0.5 0 0.5
0.45 0 0.55
0.4 0 0.6
0.35 0 0.65
0.3 0 0.7
0.25 0 0.75
0.2 0 0.8
0.15 0 0.85
0.1 0 0.9
0.05 0 0.95
0.126698 0.81645 0.056852
0.627441 0.115749 0.25681
0.159809 0.423183 0.417008
0.278498 0.135918 0.585584
0.172246 0.641977 0.185777
0.481457 0.417229 0.101314
0.811997 0.0721319 0.115871
0.407236 0.0717234 0.521041
0.912989 0.047409 0.0396024
0.643641 0.260299 0.0960593
0.0389889 0.343425 0.617586
0.680956 0.141414 0.17763
0.755854 0.179681 0.0644644
0.73308 0.134015 0.132905
0.38594 0.223904 0.390157
0.208505 0.10066 0.690835
0.708716 0.213004 0.0782797
0.255083 0.613828 0.131089
0.0578283 0.156844 0.785327
0.204717 0.564029 0.231254
0.044937 0.626801 0.328262
0.366878 0.133909 0.499213
0.243701 0.234967 0.521331
0.476052 0.238605 0.285343
0.417168 0.285337 0.297495
0.333799 0.384853 0.281349
0.137445 0.556693 0.305862
0.15242 0.358115 0.489465
0.318754 0.583646 0.0976004
0.593402 0.311271 0.0953274
0.465963 0.0246315 0.509406
0.176977 0.195284 0.627738
0.316609 0.185717 0.497674
0.271308 0.530654 0.198038
0.598312 0.226839 0.17485
0.0846666 0.359501 0.555832
0.529592 0.256618 0.21379
0.137362 0.116134 0.746505
0.562936 0.188261 0.248803
0.363046 0.211759 0.425195
0.178313 0.716399 0.105288
0.0820218 0.836045 0.081933
0.269183 0.449925 0.280892
0.139678 0.401611 0.458711
0.793825 0.155122 0.0510525
0.4271 0.374556 0.198343
0.100706 0.899294 0
0.475376 0.326838 0.197786
0.298943 0.116764 0.584293
0.136359 0.667322 0.196319
0.0806588 0.672426 0.246915
0.0482512 0.783654 0.168095
0.504058 0.177739 0.318203
0.0836309 0.265403 0.650966
0.682804 0.233358 0.0838384
0.232717 0.199669 0.567613
0.327786 0.114321 0.557893
0.174315 0.611506 0.214179
0.719422 0.081121 0.199457
0.146645 0.267124 0.586232
0.0498066 0.240859 0.709334
0.381445 0.346605 0.27195
0.416949 0.123556 0.459495
0.295156 0.426806 0.278039
0.295775 0.16667 0.537555
0.0445533 0.0724581 0.882989
0.58037 0.0945939 0.325036
0.341862 0.327135 0.331003
0.0870869 0.587541 0.325372
0.108105 0.223345 0.66855
0.547314 0.321619 0.131068
0.0965401 0.072378 0.831082
0.316784 0.392234 0.290982
0.240978 0.433173 0.325849
0.210077 0.576689 0.213234
0.126287 0.734058 0.139654
0.122868 0.202348 0.674784
0.0396478 0.431248 0.529104
0.370181 0.115358 0.514461
0.411886 0.338368 0.249746
0.556708 0.443292 0
0.76543 0.0860852 0.148485
0.51358 0.242433 0.243987
0.0369253 0.887822 0.0752527
0.218619 0.527145 0.254236
0.473 0.0974797 0.42952
0.627201 0.167963 0.204836
0.227599 0.637558 0.134843
0 0.620884 0.571464
0 0.179035 0.878601
0.376606 0.272932 0.350462
0.232099 0 0.767901
0.342195 0.144361 0.513444
0.426776 0.0450811 0.528143
0.254676 0.127239 0.618085
0.317063 0.459353 0.223584
0.390147 0.486049 0.123804
0.443761 0.321012 0.235227
0.417481 0.157731 0.424788
0.0894379 0.446755 0.463807
0.340145 0.241874 0.417982
0.120339 0.730113 0.149549
0.0173203 0.300376 0.682304
0.198103 0.541953 0.259944
0.401117 0.373921 0.224963
0.261091 0.334464 0.404445


0 20 32
21 2 50
5 4 51
38 37 52
12 11 56
19 18 57
33 19 57
34 33 57
35 34 57
20 19 59
19 33 59
32 20 59
33 32 59
15 14 60
25 24 61
52 37 62
17 16 63
47 46 66
16 15 67
63 16 67
64 63 67
62 64 67
8 7 68
23 22 69
28 27 71
29 28 71
9 8 79
8 68 79
14 13 80
60 14 80
42 41 81
79 68 84
60 80 85
48 47 88
47 66 88
66 82 88
85 87 89
6 5 91
5 51 91
4 3 92
51 4 92
78 53 94
86 78 94
18 17 95
57 18 95
17 63 95
1 3 97
3 4 97
4 5 97
5 6 97
6 7 97
7 8 97
8 9 97
9 10 97
10 11 97
15 16 97
16 17 97
17 18 97
18 19 97
20 0 97
19 20 97
56 96 98
77 100 101
29 71 101
30 29 102
29 101 102
86 61 104
15 60 105
67 15 105
60 62 105
62 67 105
82 66 106
44 43 107
55 100 108
100 77 108
37 36 109
62 37 109
64 62 109
82 78 110
78 86 110
86 104 110
104 61 111
23 69 111
22 21 116
69 22 116
21 50 116
50 49 116
39 38 117
38 52 117
52 89 117
40 39 117
103 40 117
89 103 117
112 76 118
77 101 119
101 71 119
108 100 119
110 104 120
111 69 120
104 111 120
13 12 121
80 13 121
12 56 121
56 98 121
98 87 121
49 48 122
48 88 122
88 69 122
69 116 122
116 49 122
118 76 123
93 114 124
84 68 125
55 108 125
108 70 125
55 91 126
100 55 126
91 51 126
51 92 126
88 82 127
82 110 127
110 120 127
69 88 127
120 69 127
26 25 128
25 61 128
61 86 128
43 58 129
107 43 129
58 113 129
113 72 129
44 107 129
112 75 130
11 12 131
97 11 131
12 13 131
13 14 131
14 15 131
15 97 131
35 57 132
63 64 132
57 95 132
95 63 132
36 35 132
109 36 132
64 109 132
87 98 133
98 74 133
74 103 133
89 87 133
103 89 133
3 1 134
1 31 134
92 3 134
31 30 134
30 102 134
102 92 134
124 93 135
125 70 135
53 93 135
41 40 136
40 103 136
81 41 136
103 74 136
113 81 136
52 62 137
62 60 137
60 85 137
85 89 137
89 52 137
87 80 137
80 121 137
121 87 137
7 6 138
6 91 138
68 7 138
91 55 138
8 79 138
91 8 138
79 84 138
55 125 138
125 68 138
84 125 138
125 108 138
126 125 138
108 135 138
24 25 139
25 26 139
26 27 139
27 28 139
28 29 139
29 30 139
31 1 139
30 31 139
2 21 140
21 22 140
22 23 140
23 24 140
24 139 140
65 75 141
75 112 141
90 65 141
112 118 141
42 43 142
43 44 142
44 45 142
45 46 142
46 47 142
47 48 142
48 49 142
49 50 142
72 90 143
115 107 143
129 72 143
44 129 143
43 42 144
58 43 144
42 81 144
81 113 144
113 58 144
44 143 144
46 45 145
66 46 145
106 66 145
115 106 145
82 106 145
106 107 145
107 115 145
115 82 145
93 84 146
114 93 146
76 93 146
93 123 146
123 76 146
93 138 146
114 112 146
123 135 146
135 138 146
11 10 147
56 11 147
10 9 147
9 79 147
96 56 147
79 8 147
75 74 148
130 75 148
74 98 148
98 96 148
96 130 148
141 130 148
74 75 149
75 65 149
65 90 149
90 72 149
72 113 149
136 74 149
113 136 149
148 130 149
141 148 149
144 143 149
71 27 150
119 71 150
53 77 150
77 119 150
94 53 150
86 94 150
128 86 150
27 26 150
26 128 150
90 141 151
141 118 151
115 143 151
143 90 151
123 141 151
107 112 151
130 129 151
149 130 151
129 141 151
141 149 151
44 144 151
144 149 151
143 129 151
149 143 151
145 45 151
92 102 152
126 92 152
101 100 152
100 126 152
102 101 152
126 125 152
108 8 152
138 108 152
24 23 153
23 111 153
61 24 153
111 61 153
70 108 154
108 77 154
108 119 154
135 70 154
77 53 154
53 124 154
124 135 154
100 53 154
119 100 154
135 108 154
138 126 154
8 93 154
93 146 154
146 8 154
108 138 154
138 146 154
123 146 154
125 119 154
152 125 154
126 152 154
119 8 154
93 91 154
91 138 154
138 93 154
8 123 154
96 112 155
112 130 155
130 96 155
130 141 155
141 123 155
76 112 155
112 146 155
146 76 155
123 146 155
146 96 155
96 147 155
141 146 155
148 147 155
151 129 155
8 130 155
112 108 155
108 154 155
154 112 155
53 78 156
124 53 156
78 83 156
83 82 156
82 115 156
114 123 156
124 114 156
123 93 156
93 124 156
53 115 156
115 145 156
143 107 156
84 76 156
76 146 156
146 84 156
135 123 156
135 53 156
141 135 156
151 141 156
107 151 156
151 143 156
45 53 156
151 45 156
151 150 156
44 151 156
123 119 156
119 154 156
150 154 156
154 135 156
118 115 156
115 151 156
151 118 156
146 151 156
146 53 156
106 112 156
112 154 156
146 148 156
148 155 156
155 146 156
129 8 156
155 129 156
151 155 156
53 8 156
8 141 156
141 155 156
8 44 156
