180
1 0 0
0 1 0
0 0 1
0.0526316 0.947368 0
0.105263 0.894737 0
0.157895 0.842105 0
0.210526 0.789474 0
0.263158 0.736842 0
0.315789 0.684211 0
0.368421 0.631579 0
0.421053 0.578947 0
0.473684 0.526316 0
0.526316 0.473684 0
0.578947 0.421053 0
0.631579 0.368421 0
0.684211 0.315789 0
0.736842 0.263158 0
0.789474 0.210526 0
0.842105 0.157895 0
0.894737 0.105263 0
0.947368 0.0526316 0
0 0.0666667 0.933333
0 0.133333 0.866667
0 0.2 0.8
0 0.266667 0.733333
0 0.333333 0.666667
0 0.4 0.6
0 0.466667 0.533333
0 0.533333 0.466667
0 0.6 0.4
0 0.666667 0.333333
0 0.733333 0.266667
0 0.8 0.2
0 0.866667 0.133333
0 0.933333 0.0666667
0.95 0 0.05
0.9 0 0.1
0.85 0 0.15
0.8 0 0.2
0.75 0 0.25
0.7 0 0.3
0.65 0 0.35
0.6 0 0.4
0.55 0 0.45
0.5 0 0.5
0.45 0 0.55
0.4 0 0.6
0.35 0 0.65
0.3 0 0.7
0.25 0 0.75
0.2 0 0.8
0.15 0 0.85
0.1 0 0.9
0.05 0 0.95
0.124027 0.82607 0.0499036
0.622478 0.117468 0.260053
0.0953912 0.486699 0.41791
0.27668 0.142717 0.580603
0.168304 0.622569 0.209127
0.493711 0.397362 0.108928
0.800339 0.0599548 0.139706
0.407379 0.0689507 0.52367
0.911194 0.0485201 0.0402861
0.651445 0.276937 0.0716189
0.0470864 0.340707 0.612207
0.674994 0.128028 0.196978
0.749402 0.185208 0.0653897
0.742305 0.115192 0.142503
0.385778 0.266355 0.347867
0.174384 0.249942 0.575674
0.703889 0.242234 0.053877
0.270784 0.630907 0.0983088
0.0454691 0.135653 0.818878
0.327668 0.522926 0.149406
0.0477851 0.622094 0.330121
0.385836 0.13607 0.478095
0.190492 0.326582 0.482925
0.492306 0.247018 0.260676
0.279527 0.506917 0.213555
0.160936 0.550035 0.289029
0.122215 0.399388 0.478397
0.335851 0.580698 0.0834513
0.593373 0.344058 0.0625689
0.544428 0.0753015 0.380271
0.154541 0.193745 0.651714
0.246908 0.261213 0.491879
0.201742 0.67946 0.118798
0.360621 0.0535664 0.585812
0.583391 0.241504 0.175106
0.0843813 0.366657 0.548962
0.533847 0.265351 0.200802
0.142216 0.1311 0.726684
0.563295 0.185211 0.251494
0.343786 0.256357 0.399856
0.163129 0.765269 0.0716023
0.445996 0.391736 0.162268
0.0819487 0.836887 0.0811647
0.230145 0.387264 0.382591
0.160124 0.425088 0.414788
0.440903 0.327569 0.231528
0.865458 0.0828729 0.0516692
0.384971 0.510149 0.10488
0.24501 0.0512698 0.70372
0.804375 0.125003 0.0706219
0.137863 0.695152 0.166986
0.0802301 0.714893 0.204877
0.0494767 0.793432 0.157091
0.491199 0.128254 0.380548
0.0994278 0.205613 0.694959
0.452218 0.200627 0.347155
0.547285 0.326119 0.126597
0.291159 0.19712 0.511721
0.48627 0.463725 0.0500059
0.43248 0.274785 0.292736
0.311159 0.0687999 0.620041
0.641574 0.208955 0.149471
0.216459 0.164809 0.618732
0.230154 0.604122 0.165724
0.189041 0.469393 0.341566
0.104868 0.63299 0.262142
0.714177 0.0598068 0.226016
0.107999 0.280322 0.611679
0.500211 0.0627483 0.437041
0.620931 0.0571654 0.321903
0.393338 0.390229 0.216433
0.0369435 0.859569 0.103488
0.0367978 0.407728 0.555474
0.441408 0.123682 0.43491
0.14134 0.0666641 0.791995
0.0534654 0.271435 0.6751
0.332926 0.408516 0.258558
0.0549695 0.895421 0.0496094
0.0456856 0.0659687 0.888346
0.846633 0.0530332 0.100334
0.310855 0.336336 0.352808
0.0366254 0.511632 0.451743
0.0925833 0.067018 0.840399
0.249347 0.321903 0.428749
0.261032 0.685955 0.0530123
0.278761 0.423503 0.297736
0.107912 0.768767 0.123321
0.521109 0.16142 0.317471
0.194476 0.0610731 0.744451
0.047891 0.205351 0.746758
0.49159 0.327554 0.180856
0.215239 0.735654 0.0491073
0.212456 0.560832 0.226711
0.0976893 0.563783 0.338527
0.294618 0.265993 0.439389
0.539531 0.403911 0.0565575
0.760602 0.0474811 0.191917
0.402485 0.444447 0.153067
0.394643 0.195916 0.409441
0.578477 0.100337 0.321187
0.22999 0.22082 0.54919
0.379772 0.332779 0.287449
0.228227 0.497892 0.273881
0.137579 0.326384 0.536037
0.461132 0.052594 0.486274
0.66618 0.0588982 0.274922
0.605861 0.277246 0.116893
0.341571 0.194774 0.463655
0.434606 0.51939 0.0460035
0.284386 0.571918 0.143697
0.199636 0.116135 0.684229
0.694439 0.188447 0.117114
0.442111 0.458562 0.0993277
0.339571 0.120855 0.539574
0.0633855 0.443322 0.493292
0.314333 0.640632 0.0450345
0.61654 0.173958 0.209503
0.387759 0.567471 0.0447699
0.0527559 0.557954 0.38929
0.350648 0.463696 0.185656
0.260176 0.088187 0.651637
0.23531 0.441249 0.323442
0.0436539 0.684638 0.271708
0.0316229 0.747005 0.221372
0.0912667 0.137541 0.771192
0.137378 0.501681 0.360941


3 1 34
0 20 35
21 2 53
5 4 54
38 37 60
46 45 61
20 19 62
35 20 62
36 35 62
15 14 63
26 25 64
17 16 66
16 15 70
15 63 70
66 16 70
23 22 72
30 29 74
14 13 82
63 14 82
43 42 83
47 46 87
46 61 87
90 77 92
88 90 92
6 5 94
5 54 94
54 4 96
80 76 98
76 97 98
56 80 98
19 18 100
62 19 100
36 62 100
81 73 101
49 48 102
18 17 103
17 66 103
66 67 103
67 60 103
100 18 103
58 86 104
86 94 104
33 32 106
91 84 108
90 88 110
12 11 112
77 99 113
109 77 113
68 109 113
48 47 114
47 87 114
69 84 116
71 86 117
86 58 117
98 97 118
79 58 119
58 104 119
104 105 119
40 39 120
67 65 120
89 64 121
84 69 121
108 84 121
44 43 122
43 83 122
83 107 122
42 41 123
99 95 124
34 33 125
33 106 125
106 96 125
27 26 126
26 64 126
64 89 126
107 109 127
75 61 127
122 107 127
51 50 128
25 24 129
64 25 129
108 121 129
121 64 129
4 3 131
96 4 131
3 34 131
34 125 131
125 96 131
22 21 132
72 22 132
21 53 132
53 52 132
37 36 133
36 100 133
60 37 133
100 103 133
103 60 133
93 68 134
29 28 135
28 27 135
52 51 136
51 128 136
132 52 136
72 132 136
76 85 137
97 76 137
134 97 137
8 7 138
86 71 138
130 78 139
97 134 139
134 130 139
94 54 140
54 96 140
104 94 140
96 106 140
105 104 140
106 105 140
107 83 141
92 77 141
77 109 141
109 107 141
50 49 142
49 102 142
91 128 142
128 50 142
24 23 143
23 72 143
108 129 143
129 24 143
59 95 144
77 90 144
99 77 144
95 99 144
90 110 144
110 59 144
6 94 145
94 86 145
7 6 145
138 7 145
86 138 145
58 79 146
117 58 146
78 117 146
79 119 147
119 74 147
85 111 148
137 85 148
93 134 148
134 137 148
13 12 149
82 13 149
59 110 149
110 82 149
12 112 149
112 59 149
38 60 150
60 67 150
39 38 150
120 39 150
67 120 150
124 95 151
68 93 152
75 127 152
109 68 152
127 109 152
83 42 153
42 123 153
55 92 153
123 55 153
141 83 153
92 141 153
76 69 154
85 76 154
57 111 154
111 85 154
116 57 154
69 116 154
68 113 155
113 99 155
99 124 155
124 130 155
130 134 155
134 68 155
79 118 156
146 79 156
139 78 156
78 146 156
69 76 157
76 80 157
80 89 157
89 121 157
121 69 157
45 44 158
61 45 158
127 61 158
44 122 158
122 127 158
40 120 159
65 55 159
120 65 159
41 40 159
123 41 159
55 123 159
63 82 160
82 110 160
110 88 160
88 115 160
115 63 160
93 148 161
148 111 161
75 152 161
152 93 161
11 10 162
112 11 162
73 81 163
81 71 163
71 117 163
78 73 163
117 78 163
84 91 164
116 84 164
142 102 164
91 142 164
67 66 165
66 70 165
70 63 165
63 115 165
65 67 165
115 65 165
95 59 166
59 112 166
151 95 166
101 151 166
162 101 166
112 162 166
61 75 167
87 61 167
111 57 167
57 114 167
114 87 167
75 161 167
161 111 167
89 80 168
126 89 168
27 126 168
135 27 168
80 56 168
56 135 168
9 8 169
81 9 169
71 81 169
8 138 169
138 71 169
88 92 170
92 55 170
55 65 170
65 115 170
115 88 170
10 9 171
9 81 171
81 101 171
101 162 171
162 10 171
74 29 172
29 135 172
147 74 172
135 56 172
56 147 172
73 78 173
78 130 173
101 73 173
151 101 173
130 124 173
124 151 173
114 57 174
102 48 174
48 114 174
57 116 174
116 164 174
164 102 174
118 97 175
97 139 175
139 156 175
156 118 175
31 30 176
30 74 176
74 119 176
119 105 176
32 31 177
105 106 177
106 32 177
31 176 177
176 105 177
72 136 178
128 91 178
136 128 178
143 72 178
91 108 178
108 143 178
56 98 179
98 118 179
147 56 179
118 79 179
79 147 179
