171
1 0 0
0 1 0
0 0 1
0.0526316 0.947368 0
0.105263 0.894737 0
0.157895 0.842105 0
0.210526 0.789474 0
0.263158 0.736842 0
0.31579 0.68421 0
0.368421 0.631579 0
0.421053 0.578947 0
0.473684 0.526316 0
0.526316 0.473684 0
0.578947 0.421053 0
0.631579 0.368421 0
0.684211 0.315789 0
0.736842 0.263158 0
0.789474 0.210526 0
0.842105 0.157895 0
0.894737 0.105263 0
0.947368 0.0526316 0
0 0.0625 0.9375
0 0.125 0.875
0 0.1875 0.8125
0 0.25 0.75
0 0.3125 0.6875
0 0.375 0.625
0 0.4375 0.5625
0 0.5 0.5
0 0.5625 0.4375
0 0.625 0.375
0 0.6875 0.3125
0 0.75 0.25
0 0.8125 0.1875
0 0.875 0.125
0 0.9375 0.0625
0.941176 0 0.0588235
0.882353 0 0.117647
0.823529 0 0.176471
0.764706 0 0.235294
0.705882 0 0.294118
0.647059 0 0.352941
0.588235 0 0.411765
0.529412 0 0.470588
0.470588 0 0.529412
0.411765 0 0.588235
0.352941 0 0.647059
0.294118 0 0.705882
0.235294 0 0.764706
0.176471 0 0.823529
0.117647 0 0.882353
0.0588236 0 0.941176
0.625814 0.123986 0.250199
0.103226 0.495532 0.401242
0.268206 0.14273 0.589064
0.165684 0.620145 0.214171
0.487898 0.399297 0.112805
0.807558 0.0568756 0.135566
0.414254 0.0685098 0.517236
0.644341 0.270397 0.085262
0.0486146 0.327786 0.623599
0.686377 0.124368 0.189255
0.750162 0.186396 0.0634425
0.745688 0.115367 0.138944
0.393625 0.256516 0.349859
0.179114 0.255024 0.565861
0.695798 0.235714 0.0684874
0.271721 0.631086 0.0971931
0.0574955 0.142025 0.800479
0.325014 0.518972 0.156015
0.0508918 0.637685 0.311423
0.384207 0.135005 0.480788
0.199559 0.322173 0.478268
0.489293 0.249677 0.26103
0.155448 0.544506 0.300045
0.112916 0.412262 0.474822
0.334076 0.574559 0.0913651
0.586232 0.333177 0.0805911
0.886052 0.0494621 0.0644863
0.547102 0.063474 0.389424
0.145677 0.204163 0.65016
0.247851 0.259829 0.49232
0.199119 0.680136 0.120745
0.358513 0.0512502 0.590236
0.591385 0.245776 0.162839
0.297954 0.474092 0.227954
0.0679383 0.374756 0.557305
0.536887 0.285796 0.177317
0.138981 0.130726 0.730293
0.579726 0.176928 0.243346
0.32644 0.26226 0.411299
0.157519 0.765831 0.0766499
0.645105 0.193422 0.161473
0.0948196 0.827642 0.0775384
0.225501 0.390408 0.384091
0.433397 0.344247 0.222356
0.393898 0.504984 0.101117
0.25 0.0468727 0.703127
0.797169 0.135225 0.0676058
0.435054 0.41721 0.147736
0.135798 0.692365 0.171837
0.0728906 0.705979 0.221131
0.0523423 0.780232 0.167426
0.494185 0.126734 0.379081
0.0950493 0.200988 0.703963
0.734909 0.0552246 0.209867
0.450308 0.202407 0.347285
0.294949 0.197181 0.507871
0.470373 0.466468 0.0631593
0.440505 0.280591 0.278904
0.222183 0.108016 0.669801
0.22762 0.609279 0.163101
0.180221 0.473154 0.346625
0.107564 0.28168 0.610756
0.614893 0.062714 0.322393
0.392726 0.386063 0.221211
0.0460453 0.568097 0.385857
0.0501023 0.889029 0.0608691
0.438397 0.130704 0.430899
0.137187 0.0601774 0.802635
0.0541318 0.263874 0.681994
0.336539 0.401719 0.261742
0.303771 0.347751 0.348478
0.0424664 0.512459 0.445075
0.530496 0.349738 0.119765
0.109432 0.625052 0.265516
0.157398 0.438155 0.404447
0.258506 0.315022 0.426472
0.261227 0.685193 0.0535806
0.278021 0.422411 0.299568
0.638969 0.32311 0.0379217
0.104922 0.758575 0.136502
0.665661 0.033226 0.301113
0.192384 0.0616507 0.745965
0.484078 0.0626 0.453323
0.205187 0.563447 0.231366
0.846398 0.0970774 0.0565244
0.0919713 0.568378 0.33965
0.0553501 0.449633 0.495017
0.365113 0.452515 0.182372
0.0435355 0.20568 0.750785
0.5595 0.122163 0.318338
0.392132 0.196241 0.411627
0.0666291 0.0388839 0.894487
0.23517 0.206299 0.558531
0.373809 0.325152 0.30104
0.335166 0.117247 0.547587
0.138106 0.335784 0.52611
0.536065 0.4088 0.055135
0.344035 0.184646 0.471319
0.284646 0.576144 0.13921
0.704992 0.17319 0.121817
0.231085 0.4966 0.272315
0.3213 0.633447 0.0452524
0.213179 0.735192 0.0516295
0.0877676 0.0812467 0.830986
0.294995 0.067455 0.63755
0.480783 0.330156 0.189061
0.513181 0.180776 0.306043
0.169309 0.381532 0.449159
0.198826 0.170952 0.630222
0.0338604 0.698352 0.267788
0.231541 0.443519 0.32494
0.377845 0.577787 0.0443677
0.680096 0.0694651 0.250439
0.42862 0.52895 0.04243
0.0379052 0.838168 0.123926
0.26004 0.54078 0.19918
0.0348284 0.0823915 0.88278
0.0273495 0.032784 0.939866
0.541283 0.223512 0.235204


3 1 35
0 20 36
38 37 57
39 38 57
45 44 58
26 25 60
17 16 62
16 15 66
15 59 66
62 16 66
23 22 68
31 30 70
14 13 77
20 19 78
36 20 78
37 36 78
57 37 78
43 42 79
72 65 81
46 45 83
45 58 83
59 77 84
27 26 86
26 60 86
84 77 87
6 5 91
66 59 92
59 84 92
52 61 92
89 52 92
84 89 92
5 4 93
91 5 93
76 69 96
48 47 97
18 17 98
17 62 98
63 57 98
62 63 98
55 82 100
82 91 100
33 32 102
32 101 102
68 88 104
88 80 104
40 39 105
39 57 105
57 63 105
63 61 105
90 81 107
12 11 108
99 56 108
96 99 108
64 106 109
106 73 109
67 82 111
82 55 111
74 53 112
80 65 113
86 60 113
104 80 113
42 41 114
79 42 114
95 99 115
30 29 116
70 30 116
4 3 117
3 35 117
35 34 117
93 4 117
71 58 118
103 106 118
50 49 119
25 24 120
60 25 120
104 113 120
113 60 120
29 28 123
116 29 123
53 116 123
87 77 124
74 55 125
101 70 125
55 100 125
100 101 125
53 75 126
112 53 126
94 112 126
72 81 127
94 72 127
122 94 127
81 90 127
90 122 127
8 7 128
82 67 128
121 85 129
94 122 129
122 121 129
15 14 130
59 15 130
14 77 130
77 59 130
91 93 131
93 102 131
100 91 131
101 100 131
102 101 131
41 40 132
114 41 132
49 48 133
119 49 133
48 97 133
97 110 133
110 88 133
88 119 133
43 79 134
79 103 134
44 43 134
58 44 134
118 58 134
103 118 134
55 74 135
111 55 135
19 18 136
18 98 136
78 19 136
57 78 136
98 57 136
53 74 137
116 53 137
70 116 137
125 70 137
74 125 137
27 86 138
86 75 138
28 27 138
123 28 138
75 53 138
53 123 138
69 85 139
96 69 139
99 96 139
115 99 139
85 121 139
121 115 139
24 23 140
23 68 140
68 104 140
104 120 140
120 24 140
103 79 141
52 89 141
114 52 141
79 114 141
64 90 142
106 64 142
71 118 142
118 106 142
51 50 143
81 65 144
54 107 144
107 81 144
64 109 145
109 95 145
95 115 145
90 64 145
122 90 145
115 121 145
121 122 145
58 71 146
83 58 146
107 54 146
75 86 147
65 72 147
113 65 147
86 113 147
13 12 148
12 108 148
108 56 148
56 124 148
77 13 148
124 77 148
90 107 149
142 90 149
71 142 149
107 146 149
146 71 149
69 76 150
76 67 150
67 111 150
61 63 151
63 62 151
92 61 151
62 66 151
66 92 151
129 85 152
74 112 152
135 74 152
9 8 153
67 76 153
8 128 153
128 67 153
7 6 154
6 91 154
128 7 154
91 82 154
82 128 154
88 68 155
119 88 155
50 119 155
143 50 155
47 46 156
46 83 156
97 47 156
54 110 156
110 97 156
83 146 156
146 54 156
73 87 157
56 99 157
99 95 157
95 109 157
109 73 157
124 56 157
87 124 157
141 89 158
73 106 158
106 103 158
103 141 158
126 75 159
72 94 159
94 126 159
75 147 159
147 72 159
80 88 160
88 110 160
65 80 160
144 65 160
110 54 160
54 144 160
32 31 161
101 32 161
31 70 161
70 101 161
112 94 162
94 129 162
129 152 162
152 112 162
10 9 163
76 96 163
9 153 163
153 76 163
61 52 164
105 61 164
40 105 164
132 40 164
52 114 164
114 132 164
11 10 165
96 108 165
108 11 165
10 163 165
163 96 165
34 33 166
33 102 166
102 93 166
93 117 166
117 34 166
85 69 167
69 150 167
111 135 167
150 111 167
152 85 167
135 152 167
22 21 168
68 22 168
155 68 168
143 155 168
21 2 169
2 51 169
51 143 169
143 168 169
168 21 169
84 87 170
89 84 170
87 73 170
73 158 170
158 89 170
