115
1 0 0
0 1 0
0 0 1
0.0526316 0.947368 0
0.105263 0.894737 0
0.157895 0.842105 0
0.210526 0.789474 0
0.263158 0.736842 0
0.315789 0.684211 0
0.368421 0.631579 0
0.421053 0.578947 0
0.473684 0.526316 0
0.526316 0.473684 0
0.578947 0.421053 0
0.631579 0.368421 0
0.684211 0.315789 0
0.736842 0.263158 0
0.789474 0.210526 0
0.842105 0.157895 0
0.894737 0.105263 0
0.947368 0.0526316 0
0 0.0909091 0.909091
0 0.181818 0.818182
0 0.272727 0.727273
0 0.363636 0.636364
0 0.454545 0.545455
0 0.545455 0.454545
0 0.636364 0.363636
0 0.727273 0.272727
0 0.818182 0.181818
0 0.909091 0.0909091
0.928571 0 0.0714286
0.857143 0 0.142857
0.785714 0 0.214286
0.714286 0 0.285714
0.642857 0 0.357143
0.571429 0 0.428571
0.5 0 0.5
0.428571 0 0.571429
0.357143 0 0.642857
0.285714 0 0.714286
0.214286 0 0.785714
0.142857 0 0.857143
0.0714286 0 0.928571
0.621271 0.115385 0.263344
0.106634 0.50515 0.388216
0.266021 0.139739 0.594241
0.150234 0.596002 0.253764
0.491455 0.414363 0.0941819
0.790691 0.0593516 0.149958
0.417126 0.0690472 0.513827
0.738736 0.102454 0.15881
0.383721 0.256205 0.360074
0.169257 0.235576 0.595168
0.269602 0.616518 0.11388
0.0594589 0.142341 0.7982
0.312364 0.521523 0.166112
0.383069 0.144426 0.472505
0.185701 0.328444 0.485855
0.500539 0.234317 0.265144
0.635403 0.280137 0.0844595
0.12622 0.401069 0.472711
0.58593 0.32969 0.0843799
0.890985 0.0475221 0.0614927
0.548663 0.0767303 0.374607
0.249831 0.251319 0.498849
0.202068 0.685981 0.111951
0.572552 0.25086 0.176589
0.0592207 0.333072 0.607707
0.136779 0.142746 0.720475
0.559249 0.16515 0.275601
0.146024 0.759237 0.0947383
0.686824 0.229758 0.083418
0.0936961 0.812727 0.0935767
0.448747 0.32344 0.227813
0.386352 0.511418 0.10223
0.129715 0.676948 0.193337
0.0716555 0.713093 0.215251
0.196384 0.420081 0.383535
0.47829 0.136084 0.385626
0.103243 0.208235 0.688523
0.0576922 0.423395 0.518912
0.312636 0.0920905 0.595274
0.116119 0.294833 0.589047
0.320026 0.306895 0.373079
0.422187 0.433552 0.144262
0.52462 0.327106 0.148273
0.383786 0.355105 0.261109
0.629007 0.195195 0.175798
0.437567 0.213126 0.349307
0.331969 0.423142 0.244889
0.0454059 0.0615227 0.893071
0.255848 0.49125 0.252902
0.046568 0.506998 0.446434
0.612936 0.0495712 0.337493
0.322112 0.199563 0.478324
0.0429805 0.786228 0.170791
0.218163 0.586346 0.195491
0.0527197 0.240713 0.706568
0.190767 0.07833 0.730903
0.25749 0.370266 0.372244
0.108516 0.0709185 0.820565
0.176578 0.503847 0.319575
0.0717399 0.600293 0.327967
0.67655 0.0690764 0.254374
0.20609 0.166416 0.627495
0.740548 0.185934 0.0735174
0.792777 0.138876 0.0683465
0.340504 0.588098 0.0713982
0.352884 0.05742 0.589696
0.0459092 0.866505 0.0875859
0.478974 0.0567865 0.464239
0.842547 0.0862868 0.0711664
0.252854 0.0562413 0.690904
0.685455 0.149266 0.16528


3 1 30
0 20 31
13 12 48
12 11 48
33 32 49
34 33 49
39 38 50
34 49 51
8 7 54
22 21 55
15 14 60
14 13 62
60 14 62
20 19 63
31 20 63
32 31 63
37 36 64
58 53 65
7 6 66
54 7 66
60 62 67
24 23 68
67 59 70
64 44 70
6 5 71
66 6 71
16 15 72
15 60 72
5 4 73
71 5 73
11 10 75
47 66 76
66 71 76
28 27 77
71 73 77
76 71 77
61 58 78
57 50 79
70 59 79
64 70 79
55 69 80
69 53 80
61 45 81
25 24 81
24 68 81
68 61 81
58 61 83
61 68 83
53 58 83
80 53 83
48 11 85
11 75 85
74 48 85
13 48 86
62 13 86
59 67 86
67 62 86
74 59 86
48 74 86
52 74 87
84 52 87
74 85 87
70 44 88
60 67 88
67 70 88
72 60 88
52 57 89
59 74 89
74 52 89
57 79 89
79 59 89
75 56 90
84 87 90
85 75 90
87 85 90
21 2 91
2 43 91
55 21 91
56 54 92
90 56 92
26 25 93
25 81 93
81 45 93
36 35 94
44 64 94
64 36 94
57 52 95
46 82 95
82 57 95
52 84 95
65 46 95
84 65 95
29 28 96
28 77 96
77 73 96
54 66 97
66 47 97
92 54 97
23 22 98
68 23 98
22 55 98
55 80 98
80 83 98
83 68 98
42 41 99
58 65 100
65 84 100
78 58 100
84 90 100
90 92 100
92 78 100
43 42 101
91 43 101
69 55 101
55 91 101
42 99 101
99 69 101
45 61 102
61 78 102
47 45 102
97 47 102
78 92 102
92 97 102
76 77 103
77 27 103
45 47 103
93 45 103
27 26 103
26 93 103
47 76 103
35 34 104
34 51 104
94 35 104
44 94 104
46 65 105
65 53 105
53 69 105
69 99 105
99 46 105
17 16 106
16 72 106
18 17 107
51 49 107
17 106 107
106 51 107
9 8 108
8 54 108
54 56 108
10 9 108
75 10 108
56 75 108
40 39 109
82 40 109
39 50 109
50 57 109
57 82 109
4 3 110
3 30 110
30 29 110
29 96 110
73 4 110
96 73 110
38 37 111
50 38 111
79 50 111
37 64 111
64 79 111
19 18 112
63 19 112
49 32 112
32 63 112
18 107 112
107 49 112
41 40 113
40 82 113
82 46 113
46 99 113
99 41 113
72 88 114
88 44 114
104 51 114
51 106 114
106 72 114
44 104 114
