180
1 0 0
0 1 0
0 0 1
0.0526316 0.947368 0
0.105263 0.894737 0
0.157895 0.842105 0
0.210526 0.789474 0
0.263158 0.736842 0
0.315789 0.684211 0
0.368421 0.631579 0
0.421053 0.578947 0
0.473684 0.526316 0
0.526316 0.473684 0
0.578947 0.421053 0
0.631579 0.368421 0
0.684211 0.315789 0
0.736842 0.263158 0
0.789474 0.210526 0
0.842105 0.157895 0
0.894737 0.105263 0
0.947368 0.0526316 0
0 0.0588236 0.941176
0 0.117647 0.882353
0 0.176471 0.823529
0 0.235294 0.764706
0 0.294118 0.705882
0 0.352941 0.647059
0 0.411765 0.588235
0 0.470588 0.529412
0 0.529412 0.470588
0 0.588235 0.411765
0 0.647059 0.352941
0 0.705882 0.294118
0 0.764706 0.235294
0 0.823529 0.176471
0 0.882353 0.117647
0 0.941176 0.0588235
0.941176 0 0.0588235
0.882353 0 0.117647
0.823529 0 0.176471
0.764706 0 0.235294
0.705882 0 0.294118
0.647059 0 0.352941
0.588235 0 0.411765
0.529412 0 0.470588
0.470588 0 0.529412
0.411765 0 0.588235
0.352941 0 0.647059
0.294118 0 0.705882
0.235294 0 0.764706
0.176471 0 0.823529
0.117647 0 0.882353
0.0588235 0 0.941176
0.672863 0.139695 0.187442
0.116162 0.421387 0.462451
0.273929 0.190945 0.535126
0.21324 0.617899 0.168861
0.359373 0.430017 0.210611
0.799804 0.0570468 0.14315
0.416891 0.0375992 0.54551
0.642598 0.280093 0.0773087
0.0548981 0.357762 0.587339
0.672558 0.110004 0.217438
0.758114 0.175482 0.0664037
0.738143 0.112695 0.149162
0.360873 0.256939 0.382188
0.599763 0.0641647 0.336072
0.157947 0.277081 0.564973
0.702532 0.232534 0.064934
0.267924 0.641695 0.0903808
0.0509717 0.141206 0.807822
0.325602 0.477491 0.196908
0.415492 0.16698 0.417528
0.252282 0.339201 0.408517
0.458802 0.269587 0.271611
0.17513 0.504637 0.320232
0.187582 0.432533 0.379885
0.317242 0.533283 0.149475
0.489866 0.330105 0.180028
0.876056 0.0609368 0.0630069
0.488499 0.15653 0.354971
0.150153 0.203013 0.646834
0.312483 0.283924 0.403594
0.201392 0.675684 0.122924
0.393895 0.0770263 0.529079
0.564675 0.140086 0.295239
0.309741 0.439437 0.250822
0.0926238 0.393836 0.513541
0.517164 0.230379 0.252457
0.170472 0.104495 0.725033
0.59426 0.176463 0.229277
0.40484 0.234695 0.360465
0.16152 0.768069 0.0704106
0.631231 0.213554 0.155215
0.104467 0.822727 0.0728055
0.262047 0.398462 0.33949
0.160531 0.394933 0.444536
0.116999 0.774394 0.108607
0.432651 0.333459 0.23389
0.347648 0.502994 0.149359
0.22621 0.0953414 0.678449
0.752968 0.238203 0.00882871
0.388867 0.513847 0.0972865
0.144266 0.672087 0.183646
0.108029 0.719841 0.17213
0.478867 0.145915 0.375218
0.114884 0.222492 0.662624
0.717222 0.0820958 0.200682
0.345114 0.282327 0.37256
0.262104 0.230995 0.506901
0.497552 0.467124 0.0353245
0.224818 0.0597119 0.71547
0.171887 0.14699 0.681122
0.242788 0.556107 0.201106
0.0152782 0.172032 0.81269
0.151 0.253426 0.595574
0.0449169 0.249962 0.705121
0.452056 0.178965 0.368979
0.386276 0.378332 0.235391
0.0784848 0.86601 0.0555052
0.381264 0.172338 0.446399
0.135601 0.0790699 0.785329
0.36573 0.46493 0.16934
0.297258 0.318829 0.383913
0.0926029 0.295383 0.612014
0.410259 0.353186 0.236555
0.134515 0.550498 0.314987
0.550588 0.0851993 0.364213
0.271855 0.343339 0.384806
0.284551 0.638116 0.0773325
0.313785 0.372309 0.313906
0.120152 0.14142 0.738429
0.0572702 0.0765882 0.866142
0.461341 0.0665037 0.472155
0.0435956 0.409546 0.546859
0.0649858 0.659838 0.275176
0.288144 0.594377 0.117479
0.0504195 0.194693 0.754888
0.781565 0.126956 0.0914794
0.352249 0 0.647751
0 0 1.20525
0.58252 0.287028 0.130452
0.354526 0.426342 0.219132
0.395016 0.222023 0.382962
0.0760753 0.116944 0.80698
0.182223 0.223206 0.594571
0.349843 0.33546 0.314698
0.384737 0.0673732 0.54789
0.0721409 0.744264 0.183595
0.0907593 0.347385 0.561855
0.521281 0.418981 0.0597386
0.411865 0.283688 0.304447
0.44348 0.175187 0.381333
0.268271 0.103611 0.628118
0.0861327 0.416476 0.497391
0.262458 0.619575 0.117966
0.709101 0.206632 0.0842675
0.231238 0.44152 0.327242
0.0800192 0.56026 0.359721
0 0.704903 0.32754
0.227077 0.709961 0.0629621
0.0472036 0.831449 0.121347
0.400393 0.395085 0.204523
0.271467 0.728533 0
0.348296 0.253428 0.398277
0.305564 0.47776 0.216677
0.320524 0.137 0.542476
0.172523 0.707096 0.120381
0.209517 0.163061 0.627422
0 0.552858 0.812834
0.385725 0.497434 0.116841
0.468644 0.0906355 0.440721
0.140589 0.250533 0.608878
0.30796 0.0971811 0.594859
0.201478 0.327717 0.470805
0.323949 0.197201 0.47885
0.486926 0.191152 0.321922
0.554613 0.323586 0.121801
0.339431 0 0.660569
0.286081 0.400087 0.313831


3 1 36
0 20 37
21 2 52
39 38 58
40 39 58
15 14 60
27 26 61
18 17 63
42 41 66
41 62 66
43 42 66
16 15 68
15 60 68
20 19 79
37 20 79
38 37 79
19 18 79
58 38 79
66 62 85
62 53 90
85 62 90
88 85 90
6 5 92
68 60 93
90 53 93
92 5 94
92 94 97
77 71 99
17 16 101
16 68 101
63 17 101
10 9 102
11 10 102
77 99 102
56 83 103
41 40 107
62 41 107
40 58 107
58 64 107
53 62 107
64 53 107
12 11 110
11 102 110
50 49 111
49 48 111
100 89 111
89 100 112
23 22 114
22 70 114
24 23 114
25 24 116
4 3 119
3 36 119
36 35 119
5 4 119
94 5 119
84 72 120
51 50 121
50 111 121
111 89 121
71 57 122
99 71 122
108 82 123
73 109 123
26 25 124
61 26 124
25 116 124
56 103 126
103 113 126
44 43 127
43 66 127
66 85 127
85 105 127
73 123 128
9 8 129
95 108 130
82 95 130
89 112 131
81 106 131
112 81 131
121 89 131
22 21 132
21 52 132
52 51 132
70 22 132
51 121 132
45 44 133
28 27 134
27 61 134
61 87 134
32 31 135
103 104 135
126 113 135
77 102 136
102 9 136
113 77 136
9 129 136
113 99 136
24 114 137
116 24 137
114 70 137
106 116 137
131 106 137
70 131 137
18 63 138
63 64 138
64 58 138
58 79 138
79 18 138
46 47 139
47 48 139
2 21 140
21 22 140
52 2 140
93 60 141
88 93 141
57 71 142
71 86 142
120 72 143
121 131 144
131 70 144
70 132 144
132 121 144
55 67 145
67 115 145
109 55 145
128 82 146
82 130 146
130 128 146
47 46 147
34 33 148
104 97 148
33 32 148
32 135 148
135 104 148
54 96 149
124 67 149
87 61 149
61 124 149
124 115 149
13 12 150
12 110 150
88 98 151
98 78 151
98 146 151
125 108 151
146 125 151
118 108 151
91 117 152
117 143 152
143 91 152
100 111 153
111 48 153
29 28 154
54 29 154
28 134 154
87 54 154
134 87 154
69 83 155
83 56 155
56 136 155
129 69 155
136 129 155
53 64 156
64 63 156
68 93 156
93 53 156
63 101 156
101 68 156
93 141 156
141 12 156
95 96 157
54 126 157
73 128 157
96 128 157
30 29 158
29 54 158
31 30 158
135 31 158
154 134 158
56 157 158
103 135 158
157 113 158
135 136 158
136 157 158
155 135 158
157 155 158
32 33 159
33 34 159
34 35 159
30 31 159
31 32 159
134 135 159
158 134 159
135 154 159
154 158 159
8 7 160
83 69 160
7 6 160
6 92 160
69 129 160
129 8 160
155 129 160
97 94 161
35 34 161
119 35 161
94 119 161
34 148 161
148 97 161
78 98 162
122 57 162
122 118 162
57 118 162
142 125 162
146 98 162
130 146 162
57 146 162
146 125 162
1 3 163
3 4 163
4 5 163
5 6 163
6 7 163
7 8 163
8 9 163
9 10 163
10 11 163
11 12 163
12 13 163
13 14 163
14 15 163
15 16 163
16 17 163
17 18 163
18 19 163
20 0 163
19 20 163
82 65 164
109 108 164
108 91 164
91 143 164
123 109 164
65 73 164
73 108 164
146 128 164
143 151 164
151 152 164
130 162 164
78 162 164
71 77 165
77 113 165
86 71 165
122 57 165
99 122 165
113 136 165
142 86 165
142 99 165
71 142 165
126 155 165
155 136 165
136 56 165
142 122 165
56 126 165
136 99 165
54 56 165
56 158 165
54 103 165
103 158 165
84 120 166
55 153 166
103 83 167
104 103 167
92 97 167
97 104 167
126 135 167
155 126 167
135 113 167
113 155 167
83 160 167
160 92 167
129 97 167
160 129 167
97 135 167
155 160 167
95 165 167
165 99 167
165 136 167
81 112 168
112 145 168
112 100 168
153 112 168
55 145 168
153 55 168
109 166 168
22 23 169
140 22 169
23 24 169
24 25 169
25 26 169
26 27 169
36 1 169
35 36 169
159 35 169
27 28 169
28 29 169
29 30 169
30 159 169
102 99 170
99 122 170
110 102 170
12 150 170
162 57 170
122 162 170
150 110 170
142 71 170
71 162 170
162 142 170
122 113 170
165 122 170
56 57 170
57 165 170
142 56 170
142 155 170
99 165 170
113 129 170
129 155 170
155 113 170
165 146 170
113 142 170
99 97 170
97 167 170
167 99 170
44 127 171
133 44 171
45 133 171
127 152 171
147 166 171
115 67 172
67 124 172
106 115 172
124 106 172
81 115 172
124 149 172
145 131 172
96 106 172
106 54 172
131 54 172
134 154 172
48 47 173
153 48 173
47 147 173
147 46 173
166 153 173
109 100 173
168 109 173
168 166 173
67 109 174
109 82 174
109 145 174
67 54 174
73 54 174
67 87 174
87 149 174
54 128 174
145 149 174
95 54 174
54 157 174
157 95 174
157 128 174
149 157 174
157 158 174
55 54 174
54 145 174
145 55 174
108 164 174
95 130 174
130 164 174
164 95 174
128 164 174
109 164 174
65 109 174
113 115 174
67 71 174
97 95 174
95 167 174
167 97 174
124 145 174
96 124 174
54 172 174
134 172 174
172 154 174
54 81 174
153 149 174
54 153 174
46 54 174
109 55 175
73 55 175
123 73 175
143 72 175
72 164 175
120 164 175
164 109 175
123 164 175
164 55 175
55 166 175
72 82 175
73 120 175
73 72 175
123 120 175
145 164 175
84 166 175
166 128 175
171 164 175
109 147 175
147 171 175
166 109 175
168 173 175
73 67 175
115 128 175
128 174 175
123 67 175
145 73 175
115 123 175
82 145 175
67 65 175
65 174 175
55 174 175
164 149 175
149 174 175
168 171 175
100 73 175
173 100 175
82 81 175
81 174 175
173 46 175
46 174 175
85 88 176
105 85 176
91 117 176
127 105 176
88 151 176
151 78 176
143 117 176
151 143 176
98 91 176
141 93 176
152 127 176
117 125 176
164 152 176
80 82 176
118 120 176
120 164 176
164 118 176
171 156 176
82 84 176
84 175 176
175 82 176
128 133 176
175 128 176
130 133 176
175 171 176
60 14 177
141 60 177
98 88 177
88 141 177
141 98 177
14 13 177
13 150 177
150 141 177
125 141 177
12 93 177
93 156 177
156 12 177
98 12 177
162 98 177
57 12 177
12 170 177
170 57 177
117 141 177
78 80 177
80 176 177
176 78 177
93 98 177
98 176 177
176 93 177
176 125 177
141 130 177
130 176 177
0 37 178
37 38 178
38 39 178
39 40 178
40 41 178
41 42 178
42 43 178
43 44 178
44 45 178
45 46 178
46 139 178
48 49 178
139 48 178
50 51 178
51 52 178
52 140 178
49 50 178
171 172 178
172 175 178
175 171 178
156 152 178
152 176 178
176 156 178
45 171 178
171 176 178
176 177 178
177 45 178
95 86 179
86 157 179
157 95 179
146 142 179
130 123 179
146 57 179
128 146 179
157 128 179
98 86 179
108 98 179
98 151 179
151 108 179
73 157 179
125 128 179
162 125 179
91 95 179
95 164 179
86 91 179
151 118 179
118 164 179
142 95 179
57 165 179
71 73 179
71 128 179
71 108 179
146 165 179
128 143 179
164 128 179
158 113 179
113 165 179
71 98 179
82 164 179
78 164 179
95 99 179
99 170 179
146 155 179
155 170 179
170 146 179
54 123 179
108 146 179
96 108 179
86 76 179
123 113 179
96 91 179
174 158 179
54 57 179
76 78 179
136 130 179
167 136 179
165 167 179
128 134 179
134 174 179
174 128 179
57 55 179
55 175 179
143 145 179
145 175 179
175 143 179
174 71 179
109 113 179
174 109 179
157 71 179
72 67 179
175 72 179
143 164 179
164 170 179
170 165 179
54 91 179
176 117 179
117 177 179
170 176 179
176 82 179
12 45 179
45 177 179
177 12 179
67 175 179
