82
1 0 0
0 1 0
0 0 1
0.0526316 0.947368 0
0.105263 0.894737 0
0.157895 0.842105 0
0.210526 0.789474 0
0.263158 0.736842 0
0.315789 0.684211 0
0.368421 0.631579 0
0.421053 0.578947 0
0.473684 0.526316 0
0.526316 0.473684 0
0.578947 0.421053 0
0.631579 0.368421 0
0.684211 0.315789 0
0.736842 0.263158 0
0.789474 0.210526 0
0.842105 0.157895 0
0.894737 0.105263 0
0.947368 0.0526316 0
0 0.0555556 0.944444
0 0.111111 0.888889
0 0.166667 0.833333
0 0.222222 0.777778
0 0.277778 0.722222
0 0.333333 0.666667
0 0.388889 0.611111
0 0.444444 0.555556
0 0.5 0.5
0 0.555556 0.444444
0 0.611111 0.388889
0 0.666667 0.333333
0 0.722222 0.277778
0 0.777778 0.222222
0 0.833333 0.166667
0 0.888889 0.111111
0 0.944444 0.0555556
0.8 0 0.2
0.6 0 0.4
0.4 0 0.6
0.2 0 0.8
0.640862 0.115703 0.243436
0.320417 0.154954 0.524629
0.150657 0.611922 0.237421
0.778601 0.0677563 0.153642
0.399028 0.0607778 0.540194
0.389901 0.259411 0.350688
0.17824 0.246269 0.575491
0.336816 0.516321 0.146863
0.18789 0.337776 0.474334
0.160081 0.539945 0.299974
0.135337 0.39697 0.467692
0.471041 0.384458 0.144501
0.547854 0.336741 0.115405
0.155771 0.191917 0.652312
0.172269 0.679738 0.147993
0.587177 0.23396 0.178863
0.561625 0.172652 0.265723
0.443394 0.203868 0.352737
0.284746 0.579285 0.13597
0.211763 0.0949571 0.69328
0.233955 0.0440239 0.722021
0.133564 0.143122 0.723314
0.19515 0.466631 0.338219
0.398744 0.446635 0.154621
0.448294 0.11154 0.440166
0.59304 0.0690014 0.337958
0.12844 0.738826 0.132734
0.693478 0.0298539 0.276668
0.711951 0.162155 0.125894
0.302766 0.39665 0.300584
0.387174 0.328653 0.284172
0.299682 0.210582 0.489735
0.866126 0.0258957 0.107979
0.107645 0.026419 0.865936
0.0932904 0.808789 0.097921
0.770381 0.119626 0.109993
0.525881 0.029837 0.444282
0.236135 0.292139 0.471726
0.546716 0.288289 0.164995
0.0631833 0.863694 0.0731228


3 1 37
4 3 37
36 4 37
31 30 44
32 31 44
20 19 45
25 24 48
12 11 49
11 10 49
26 25 50
30 29 51
44 30 51
28 27 52
27 26 52
26 50 52
14 13 53
15 14 54
14 53 54
24 23 55
48 24 55
8 7 56
33 32 56
9 8 56
44 9 56
32 44 56
17 16 57
17 57 58
43 58 59
57 47 59
58 57 59
10 9 60
9 44 60
44 51 60
49 10 60
51 49 60
22 21 61
41 40 62
40 46 62
61 21 62
46 61 62
23 22 63
43 55 63
55 23 63
22 61 63
61 43 63
29 28 64
49 51 64
51 29 64
28 52 64
13 12 65
53 13 65
12 49 65
49 64 65
42 58 66
58 43 66
43 61 66
61 46 66
45 42 67
42 66 67
66 46 67
7 6 68
6 34 68
34 33 68
33 56 68
56 7 68
39 38 69
45 67 69
18 17 70
17 58 70
58 42 70
52 50 71
53 65 71
64 52 71
65 64 71
54 53 72
53 71 72
71 50 72
55 43 73
43 59 73
47 48 73
59 47 73
48 55 73
0 20 74
38 0 74
20 45 74
45 69 74
69 38 74
21 2 75
62 21 75
2 41 75
41 62 75
6 5 76
5 35 76
34 6 76
35 34 76
19 18 77
42 45 77
45 19 77
18 70 77
70 42 77
40 39 78
46 40 78
67 46 78
39 69 78
69 67 78
25 48 79
50 25 79
48 47 79
47 72 79
72 50 79
15 54 80
16 15 80
57 16 80
47 57 80
54 72 80
72 47 80
5 4 81
4 36 81
35 5 81
36 35 81
