73
1 0 0
0 1 0
0 0 1
0.0526316 0.947368 0
0.105263 0.894737 0
0.157895 0.842105 0
0.210526 0.789474 0
0.263158 0.736842 0
0.315789 0.684211 0
0.368421 0.631579 0
0.421053 0.578947 0
0.473684 0.526316 0
0.526316 0.473684 0
0.578947 0.421053 0
0.631579 0.368421 0
0.684211 0.315789 0
0.736842 0.263158 0
0.789474 0.210526 0
0.842105 0.157895 0
0.894737 0.105263 0
0.947368 0.0526316 0
0 0.0714286 0.928571
0 0.142857 0.857143
0 0.214286 0.785714
0 0.285714 0.714286
0 0.357143 0.642857
0 0.428571 0.571429
0 0.5 0.5
0 0.571429 0.428571
0 0.642857 0.357143
0 0.714286 0.285714
0 0.785714 0.214286
0 0.857143 0.142857
0 0.928571 0.0714286
0.857143 0 0.142857
0.714286 0 0.285714
0.571429 0 0.428571
0.428571 0 0.571429
0.285714 0 0.714286
0.142857 0 0.857143
0.623447 0.11198 0.264574
0.129961 0.488949 0.381091
0.289941 0.14901 0.56105
0.143645 0.60423 0.252125
0.457565 0.401596 0.140839
0.807065 0.061557 0.131378
0.437378 0.076609 0.486013
0.370372 0.24929 0.380338
0.662495 0.0613647 0.276141
0.203441 0.258953 0.537605
0.287124 0.519436 0.193439
0.196734 0.347494 0.455772
0.46852 0.212781 0.318699
0.135164 0.409027 0.455809
0.18704 0.67625 0.136711
0.132965 0.130895 0.73614
0.580254 0.175925 0.243821
0.441451 0.330528 0.228021
0.276346 0.0635825 0.660072
0.115275 0.709657 0.175068
0.405119 0.132656 0.462224
0.212145 0.196712 0.591143
0.379285 0.427014 0.193701
0.142576 0.068234 0.78919
0.543246 0.29517 0.161584
0.323919 0.345875 0.330206
0.0671434 0.843155 0.0897018
0.0980273 0.769524 0.132449
0.211645 0.573762 0.214592
0.293018 0.444774 0.262208
0.608493 0.252222 0.139285
0.0929441 0.274135 0.632921
0.081623 0.638176 0.280201


3 1 33
4 3 33
32 4 33
0 20 34
18 17 40
27 26 41
28 27 43
13 12 44
20 19 45
34 20 45
35 34 45
19 18 45
38 37 46
37 40 46
37 36 48
40 37 48
36 35 48
35 45 48
18 40 48
45 18 48
23 22 49
11 10 50
10 9 50
47 42 52
26 25 53
41 26 53
50 41 53
25 24 53
24 51 53
8 7 54
43 8 54
22 21 55
17 16 56
40 17 56
46 40 56
14 13 57
13 44 57
49 47 57
39 38 58
38 46 58
7 6 59
30 29 59
54 7 59
52 42 60
42 58 60
46 56 60
58 46 60
56 52 60
49 22 61
22 55 61
42 47 61
55 42 61
47 49 61
12 11 62
44 12 62
21 2 63
55 21 63
2 39 63
39 58 63
42 55 63
58 42 63
15 14 64
47 52 64
14 57 64
57 47 64
51 49 65
49 57 65
57 44 65
44 62 65
62 51 65
5 4 66
4 32 66
31 5 66
32 31 66
6 5 67
5 31 67
31 30 67
30 59 67
59 6 67
9 8 68
8 43 68
27 41 68
43 27 68
41 50 68
50 9 68
11 50 69
62 11 69
50 53 69
53 51 69
51 62 69
16 15 70
52 56 70
56 16 70
15 64 70
64 52 70
24 23 71
51 24 71
23 49 71
49 51 71
29 28 72
28 43 72
43 54 72
54 59 72
59 29 72
