67
1 0 0
0 1 0
0 0 1
0.0526316 0.947368 0
0.105263 0.894737 0
0.157895 0.842105 0
0.210526 0.789474 0
0.263158 0.736842 0
0.315789 0.684211 0
0.368421 0.631579 0
0.421053 0.578947 0
0.473684 0.526316 0
0.526316 0.473684 0
0.578947 0.421053 0
0.631579 0.368421 0
0.684211 0.315789 0
0.736842 0.263158 0
0.789474 0.210526 0
0.842105 0.157895 0
0.894737 0.105263 0
0.947368 0.0526316 0
0 0.0526316 0.947368
0 0.105263 0.894737
0 0.157895 0.842105
0 0.210526 0.789474
0 0.263158 0.736842
0 0.315789 0.68421
0 0.368421 0.631579
0 0.421053 0.578947
0 0.473684 0.526316
0 0.526316 0.473684
0 0.578947 0.421053
0 0.631579 0.368421
0 0.684211 0.315789
0 0.736842 0.263158
0 0.789474 0.210526
0 0.842105 0.157895
0 0.894737 0.105263
0 0.947368 0.0526316
0.666667 0 0.333333
0.333333 0 0.666667
0.783005 0.0287244 0.188271
0.607977 0.117697 0.274326
0.291352 0.131726 0.576922
0.191032 0.605429 0.203539
0.421833 0.075719 0.502448
0.364526 0.253878 0.381596
0.22187 0.336058 0.442072
0.25504 0.495647 0.249313
0.167351 0.650778 0.181871
0.548717 0.171497 0.279786
0.454823 0.298758 0.24642
0.430721 0.395605 0.173674
0.172358 0.447401 0.380241
0.240113 0.0362726 0.723614
0.255415 0.202012 0.542572
0.198593 0.290582 0.510825
0.544424 0.220452 0.235124
0.357146 0.441443 0.201411
0.69782 0.0685247 0.233655
0.221196 0.394447 0.384356
0.524222 0.0322784 0.4435
0.219567 0.553616 0.226817
0.426163 0.349808 0.224029
0.147333 0.708635 0.144033
0.18867 0.080142 0.731188
0.118199 0.762269 0.119531


6 5 36
35 6 36
5 4 37
36 5 37
3 1 38
4 3 38
37 4 38
0 20 41
39 0 41
19 18 42
23 22 43
10 9 44
32 31 44
42 43 45
27 26 47
12 11 48
30 29 48
9 8 49
8 33 49
33 32 49
32 44 49
44 9 49
18 17 50
42 18 50
43 42 50
16 15 51
46 16 51
14 13 52
29 28 53
48 29 53
21 2 54
2 40 54
25 24 55
46 25 55
24 23 55
23 43 55
43 50 55
26 25 56
25 46 56
46 51 56
47 26 56
51 47 56
17 16 57
16 46 57
50 17 57
46 55 57
55 50 57
13 12 58
12 48 58
48 53 58
52 13 58
20 19 59
19 42 59
41 20 59
42 45 59
28 27 60
27 47 60
53 28 60
52 58 60
58 53 60
39 41 61
40 39 61
54 40 61
45 54 61
41 59 61
59 45 61
11 10 62
31 30 62
10 44 62
44 31 62
30 48 62
48 11 62
15 14 63
47 51 63
51 15 63
14 52 63
52 60 63
60 47 63
8 7 64
7 34 64
33 8 64
34 33 64
22 21 65
43 22 65
45 43 65
21 54 65
54 45 65
7 6 66
6 35 66
34 7 66
35 34 66
