138
1 0 0
0 1 0
0 0 1
0.0526316 0.947368 0
0.105263 0.894737 0
0.157895 0.842105 0
0.210526 0.789474 0
0.263158 0.736842 0
0.315789 0.684211 0
0.368421 0.631579 0
0.421053 0.578947 0
0.473684 0.526316 0
0.526316 0.473684 0
0.578947 0.421053 0
0.631579 0.368421 0
0.684211 0.315789 0
0.736842 0.263158 0
0.789474 0.210526 0
0.842105 0.157895 0
0.894737 0.105263 0
0.947368 0.0526316 0
0 0.1 0.9
0 0.2 0.8
0 0.3 0.7
0 0.4 0.6
0 0.5 0.5
0 0.6 0.4
0 0.7 0.3
0 0.8 0.2
0 0.9 0.1
0.95 0 0.05
0.9 0 0.1
0.85 0 0.15
0.8 0 0.2
0.75 0 0.25
0.7 0 0.3
0.65 0 0.35
0.6 0 0.4
0.55 0 0.45
0.5 0 0.5
0.45 0 0.55
0.4 0 0.6
0.35 0 0.65
0.3 0 0.7
0.25 0 0.75
0.2 0 0.8
0.15 0 0.85
0.1 0 0.9
0.05 0 0.95
0.624359 0.139994 0.235647
0.098659 0.475063 0.426278
0.282474 0.128248 0.589277
0.158903 0.609014 0.232083
0.487222 0.410491 0.102287
0.794935 0.0736334 0.131432
0.420363 0.0712916 0.508345
0.654897 0.264679 0.0804238
0.0399629 0.330743 0.629294
0.677825 0.147806 0.174369
0.762599 0.164629 0.0727719
0.388065 0.262122 0.349813
0.166922 0.251961 0.581117
0.70752 0.21057 0.0819101
0.284188 0.620334 0.0954784
0.0433497 0.148477 0.808173
0.319001 0.515311 0.165687
0.0398465 0.634768 0.325385
0.374499 0.144507 0.480993
0.184018 0.328436 0.487546
0.48879 0.232128 0.279081
0.443027 0.24948 0.307493
0.283086 0.50881 0.208105
0.126206 0.387551 0.486242
0.340539 0.57694 0.0825217
0.599098 0.319005 0.0818975
0.552413 0.0794292 0.368157
0.250172 0.254468 0.49536
0.18899 0.686152 0.124858
0.581427 0.244829 0.173745
0.0798582 0.36706 0.553082
0.52482 0.276416 0.198765
0.133788 0.124003 0.742209
0.570978 0.160148 0.268874
0.34123 0.264283 0.394486
0.14945 0.785464 0.0650866
0.0893308 0.820653 0.0900163
0.228034 0.386884 0.385082
0.867931 0.0722401 0.0598289
0.394206 0.526409 0.0793855
0.427283 0.428854 0.143862
0.073437 0.711294 0.215269
0.122825 0.235559 0.641617
0.490782 0.120824 0.388394
0.23184 0.149165 0.618995
0.186973 0.494862 0.318164
0.113112 0.631106 0.255782
0.707297 0.0614447 0.231258
0.0335166 0.243464 0.723019
0.402135 0.360665 0.2372
0.0429174 0.83327 0.123813
0.335992 0.0855407 0.578467
0.430673 0.154584 0.414743
0.335852 0.390679 0.273469
0.310706 0.201674 0.48762
0.0418425 0.0589942 0.899163
0.0463355 0.512723 0.440941
0.817896 0.114049 0.0680549
0.0899613 0.086747 0.823292
0.254551 0.0687616 0.676688
0.279065 0.418431 0.302505
0.127544 0.716532 0.155924
0.196819 0.074366 0.728815
0.544313 0.360166 0.0955208
0.202516 0.578172 0.219311
0.741463 0.0975661 0.160971
0.0791116 0.220223 0.700665
0.609456 0.0686597 0.321885
0.237093 0.494592 0.268314
0.662306 0.0631651 0.274529
0.0799314 0.584637 0.335432
0.291061 0.321154 0.387785
0.235441 0.691943 0.0726156
0.913036 0.0451467 0.0418174
0.208751 0.23115 0.5601
0.463957 0.332151 0.203891
0.133998 0.52999 0.336012
0.46268 0.0639342 0.473386
0.442906 0.493365 0.0637283
0.02542 0.925185 0.0493949
0.629667 0.220361 0.149972
0.0324319 0.735246 0.232322
0.178669 0.16722 0.654111
0.368564 0.467092 0.164344
0.160271 0.427546 0.412184
0.52605 0.170748 0.303203
0.131732 0.313858 0.554409
0.0326938 0.427744 0.539562
0.240732 0.597702 0.161566


0 20 30
12 11 53
33 32 54
41 40 55
15 14 56
24 23 57
17 16 59
16 15 62
15 56 62
56 58 62
59 16 62
8 7 63
22 21 64
27 26 66
41 55 67
65 63 71
9 8 73
8 63 73
63 65 73
14 13 74
56 14 74
38 37 75
72 50 79
49 78 82
78 80 82
67 60 83
6 5 84
77 6 84
5 4 84
4 3 85
84 4 85
68 76 86
19 18 87
32 31 87
10 9 88
9 73 88
69 70 92
39 38 92
38 75 92
51 76 93
35 34 96
23 22 97
22 64 97
57 23 97
60 70 98
85 3 99
29 28 99
90 85 99
43 42 100
51 43 100
42 41 100
41 67 100
60 67 101
67 55 101
70 60 101
92 70 101
65 71 102
83 60 102
60 98 102
76 51 103
67 83 103
100 67 103
51 100 103
21 2 104
2 48 104
64 21 104
48 47 104
26 25 105
66 26 105
79 50 105
18 17 106
17 59 106
59 54 106
87 18 106
54 32 106
32 87 106
47 46 107
46 81 107
64 104 107
104 47 107
44 43 108
43 51 108
51 93 108
102 71 109
52 77 110
77 84 110
95 52 110
84 85 110
85 90 110
90 95 110
46 45 111
81 46 111
45 44 111
44 108 111
108 93 111
13 12 112
74 13 112
12 53 112
53 80 112
78 74 112
80 78 112
77 52 113
52 94 113
34 33 114
33 54 114
54 59 114
62 58 114
58 96 114
96 34 114
59 62 114
79 57 115
91 79 115
57 97 115
81 91 115
107 81 115
97 64 115
64 107 115
37 36 116
49 82 116
75 37 116
82 75 116
94 86 117
86 109 117
113 94 117
109 71 117
36 35 118
35 96 118
58 49 118
96 58 118
49 116 118
116 36 118
90 66 119
95 90 119
66 105 119
105 50 119
86 76 120
109 86 120
83 102 120
102 109 120
76 103 120
103 83 120
7 6 121
6 77 121
63 7 121
20 19 122
30 20 122
31 30 122
19 87 122
87 31 122
68 61 123
76 68 123
93 76 123
69 80 124
80 53 124
53 89 124
70 69 124
89 98 124
98 70 124
94 52 125
52 95 125
95 119 125
119 50 125
40 39 126
55 40 126
101 55 126
39 92 126
92 101 126
11 10 127
10 88 127
88 89 127
53 11 127
89 53 127
3 1 128
1 29 128
29 99 128
99 3 128
49 58 129
58 56 129
78 49 129
56 74 129
74 78 129
28 27 130
27 66 130
66 90 130
90 99 130
99 28 130
61 91 131
91 81 131
81 111 131
111 93 131
93 123 131
123 61 131
73 65 132
88 73 132
89 88 132
98 89 132
65 102 132
102 98 132
72 68 133
68 86 133
86 94 133
50 72 133
125 50 133
94 125 133
75 82 134
80 69 134
82 80 134
69 92 134
92 75 134
61 68 135
68 72 135
91 61 135
72 79 135
79 91 135
25 24 136
24 57 136
57 79 136
79 105 136
105 25 136
71 63 137
113 117 137
117 71 137
77 113 137
121 77 137
63 121 137
