125
1 0 0
0 1 0
0 0 1
0.0526316 0.947368 0
0.105263 0.894737 0
0.157895 0.842105 0
0.210526 0.789474 0
0.263158 0.736842 0
0.315789 0.684211 0
0.368421 0.631579 0
0.421053 0.578947 0
0.473684 0.526316 0
0.526316 0.473684 0
0.578947 0.421053 0
0.631579 0.368421 0
0.684211 0.315789 0
0.736842 0.263158 0
0.789474 0.210526 0
0.842105 0.157895 0
0.894737 0.105263 0
0.947368 0.0526316 0
0 0.0714286 0.928571
0 0.142857 0.857143
0 0.214286 0.785714
0 0.285714 0.714286
0 0.357143 0.642857
0 0.428571 0.571429
0 0.5 0.5
0 0.571429 0.428571
0 0.642857 0.357143
0 0.714286 0.285714
0 0.785714 0.214286
0 0.857143 0.142857
0 0.928571 0.0714286
0.916667 0 0.0833333
0.833333 0 0.166667
0.75 0 0.25
0.666667 0 0.333333
0.583333 0 0.416667
0.5 0 0.5
0.416667 0 0.583333
0.333333 0 0.666667
0.25 0 0.75
0.166667 0 0.833333
0.0833333 0 0.916667
0.635917 0.110903 0.253179
0.0974684 0.489137 0.413394
0.288166 0.140343 0.571491
0.177129 0.609008 0.213864
0.474142 0.411026 0.114831
0.789538 0.0579216 0.15254
0.422023 0.0701499 0.507828
0.657405 0.258498 0.0840965
0.730361 0.120877 0.148762
0.395662 0.252538 0.3518
0.182234 0.257776 0.559991
0.26926 0.631576 0.0991647
0.701844 0.0566645 0.241491
0.316368 0.515715 0.167916
0.376545 0.119742 0.503713
0.178664 0.332536 0.4888
0.4893 0.240347 0.270353
0.16895 0.537826 0.293224
0.129211 0.394877 0.475912
0.336107 0.5755 0.0883928
0.594409 0.322778 0.0828132
0.871819 0.0520003 0.076181
0.552373 0.0725193 0.375108
0.248999 0.247553 0.503448
0.193174 0.67207 0.134756
0.358454 0.0525645 0.588982
0.581158 0.244214 0.174628
0.061719 0.337546 0.600735
0.126847 0.136626 0.736527
0.553267 0.166014 0.280719
0.1431 0.780441 0.0764592
0.523338 0.295091 0.18157
0.649139 0.182266 0.168595
0.0778298 0.832183 0.0899874
0.226234 0.393289 0.380477
0.45079 0.323588 0.225622
0.395129 0.51685 0.088021
0.284826 0.0666932 0.648481
0.0645239 0.69193 0.243546
0.0670904 0.765734 0.167175
0.478759 0.11728 0.40396
0.117619 0.211135 0.671246
0.302807 0.212066 0.485127
0.451402 0.47042 0.0781777
0.18703 0.463531 0.349439
0.117334 0.29651 0.586156
0.282146 0.450454 0.267401
0.316711 0.285945 0.397343
0.399978 0.381861 0.218161
0.719401 0.197184 0.0834157
0.129761 0.0609533 0.809286
0.0481651 0.891306 0.0605289
0.0562225 0.253025 0.690753
0.449303 0.181969 0.368728
0.315993 0.37228 0.311727
0.0616377 0.103518 0.834844
0.823074 0.105961 0.070965
0.526553 0.359971 0.113476
0.104724 0.571862 0.323414
0.0539031 0.424341 0.521756
0.375471 0.444948 0.179581
0.206235 0.180053 0.613712
0.248201 0.317449 0.43435
0.624505 0.0477863 0.327709
0.054322 0.614207 0.331471
0.240911 0.511508 0.247582
0.0535537 0.0433203 0.903126
0.782175 0.156552 0.0612731
0.248137 0.570718 0.181145
0.20697 0.0424201 0.75061
0.204878 0.102453 0.692669
0.0470694 0.544225 0.408705
0.365746 0.184731 0.449522
0.203661 0.733827 0.0625114
0.0551512 0.174958 0.769891
0.11816 0.648621 0.233219
0.13411 0.719777 0.146113
0.25243 0.690985 0.0565851
0.374803 0.323046 0.30215
0.47859 0.0503467 0.471063


3 1 33
0 20 34
13 12 49
36 35 50
16 15 52
9 8 56
37 36 57
36 50 57
53 45 57
50 53 57
10 9 64
9 56 64
15 14 65
52 15 65
20 19 66
34 20 66
35 34 66
50 35 66
39 38 67
48 56 69
41 40 70
40 51 70
51 59 70
52 65 71
25 24 72
71 61 74
67 45 74
6 5 75
61 71 76
71 65 76
45 53 77
74 45 77
52 71 77
71 74 77
5 4 78
32 31 78
75 5 78
63 60 79
54 61 80
61 76 80
11 10 81
10 64 81
64 58 81
42 41 82
41 70 82
59 47 82
70 59 82
30 29 83
75 78 84
78 31 84
31 30 84
30 83 84
59 51 85
67 74 85
12 11 88
49 12 88
11 81 88
62 46 89
46 63 89
63 79 89
55 60 90
60 63 90
63 72 90
86 55 90
89 79 91
68 87 92
87 54 92
80 49 93
17 16 94
77 53 94
16 52 94
52 77 94
44 43 95
4 3 96
3 33 96
33 32 96
32 78 96
78 4 96
24 23 97
86 90 97
72 24 97
90 72 97
61 54 98
59 85 98
74 61 98
85 74 98
91 79 99
22 21 100
95 73 100
19 18 101
53 50 101
50 66 101
66 19 101
14 13 102
65 14 102
13 49 102
76 65 102
49 80 102
80 76 102
46 62 103
62 48 103
27 26 104
46 27 104
63 46 104
26 25 104
25 72 104
72 63 104
81 58 105
58 91 105
49 88 105
93 49 105
88 81 105
91 99 105
99 93 105
68 55 106
55 86 106
86 73 106
47 87 106
87 68 106
60 55 107
55 68 107
68 92 107
79 60 107
99 79 107
92 99 107
38 37 108
37 57 108
57 45 108
45 67 108
67 38 108
29 28 109
83 29 109
62 89 110
89 91 110
91 58 110
21 2 111
2 44 111
100 21 111
44 95 111
95 100 111
18 17 112
17 94 112
94 53 112
53 101 112
101 18 112
56 48 113
48 62 113
62 110 113
58 64 113
110 58 113
64 56 113
43 42 114
42 82 114
95 43 114
82 47 115
114 82 115
73 95 115
95 114 115
106 73 115
47 106 115
28 27 116
27 46 116
46 103 116
103 109 116
109 28 116
47 59 117
87 47 117
54 87 117
98 54 117
59 98 117
7 6 118
6 75 118
23 22 119
73 86 119
86 97 119
97 23 119
22 100 119
100 73 119
48 69 120
83 109 120
103 48 120
109 103 120
75 84 121
84 83 121
118 75 121
69 118 121
120 69 121
83 120 121
8 7 122
56 8 122
69 56 122
7 118 122
118 69 122
54 80 123
92 54 123
80 93 123
93 99 123
99 92 123
40 39 124
51 40 124
39 67 124
67 85 124
85 51 124
