102
1 0 0
0 1 0
0 0 1
0.0526316 0.947368 0
0.105263 0.894737 0
0.157895 0.842105 0
0.210526 0.789474 0
0.263158 0.736842 0
0.315789 0.684211 0
0.368421 0.631579 0
0.421053 0.578947 0
0.473684 0.526316 0
0.526316 0.473684 0
0.578947 0.421053 0
0.631579 0.368421 0
0.684211 0.315789 0
0.736842 0.263158 0
0.789474 0.210526 0
0.842105 0.157895 0
0.894737 0.105263 0
0.947368 0.0526316 0
0 0.0555556 0.944444
0 0.111111 0.888889
0 0.166667 0.833333
0 0.222222 0.777778
0 0.277778 0.722222
0 0.333333 0.666667
0 0.388889 0.611111
0 0.444444 0.555556
0 0.5 0.5
0 0.555556 0.444444
0 0.611111 0.388889
0 0.666667 0.333333
0 0.722222 0.277778
0 0.777778 0.222222
0 0.833333 0.166667
0 0.888889 0.111111
0 0.944444 0.0555556
0.857143 0 0.142857
0.714286 0 0.285714
0.571429 0 0.428571
0.428571 0 0.571429
0.285714 0 0.714286
0.142857 0 0.857143
0.633176 0.118744 0.24808
0.0885076 0.498877 0.412615
0.265367 0.146031 0.588602
0.159925 0.605717 0.234358
0.492782 0.400888 0.10633
0.805204 0.0544879 0.140308
0.41372 0.0636276 0.522653
0.627959 0.274481 0.0975599
0.71629 0.16721 0.1165
0.397076 0.267066 0.335857
0.658003 0.0566762 0.285321
0.177084 0.249385 0.57353
0.250786 0.637996 0.111218
0.328663 0.523147 0.148191
0.191773 0.330686 0.477541
0.169931 0.545899 0.28417
0.112951 0.405514 0.481535
0.563989 0.332297 0.103714
0.140855 0.194037 0.665108
0.194246 0.687661 0.118092
0.546573 0.233659 0.219768
0.515465 0.285488 0.199047
0.138362 0.128137 0.733502
0.566322 0.173439 0.260238
0.670282 0.219201 0.110517
0.093632 0.797799 0.108569
0.440146 0.336536 0.223319
0.279367 0.0362111 0.684422
0.0875299 0.699518 0.212952
0.491622 0.119828 0.38855
0.29243 0.583898 0.123672
0.232006 0.420774 0.34722
0.442985 0.207568 0.349447
0.295278 0.212349 0.492373
0.269836 0.0868636 0.6433
0.29101 0.46043 0.24856
0.761624 0.111705 0.126672
0.144813 0.453146 0.402041
0.137618 0.0658918 0.79649
0.358731 0.399732 0.241537
0.321296 0.332134 0.34657
0.104495 0.300552 0.594953
0.89671 0.0275102 0.0757801
0.0744796 0.0293864 0.896134
0.106902 0.651144 0.241954
0.132488 0.744602 0.12291
0.413987 0.465102 0.120911
0.250722 0.28128 0.467999
0.5213 0.0357366 0.442963
0.0739278 0.849633 0.0764388
0.225689 0.375018 0.399293
0.40252 0.161477 0.436003
0.0966064 0.357337 0.546057
0.0831491 0.57743 0.339421
0.542029 0.0785726 0.379398
0.37446 0.112067 0.513472
0.209822 0.494996 0.295181
0.080416 0.24943 0.670153


3 1 37
4 3 37
36 4 37
29 28 45
30 29 45
14 13 48
13 12 48
20 19 49
39 38 49
16 15 51
18 17 52
40 39 54
39 49 54
9 8 56
11 10 57
30 45 59
28 27 60
15 14 61
51 15 61
14 48 61
24 23 62
8 7 63
56 8 63
51 61 65
53 64 65
64 51 65
23 22 66
46 62 66
62 23 66
44 52 67
17 16 68
16 51 68
51 64 68
52 17 68
64 67 68
67 52 68
6 5 69
35 34 69
61 48 70
53 65 70
65 61 70
42 41 71
41 50 71
43 42 71
33 32 72
44 67 73
10 9 74
9 56 74
56 47 74
47 59 74
57 10 74
59 57 74
64 53 76
67 64 76
76 53 77
55 62 77
62 46 77
71 50 78
46 66 78
19 18 80
49 19 80
18 52 80
52 44 80
44 54 80
54 49 80
45 28 81
28 60 81
60 75 81
75 79 81
22 21 82
66 22 82
43 71 82
78 66 82
71 78 82
70 48 83
79 75 83
53 70 84
70 83 84
26 25 85
0 20 86
38 0 86
20 49 86
49 38 86
21 2 87
2 43 87
43 82 87
82 21 87
32 31 88
31 47 88
47 56 88
56 63 88
63 72 88
72 32 88
7 6 89
6 69 89
63 7 89
72 63 89
34 33 89
33 72 89
69 34 89
12 11 90
11 57 90
48 12 90
57 79 90
79 83 90
83 48 90
55 77 91
77 53 91
53 84 91
84 58 91
58 85 91
85 55 91
41 40 92
50 41 92
40 54 92
5 4 93
4 36 93
36 35 93
35 69 93
69 5 93
75 60 94
58 84 94
83 75 94
84 83 94
73 67 95
67 76 95
76 77 95
77 46 95
27 26 96
60 27 96
26 85 96
85 58 96
58 94 96
94 60 96
31 30 97
47 31 97
30 59 97
59 47 97
54 44 98
44 73 98
92 54 98
73 50 98
50 92 98
50 73 99
78 50 99
46 78 99
95 46 99
73 95 99
57 59 100
79 57 100
59 45 100
45 81 100
81 79 100
25 24 101
24 62 101
62 55 101
55 85 101
85 25 101
