73
1 0 0
0 1 0
0 0 1
0.0526316 0.947368 0
0.105263 0.894737 0
0.157895 0.842105 0
0.210526 0.789474 0
0.263158 0.736842 0
0.315789 0.684211 0
0.368421 0.631579 0
0.421053 0.578947 0
0.473684 0.526316 0
0.526316 0.473684 0
0.578947 0.421053 0
0.631579 0.368421 0
0.684211 0.315789 0
0.736842 0.263158 0
0.789474 0.210526 0
0.842105 0.157895 0
0.894737 0.105263 0
0.947368 0.0526316 0
0 0.0526316 0.947369
0 0.105263 0.894737
0 0.157895 0.842105
0 0.210526 0.789474
0 0.263158 0.736842
0 0.315789 0.684211
0 0.368421 0.631579
0 0.421053 0.578947
0 0.473684 0.526316
0 0.526316 0.473684
0 0.578947 0.421053
0 0.631579 0.368421
0 0.684211 0.315789
0 0.736842 0.263158
0 0.789474 0.210526
0 0.842105 0.157895
0 0.894737 0.105263
0 0.947369 0.0526316
0.75 0 0.25
0.5 0 0.5
0.25 0 0.75
0.623055 0.116958 0.259986
0.328084 0.141099 0.530818
0.196673 0.607512 0.195815
0.732767 0.0680299 0.199203
0.449327 0.0705536 0.480119
0.352497 0.265384 0.382118
0.176313 0.24046 0.583227
0.313851 0.51014 0.176009
0.239389 0.325801 0.43481
0.437021 0.39472 0.168259
0.166112 0.657421 0.176467
0.172684 0.190272 0.637044
0.559069 0.232057 0.208874
0.57355 0.173668 0.252782
0.499888 0.289673 0.210439
0.18221 0.0959487 0.721842
0.232077 0.391183 0.37674
0.441603 0.343955 0.214443
0.146936 0.444797 0.408267
0.236548 0.0379788 0.725473
0.334312 0.449515 0.216173
0.632953 0.034019 0.333028
0.36063 0.205694 0.433676
0.117561 0.753796 0.128643
0.138636 0.539375 0.321988
0.0920669 0.814413 0.0935203
0.14555 0.708009 0.146441
0.152827 0.492885 0.354288
0.832429 0.0268471 0.140724
0.262428 0.56191 0.175662
0.159216 0.28676 0.554025


5 4 37
36 5 37
3 1 38
4 3 38
37 4 38
19 18 42
10 9 44
32 31 44
20 19 45
19 42 45
42 43 46
45 42 46
25 24 48
12 11 49
27 26 50
14 13 51
9 8 52
33 32 52
32 44 52
44 9 52
24 23 53
23 43 53
48 24 53
17 16 54
18 17 55
17 54 55
42 18 55
43 42 55
16 15 56
50 47 56
47 54 56
54 16 56
23 22 57
43 23 57
22 21 57
46 43 57
28 27 58
27 50 58
14 51 59
15 14 59
56 15 59
50 56 59
51 58 59
58 50 59
29 28 60
28 58 60
21 2 61
2 41 61
41 40 61
40 46 61
57 21 61
46 57 61
12 49 62
13 12 62
51 13 62
58 51 62
60 58 62
40 39 63
45 46 63
46 40 63
47 48 64
54 47 64
48 53 64
53 43 64
43 55 64
55 54 64
7 6 65
6 35 65
35 34 65
31 30 66
6 5 67
5 36 67
35 6 67
36 35 67
8 7 68
34 33 68
33 52 68
52 8 68
7 65 68
65 34 68
30 29 69
29 60 69
60 62 69
62 49 69
49 66 69
66 30 69
0 20 70
39 0 70
20 45 70
45 63 70
63 39 70
10 44 71
44 31 71
31 66 71
11 10 71
49 11 71
66 49 71
26 25 72
25 48 72
48 47 72
47 50 72
50 26 72
