139
1 0 0
0 1 0
0 0 1
0.0526316 0.947368 0
0.105263 0.894737 0
0.157895 0.842105 0
0.210526 0.789474 0
0.263158 0.736842 0
0.315789 0.684211 0
0.368421 0.631579 0
0.421053 0.578947 0
0.473684 0.526316 0
0.526316 0.473684 0
0.578947 0.421053 0
0.631579 0.368421 0
0.684211 0.315789 0
0.736842 0.263158 0
0.789474 0.210526 0
0.842105 0.157895 0
0.894737 0.105263 0
0.947368 0.0526316 0
0 0.0833333 0.916667
0 0.166667 0.833333
0 0.25 0.75
0 0.333333 0.666667
0 0.416667 0.583333
0 0.5 0.5
0 0.583333 0.416667
0 0.666667 0.333333
0 0.75 0.25
0 0.833333 0.166667
0 0.916667 0.0833333
0.9375 0 0.0625
0.875 0 0.125
0.8125 0 0.1875
0.75 0 0.25
0.6875 0 0.3125
0.625 0 0.375
0.5625 0 0.4375
0.5 0 0.5
0.4375 0 0.5625
0.375 0 0.625
0.3125 0 0.6875
0.25 0 0.75
0.1875 0 0.8125
0.125 0 0.875
0.0624999 0 0.9375
0.631741 0.119712 0.248547
0.0984726 0.495612 0.405916
0.266602 0.152534 0.580864
0.162948 0.621573 0.215478
0.485948 0.408129 0.105923
0.80533 0.0540711 0.140599
0.411001 0.0628456 0.526153
0.641604 0.278159 0.0802366
0.0389901 0.344955 0.616055
0.746133 0.17617 0.0776979
0.386262 0.277862 0.335876
0.188729 0.256503 0.554768
0.696123 0.224511 0.0793658
0.282791 0.608666 0.108544
0.0518285 0.137021 0.81115
0.32071 0.528624 0.150666
0.0446437 0.633592 0.321764
0.378417 0.118271 0.503312
0.182765 0.338031 0.479203
0.495561 0.226749 0.277691
0.168507 0.541486 0.290007
0.123085 0.39388 0.483035
0.580749 0.33304 0.0862109
0.693825 0.130473 0.175702
0.896936 0.0473234 0.0557407
0.536132 0.0738367 0.390031
0.254197 0.235312 0.510491
0.348232 0.588001 0.0637665
0.192992 0.692863 0.114145
0.346165 0.0591251 0.59471
0.591809 0.24562 0.162571
0.531812 0.273334 0.194854
0.131007 0.129624 0.73937
0.565297 0.166335 0.268368
0.319557 0.261248 0.419195
0.161914 0.761154 0.0769328
0.64167 0.190903 0.167427
0.0798837 0.833573 0.086543
0.224223 0.384529 0.391247
0.45549 0.32043 0.22408
0.0873582 0.319459 0.593183
0.400451 0.513911 0.0856372
0.797684 0.1309 0.0714166
0.426149 0.423681 0.15017
0.269647 0.076241 0.654112
0.133808 0.69106 0.175132
0.0796019 0.697766 0.222632
0.124458 0.227814 0.647727
0.0497199 0.773635 0.176645
0.492886 0.142581 0.364533
0.0660557 0.408724 0.525221
0.305155 0.195068 0.499777
0.219793 0.609495 0.170712
0.710041 0.0547114 0.235247
0.292566 0.463466 0.243968
0.430375 0.136896 0.432729
0.385232 0.366008 0.24876
0.332335 0.402494 0.265172
0.0483624 0.88387 0.0677676
0.322702 0.329724 0.347574
0.519195 0.346661 0.134144
0.103021 0.602615 0.294364
0.0921356 0.0657923 0.842072
0.249496 0.313006 0.437498
0.177157 0.407465 0.415378
0.219016 0.46132 0.319664
0.597408 0.0672291 0.335363
0.109425 0.771699 0.118876
0.0470947 0.247491 0.705414
0.19955 0.0728033 0.727647
0.0389313 0.0574881 0.903581
0.848664 0.0828272 0.0685085
0.202755 0.161673 0.635572
0.471628 0.063916 0.464456
0.248077 0.533264 0.21866
0.75172 0.0916292 0.156651
0.0477292 0.550141 0.40213
0.363292 0.45576 0.180948
0.540309 0.402162 0.0575293
0.148106 0.0516834 0.800211
0.65886 0.0575729 0.283567
0.151957 0.466211 0.381832
0.0325803 0.70718 0.260239
0.437674 0.2161 0.346226
0.461722 0.473723 0.0645553
0.245433 0.688424 0.0661433
0.0421422 0.473331 0.484527
0.137508 0.307639 0.554853
0.274891 0.394296 0.330813
0.323241 0.123938 0.552821
0.0832372 0.186633 0.73013
0.368186 0.190758 0.441056


3 1 31
0 20 32
34 33 52
35 34 52
41 40 53
15 14 54
25 24 55
17 16 56
16 15 59
15 54 59
56 16 59
22 21 61
28 27 63
14 13 69
54 14 69
56 59 70
20 19 71
32 20 71
33 32 71
39 38 72
9 8 74
8 60 74
10 9 74
60 62 74
42 41 76
41 53 76
53 64 76
54 69 77
77 69 78
77 78 80
78 66 80
6 5 82
75 6 82
47 70 83
70 59 83
59 54 83
54 77 83
77 80 83
80 47 83
5 4 84
66 78 86
11 10 88
10 74 88
74 62 88
18 17 89
17 56 89
86 51 90
43 42 91
42 76 91
50 75 92
75 82 92
30 29 95
84 30 95
72 80 96
80 66 96
68 48 97
25 55 97
55 87 97
87 68 97
73 49 98
81 73 98
50 67 99
75 50 99
36 35 100
64 53 102
57 86 103
86 90 103
4 3 105
84 4 105
3 31 105
31 30 105
30 84 105
81 57 106
57 103 106
103 104 106
78 69 107
51 86 107
86 78 107
48 67 108
67 50 108
93 63 108
50 92 108
92 93 108
46 45 109
79 61 109
65 58 110
58 73 110
85 65 110
73 81 110
81 106 110
68 65 111
65 85 111
111 85 112
38 37 113
72 38 113
47 80 113
80 72 113
82 5 114
5 84 114
92 82 114
93 92 114
84 95 114
95 93 114
24 23 115
55 24 115
23 22 115
22 61 115
87 55 115
94 87 115
44 43 116
43 91 116
21 2 117
2 46 117
46 109 117
61 21 117
109 61 117
19 18 118
71 19 118
52 33 118
33 71 118
18 89 118
89 52 118
49 73 119
73 58 119
58 94 119
94 79 119
79 116 119
91 49 119
116 91 119
40 39 120
53 40 120
39 72 120
72 96 120
102 53 120
96 102 120
62 60 121
101 62 121
60 99 121
99 67 121
67 112 121
112 101 121
35 52 122
100 35 122
56 70 122
70 100 122
89 56 122
52 89 122
27 26 123
63 27 123
48 108 123
108 63 123
88 62 124
62 101 124
101 104 124
90 88 124
103 90 124
104 103 124
13 12 125
12 51 125
51 107 125
69 13 125
107 69 125
79 109 126
109 45 126
45 44 126
44 116 126
116 79 126
37 36 127
36 100 127
70 47 127
100 70 127
47 113 127
113 37 127
67 48 128
48 68 128
68 111 128
111 112 128
112 67 128
29 28 129
28 63 129
63 93 129
93 95 129
95 29 129
66 86 130
86 57 130
96 66 130
102 96 130
12 11 131
51 12 131
90 51 131
11 88 131
88 90 131
8 7 132
60 8 132
7 6 132
6 75 132
99 60 132
75 99 132
26 25 133
25 97 133
97 48 133
48 123 133
123 26 133
58 65 134
65 68 134
68 87 134
87 94 134
94 58 134
104 101 135
106 104 135
85 110 135
110 106 135
101 112 135
112 85 135
49 91 136
91 76 136
98 49 136
76 64 136
61 79 137
79 94 137
94 115 137
115 61 137
57 81 138
81 98 138
130 57 138
64 102 138
102 130 138
98 136 138
136 64 138
