148
1 0 0
0 1 0
0 0 1
0.0526316 0.947368 0
0.105263 0.894737 0
0.157895 0.842105 0
0.210526 0.789474 0
0.263158 0.736842 0
0.315789 0.684211 0
0.368421 0.631579 0
0.421053 0.578947 0
0.473684 0.526316 0
0.526316 0.473684 0
0.578947 0.421053 0
0.631579 0.368421 0
0.684211 0.315789 0
0.736842 0.263158 0
0.789474 0.210526 0
0.842105 0.157895 0
0.894737 0.105263 0
0.947368 0.0526316 0
0 0.0833333 0.916667
0 0.166667 0.833333
0 0.25 0.75
0 0.333333 0.666667
0 0.416667 0.583333
0 0.5 0.5
0 0.583333 0.416667
0 0.666667 0.333333
0 0.75 0.25
0 0.833333 0.166667
0 0.916667 0.0833333
0.944444 0 0.0555556
0.888889 0 0.111111
0.833333 0 0.166667
0.777778 0 0.222222
0.722222 0 0.277778
0.666667 0 0.333333
0.611111 0 0.388889
0.555556 0 0.444444
0.5 0 0.5
0.444444 0 0.555556
0.388889 0 0.611111
0.333333 0 0.666667
0.277778 0 0.722222
0.222222 0 0.777778
0.166667 0 0.833333
0.111111 0 0.888889
0.0555555 0 0.944444
0.635104 0.118585 0.246311
0.0999807 0.495856 0.404163
0.283634 0.136972 0.579395
0.16512 0.61686 0.21802
0.488818 0.410709 0.100473
0.793724 0.062935 0.143341
0.409353 0.0689916 0.521656
0.642195 0.277878 0.0799264
0.0372578 0.359102 0.60364
0.690549 0.127281 0.182169
0.752875 0.185271 0.0618535
0.400462 0.237273 0.362264
0.184195 0.233 0.582805
0.699295 0.213148 0.0875572
0.279993 0.633104 0.0869026
0.0532894 0.133704 0.813006
0.68461 0.0577305 0.25766
0.314233 0.536114 0.149653
0.0461271 0.636651 0.317222
0.372091 0.152088 0.475822
0.181746 0.331046 0.487208
0.487589 0.251964 0.260447
0.15386 0.532593 0.313547
0.11629 0.395569 0.488141
0.340659 0.577768 0.0815726
0.582375 0.331682 0.0859426
0.544115 0.0672094 0.388676
0.142226 0.201297 0.656477
0.243216 0.238047 0.518737
0.186193 0.682674 0.131133
0.343229 0.0683081 0.588463
0.593997 0.249866 0.156137
0.0786172 0.354357 0.567026
0.539143 0.264648 0.196209
0.118939 0.133223 0.747838
0.580854 0.179376 0.23977
0.341891 0.258295 0.399814
0.159648 0.763358 0.0769935
0.0991969 0.825277 0.0755256
0.232634 0.380949 0.386416
0.90574 0.0471226 0.0471373
0.436135 0.316389 0.247476
0.396086 0.524318 0.0795959
0.798424 0.131665 0.069911
0.43039 0.421612 0.147999
0.268826 0.0643912 0.666783
0.133802 0.688731 0.177466
0.851412 0.0729046 0.0756829
0.0790264 0.696026 0.224947
0.0489575 0.784382 0.166661
0.491411 0.109262 0.399327
0.09101 0.204557 0.704433
0.457472 0.20803 0.334498
0.641095 0.193444 0.165461
0.227498 0.14864 0.623862
0.225936 0.615623 0.158441
0.12151 0.289651 0.588839
0.299799 0.463267 0.236935
0.392735 0.387594 0.219671
0.431746 0.140978 0.427276
0.0554306 0.280167 0.664403
0.342881 0.401494 0.255625
0.308787 0.204907 0.486306
0.0371065 0.0597139 0.90318
0.585477 0.095522 0.319001
0.305369 0.358386 0.336245
0.0419476 0.512733 0.44532
0.529967 0.347115 0.122918
0.106361 0.605271 0.288368
0.087954 0.0671802 0.844866
0.16307 0.436286 0.400644
0.207099 0.473243 0.319658
0.203131 0.0669662 0.729903
0.743999 0.124345 0.131656
0.0509868 0.43567 0.513343
0.485374 0.3324 0.182226
0.737907 0.0578101 0.204283
0.455996 0.484743 0.0592617
0.371838 0.323636 0.304526
0.0482643 0.873413 0.078323
0.541173 0.402845 0.0559825
0.463065 0.0603454 0.476589
0.224481 0.708235 0.0672843
0.244168 0.517214 0.238618
0.145514 0.0660614 0.788425
0.0611011 0.567579 0.37132
0.362379 0.47195 0.165671
0.329895 0.130821 0.539284
0.26039 0.431867 0.307743
0.176606 0.138878 0.684516
0.636393 0.0523774 0.311229
0.282325 0.296391 0.421284
0.103443 0.757317 0.13924
0.235229 0.31464 0.450131
0.0336052 0.710019 0.256376
0.525274 0.16739 0.307336
0.0396084 0.20714 0.753252
0.271892 0.554779 0.173329
0.199987 0.555752 0.244261


3 1 31
0 20 32
35 34 54
42 41 55
15 14 56
25 24 57
17 16 59
16 15 62
15 56 62
59 16 62
8 7 63
22 21 64
37 36 65
58 49 65
28 27 67
9 8 73
8 63 73
63 66 73
14 13 74
56 14 74
39 38 75
40 39 75
69 61 77
43 42 79
42 55 79
55 68 79
56 74 80
80 74 82
80 82 84
68 60 85
6 5 86
5 4 87
86 5 87
20 19 89
32 20 89
33 32 89
10 9 91
9 73 91
18 17 92
17 59 92
44 43 94
45 44 94
43 79 94
79 51 94
52 78 95
78 86 95
19 18 96
34 33 96
33 89 96
89 19 96
18 92 96
54 34 96
92 54 96
30 29 98
40 75 99
64 83 100
83 76 100
70 90 101
90 60 101
49 58 102
58 62 102
62 56 102
56 80 102
80 84 102
84 49 102
51 77 103
77 61 103
94 51 103
78 52 104
61 69 105
69 72 105
72 81 105
76 61 105
100 76 105
90 93 107
60 68 108
101 60 108
68 55 108
99 101 108
24 23 109
57 24 109
81 57 109
100 105 109
105 81 109
68 85 111
77 51 111
21 2 112
2 48 112
64 21 112
75 38 113
49 84 113
110 106 114
27 26 115
82 74 116
50 71 117
97 67 117
71 52 117
52 95 117
95 97 117
83 64 118
48 47 118
112 48 118
64 112 118
71 50 119
50 72 119
72 69 119
69 88 119
71 119 120
119 88 120
46 45 121
45 94 121
94 103 121
59 62 122
62 58 122
54 92 122
92 59 122
25 57 123
57 81 123
26 25 123
115 26 123
72 50 123
50 115 123
81 72 123
53 93 124
93 90 124
70 82 124
82 116 124
116 53 124
90 70 124
36 35 125
35 54 125
54 122 125
58 65 125
122 58 125
65 36 125
12 11 126
53 12 126
11 10 126
10 91 126
93 53 126
91 93 126
60 90 127
90 107 127
85 60 127
107 110 127
110 114 127
114 85 127
4 3 128
87 4 128
3 31 128
31 30 128
30 98 128
98 87 128
13 12 129
12 53 129
53 116 129
74 13 129
116 74 129
41 40 130
40 99 130
55 41 130
99 108 130
108 55 130
7 6 131
63 7 131
6 86 131
86 78 131
78 104 131
104 63 131
47 46 133
118 47 133
83 118 133
46 121 133
115 50 134
67 27 134
27 115 134
50 117 134
117 67 134
73 66 135
91 73 135
93 91 135
107 93 135
110 107 135
66 106 135
106 110 135
51 79 136
111 51 136
79 68 136
68 111 136
88 114 137
114 106 137
120 88 137
106 132 137
132 120 137
61 76 138
103 61 138
76 83 138
121 103 138
83 133 138
133 121 138
38 37 139
37 65 139
65 49 139
49 113 139
113 38 139
114 88 140
77 111 140
111 85 140
85 114 140
86 87 141
95 86 141
97 95 141
87 98 141
98 97 141
69 77 142
88 69 142
77 140 142
140 88 142
29 28 143
28 67 143
67 97 143
97 98 143
98 29 143
82 70 144
84 82 144
99 75 144
70 101 144
101 99 144
75 113 144
113 84 144
23 22 145
22 64 145
64 100 145
100 109 145
109 23 145
66 63 146
63 104 146
104 132 146
106 66 146
132 106 146
52 71 147
71 120 147
120 132 147
104 52 147
132 104 147
