170
1 0 0
0 1 0
0 0 1
0.0526316 0.947368 0
0.105263 0.894737 0
0.157895 0.842105 0
0.210526 0.789474 0
0.263158 0.736842 0
0.315789 0.684211 0
0.368421 0.631579 0
0.421053 0.578947 0
0.473684 0.526316 0
0.526316 0.473684 0
0.578947 0.421053 0
0.631579 0.368421 0
0.684211 0.315789 0
0.736842 0.263158 0
0.789474 0.210526 0
0.842105 0.157895 0
0.894737 0.105263 0
0.947368 0.0526316 0
0 0.0555556 0.944444
0 0.111111 0.888889
0 0.166667 0.833333
0 0.222222 0.777778
0 0.277778 0.722222
0 0.333333 0.666667
0 0.388889 0.611111
0 0.444444 0.555556
0 0.5 0.5
0 0.555556 0.444444
0 0.611111 0.388889
0 0.666667 0.333333
0 0.722222 0.277778
0 0.777778 0.222222
0 0.833333 0.166667
0 0.888889 0.111111
0 0.944444 0.0555556
0.933333 0 0.0666667
0.866667 0 0.133333
0.8 0 0.2
0.733333 0 0.266667
0.666667 0 0.333333
0.6 0 0.4
0.533333 0 0.466667
0.466667 0 0.533333
0.4 0 0.6
0.333333 0 0.666667
0.266667 0 0.733333
0.2 0 0.8
0.133333 0 0.866667
0.0666667 0 0.933333
0.638957 0.118916 0.242127
0.112272 0.490573 0.397155
0.264586 0.134057 0.601356
0.159365 0.618741 0.221894
0.484758 0.411505 0.103737
0.800807 0.0633979 0.135795
0.417118 0.0713582 0.511523
0.652611 0.277703 0.0696861
0.0576075 0.332714 0.609678
0.682626 0.130494 0.18688
0.752566 0.174645 0.0727883
0.737212 0.128995 0.133793
0.383385 0.26564 0.350976
0.664223 0.0562083 0.279568
0.186333 0.236348 0.57732
0.708973 0.222048 0.0689796
0.272535 0.631146 0.0963188
0.0612038 0.132955 0.805842
0.315951 0.529136 0.154914
0.374542 0.13949 0.485968
0.177259 0.341232 0.481509
0.493943 0.232388 0.273669
0.154495 0.543275 0.30223
0.121809 0.3957 0.482492
0.348347 0.578313 0.0733404
0.581247 0.326812 0.091941
0.888763 0.0483757 0.0628611
0.543873 0.073725 0.382402
0.134553 0.201886 0.66356
0.25524 0.253416 0.491344
0.19815 0.668596 0.133254
0.35597 0.0465457 0.597484
0.593737 0.253259 0.153004
0.28671 0.488103 0.225187
0.0622813 0.388245 0.549473
0.520785 0.284804 0.194412
0.127781 0.133425 0.738795
0.58374 0.162009 0.254252
0.323257 0.263642 0.413101
0.152475 0.786451 0.0610737
0.653406 0.182289 0.164305
0.0970783 0.838768 0.0641535
0.232496 0.396182 0.371322
0.0866041 0.782015 0.131381
0.451421 0.331668 0.216911
0.402523 0.507933 0.0895446
0.797237 0.125872 0.0768909
0.273892 0.0668788 0.659229
0.127048 0.701088 0.171864
0.067278 0.701581 0.231141
0.495929 0.125184 0.378886
0.253323 0.197558 0.549119
0.740462 0.0400795 0.219458
0.448838 0.200887 0.350275
0.476049 0.464849 0.0591013
0.444102 0.274656 0.281242
0.223199 0.614509 0.162292
0.189582 0.469024 0.341394
0.120977 0.278951 0.600072
0.417518 0.440611 0.141871
0.396117 0.384807 0.219076
0.0428973 0.571542 0.385561
0.0514032 0.893914 0.0546824
0.438731 0.131326 0.429943
0.125169 0.0666187 0.808212
0.0634358 0.268904 0.667661
0.310357 0.338934 0.350709
0.049907 0.515899 0.434194
0.605695 0.0433735 0.350932
0.151933 0.435577 0.41249
0.249417 0.691796 0.0587867
0.321951 0.203159 0.47489
0.273166 0.427228 0.299605
0.197164 0.0640245 0.738812
0.16781 0.729276 0.102914
0.0539891 0.0843596 0.861651
0.577503 0.106076 0.316421
0.488872 0.0600145 0.451113
0.0584041 0.201736 0.73986
0.0442435 0.657761 0.297995
0.228534 0.555102 0.216364
0.513372 0.352814 0.133815
0.846437 0.0980044 0.0555585
0.0913341 0.547696 0.36097
0.0646968 0.450388 0.484915
0.345202 0.43288 0.221918
0.204888 0.176194 0.618918
0.387333 0.198818 0.413849
0.248673 0.321396 0.429931
0.0745727 0.040728 0.884699
0.383292 0.327375 0.289333
0.334143 0.0985278 0.567329
0.544329 0.402668 0.0530031
0.279891 0.5782 0.141909
0.5189 0.171671 0.309429
0.197686 0.125304 0.67701
0.635657 0.325017 0.0393256
0.122719 0.335673 0.541607
0.225248 0.498244 0.276508
0.313618 0.642452 0.0439303
0.104042 0.653318 0.24264
0.336641 0.381769 0.28159
0.312323 0.156167 0.53151
0.356452 0.478065 0.165482
0.0527042 0.756378 0.190918
0.41563 0.0291641 0.555206
0.451499 0.384044 0.164457
0.211149 0.745587 0.0432644
0.187677 0.379086 0.433237
0.714175 0.0846775 0.201147
0.190143 0.290835 0.519022
0.948678 0.0223665 0.0289559
0.0416815 0.846364 0.111955
0.414382 0.544514 0.0411047
0.554943 0.0311752 0.413881
0.649302 0.231146 0.119552
0.0862582 0.603658 0.310083
0.557589 0.214973 0.227439


3 1 37
21 2 51
40 39 57
16 15 59
27 26 60
18 17 62
42 41 65
17 16 67
62 17 67
16 59 67
23 22 69
10 9 76
20 19 78
39 38 78
57 39 78
47 46 83
59 77 84
28 27 86
27 60 86
84 77 87
6 5 91
61 63 92
63 62 92
62 67 92
52 61 92
89 52 92
5 4 93
91 5 93
91 93 95
76 70 97
63 57 98
18 62 98
62 63 98
48 47 99
47 83 99
55 82 100
81 66 103
41 40 104
40 57 104
65 41 104
12 11 106
11 97 106
73 87 107
87 96 107
64 105 107
105 73 107
68 82 108
82 55 108
74 53 109
80 66 110
56 106 111
106 97 111
31 30 113
4 3 114
3 37 114
37 36 114
93 4 114
71 58 115
102 105 115
50 49 116
88 69 116
26 25 117
60 26 117
110 60 117
80 110 117
90 64 118
30 29 119
113 30 119
43 42 120
42 65 120
109 53 121
94 109 121
8 7 122
82 68 122
90 81 123
81 103 123
109 94 124
94 118 124
49 48 125
48 99 125
116 49 125
88 116 125
100 82 126
91 95 126
95 100 126
82 122 126
22 21 127
69 22 127
116 69 127
52 89 128
102 79 128
65 52 128
120 65 128
79 120 128
45 44 129
58 45 129
115 58 129
79 102 129
102 115 129
24 23 130
23 69 130
69 88 130
88 80 130
25 24 130
117 25 130
80 117 130
33 32 131
101 33 131
32 31 131
55 74 132
108 55 132
85 70 132
87 77 133
96 87 133
19 18 134
18 98 134
57 78 134
98 57 134
78 19 134
53 74 135
113 119 135
119 53 135
29 28 136
28 86 136
86 75 136
119 29 136
53 119 136
75 121 136
121 53 136
112 111 137
85 124 137
66 80 138
103 66 138
54 103 138
71 115 139
115 105 139
64 90 139
90 123 139
105 64 139
123 71 139
81 90 140
90 118 140
118 94 140
21 51 141
127 21 141
51 50 141
50 116 141
116 127 141
64 107 142
118 64 142
107 96 142
96 112 142
58 71 143
83 58 143
54 99 143
99 83 143
14 13 144
77 14 144
13 12 144
12 106 144
106 56 144
56 133 144
133 77 144
70 76 145
76 68 145
68 108 145
108 132 145
132 70 145
73 105 146
105 102 146
102 128 146
128 89 146
99 54 147
125 99 147
80 88 147
138 80 147
88 125 147
54 138 147
15 14 148
14 77 148
59 15 148
77 59 148
86 60 149
72 75 149
75 86 149
60 110 149
109 124 150
124 85 150
74 109 150
132 74 150
85 132 150
9 8 151
68 76 151
76 9 151
8 122 151
122 68 151
55 100 152
100 101 152
101 131 152
124 118 153
112 137 153
137 124 153
118 142 153
142 112 153
103 54 154
71 123 154
123 103 154
54 143 154
143 71 154
97 70 155
111 97 155
70 85 155
85 137 155
137 111 155
35 34 156
95 35 156
34 33 156
33 101 156
100 95 156
101 100 156
46 45 157
45 58 157
58 83 157
83 46 157
56 111 158
111 112 158
133 56 158
112 96 158
96 133 158
7 6 159
6 91 159
91 126 159
122 7 159
126 122 159
75 72 160
121 75 160
94 121 160
72 140 160
140 94 160
61 52 161
52 65 161
57 63 161
104 57 161
63 61 161
65 104 161
66 81 162
110 66 162
81 140 162
140 72 162
72 149 162
149 110 162
0 20 163
38 0 163
20 78 163
78 38 163
36 35 164
35 95 164
95 93 164
93 114 164
114 36 164
11 10 165
97 11 165
10 76 165
76 97 165
44 43 166
43 120 166
120 79 166
79 129 166
129 44 166
67 59 167
59 84 167
84 92 167
92 67 167
31 113 168
131 31 168
113 135 168
74 55 168
55 152 168
135 74 168
152 131 168
84 87 169
87 73 169
89 92 169
92 84 169
73 146 169
146 89 169
