151
1 0 0
0 1 0
0 0 1
0.0526316 0.947368 0
0.105263 0.894737 0
0.157895 0.842105 0
0.210526 0.789474 0
0.263158 0.736842 0
0.315789 0.684211 0
0.368421 0.631579 0
0.421053 0.578947 0
0.473684 0.526316 0
0.526316 0.473684 0
0.578947 0.421053 0
0.631579 0.368421 0
0.684211 0.315789 0
0.736842 0.263158 0
0.789474 0.210526 0
0.842105 0.157895 0
0.894737 0.105263 0
0.947368 0.0526316 0
0 0.0833333 0.916667
0 0.166667 0.833333
0 0.25 0.75
0 0.333333 0.666667
0 0.416667 0.583333
0 0.5 0.5
0 0.583333 0.416667
0 0.666667 0.333333
0 0.75 0.25
0 0.833333 0.166667
0 0.916667 0.0833333
0.947368 0 0.0526316
0.894737 0 0.105263
0.842105 0 0.157895
0.789474 0 0.210526
0.736842 0 0.263158
0.684211 0 0.315789
0.631579 0 0.368421
0.578947 0 0.421053
0.526316 0 0.473684
0.473684 0 0.526316
0.421053 0 0.578947
0.368421 0 0.631579
0.315789 0 0.684211
0.263158 0 0.736842
0.210526 0 0.789474
0.157895 0 0.842105
0.105263 0 0.894737
0.0526316 0 0.947368
0.627318 0.1282 0.244482
0.105439 0.489718 0.404843
0.274953 0.154224 0.570824
0.17087 0.608088 0.221041
0.492073 0.412571 0.0953555
0.800434 0.0653339 0.134232
0.427037 0.0695119 0.503451
0.90935 0.0482633 0.0423868
0.64204 0.278076 0.0798841
0.0368516 0.347618 0.615531
0.680977 0.129759 0.189264
0.75361 0.185102 0.0612887
0.74135 0.121376 0.137273
0.399829 0.237853 0.362318
0.177459 0.230014 0.592526
0.698549 0.213978 0.0874729
0.271342 0.628728 0.0999297
0.0529654 0.158477 0.788557
0.316372 0.521919 0.161709
0.0414743 0.636527 0.321999
0.382674 0.151408 0.465919
0.179416 0.329318 0.491266
0.496937 0.230916 0.272148
0.275513 0.518601 0.205887
0.151116 0.53183 0.317053
0.122881 0.389505 0.487614
0.33945 0.576793 0.0837568
0.587942 0.338947 0.0731115
0.538089 0.0713309 0.39058
0.140939 0.20078 0.658282
0.259584 0.239693 0.500722
0.198172 0.672937 0.128891
0.586917 0.260757 0.152325
0.0783846 0.3648 0.556815
0.533615 0.266856 0.199529
0.119408 0.133556 0.747035
0.571447 0.185255 0.243298
0.342258 0.247062 0.41068
0.164726 0.759842 0.0754312
0.0819501 0.835395 0.0826545
0.234426 0.378694 0.38688
0.435351 0.311957 0.252693
0.856323 0.0742836 0.0693938
0.397258 0.523718 0.0790243
0.799911 0.130305 0.0697837
0.432961 0.418798 0.14824
0.265009 0.0715235 0.663468
0.137282 0.691208 0.17151
0.0788765 0.687697 0.233427
0.0476272 0.784798 0.167575
0.489248 0.140047 0.370704
0.0921086 0.211863 0.696028
0.449291 0.216463 0.334246
0.637759 0.196799 0.165442
0.222379 0.14704 0.630581
0.318694 0.0717284 0.609577
0.11701 0.62111 0.26188
0.707496 0.0617126 0.230791
0.123554 0.289664 0.586782
0.0394551 0.256842 0.703703
0.391673 0.387593 0.220734
0.435637 0.142578 0.421785
0.331316 0.422878 0.245805
0.301196 0.214616 0.484188
0.0350536 0.076934 0.888012
0.591171 0.0842075 0.324621
0.307999 0.348301 0.3437
0.165732 0.428582 0.405686
0.0448014 0.514177 0.441022
0.0737158 0.287682 0.638602
0.536714 0.338133 0.125153
0.0867425 0.0695367 0.843721
0.269409 0.436832 0.293759
0.208832 0.461462 0.329706
0.226641 0.595581 0.177778
0.211482 0.0675293 0.720989
0.484042 0.0663457 0.449612
0.0367294 0.432523 0.530748
0.484755 0.332846 0.182399
0.456916 0.48405 0.059034
0.372132 0.0703048 0.557563
0.755573 0.0512252 0.193202
0.370733 0.324295 0.304972
0.0447903 0.879934 0.0752759
0.542191 0.402206 0.0556032
0.223369 0.717293 0.059338
0.0755767 0.581625 0.342798
0.150729 0.0599059 0.789365
0.653772 0.0615287 0.284699
0.333239 0.148927 0.517834
0.369374 0.472377 0.158249
0.218162 0.525068 0.25677
0.175944 0.136766 0.68729
0.535098 0.147192 0.31771
0.281846 0.296617 0.421537
0.105606 0.762307 0.132087
0.124451 0.822146 0.0534034
0.0330297 0.709646 0.257324
0.22125 0.233649 0.545101
0.231143 0.307202 0.461655
0.075772 0.443168 0.48106


3 1 31
0 20 32
21 2 49
35 34 55
42 41 56
20 19 57
32 20 57
33 32 57
15 14 58
25 24 59
17 16 61
16 15 65
15 58 65
61 16 65
60 62 65
62 61 65
8 7 66
23 22 67
28 27 69
68 66 73
9 8 76
8 66 76
66 68 76
14 13 77
58 14 77
40 39 78
58 77 82
84 72 86
82 84 86
70 63 87
6 5 88
19 18 92
34 33 92
55 34 92
33 57 92
57 19 92
10 9 93
9 76 93
18 17 94
17 61 94
61 62 94
62 55 94
55 92 94
92 18 94
45 44 96
53 81 97
81 88 97
30 29 99
67 85 101
85 79 101
72 91 102
91 63 102
100 72 102
50 60 103
60 65 103
65 58 103
58 82 103
82 86 103
86 50 103
96 52 104
44 43 105
52 96 105
96 44 105
74 53 106
53 97 106
97 98 106
37 36 107
62 60 107
64 71 108
71 75 108
75 83 108
79 64 108
101 79 108
24 23 109
59 24 109
23 67 109
67 101 109
91 95 110
63 70 111
102 63 111
70 56 111
100 102 111
68 73 112
80 52 113
22 21 114
67 22 114
21 49 114
39 38 115
78 39 115
50 86 115
74 51 117
51 75 117
75 71 117
71 90 117
27 26 118
83 59 119
108 83 119
101 108 119
59 109 119
109 101 119
82 77 120
84 82 120
85 67 121
49 48 121
114 49 121
67 114 121
90 116 122
112 73 122
116 112 122
74 117 123
117 90 123
90 122 123
81 53 124
73 66 124
66 81 124
46 45 125
45 96 125
96 104 125
41 40 126
40 78 126
78 100 126
56 41 126
111 56 126
100 111 126
26 25 127
25 59 127
59 83 127
118 26 127
72 84 128
91 72 128
54 95 128
95 91 128
84 120 128
120 54 128
12 11 129
54 12 129
11 10 129
10 93 129
95 54 129
93 95 129
43 42 130
42 56 130
56 70 130
105 43 130
36 35 131
35 55 131
55 62 131
62 107 131
107 36 131
63 91 132
91 110 132
87 63 132
116 87 132
110 112 132
112 116 132
4 3 133
89 4 133
3 31 133
31 30 133
30 99 133
99 89 133
13 12 134
12 54 134
54 120 134
77 13 134
120 77 134
7 6 135
66 7 135
81 66 135
6 88 135
88 81 135
51 74 136
74 106 136
98 69 136
106 98 136
118 51 136
69 27 136
27 118 136
48 47 137
121 48 137
85 121 137
47 46 137
46 125 137
38 37 138
37 107 138
60 50 138
107 60 138
50 115 138
115 38 138
70 87 139
87 113 139
52 105 139
113 52 139
130 70 139
105 130 139
76 68 140
93 76 140
95 93 140
110 95 140
68 112 140
112 110 140
122 73 141
123 122 141
53 74 141
74 123 141
124 53 141
73 124 141
64 79 142
104 64 142
79 85 142
125 104 142
85 137 142
137 125 142
100 78 143
86 72 143
72 100 143
78 115 143
115 86 143
113 87 144
87 116 144
116 90 144
80 113 144
97 88 145
89 99 145
98 97 145
99 98 145
5 4 146
4 89 146
88 5 146
89 145 146
145 88 146
29 28 147
28 69 147
69 98 147
98 99 147
99 29 147
71 64 148
52 80 148
104 52 148
64 104 148
90 71 149
80 144 149
144 90 149
71 148 149
148 80 149
75 51 150
51 118 150
118 127 150
83 75 150
127 83 150
