157
1 0 0
0 1 0
0 0 1
0.0526316 0.947368 0
0.105263 0.894737 0
0.157895 0.842105 0
0.210526 0.789474 0
0.263158 0.736842 0
0.315789 0.684211 0
0.368421 0.631579 0
0.421053 0.578947 0
0.473684 0.526316 0
0.526316 0.473684 0
0.578947 0.421053 0
0.631579 0.368421 0
0.684211 0.315789 0
0.736842 0.263158 0
0.789474 0.210526 0
0.842105 0.157895 0
0.894737 0.105263 0
0.947368 0.0526316 0
0 0.0714286 0.928571
0 0.142857 0.857143
0 0.214286 0.785714
0 0.285714 0.714286
0 0.357143 0.642857
0 0.428571 0.571429
0 0.5 0.5
0 0.571429 0.428571
0 0.642857 0.357143
0 0.714286 0.285714
0 0.785714 0.214286
0 0.857143 0.142857
0 0.928571 0.0714286
0.941176 0 0.0588235
0.882353 0 0.117647
0.823529 0 0.176471
0.764706 0 0.235294
0.705882 0 0.294118
0.647059 0 0.352941
0.588235 0 0.411765
0.529412 0 0.470588
0.470588 0 0.529412
0.411765 0 0.588235
0.352941 0 0.647059
0.294118 0 0.705882
0.235294 0 0.764706
0.176471 0 0.823529
0.117647 0 0.882353
0.0588236 0 0.941176
0.628675 0.116089 0.255237
0.0858853 0.489404 0.424711
0.268129 0.150433 0.581438
0.166152 0.618858 0.21499
0.481469 0.400361 0.11817
0.793776 0.0627502 0.143474
0.42293 0.0645079 0.512563
0.641599 0.279896 0.0785044
0.0425342 0.345935 0.61153
0.850697 0.0398499 0.109453
0.684769 0.116353 0.198878
0.74972 0.186992 0.0632881
0.744662 0.11712 0.138218
0.390929 0.253981 0.35509
0.175372 0.259461 0.565167
0.695726 0.236099 0.0681747
0.282826 0.626467 0.090707
0.0632482 0.144577 0.792174
0.329809 0.520753 0.149438
0.0449564 0.655393 0.29965
0.373744 0.127084 0.499172
0.199061 0.323149 0.477789
0.495754 0.241129 0.263117
0.155681 0.543964 0.300355
0.111295 0.415149 0.473556
0.34099 0.576386 0.0826235
0.584074 0.32779 0.0881361
0.545202 0.0708203 0.383978
0.146337 0.205634 0.648029
0.247652 0.240867 0.511481
0.190231 0.686436 0.123333
0.36307 0.0579515 0.578979
0.592444 0.250321 0.157235
0.297709 0.476327 0.225964
0.0832677 0.365144 0.551588
0.533378 0.280635 0.185987
0.146388 0.134611 0.719001
0.570285 0.188081 0.241634
0.323604 0.266868 0.409528
0.156527 0.767825 0.0756472
0.0901779 0.83025 0.0795721
0.233062 0.390741 0.376197
0.898828 0.047644 0.0535282
0.457992 0.335625 0.206382
0.402304 0.51184 0.0858564
0.251096 0.0475613 0.701343
0.797802 0.134089 0.0681091
0.428747 0.428325 0.142928
0.134148 0.691964 0.173888
0.0768418 0.703068 0.22009
0.0509742 0.786432 0.162593
0.488516 0.125861 0.385623
0.0952218 0.202028 0.702751
0.727704 0.0555312 0.216764
0.448708 0.199355 0.351938
0.31472 0.18934 0.49594
0.434977 0.276558 0.288465
0.643674 0.1938 0.162526
0.469764 0.467769 0.0624674
0.225086 0.109968 0.664946
0.225697 0.622372 0.151932
0.192315 0.471732 0.335953
0.107006 0.282778 0.610216
0.395016 0.386822 0.218162
0.848682 0.090164 0.0611539
0.0504854 0.886068 0.0634471
0.433256 0.131883 0.434861
0.12507 0.0714591 0.803471
0.0585513 0.267596 0.673852
0.523028 0.422467 0.0545053
0.337364 0.40337 0.259265
0.577769 0.110689 0.311542
0.304285 0.346976 0.348738
0.039999 0.51206 0.447941
0.529349 0.357829 0.112822
0.105339 0.617835 0.276826
0.61112 0.05093 0.33795
0.258208 0.31154 0.430252
0.250324 0.683293 0.066383
0.171458 0.399639 0.428902
0.281911 0.416947 0.301142
0.10407 0.759965 0.135965
0.668418 0.0521243 0.279457
0.192326 0.0631725 0.744501
0.484321 0.0630037 0.452676
0.0485769 0.435823 0.5156
0.208274 0.550137 0.24159
0.0412214 0.216143 0.742636
0.378664 0.195944 0.425391
0.376293 0.325497 0.298209
0.325345 0.116394 0.558261
0.0592205 0.0708676 0.869912
0.0549321 0.574915 0.370153
0.240764 0.477423 0.281813
0.204185 0.179013 0.616802
0.703594 0.172568 0.123838
0.269084 0.553975 0.176941
0.364323 0.458085 0.177592
0.324222 0.63305 0.0427275
0.212544 0.736062 0.0513948
0.110077 0.540886 0.349037
0.296816 0.0673792 0.635805
0.520875 0.158438 0.320687
0.0329566 0.730992 0.236052
0.140585 0.472206 0.387209
0.0289022 0.0350429 0.936055
0.139599 0.339329 0.521072


3 1 33
0 20 34
37 36 55
43 42 56
15 14 57
26 25 58
25 24 58
36 35 59
55 36 59
17 16 61
16 15 65
15 57 65
61 16 65
23 22 67
30 29 69
10 9 75
14 13 76
57 14 76
41 40 77
71 64 79
44 43 81
43 56 81
56 70 81
57 76 82
82 76 85
82 85 87
85 72 87
6 5 89
5 4 90
89 5 90
20 19 92
34 20 92
35 34 92
59 35 92
72 85 93
11 10 94
10 75 94
75 68 94
46 45 95
18 17 96
17 61 96
62 55 96
61 62 96
93 54 97
53 80 98
80 89 98
32 31 100
67 86 102
86 78 102
38 37 103
37 55 103
55 62 103
62 60 103
79 52 105
88 79 105
72 93 106
63 104 106
104 72 106
50 60 107
65 57 107
57 82 107
82 87 107
87 50 107
12 11 108
97 54 108
11 94 108
94 97 108
80 53 110
78 64 112
102 78 112
84 58 112
93 97 113
19 18 114
59 92 114
92 19 114
55 59 114
96 55 114
18 96 114
4 3 115
90 4 115
3 33 115
33 32 115
32 100 115
100 90 115
70 56 116
101 104 116
48 47 117
86 67 117
58 24 118
112 58 118
102 112 118
13 12 119
12 108 119
108 54 119
50 87 121
28 27 123
85 76 124
54 93 124
93 85 124
119 54 124
76 13 124
13 119 124
73 53 125
99 69 125
53 98 125
98 99 125
40 39 126
50 121 126
77 40 126
121 77 126
71 79 127
79 88 127
88 122 127
91 71 127
122 91 127
8 7 128
66 8 128
80 110 128
110 66 128
71 91 129
91 111 129
120 83 130
91 122 130
122 120 130
89 90 131
90 100 131
98 89 131
99 98 131
100 99 131
39 38 132
60 50 132
38 103 132
103 60 132
50 126 132
126 39 132
47 46 133
46 95 133
109 86 133
95 109 133
86 117 133
117 47 133
42 41 134
41 77 134
77 101 134
56 42 134
101 116 134
116 56 134
26 58 135
58 84 135
84 74 135
27 26 135
123 27 135
74 51 135
51 123 135
53 73 136
110 53 136
73 111 136
23 67 137
67 102 137
24 23 137
118 24 137
102 118 137
105 70 138
63 88 138
88 105 138
70 116 138
104 63 138
116 104 138
63 106 139
106 93 139
93 113 139
113 120 139
88 63 139
122 88 139
120 122 139
81 70 140
70 105 140
105 52 140
22 21 141
67 22 141
49 48 141
48 117 141
117 67 141
29 28 142
69 29 142
123 51 142
125 69 142
28 123 142
130 83 143
111 91 143
91 130 143
136 111 143
64 78 144
52 79 144
79 64 144
109 52 144
78 86 144
86 109 144
60 62 145
62 61 145
61 65 145
65 107 145
107 60 145
68 75 146
75 66 146
66 110 146
83 68 146
110 136 146
136 143 146
143 83 146
94 68 147
97 94 147
113 97 147
68 83 147
83 120 147
120 113 147
9 8 148
75 9 148
8 66 148
66 75 148
6 89 149
89 80 149
7 6 149
128 7 149
80 128 149
142 51 150
73 125 150
125 142 150
45 44 151
44 81 151
52 109 151
109 95 151
81 140 151
95 45 151
140 52 151
87 72 152
72 104 152
104 101 152
121 87 152
101 77 152
77 121 152
31 30 153
30 69 153
69 99 153
99 100 153
100 31 153
51 74 154
74 129 154
129 111 154
150 51 154
111 73 154
73 150 154
21 2 155
2 49 155
49 141 155
141 21 155
74 84 156
64 71 156
112 64 156
84 112 156
71 129 156
129 74 156
