79
1 0 0
0 1 0
0 0 1
0.0526316 0.947368 0
0.105263 0.894737 0
0.157895 0.842105 0
0.210526 0.789474 0
0.263158 0.736842 0
0.315789 0.684211 0
0.368421 0.631579 0
0.421053 0.578947 0
0.473684 0.526316 0
0.526316 0.473684 0
0.578947 0.421053 0
0.631579 0.368421 0
0.684211 0.315789 0
0.736842 0.263158 0
0.789474 0.210526 0
0.842105 0.157895 0
0.894737 0.105263 0
0.947368 0.0526316 0
0 0.1 0.9
0 0.2 0.8
0 0.3 0.7
0 0.4 0.6
0 0.5 0.5
0 0.6 0.4
0 0.7 0.3
0 0.8 0.2
0 0.9 0.1
0.909091 0 0.0909091
0.818182 0 0.181818
0.727273 0 0.272727
0.636364 0 0.363636
0.545455 0 0.454545
0.454545 0 0.545455
0.363636 0 0.636364
0.272727 0 0.727273
0.181818 0 0.818182
0.0909091 0 0.909091
0.630275 0.107403 0.262322
0.110569 0.507266 0.382165
0.289048 0.14386 0.567091
0.165002 0.621896 0.213102
0.800812 0.0711593 0.128029
0.730622 0.102556 0.166822
0.411179 0.248136 0.340685
0.187528 0.268464 0.544008
0.317648 0.500618 0.181734
0.458593 0.0966842 0.444723
0.376081 0.119914 0.504006
0.487246 0.211526 0.301228
0.110515 0.393626 0.495859
0.473082 0.367719 0.159198
0.239035 0.604205 0.15676
0.247246 0.229578 0.523176
0.591831 0.271819 0.13635
0.114596 0.124323 0.761081
0.55815 0.170798 0.271052
0.217264 0.391848 0.390888
0.0723151 0.78825 0.139435
0.422926 0.421772 0.155302
0.15008 0.695583 0.154337
0.115303 0.291194 0.593503
0.310226 0.379099 0.310675
0.646626 0.214395 0.138979
0.537471 0.0817691 0.38076
0.52876 0.318932 0.152308
0.0804635 0.188875 0.730662
0.187306 0.10185 0.710844
0.0738925 0.593719 0.332389
0.224298 0.50524 0.270461
0.0858813 0.708859 0.205259
0.889773 0.038361 0.0718655
0.355515 0.301009 0.343476
0.390178 0.486406 0.123416
0.0415762 0.883638 0.0747863
0.707186 0.180047 0.112766
0.0539855 0.292673 0.653341


3 1 29
0 20 30
34 33 40
25 24 41
38 37 42
19 18 44
31 19 44
32 31 44
40 33 45
18 17 45
44 18 45
33 32 45
32 44 45
10 9 48
36 35 49
42 37 50
46 42 50
37 36 50
36 49 50
46 50 51
50 49 51
24 23 52
41 24 52
13 12 53
8 7 54
7 43 54
43 41 54
9 8 54
15 14 56
21 2 57
2 39 57
55 47 57
51 49 58
56 51 58
5 4 60
4 28 60
28 27 60
12 11 61
53 12 61
7 6 62
43 7 62
47 59 63
59 52 63
47 55 64
48 59 64
59 47 64
16 15 65
15 56 65
56 58 65
35 34 66
34 40 66
49 35 66
58 49 66
40 65 66
65 58 66
14 13 67
46 51 67
13 53 67
53 46 67
51 56 67
56 14 67
21 57 68
57 47 68
22 21 68
63 22 68
47 63 68
39 38 69
38 42 69
57 39 69
42 55 69
55 57 69
25 41 70
41 43 70
26 25 70
43 62 70
41 52 71
54 41 71
48 9 71
9 54 71
59 48 71
52 59 71
6 5 72
62 6 72
5 60 72
27 26 72
60 27 72
26 70 72
70 62 72
20 19 73
19 31 73
30 20 73
31 30 73
42 46 74
55 42 74
46 53 74
53 61 74
61 64 74
64 55 74
11 10 75
10 48 75
48 64 75
61 11 75
64 61 75
4 3 76
3 29 76
28 4 76
29 28 76
17 16 77
40 45 77
45 17 77
16 65 77
65 40 77
23 22 78
22 63 78
52 23 78
63 52 78
