112
1 0 0
0 1 0
0 0 1
0.0526316 0.947368 0
0.105263 0.894737 0
0.157895 0.842105 0
0.210526 0.789474 0
0.263158 0.736842 0
0.315789 0.684211 0
0.368421 0.631579 0
0.421053 0.578947 0
0.473684 0.526316 0
0.526316 0.473684 0
0.578947 0.421053 0
0.631579 0.368421 0
0.684211 0.315789 0
0.736842 0.263158 0
0.789474 0.210526 0
0.842105 0.157895 0
0.894737 0.105263 0
0.947368 0.0526316 0
0 0.0625 0.9375
0 0.125 0.875
0 0.1875 0.8125
0 0.25 0.75
0 0.3125 0.6875
0 0.375 0.625
0 0.4375 0.5625
0 0.5 0.5
0 0.5625 0.4375
0 0.625 0.375
0 0.6875 0.3125
0 0.75 0.25
0 0.8125 0.1875
0 0.875 0.125
0 0.9375 0.0625
0.888889 0 0.111111
0.777778 0 0.222222
0.666667 0 0.333333
0.555556 0 0.444444
0.444444 0 0.555556
0.333333 0 0.666667
0.222222 0 0.777778
0.111111 0 0.888889
0.625027 0.120392 0.254581
0.100422 0.497176 0.402402
0.259845 0.143238 0.596917
0.158784 0.605923 0.235292
0.483168 0.409668 0.107164
0.789156 0.0659626 0.144881
0.423734 0.0639249 0.512341
0.634622 0.27507 0.0903085
0.740379 0.116291 0.14333
0.392686 0.260981 0.346334
0.661197 0.0594388 0.279364
0.16194 0.262708 0.575352
0.267289 0.628417 0.104293
0.295429 0.515412 0.189159
0.376449 0.132085 0.491466
0.196413 0.327265 0.476321
0.493038 0.226528 0.280434
0.177356 0.536159 0.286485
0.125501 0.389752 0.484748
0.331971 0.577344 0.0906846
0.577602 0.326857 0.0955414
0.549708 0.0685174 0.381775
0.179832 0.196077 0.624091
0.191574 0.678766 0.12966
0.148282 0.130099 0.721619
0.575717 0.177264 0.247019
0.520764 0.282897 0.196339
0.262902 0.260811 0.476287
0.677034 0.218524 0.104442
0.0767009 0.834426 0.0888736
0.231367 0.397038 0.371595
0.455082 0.337072 0.207847
0.085253 0.310939 0.603808
0.248989 0.0447977 0.706213
0.085158 0.712124 0.202718
0.0714828 0.773487 0.15503
0.497345 0.123841 0.378815
0.314013 0.196704 0.489283
0.187764 0.465949 0.346287
0.290902 0.455787 0.253311
0.404277 0.462483 0.13324
0.397074 0.387905 0.215021
0.712723 0.167877 0.1194
0.149049 0.0585156 0.792435
0.317307 0.334989 0.347704
0.437069 0.184482 0.37845
0.1583 0.741571 0.100129
0.0700652 0.0961972 0.833738
0.582662 0.235065 0.182273
0.0650144 0.0394713 0.895514
0.0669053 0.599342 0.333752
0.0812708 0.230178 0.688551
0.823069 0.113033 0.0638981
0.725912 0.0308778 0.24321
0.135079 0.794258 0.0706633
0.862899 0.0445634 0.092538
0.389607 0.529251 0.0811416
0.083445 0.549699 0.366856
0.315266 0.0798015 0.604932
0.0738765 0.162051 0.764072
0.24245 0.572972 0.184578
0.0858222 0.653151 0.261026
0.324874 0.406623 0.268503
0.216461 0.0954645 0.688074
0.0729046 0.442626 0.48447
0.497314 0.0319698 0.470716
0.544649 0.373973 0.0813787
0.0399946 0.910122 0.0498834


3 1 35
0 20 36
13 12 48
41 40 50
16 15 51
39 38 54
52 44 54
49 52 54
9 8 56
10 9 63
9 56 63
15 14 64
51 15 64
54 44 65
39 54 65
8 7 67
56 8 67
47 56 67
46 66 68
53 60 70
51 64 70
59 55 71
55 66 71
17 16 72
16 51 72
5 4 73
4 34 73
34 33 73
62 59 74
53 70 75
70 64 75
25 24 76
55 59 76
26 25 76
62 26 76
59 62 76
42 41 77
32 31 78
33 32 79
73 33 79
32 78 79
58 50 80
50 65 80
65 44 80
44 69 80
46 58 81
53 71 81
66 46 81
71 66 81
57 61 82
61 45 82
62 74 82
57 82 83
82 74 83
12 11 84
48 12 84
57 83 84
75 48 85
48 84 85
18 17 86
52 18 86
44 52 86
17 72 86
69 44 86
72 69 86
43 42 87
42 77 87
71 53 88
53 75 88
59 71 88
75 85 88
74 59 88
58 80 89
69 60 89
80 69 89
81 58 89
60 53 89
53 81 89
7 6 90
67 7 90
78 67 90
79 78 90
22 21 91
87 68 91
60 69 92
51 70 92
70 60 92
69 72 92
72 51 92
21 2 93
2 43 93
43 87 93
87 91 93
91 21 93
30 29 94
24 23 95
66 55 95
55 76 95
76 24 95
19 18 96
18 52 96
49 19 96
52 49 96
38 37 97
37 49 97
49 54 97
54 38 97
6 5 98
5 73 98
73 79 98
79 90 98
90 6 98
20 19 99
19 49 99
36 20 99
37 36 99
49 37 99
11 10 100
10 63 100
63 57 100
57 84 100
84 11 100
29 28 101
28 45 101
45 61 101
94 29 101
61 47 101
47 94 101
58 46 102
41 50 102
77 41 102
50 58 102
23 22 103
68 66 103
22 91 103
91 68 103
66 95 103
95 23 103
56 47 104
47 61 104
63 56 104
61 57 104
57 63 104
31 30 105
78 31 105
47 67 105
94 47 105
67 78 105
30 94 105
83 74 106
84 83 106
85 84 106
74 88 106
88 85 106
46 68 107
68 87 107
87 77 107
77 102 107
102 46 107
28 27 108
45 28 108
27 26 108
26 62 108
82 45 108
62 82 108
40 39 109
39 65 109
50 40 109
65 50 109
14 13 110
13 48 110
64 14 110
48 75 110
75 64 110
4 3 111
3 35 111
34 4 111
35 34 111
