145
1 0 0
0 1 0
0 0 1
0.0526316 0.947368 0
0.105263 0.894737 0
0.157895 0.842105 0
0.210526 0.789474 0
0.263158 0.736842 0
0.315789 0.684211 0
0.368421 0.631579 0
0.421053 0.578947 0
0.473684 0.526316 0
0.526316 0.473684 0
0.578947 0.421053 0
0.631579 0.368421 0
0.684211 0.315789 0
0.736842 0.263158 0
0.789474 0.210526 0
0.842105 0.157895 0
0.894737 0.105263 0
0.947368 0.0526316 0
0 0.0555555 0.944444
0 0.111111 0.888889
0 0.166667 0.833333
0 0.222222 0.777778
0 0.277778 0.722222
0 0.333333 0.666667
0 0.388889 0.611111
0 0.444444 0.555556
0 0.5 0.5
0 0.555556 0.444444
0 0.611111 0.388889
0 0.666667 0.333333
0 0.722222 0.277778
0 0.777778 0.222222
0 0.833333 0.166667
0 0.888889 0.111111
0 0.944444 0.0555556
0.916667 0 0.0833333
0.833333 0 0.166667
0.75 0 0.25
0.666667 0 0.333333
0.583333 0 0.416667
0.5 0 0.5
0.416667 0 0.583333
0.333333 0 0.666667
0.25 0 0.75
0.166667 0 0.833333
0.0833333 0 0.916667
0.642755 0.124427 0.232818
0.0932682 0.497989 0.408743
0.283307 0.145123 0.57157
0.181188 0.617541 0.20127
0.468307 0.412275 0.119418
0.794864 0.0682621 0.136874
0.436522 0.0639408 0.499538
0.639994 0.277727 0.082279
0.754147 0.172714 0.0731396
0.73111 0.126074 0.142816
0.403396 0.259332 0.337272
0.640206 0.0656143 0.294179
0.181341 0.251471 0.567188
0.69558 0.225406 0.0790148
0.270649 0.637017 0.0923338
0.0557142 0.142229 0.802056
0.311893 0.525294 0.162813
0.37692 0.128063 0.495017
0.191844 0.344714 0.463442
0.491493 0.231286 0.277221
0.165139 0.527658 0.307203
0.129264 0.399621 0.471115
0.341393 0.578214 0.0803928
0.591794 0.330549 0.0776572
0.87134 0.0536964 0.0749639
0.54024 0.0752962 0.384464
0.14425 0.20076 0.654989
0.272252 0.242854 0.484894
0.174402 0.673306 0.152292
0.35385 0.0430075 0.603143
0.594858 0.234349 0.170792
0.264352 0.492012 0.243636
0.058641 0.3217 0.619659
0.132955 0.131742 0.735303
0.571609 0.178349 0.250042
0.156298 0.782371 0.0613309
0.535362 0.291864 0.172774
0.661728 0.178808 0.159465
0.0804443 0.842696 0.0768593
0.218688 0.388753 0.39256
0.0751105 0.787018 0.137871
0.450616 0.331171 0.218213
0.395945 0.518622 0.0854329
0.268772 0.0480998 0.683129
0.0802844 0.698007 0.221708
0.473784 0.119638 0.406579
0.734301 0.036538 0.229161
0.319199 0.187591 0.49321
0.381438 0.220213 0.398349
0.457228 0.470086 0.0726866
0.234087 0.106754 0.659159
0.194456 0.475177 0.330367
0.321957 0.279855 0.398188
0.48362 0.176958 0.339422
0.390915 0.380244 0.228842
0.150098 0.73309 0.116813
0.0534782 0.408148 0.538373
0.0438445 0.58102 0.375136
0.0929947 0.260495 0.64651
0.131545 0.0624139 0.806041
0.0492633 0.899742 0.0509942
0.456146 0.283894 0.25996
0.295605 0.34644 0.357955
0.815725 0.117233 0.0670421
0.598818 0.0353995 0.365783
0.279526 0.422439 0.298035
0.526317 0.0355607 0.438123
0.23859 0.697025 0.0643848
0.065939 0.0897071 0.844354
0.0639598 0.202929 0.733111
0.213171 0.557119 0.22971
0.501524 0.357305 0.141172
0.097052 0.648649 0.254299
0.371032 0.454355 0.174613
0.0725079 0.0357179 0.891774
0.115499 0.586578 0.297924
0.324262 0.0895095 0.586228
0.0672359 0.452889 0.479876
0.554825 0.385538 0.0596372
0.143593 0.303193 0.553214
0.380456 0.315483 0.304062
0.162161 0.439961 0.397879
0.230701 0.200374 0.568925
0.710417 0.0839551 0.205628
0.0828384 0.543313 0.373848
0.049326 0.621539 0.329135
0.408606 0.167452 0.423941
0.192641 0.0767245 0.730635
0.0586718 0.745277 0.196051
0.0971097 0.358602 0.544289
0.561495 0.121114 0.317391
0.520869 0.433089 0.0460415
0.234789 0.296049 0.469161
0.262691 0.584181 0.153128
0.20271 0.157752 0.639538
0.197885 0.0327723 0.769343


3 1 37
0 20 38
30 29 50
44 43 55
16 15 56
18 17 57
17 16 62
57 17 62
16 56 62
9 8 63
23 22 64
10 9 71
9 63 71
15 14 72
56 15 72
20 19 73
38 20 73
39 38 73
54 39 73
52 63 77
45 44 78
44 55 78
62 56 79
26 25 81
27 26 81
79 68 83
6 5 84
7 6 84
56 72 85
79 56 85
68 79 85
49 58 86
58 57 86
57 62 86
83 49 86
62 79 86
79 83 86
5 4 87
36 35 87
84 5 87
70 67 88
35 34 89
87 35 89
84 87 89
11 10 91
10 71 91
71 65 91
46 45 92
45 78 92
33 32 93
66 55 94
55 74 94
40 39 95
39 54 95
41 40 95
60 41 95
51 66 96
68 59 97
76 96 97
12 11 98
11 91 98
69 50 100
80 69 100
76 97 101
97 59 101
83 68 102
68 97 102
7 84 104
93 77 104
84 89 104
28 27 105
31 30 106
75 61 107
81 25 107
4 3 109
3 37 109
37 36 109
36 87 109
87 4 109
59 68 110
68 85 110
85 90 110
88 67 111
19 18 112
58 54 112
18 57 112
57 58 112
54 73 112
73 19 112
42 41 113
41 60 113
60 74 113
80 100 114
88 111 114
111 103 114
43 42 115
55 43 115
74 55 115
42 113 115
113 74 115
8 7 116
63 8 116
77 63 116
7 104 116
104 77 116
22 21 117
64 22 117
82 64 117
108 82 117
24 23 118
23 64 118
64 82 118
82 75 118
25 24 118
107 25 118
75 107 118
69 80 119
80 65 119
85 72 120
90 85 120
53 103 120
103 90 120
93 32 121
52 77 121
77 93 121
65 80 122
91 65 122
98 91 122
53 98 122
103 53 122
80 114 122
114 103 122
21 2 123
2 48 123
48 47 123
47 108 123
117 21 123
108 117 123
69 119 124
119 52 124
52 121 124
55 66 125
78 55 125
66 51 125
51 99 125
92 78 125
99 92 125
29 28 126
50 29 126
28 105 126
105 70 126
14 13 127
72 14 127
120 72 127
53 120 127
81 107 128
107 61 128
101 59 129
111 101 129
90 103 129
103 111 129
59 110 129
110 90 129
70 88 130
88 114 130
114 100 130
126 70 130
100 50 130
50 126 130
61 75 131
51 96 131
76 61 131
96 76 131
54 58 132
95 54 132
58 49 132
49 60 132
60 95 132
30 50 133
106 30 133
50 69 133
69 124 133
124 106 133
32 31 134
121 32 134
31 106 134
106 124 134
124 121 134
96 66 135
97 96 135
66 94 135
94 102 135
102 97 135
92 99 136
99 82 136
82 108 136
34 33 137
33 93 137
89 34 137
93 104 137
104 89 137
27 81 138
105 27 138
70 105 138
67 70 138
128 67 138
81 128 138
60 49 139
74 60 139
49 83 139
94 74 139
83 102 139
102 94 139
13 12 140
12 98 140
98 53 140
53 127 140
127 13 140
76 101 141
101 111 141
111 67 141
61 76 141
128 61 141
67 128 141
63 52 142
52 119 142
71 63 142
65 71 142
119 65 142
75 82 143
82 99 143
131 75 143
99 51 143
51 131 143
47 46 144
108 47 144
136 108 144
46 92 144
92 136 144
