69
1 0 0
0 1 0
0 0 1
0.0526316 0.947368 0
0.105263 0.894737 0
0.157895 0.842105 0
0.210526 0.789474 0
0.263158 0.736842 0
0.315789 0.684211 0
0.368421 0.631579 0
0.421053 0.578947 0
0.473684 0.526316 0
0.526316 0.473684 0
0.578947 0.421053 0
0.631579 0.368421 0
0.684211 0.315789 0
0.736842 0.263158 0
0.789474 0.210526 0
0.842105 0.157895 0
0.894737 0.105263 0
0.947368 0.0526316 0
0 0.0625 0.9375
0 0.125 0.875
0 0.1875 0.8125
0 0.25 0.75
0 0.3125 0.6875
0 0.375 0.625
0 0.4375 0.5625
0 0.5 0.5
0 0.5625 0.4375
0 0.625 0.375
0 0.6875 0.3125
0 0.75 0.25
0 0.8125 0.1875
0 0.875 0.125
0 0.9375 0.0625
0.8 0 0.2
0.6 0 0.4
0.4 0 0.6
0.2 0 0.8
0.643771 0.125535 0.230694
0.299398 0.144226 0.556376
0.170366 0.620542 0.209092
0.772235 0.052621 0.175144
0.433253 0.0707904 0.495956
0.375483 0.255744 0.368773
0.197681 0.258572 0.543747
0.306682 0.520615 0.172703
0.210997 0.327336 0.461667
0.195133 0.554966 0.249902
0.190012 0.185327 0.624661
0.559487 0.247614 0.1929
0.529762 0.16571 0.304529
0.19868 0.387427 0.413893
0.147394 0.430551 0.422055
0.411167 0.335299 0.253534
0.388136 0.404928 0.206936
0.288616 0.0855281 0.625856
0.14474 0.68204 0.17322
0.598968 0.0560768 0.344956
0.12193 0.733864 0.144205
0.0854703 0.795455 0.119075
0.323451 0.463598 0.212951
0.394001 0.198549 0.40745
0.142199 0.110708 0.747093
0.532806 0.304045 0.163149
0.15481 0.484183 0.361007
0.759578 0.102236 0.138187
0.123502 0.0502037 0.826294


5 4 34
33 5 34
3 1 35
4 3 35
34 4 35
0 20 36
18 17 40
9 8 42
30 29 42
20 19 43
36 20 43
37 36 43
39 38 44
24 23 46
11 10 47
25 24 48
24 46 48
10 9 49
29 28 49
9 42 49
42 29 49
47 10 49
23 22 50
45 46 50
46 23 50
16 15 51
40 17 52
44 40 52
17 16 52
16 51 52
26 25 53
25 48 53
27 26 54
26 53 54
14 13 55
46 45 55
48 46 55
13 12 56
53 48 56
48 55 56
55 13 56
39 44 57
44 52 57
52 41 57
8 7 58
31 30 58
30 42 58
42 8 58
38 37 59
44 38 59
37 43 59
40 44 59
7 6 60
6 32 60
32 31 60
31 58 60
58 7 60
6 5 61
5 33 61
32 6 61
33 32 61
12 11 62
11 47 62
56 12 62
54 53 62
53 56 62
45 50 63
51 45 63
50 41 63
41 52 63
52 51 63
22 21 64
41 50 64
50 22 64
57 41 64
45 51 65
51 15 65
15 14 65
14 55 65
55 45 65
28 27 66
47 49 66
49 28 66
27 54 66
54 62 66
62 47 66
19 18 67
18 40 67
40 59 67
43 19 67
59 43 67
21 2 68
2 39 68
39 57 68
57 64 68
64 21 68
