87
1 0 0
0 1 0
0 0 1
0.0526316 0.947368 0
0.105263 0.894737 0
0.157895 0.842105 0
0.210526 0.789474 0
0.263158 0.736842 0
0.315789 0.684211 0
0.368421 0.631579 0
0.421053 0.578947 0
0.473684 0.526316 0
0.526316 0.473684 0
0.578947 0.421053 0
0.631579 0.368421 0
0.684211 0.315789 0
0.736842 0.263158 0
0.789474 0.210526 0
0.842105 0.157895 0
0.894737 0.105263 0
0.947368 0.0526316 0
0 0.0526316 0.947368
0 0.105263 0.894737
0 0.157895 0.842105
0 0.210526 0.789474
0 0.263158 0.736842
0 0.315789 0.684211
0 0.368421 0.631579
0 0.421053 0.578947
0 0.473684 0.526316
0 0.526316 0.473684
0 0.578947 0.421053
0 0.631579 0.368421
0 0.684211 0.315789
0 0.736842 0.263158
0 0.789474 0.210526
0 0.842105 0.157895
0 0.894737 0.105263
0 0.947368 0.0526316
0.8 0 0.2
0.6 0 0.4
0.4 0 0.6
0.2 0 0.8
0.66823 0.109494 0.222276
0.145565 0.494498 0.359937
0.286808 0.129504 0.583688
0.166869 0.60434 0.228792
0.782116 0.0656817 0.152202
0.38679 0.0684302 0.54478
0.382202 0.255596 0.362202
0.191826 0.241275 0.566899
0.316994 0.5127 0.170306
0.183172 0.334145 0.482683
0.156234 0.391223 0.452542
0.474029 0.387707 0.138264
0.163112 0.660811 0.176077
0.191865 0.186702 0.621434
0.575949 0.246049 0.178002
0.521285 0.3361 0.142615
0.730286 0.143798 0.125917
0.559625 0.159845 0.28053
0.178536 0.0899581 0.731506
0.145986 0.443422 0.410593
0.226657 0.0436792 0.729664
0.12519 0.139159 0.735651
0.42108 0.209409 0.369511
0.307108 0.465211 0.227681
0.474636 0.115949 0.409415
0.595143 0.0692615 0.335595
0.136019 0.727267 0.136714
0.699863 0.0294832 0.270654
0.309397 0.413354 0.277249
0.410362 0.302265 0.287373
0.65798 0.192789 0.149231
0.153379 0.547361 0.29926
0.33617 0.359777 0.304053
0.303255 0.569704 0.12704
0.8599 0.0262803 0.11382
0.0931515 0.812827 0.094022
0.441258 0.436071 0.122672
0.097751 0.0269547 0.875294
0.382064 0.164923 0.453013
0.52711 0.0324739 0.440416
0.257792 0.287001 0.455207
0.589742 0.289665 0.120593
0.115211 0.290037 0.594752
0.0628354 0.86749 0.0696746


3 1 38
4 3 38
37 4 38
30 29 44
32 31 46
20 19 47
19 43 47
25 24 50
12 11 51
27 26 52
28 27 53
27 52 53
14 13 54
9 8 55
46 9 55
33 32 55
32 46 55
24 23 56
50 24 56
17 16 57
15 14 58
14 54 58
19 18 59
43 19 59
43 59 60
22 21 61
48 45 61
29 28 62
28 53 62
44 29 62
42 41 63
41 48 63
61 21 63
48 61 63
45 56 64
56 23 64
23 22 64
22 61 64
61 45 64
49 50 65
50 56 65
57 49 65
12 51 66
51 44 66
44 62 66
45 48 67
43 60 67
47 43 68
43 67 68
67 48 68
7 6 69
6 35 69
35 34 69
8 7 69
55 8 69
34 33 69
33 55 69
40 39 70
47 68 70
62 53 71
66 62 71
49 57 72
18 17 73
59 18 73
17 57 73
60 59 73
57 65 73
65 60 73
31 30 74
30 44 74
44 51 74
46 31 74
53 52 75
58 54 75
54 71 75
71 53 75
52 72 75
72 58 75
10 9 76
9 46 76
11 10 76
51 11 76
46 74 76
74 51 76
0 20 77
39 0 77
20 47 77
47 70 77
70 39 77
6 5 78
5 36 78
35 6 78
36 35 78
13 12 79
12 66 79
54 13 79
71 54 79
66 71 79
21 2 80
2 42 80
42 63 80
63 21 80
56 45 81
65 56 81
60 65 81
45 67 81
67 60 81
41 40 82
48 41 82
68 48 82
40 70 82
70 68 82
50 49 83
49 72 83
72 52 83
16 15 84
57 16 84
72 57 84
15 58 84
58 72 84
26 25 85
25 50 85
50 83 85
52 26 85
83 52 85
5 4 86
4 37 86
36 5 86
37 36 86
