107
1 0 0
0 1 0
0 0 1
0.0526316 0.947368 0
0.105263 0.894737 0
0.157895 0.842105 0
0.210526 0.789474 0
0.263158 0.736842 0
0.31579 0.68421 0
0.368421 0.631579 0
0.421053 0.578947 0
0.473684 0.526316 0
0.526316 0.473684 0
0.578947 0.421053 0
0.631579 0.368421 0
0.684211 0.315789 0
0.736842 0.263158 0
0.789474 0.210526 0
0.842105 0.157895 0
0.894737 0.105263 0
0.947368 0.0526316 0
0 0.0909091 0.909091
0 0.181818 0.818182
0 0.272727 0.727273
0 0.363636 0.636364
0 0.454545 0.545454
0 0.545455 0.454545
0 0.636364 0.363636
0 0.727273 0.272727
0 0.818182 0.181818
0 0.909091 0.0909091
0.923077 0 0.0769231
0.846154 0 0.153846
0.769231 0 0.230769
0.692308 0 0.307692
0.615385 0 0.384615
0.538462 0 0.461538
0.461538 0 0.538462
0.384615 0 0.615385
0.307692 0 0.692308
0.230769 0 0.769231
0.153846 0 0.846154
0.0769232 0 0.923077
0.629462 0.118085 0.252454
0.107197 0.510289 0.382515
0.275572 0.14281 0.581618
0.14671 0.601965 0.251325
0.470568 0.403653 0.125779
0.815636 0.0707162 0.113648
0.422155 0.0776854 0.50016
0.759275 0.124222 0.116502
0.399132 0.250942 0.349927
0.179195 0.244384 0.576421
0.273336 0.603703 0.12296
0.0556956 0.15144 0.792865
0.317954 0.522523 0.159523
0.363343 0.137989 0.498669
0.187434 0.346704 0.465862
0.502016 0.245532 0.252452
0.652884 0.220931 0.126185
0.126557 0.408916 0.464526
0.568033 0.328581 0.103385
0.883664 0.0473546 0.0689811
0.551148 0.0702151 0.378637
0.257762 0.23345 0.508788
0.354829 0.0560181 0.589153
0.597726 0.267088 0.135186
0.0593444 0.336629 0.604026
0.131536 0.134782 0.733682
0.136944 0.769601 0.0934551
0.0815136 0.81626 0.102227
0.454321 0.322956 0.222722
0.390226 0.504442 0.105332
0.143603 0.690717 0.165681
0.071652 0.71405 0.214298
0.19444 0.434352 0.371208
0.49389 0.121618 0.384492
0.118361 0.298104 0.583536
0.327512 0.300323 0.372165
0.431472 0.450494 0.118034
0.707812 0.174346 0.117842
0.396338 0.359642 0.24402
0.339475 0.412012 0.248512
0.0588332 0.0701562 0.871011
0.248976 0.504011 0.247012
0.288852 0.0692537 0.641894
0.0462945 0.510082 0.443624
0.325105 0.20891 0.465985
0.0537744 0.242701 0.703525
0.20153 0.0777657 0.720705
0.187244 0.535313 0.277443
0.123479 0.0567469 0.819774
0.568312 0.170571 0.261117
0.215687 0.666501 0.117812
0.0731622 0.603123 0.323715
0.684803 0.0783291 0.236868
0.205757 0.16411 0.630132
0.259105 0.326094 0.414801
0.520127 0.364541 0.115331
0.106574 0.209725 0.683701
0.0547686 0.427845 0.517386
0.264638 0.419729 0.315634
0.039596 0.774083 0.186321
0.044197 0.876099 0.0797043
0.438466 0.169513 0.39202
0.741329 0.0504874 0.208184
0.368673 0.565483 0.0658443


3 1 30
0 20 31
19 18 48
33 32 48
38 37 49
18 17 50
48 18 50
9 8 53
22 21 54
9 53 55
16 15 59
14 13 61
20 19 62
31 20 62
32 31 62
19 48 62
48 32 62
36 35 63
35 43 63
37 36 63
39 38 65
38 49 65
49 56 65
15 14 66
14 61 66
59 15 66
61 58 66
24 23 67
6 5 69
5 4 70
69 5 70
51 58 71
11 10 72
6 69 73
28 27 74
69 70 74
73 69 74
60 57 75
49 37 76
37 63 76
52 57 77
57 60 77
60 67 77
12 11 79
47 12 79
11 72 79
17 16 80
50 17 80
59 43 80
16 59 80
51 71 81
78 51 81
71 47 81
47 79 81
72 55 82
78 81 82
79 72 82
81 79 82
21 2 83
2 42 83
54 21 83
68 54 83
55 53 84
40 39 85
39 65 85
56 45 85
65 56 85
26 25 86
45 56 87
56 51 87
51 78 87
64 45 87
78 64 87
23 22 88
67 23 88
77 67 88
22 54 88
41 40 89
40 85 89
85 45 89
44 60 90
60 75 90
46 44 90
75 84 90
84 53 90
42 41 91
68 83 91
83 42 91
41 89 91
89 68 91
43 59 92
59 66 92
63 43 92
76 63 92
66 58 92
58 76 92
8 7 93
53 8 93
7 6 93
6 73 93
73 46 93
46 90 93
90 53 93
27 26 94
46 73 94
73 74 94
74 27 94
44 46 94
86 44 94
26 86 94
35 34 95
43 35 95
50 80 95
80 43 95
64 52 96
52 68 96
45 64 96
89 45 96
68 89 96
57 52 97
52 64 97
64 78 97
78 82 97
13 12 98
12 47 98
61 13 98
58 61 98
71 58 98
47 71 98
54 68 99
68 52 99
88 54 99
52 77 99
77 88 99
25 24 100
60 44 100
24 67 100
67 60 100
44 86 100
86 25 100
84 75 101
82 55 101
55 84 101
75 57 101
57 97 101
97 82 101
29 28 102
70 29 102
28 74 102
74 70 102
4 3 103
3 30 103
30 29 103
29 70 103
70 4 103
51 56 104
58 51 104
56 49 104
49 76 104
76 58 104
34 33 105
33 48 105
48 50 105
50 95 105
95 34 105
10 9 106
9 55 106
55 72 106
72 10 106
