38
1 0 0
0 1 0
0 0 1
0.0526315 0.947369 0
0.105263 0.894737 0
0.157895 0.842105 0
0.210526 0.789474 0
0.263158 0.736842 0
0.315789 0.684211 0
0.368421 0.631579 0
0.421053 0.578947 0
0.473684 0.526316 0
0.526316 0.473684 0
0.578947 0.421053 0
0.631579 0.368421 0
0.684211 0.315789 0
0.736842 0.263158 0
0.789474 0.210526 0
0.842105 0.157895 0
0.894737 0.105263 0
0.947368 0.0526316 0
0 0.0833333 0.916667
0 0.166667 0.833333
0 0.25 0.75
0 0.333333 0.666667
0 0.416667 0.583333
0 0.5 0.5
0 0.583333 0.416667
0 0.666667 0.333333
0 0.75 0.25
0 0.833333 0.166667
0 0.916667 0.0833333
0.857143 0 0.142857
0.714286 0 0.285714
0.571429 0 0.428571
0.428571 0 0.571429
0.285714 0 0.714286
0.142857 0 0.857143


2 14 21
14 13 21
13 12 22
21 13 22
12 11 23
22 12 23
11 10 24
23 11 24
10 9 25
24 10 25
9 8 26
25 9 26
8 7 27
26 8 27
7 6 28
27 7 28
6 5 29
28 6 29
5 4 30
29 5 30
3 1 31
4 3 31
30 4 31
0 20 32
20 19 32
19 18 33
32 19 33
18 17 34
33 18 34
17 16 35
34 17 35
16 15 36
35 16 36
14 2 37
15 14 37
36 15 37
