152
1 0 0
0 1 0
0 0 1
0.0526316 0.947368 0
0.105263 0.894737 0
0.157895 0.842105 0
0.210526 0.789474 0
0.263158 0.736842 0
0.31579 0.68421 0
0.368421 0.631579 0
0.421053 0.578947 0
0.473684 0.526316 0
0.526316 0.473684 0
0.578947 0.421053 0
0.631579 0.368421 0
0.684211 0.315789 0
0.736842 0.263158 0
0.789474 0.210526 0
0.842105 0.157895 0
0.894737 0.105263 0
0.947368 0.0526316 0
0 0.0714286 0.928571
0 0.142857 0.857143
0 0.214286 0.785714
0 0.285714 0.714286
0 0.357143 0.642857
0 0.428571 0.571429
0 0.5 0.5
0 0.571429 0.428571
0 0.642857 0.357143
0 0.714286 0.285714
0 0.785714 0.214286
0 0.857143 0.142857
0 0.928571 0.0714286
0.9375 0 0.0625
0.875 0 0.125
0.8125 0 0.1875
0.75 0 0.25
0.6875 0 0.3125
0.625 0 0.375
0.5625 0 0.4375
0.5 0 0.5
0.4375 0 0.5625
0.375 0 0.625
0.3125 0 0.6875
0.25 0 0.75
0.1875 0 0.8125
0.125 0 0.875
0.0625001 0 0.9375
0.625587 0.118717 0.255697
0.115296 0.479184 0.405519
0.273149 0.138956 0.587895
0.174404 0.612689 0.212907
0.488155 0.410441 0.101404
0.802525 0.0560652 0.14141
0.413735 0.0623109 0.523954
0.641532 0.279156 0.079312
0.749853 0.186166 0.0639809
0.746095 0.112247 0.141658
0.391218 0.255207 0.353575
0.178798 0.261919 0.559283
0.696352 0.234738 0.0689103
0.0463301 0.310152 0.643518
0.282498 0.624943 0.0925592
0.0555757 0.15772 0.786704
0.326491 0.519529 0.15398
0.370817 0.126118 0.503066
0.198121 0.327469 0.47441
0.499294 0.228686 0.272019
0.166749 0.540468 0.292782
0.111611 0.409552 0.478837
0.338933 0.576211 0.0848566
0.581118 0.333334 0.0855486
0.883807 0.0483292 0.0678636
0.543774 0.0693123 0.386914
0.158924 0.197507 0.64357
0.249091 0.257911 0.492998
0.189842 0.686248 0.123909
0.348026 0.0579453 0.594029
0.592004 0.250385 0.157611
0.0803552 0.361473 0.558171
0.523784 0.280355 0.195861
0.131173 0.128374 0.740453
0.56975 0.190766 0.239484
0.324081 0.267243 0.408676
0.156307 0.767488 0.0762049
0.646369 0.18969 0.163942
0.0884026 0.829688 0.0819094
0.223358 0.398918 0.377724
0.453638 0.34502 0.201342
0.401422 0.511974 0.0866034
0.797044 0.134736 0.0682207
0.42916 0.429482 0.141358
0.27319 0.0693429 0.657467
0.135392 0.691388 0.17322
0.0741381 0.704617 0.221245
0.0464732 0.778109 0.175418
0.496235 0.125518 0.378246
0.0975342 0.203815 0.698651
0.307679 0.189706 0.502614
0.685675 0.11015 0.204175
0.464244 0.472202 0.0635534
0.226979 0.62686 0.146162
0.181465 0.466274 0.352261
0.112007 0.27906 0.608933
0.296599 0.469129 0.234272
0.394486 0.387692 0.217822
0.723768 0.0502177 0.226014
0.0504811 0.888554 0.0609649
0.433074 0.129762 0.437164
0.136954 0.0600119 0.803034
0.445693 0.198338 0.355969
0.337503 0.398091 0.264406
0.31424 0.338504 0.347256
0.0501367 0.519402 0.430461
0.519815 0.349599 0.130586
0.108374 0.619446 0.27218
0.446098 0.27691 0.276992
0.25982 0.324341 0.415839
0.250212 0.683743 0.0660445
0.164539 0.405151 0.43031
0.600796 0.056301 0.342904
0.103941 0.760196 0.135863
0.198714 0.0680001 0.733286
0.211365 0.131751 0.656884
0.48581 0.0559646 0.458225
0.0483592 0.655918 0.295723
0.845732 0.0957909 0.0584768
0.0542415 0.442357 0.503401
0.0521166 0.590236 0.357648
0.375633 0.195407 0.42896
0.378478 0.323935 0.297588
0.234363 0.479809 0.285828
0.321412 0.113093 0.565495
0.541554 0.401894 0.0565529
0.0669705 0.0769626 0.856067
0.659424 0.0522749 0.288301
0.0407201 0.2341 0.725179
0.275897 0.400383 0.32372
0.253171 0.555579 0.19125
0.365084 0.456345 0.178571
0.230783 0.196154 0.573063
0.211977 0.735853 0.0521699
0.100372 0.548096 0.351532
0.0309417 0.0358613 0.933197
0.325362 0.633675 0.0409637
0.70502 0.167178 0.127803
0.513824 0.171273 0.314903
0.0736293 0.259025 0.667346
0.564312 0.119223 0.316466
0.0344559 0.38065 0.584894
0.139801 0.339157 0.521042


3 1 33
0 20 34
36 35 54
37 36 54
43 42 55
15 14 56
17 16 57
16 15 61
15 56 61
57 16 61
25 24 62
23 22 64
10 9 71
14 13 72
56 14 72
20 19 73
34 20 73
35 34 73
54 35 73
41 40 74
67 60 76
44 43 78
43 55 78
55 66 78
56 72 79
79 72 81
79 81 83
81 68 83
6 5 85
61 56 86
56 79 86
79 83 86
83 49 86
5 4 87
85 5 87
11 10 90
10 71 90
71 65 90
18 17 91
17 57 91
58 54 91
57 58 91
89 53 92
45 44 93
44 78 93
52 77 94
77 85 94
32 31 96
87 32 96
31 30 96
30 95 96
64 82 98
82 75 98
84 76 99
86 49 100
12 11 101
53 12 101
92 53 101
11 90 101
90 92 101
77 52 102
69 50 103
80 62 104
75 60 104
98 75 104
89 92 106
37 54 107
54 58 107
38 37 107
58 100 107
4 3 108
87 4 108
3 33 108
33 32 108
32 87 108
66 55 109
47 46 110
109 97 111
28 27 114
81 72 115
53 89 115
89 81 115
69 52 116
52 94 116
94 95 116
68 81 117
81 89 117
59 111 117
111 68 117
67 76 118
88 67 118
76 84 118
84 113 118
8 7 119
63 8 119
102 63 119
77 102 119
67 88 120
50 70 120
103 50 120
88 103 120
40 39 121
74 40 121
94 85 122
95 94 122
85 87 122
87 96 122
96 95 122
46 45 123
45 93 123
110 46 123
82 110 123
75 82 124
82 123 124
93 51 124
123 93 124
42 41 125
55 42 125
41 74 125
74 97 125
97 109 125
109 55 125
30 29 126
95 30 126
116 95 126
19 18 127
18 91 127
73 19 127
54 73 127
91 54 127
80 70 128
27 26 128
114 27 128
70 50 128
50 114 128
29 28 129
126 29 129
28 114 129
116 126 129
99 66 130
59 84 130
84 99 130
111 59 130
66 109 130
109 111 130
84 59 131
113 84 131
106 112 131
112 113 131
89 106 131
117 89 131
59 117 131
69 103 132
103 88 132
78 66 133
51 93 133
93 78 133
66 99 133
99 51 133
13 12 134
12 53 134
53 115 134
72 13 134
115 72 134
22 21 135
64 22 135
48 47 135
47 110 135
82 64 135
110 82 135
100 49 136
38 107 136
107 100 136
39 38 136
121 39 136
49 121 136
24 23 137
62 24 137
23 64 137
64 98 137
112 105 138
113 112 138
88 118 138
118 113 138
105 132 138
132 88 138
65 71 139
71 63 139
63 102 139
52 69 139
102 52 139
105 65 139
132 105 139
69 132 139
90 65 140
92 90 140
106 92 140
65 105 140
105 112 140
112 106 140
51 99 141
99 76 141
60 75 141
75 124 141
76 60 141
124 51 141
6 85 142
85 77 142
7 6 142
119 7 142
77 119 142
50 69 143
69 116 143
116 129 143
114 50 143
129 114 143
21 2 144
2 48 144
48 135 144
135 21 144
9 8 145
8 63 145
63 71 145
71 9 145
57 61 146
61 86 146
58 57 146
100 58 146
86 100 146
83 68 147
68 111 147
111 97 147
98 104 148
137 98 148
104 62 148
62 137 148
49 83 149
74 121 149
121 49 149
83 147 149
97 74 149
147 97 149
26 25 150
25 62 150
62 80 150
80 128 150
128 26 150
70 80 151
60 67 151
104 60 151
80 104 151
67 120 151
120 70 151
