163
1 0 0
0 1 0
0 0 1
0.0526316 0.947368 0
0.105263 0.894737 0
0.157895 0.842105 0
0.210526 0.789474 0
0.263158 0.736842 0
0.315789 0.684211 0
0.368421 0.631579 0
0.421053 0.578947 0
0.473684 0.526316 0
0.526316 0.473684 0
0.578947 0.421053 0
0.631579 0.368421 0
0.684211 0.315789 0
0.736842 0.263158 0
0.789474 0.210526 0
0.842105 0.157895 0
0.894737 0.105263 0
0.947368 0.0526316 0
0 0.0625 0.9375
0 0.125 0.875
0 0.1875 0.8125
0 0.25 0.75
0 0.3125 0.6875
0 0.375 0.625
0 0.4375 0.5625
0 0.5 0.5
0 0.5625 0.4375
0 0.625 0.375
0 0.6875 0.3125
0 0.75 0.25
0 0.8125 0.1875
0 0.875 0.125
0 0.9375 0.0625
0.9375 0 0.0625
0.875 0 0.125
0.8125 0 0.1875
0.75 0 0.25
0.6875 0 0.3125
0.625 0 0.375
0.5625 0 0.4375
0.5 0 0.5
0.4375 0 0.5625
0.375 0 0.625
0.3125 0 0.6875
0.25 0 0.75
0.1875 0 0.8125
0.125 0 0.875
0.0625 0 0.9375
0.625839 0.130125 0.244036
0.111218 0.484225 0.404556
0.268166 0.143871 0.587963
0.164877 0.619512 0.215612
0.483775 0.400188 0.116037
0.814592 0.0616378 0.123771
0.421244 0.0663462 0.51241
0.644153 0.270073 0.0857735
0.0541168 0.327968 0.617915
0.681929 0.119732 0.198339
0.752952 0.175849 0.0711989
0.746184 0.110188 0.143628
0.394704 0.255665 0.349631
0.649037 0.062932 0.288032
0.17819 0.25727 0.564541
0.705953 0.23222 0.0618275
0.275424 0.637197 0.0873798
0.0658866 0.140059 0.794055
0.327239 0.522195 0.150566
0.0514229 0.638477 0.3101
0.386151 0.133251 0.480598
0.187306 0.338288 0.474406
0.501635 0.227577 0.270788
0.154217 0.543703 0.302081
0.118963 0.404263 0.476774
0.348756 0.576895 0.0743488
0.58272 0.333401 0.0838784
0.885771 0.0500359 0.0641934
0.544884 0.0684305 0.386685
0.145606 0.205878 0.648515
0.245876 0.261714 0.49241
0.204714 0.667844 0.127442
0.359522 0.046245 0.594233
0.590717 0.250837 0.158447
0.296661 0.476688 0.226651
0.0649713 0.379862 0.555167
0.525188 0.279809 0.195003
0.145311 0.133873 0.720816
0.569761 0.189137 0.241102
0.327044 0.261327 0.41163
0.152706 0.775363 0.0719307
0.645286 0.19388 0.160834
0.094147 0.828669 0.0771838
0.226968 0.38853 0.384502
0.453212 0.345556 0.201232
0.405594 0.510205 0.0842014
0.255175 0.0466391 0.698186
0.79809 0.134999 0.0669114
0.432075 0.429104 0.138821
0.140493 0.697527 0.16198
0.0737248 0.706711 0.219565
0.0523034 0.780636 0.167061
0.499113 0.124101 0.376786
0.0961285 0.202106 0.701766
0.452973 0.199079 0.347948
0.296048 0.195956 0.507996
0.475534 0.462589 0.0618767
0.446499 0.277068 0.276433
0.222966 0.107756 0.669278
0.229216 0.607493 0.163292
0.188092 0.466095 0.345814
0.711706 0.0564403 0.231854
0.109103 0.277436 0.613461
0.394419 0.389994 0.215587
0.0388381 0.579101 0.382061
0.0502658 0.889092 0.0606427
0.440764 0.129855 0.429381
0.12467 0.0668806 0.808449
0.0547233 0.264116 0.681161
0.334205 0.406205 0.259589
0.30197 0.350179 0.347851
0.0481928 0.518017 0.43379
0.521235 0.349466 0.129299
0.109358 0.624873 0.26577
0.256941 0.31583 0.42723
0.252864 0.690689 0.0564474
0.59721 0.0475129 0.355277
0.104743 0.76006 0.135196
0.194736 0.0606642 0.7446
0.574849 0.110387 0.314764
0.492152 0.0611913 0.446657
0.204252 0.56408 0.231667
0.847035 0.0987643 0.0542002
0.0873101 0.561905 0.350785
0.056389 0.44967 0.493941
0.0439529 0.205924 0.750124
0.393113 0.194982 0.411905
0.234844 0.20645 0.558706
0.375439 0.326373 0.298187
0.336297 0.116305 0.547398
0.5356 0.407911 0.0564889
0.263993 0.430022 0.305984
0.0356963 0.0329144 0.931389
0.288258 0.579261 0.132481
0.0539452 0.0788964 0.867158
0.129372 0.33297 0.537658
0.323721 0.628538 0.0477413
0.705061 0.170957 0.123982
0.367353 0.458989 0.173658
0.162778 0.419955 0.417267
0.7645 0.0452373 0.190262
0.518297 0.166819 0.314884
0.291667 0.0750417 0.633291
0.226515 0.501312 0.272173
0.199514 0.730627 0.0698596
0.199161 0.172639 0.6282
0.635925 0.322808 0.0412666
0.345583 0.182236 0.47218
0.0833269 0.0341928 0.88248
0.0378846 0.838335 0.12378
0.259474 0.541245 0.199282
0.0337042 0.699364 0.266932


3 1 35
0 20 36
38 37 56
44 43 57
26 25 59
41 40 64
60 51 64
16 15 66
15 58 66
17 16 66
61 17 66
23 22 68
31 30 70
10 9 76
14 13 77
20 19 78
36 20 78
37 36 78
56 37 78
72 65 81
46 45 83
45 44 83
44 57 83
58 77 84
27 26 86
26 59 86
84 77 87
84 87 89
87 73 89
6 5 91
51 60 92
66 58 92
58 84 92
84 89 92
89 51 92
5 4 93
91 5 93
11 10 96
10 76 96
76 69 96
47 46 97
18 17 98
17 61 98
61 62 98
62 56 98
95 55 99
54 82 100
33 32 102
32 101 102
68 88 104
88 80 104
90 81 106
12 11 107
99 55 107
11 96 107
96 99 107
73 87 108
87 95 108
63 105 108
105 73 108
67 82 110
82 54 110
74 52 111
62 60 112
40 39 112
64 40 112
60 64 112
80 65 113
104 80 113
95 99 114
30 29 115
70 30 115
4 3 116
3 35 116
35 34 116
93 4 116
71 57 117
103 105 117
49 48 118
88 68 118
25 24 119
59 25 119
113 59 119
104 113 119
29 28 122
115 29 122
87 77 123
55 95 123
95 87 123
74 54 124
101 70 124
54 100 124
100 101 124
72 81 125
94 72 125
121 94 125
81 90 125
90 121 125
8 7 126
67 8 126
82 67 126
42 41 127
79 42 127
41 64 127
91 93 128
93 102 128
100 91 128
101 100 128
102 101 128
48 47 129
47 97 129
109 88 129
88 118 129
118 48 129
97 109 129
103 79 130
51 89 130
64 51 130
127 64 130
79 127 130
43 42 131
42 79 131
57 43 131
79 103 131
103 117 131
117 57 131
54 74 132
110 54 132
19 18 133
18 98 133
56 78 133
98 56 133
78 19 133
52 74 134
115 122 134
122 52 134
70 115 134
124 70 134
74 124 134
27 86 135
86 75 135
28 27 135
122 28 135
75 52 135
52 122 135
24 23 136
23 68 136
68 104 136
104 119 136
119 24 136
63 90 137
105 63 137
71 117 137
117 105 137
81 65 138
53 106 138
106 81 138
63 108 139
108 95 139
95 114 139
90 63 139
121 90 139
114 120 139
120 121 139
57 71 140
83 57 140
106 53 140
13 12 141
12 107 141
107 55 141
55 123 141
77 13 141
123 77 141
111 94 142
120 85 142
94 121 142
121 120 142
21 2 143
2 50 143
69 76 144
67 110 144
22 21 145
21 143 145
68 22 145
118 68 145
72 75 146
75 86 146
65 72 146
113 65 146
86 59 146
59 113 146
9 8 147
8 67 147
76 9 147
67 144 147
144 76 147
60 62 148
62 61 148
92 60 148
61 66 148
66 92 148
96 69 149
99 96 149
69 85 149
114 99 149
85 120 149
120 114 149
75 72 150
72 94 150
52 75 150
111 52 150
94 111 150
39 38 151
38 56 151
112 39 151
56 62 151
62 112 151
89 73 152
73 105 152
105 103 152
103 130 152
130 89 152
46 83 153
97 46 153
53 109 153
109 97 153
140 53 153
83 140 153
74 111 154
132 74 154
111 142 154
142 85 154
91 100 155
100 82 155
7 6 155
126 7 155
6 91 155
82 126 155
80 88 156
88 109 156
65 80 156
138 65 156
109 53 156
53 138 156
15 14 157
58 15 157
14 77 157
77 58 157
90 106 158
137 90 158
71 137 158
106 140 158
140 71 158
50 49 159
143 50 159
145 143 159
49 118 159
118 145 159
34 33 160
33 102 160
102 93 160
93 116 160
116 34 160
85 69 161
69 144 161
110 132 161
144 110 161
154 85 161
132 154 161
32 31 162
101 32 162
31 70 162
70 101 162
