38
1 0 0
0 1 0
0 0 1
0.0526316 0.947368 0
0.105263 0.894737 0
0.157895 0.842105 0
0.210526 0.789474 0
0.263158 0.736842 0
0.31579 0.68421 0
0.368421 0.631579 0
0.421053 0.578947 0
0.473684 0.526316 0
0.526316 0.473684 0
0.578947 0.421053 0
0.631579 0.368421 0
0.684211 0.315789 0
0.736842 0.263158 0
0.789474 0.210526 0
0.842105 0.157895 0
0.894737 0.105263 0
0.947368 0.0526316 0
0 0.0625 0.9375
0 0.125 0.875
0 0.1875 0.8125
0 0.25 0.75
0 0.3125 0.6875
0 0.375 0.625
0 0.4375 0.5625
0 0.5 0.5
0 0.5625 0.4375
0 0.625 0.375
0 0.6875 0.3125
0 0.75 0.25
0 0.8125 0.1875
0 0.875 0.125
0 0.9375 0.0625
0.666667 0 0.333333
0.333333 0 0.666667


2 18 21
18 17 21
17 16 22
21 17 22
16 15 23
22 16 23
15 14 24
23 15 24
14 13 25
24 14 25
13 12 26
25 13 26
12 11 27
26 12 27
11 10 28
27 11 28
10 9 29
28 10 29
9 8 30
29 9 30
8 7 31
30 8 31
7 6 32
31 7 32
6 5 33
32 6 33
5 4 34
33 5 34
3 1 35
4 3 35
34 4 35
0 20 36
20 19 36
18 2 37
19 18 37
36 19 37
