162
1 0 0
0 1 0
0 0 1
0.0526316 0.947368 0
0.105263 0.894737 0
0.157895 0.842105 0
0.210526 0.789474 0
0.263158 0.736842 0
0.315789 0.684211 0
0.368421 0.631579 0
0.421053 0.578947 0
0.473684 0.526316 0
0.526316 0.473684 0
0.578947 0.421053 0
0.631579 0.368421 0
0.684211 0.315789 0
0.736842 0.263158 0
0.789474 0.210526 0
0.842105 0.157895 0
0.894737 0.105263 0
0.947368 0.0526316 0
0 0.0769231 0.923077
0 0.153846 0.846154
0 0.230769 0.769231
0 0.307692 0.692308
0 0.384615 0.615385
0 0.461538 0.538462
0 0.538462 0.461538
0 0.615385 0.384615
0 0.692308 0.307692
0 0.769231 0.230769
0 0.846154 0.153846
0 0.923077 0.0769231
0.947368 0 0.0526316
0.894737 0 0.105263
0.842105 0 0.157895
0.789474 0 0.210526
0.736842 0 0.263158
0.684211 0 0.315789
0.631579 0 0.368421
0.578947 0 0.421053
0.526316 0 0.473684
0.473684 0 0.526316
0.421053 0 0.578947
0.368421 0 0.631579
0.315789 0 0.684211
0.263158 0 0.736842
0.210526 0 0.789474
0.157895 0 0.842105
0.105263 0 0.894737
0.0526316 0 0.947368
0.633617 0.118291 0.248092
0.0977098 0.487577 0.414713
0.273944 0.155653 0.570403
0.169109 0.620272 0.210619
0.491919 0.412774 0.0953068
0.793996 0.0611375 0.144866
0.429101 0.0659937 0.504905
0.910259 0.048299 0.0414422
0.646699 0.270367 0.0829345
0.0378531 0.338905 0.623242
0.686897 0.122012 0.191091
0.749488 0.185585 0.0649275
0.74481 0.121641 0.133549
0.393627 0.2524 0.353973
0.173794 0.250806 0.5754
0.703206 0.240208 0.0565857
0.284891 0.605994 0.109115
0.0543834 0.154507 0.79111
0.686928 0.0564945 0.256578
0.316748 0.518077 0.165175
0.0496845 0.639452 0.310864
0.385788 0.12639 0.487821
0.198029 0.317523 0.484447
0.49241 0.234788 0.272802
0.268488 0.515737 0.215775
0.157877 0.548907 0.293216
0.115609 0.408686 0.475704
0.341237 0.575025 0.0837373
0.588836 0.338511 0.0726529
0.543819 0.0693968 0.386784
0.152424 0.194449 0.653126
0.253074 0.247756 0.49917
0.193108 0.683569 0.123323
0.587119 0.260494 0.152386
0.0832206 0.361564 0.555216
0.533235 0.267435 0.19933
0.126261 0.127555 0.746184
0.571179 0.185453 0.243368
0.340629 0.266964 0.392407
0.163248 0.764509 0.0722432
0.077179 0.85146 0.0713613
0.237156 0.378073 0.384771
0.439297 0.330888 0.229815
0.864697 0.0825221 0.0527807
0.397069 0.524161 0.0787702
0.804501 0.124941 0.0705583
0.43309 0.421321 0.145589
0.254864 0.0769841 0.668151
0.137745 0.693901 0.168354
0.0810422 0.702607 0.216351
0.0505006 0.783479 0.166021
0.490105 0.138882 0.371013
0.0935212 0.208374 0.698105
0.441799 0.201785 0.356416
0.432228 0.275484 0.292288
0.636319 0.191374 0.172307
0.21472 0.164974 0.620306
0.229422 0.614114 0.156464
0.317074 0.0714823 0.611444
0.111277 0.627172 0.261551
0.118126 0.275782 0.606092
0.486927 0.0657958 0.447277
0.0405539 0.250701 0.708745
0.391855 0.389904 0.218241
0.0350348 0.858076 0.106889
0.0439307 0.562716 0.393353
0.436486 0.132203 0.43131
0.134175 0.0577946 0.80803
0.331489 0.42247 0.246041
0.309494 0.211843 0.478663
0.0369598 0.0784562 0.884584
0.587141 0.100956 0.311903
0.309182 0.348453 0.342365
0.165274 0.41133 0.423395
0.0397698 0.496605 0.463626
0.0729071 0.286491 0.640602
0.536873 0.338285 0.124842
0.083448 0.0718434 0.844709
0.239326 0.315894 0.44478
0.251931 0.678905 0.0691634
0.275172 0.427132 0.297696
0.212005 0.470187 0.317808
0.371867 0.0685573 0.559575
0.192789 0.0602115 0.746999
0.0370339 0.421002 0.541964
0.485214 0.334677 0.180109
0.209882 0.552977 0.237141
0.0981714 0.561307 0.340521
0.456523 0.484551 0.0589266
0.73832 0.0619118 0.199769
0.148403 0.488385 0.363212
0.123641 0.826483 0.0498767
0.375561 0.327342 0.297097
0.533933 0.147999 0.318068
0.283799 0.295529 0.420672
0.542115 0.402306 0.0555796
0.377593 0.192043 0.430364
0.0348449 0.71708 0.248076
0.694995 0.185133 0.119872
0.369081 0.472553 0.158367
0.107996 0.767227 0.124776
0.222567 0.225897 0.551536
0.63901 0.0506926 0.310298
0.333841 0.142933 0.523227
0.189389 0.123411 0.6872
0.843624 0.0530149 0.103361
0.073671 0.441972 0.484357
0.142131 0.33724 0.520629
0.0359207 0.917352 0.046727
0.214016 0.734698 0.0512867
0.596708 0.0414484 0.361843


0 20 33
21 2 50
36 35 56
43 42 57
20 19 58
33 20 58
34 33 58
15 14 59
25 24 60
17 16 62
16 15 66
15 59 66
62 16 66
23 22 68
38 37 69
61 51 69
29 28 71
70 67 75
9 8 78
8 67 78
67 70 78
14 13 79
59 14 79
41 40 80
59 79 84
86 74 88
84 86 88
6 5 90
4 3 91
19 18 94
34 58 94
58 19 94
10 9 95
9 78 95
18 17 96
17 62 96
62 63 96
63 56 96
94 18 96
46 45 98
54 83 99
83 90 99
31 30 101
68 87 103
87 81 103
102 74 104
74 93 105
104 74 105
64 104 105
51 61 106
59 84 106
84 88 106
88 51 106
65 81 107
98 53 107
83 54 108
75 67 108
45 44 109
53 98 109
98 45 109
100 71 110
76 54 110
54 99 110
99 100 110
81 65 111
103 81 111
42 41 112
57 42 112
41 80 112
80 102 112
24 23 113
23 68 113
68 103 113
60 24 113
93 97 114
32 31 115
31 101 115
101 91 115
28 27 116
71 28 116
72 57 117
102 104 117
57 112 117
112 102 117
49 48 118
70 75 119
82 53 120
22 21 121
68 22 121
21 50 121
51 88 122
52 77 124
73 92 124
27 26 125
52 116 125
116 27 125
85 60 126
111 85 126
103 111 126
113 103 126
60 113 126
84 79 127
86 84 127
87 68 128
118 87 128
50 49 128
121 50 128
49 118 128
68 121 128
73 82 129
92 73 129
8 7 130
67 8 130
108 67 130
83 108 130
92 123 131
119 75 131
123 119 131
124 92 132
131 75 132
92 131 132
44 43 133
43 57 133
57 72 133
109 44 133
47 46 134
46 98 134
48 47 134
118 48 134
87 118 134
26 25 135
25 60 135
60 85 135
125 26 135
74 86 136
93 74 136
55 97 136
97 93 136
127 55 136
86 127 136
75 108 137
108 54 137
132 75 137
54 76 137
76 132 137
76 110 138
116 52 138
110 71 138
71 116 138
12 11 139
55 12 139
11 10 139
10 95 139
97 55 139
95 97 139
37 36 140
36 56 140
56 63 140
69 37 140
63 61 140
61 69 140
52 124 141
124 132 141
132 76 141
76 138 141
138 52 141
5 4 142
4 91 142
90 5 142
64 105 143
105 93 143
93 114 143
89 64 143
123 89 143
114 119 143
119 123 143
88 74 144
74 102 144
122 88 144
102 80 144
80 122 144
82 120 145
129 82 145
120 89 145
89 123 145
123 92 145
92 129 145
13 12 146
12 55 146
55 127 146
79 13 146
127 79 146
64 89 147
72 117 147
104 64 147
117 104 147
89 120 147
30 29 148
29 71 148
71 100 148
100 101 148
101 30 148
61 63 149
63 62 149
62 66 149
106 61 149
66 59 149
59 106 149
78 70 150
95 78 150
97 95 150
114 97 150
70 119 150
119 114 150
100 99 151
101 100 151
99 90 151
90 142 151
91 101 151
142 91 151
73 65 152
82 73 152
53 82 152
107 53 152
65 107 152
39 38 153
38 69 153
69 51 153
51 122 153
53 109 154
120 53 154
133 72 154
109 133 154
72 147 154
147 120 154
81 87 155
87 134 155
107 81 155
98 107 155
134 98 155
35 34 156
34 94 156
56 35 156
94 96 156
96 56 156
77 52 157
52 125 157
85 77 157
135 85 157
125 135 157
65 73 158
111 65 158
77 85 158
85 111 158
73 124 158
124 77 158
3 1 159
1 32 159
32 115 159
91 3 159
115 91 159
6 90 160
90 83 160
7 6 160
130 7 160
83 130 160
40 39 161
80 40 161
122 80 161
39 153 161
153 122 161
