46
1 0 0
0 1 0
0 0 1
0.0526316 0.947368 0
0.105263 0.894737 0
0.157895 0.842105 0
0.210526 0.789474 0
0.263158 0.736842 0
0.315789 0.684211 0
0.368421 0.631579 0
0.421053 0.578947 0
0.473684 0.526316 0
0.526316 0.473684 0
0.578947 0.421053 0
0.631579 0.368421 0
0.684211 0.315789 0
0.736842 0.263158 0
0.789474 0.210526 0
0.842105 0.157895 0
0.894737 0.105263 0
0.947368 0.0526316 0
0 0.0526316 0.947368
0 0.105263 0.894737
0 0.157895 0.842105
0 0.210526 0.789474
0 0.263158 0.736842
0 0.315789 0.68421
0 0.368421 0.631579
0 0.421053 0.578947
0 0.473684 0.526316
0 0.526316 0.473684
0 0.578947 0.421053
0 0.631579 0.368421
0 0.684211 0.315789
0 0.736842 0.263158
0 0.789474 0.210526
0 0.842105 0.157895
0 0.894737 0.105263
0 0.947368 0.0526316
0.41711 0.130912 0.451978
0.445734 0.0785516 0.475714
0.498239 0.0252253 0.476536
0.422102 0.183604 0.394294
0.403298 0.236681 0.360021
0.303858 0.341949 0.354193
0.368306 0.289141 0.342552


14 13 28
27 14 28
13 12 29
28 13 29
12 11 30
29 12 30
11 10 31
30 11 31
10 9 32
31 10 32
9 8 33
32 9 33
8 7 34
33 8 34
7 6 35
34 7 35
6 5 36
35 6 36
5 4 37
36 5 37
3 1 38
4 3 38
37 4 38
19 18 39
18 23 39
22 19 39
23 22 39
20 19 40
19 22 40
21 20 40
22 21 40
2 0 41
21 2 41
0 20 41
20 21 41
18 17 42
17 24 42
23 18 42
24 23 42
17 16 43
16 25 43
24 17 43
25 24 43
15 14 44
14 27 44
26 15 44
27 26 44
16 15 45
15 26 45
25 16 45
26 25 45
