97
1 0 0
0 1 0
0 0 1
0.0526316 0.947368 0
0.105263 0.894737 0
0.157895 0.842105 0
0.210526 0.789474 0
0.263158 0.736842 0
0.315789 0.684211 0
0.368421 0.631579 0
0.421053 0.578947 0
0.473684 0.526316 0
0.526316 0.473684 0
0.578947 0.421053 0
0.631579 0.368421 0
0.684211 0.315789 0
0.736842 0.263158 0
0.789474 0.210526 0
0.842105 0.157895 0
0.894737 0.105263 0
0.947368 0.0526316 0
0 0.0833333 0.916667
0 0.166667 0.833333
0 0.25 0.75
0 0.333333 0.666667
0 0.416667 0.583333
0 0.5 0.5
0 0.583333 0.416667
0 0.666667 0.333333
0 0.75 0.25
0 0.833333 0.166667
0 0.916667 0.0833333
0.909091 0 0.0909091
0.818182 0 0.181818
0.727273 0 0.272727
0.636364 0 0.363636
0.545455 0 0.454545
0.454545 0 0.545455
0.363636 0 0.636364
0.272727 0 0.727273
0.181818 0 0.818182
0.0909091 0 0.909091
0.648799 0.112217 0.238983
0.0980501 0.504125 0.397824
0.276025 0.124422 0.599553
0.157429 0.60654 0.236031
0.488769 0.399126 0.112105
0.800333 0.0697541 0.129913
0.429168 0.0713274 0.499505
0.74583 0.127758 0.126413
0.387237 0.253056 0.359707
0.159592 0.227265 0.613143
0.259245 0.619429 0.121326
0.0705516 0.158898 0.770551
0.699339 0.0589122 0.241749
0.315587 0.515884 0.168529
0.387059 0.153296 0.459646
0.18479 0.328354 0.486855
0.472721 0.235867 0.291412
0.650869 0.240744 0.108388
0.11497 0.40517 0.47986
0.876019 0.0463742 0.0776063
0.539597 0.0766945 0.383709
0.247857 0.262426 0.489718
0.60988 0.294885 0.0952351
0.537691 0.324317 0.137992
0.55929 0.230887 0.209823
0.076108 0.329016 0.594876
0.133255 0.142406 0.724339
0.0720406 0.825542 0.102417
0.435128 0.320821 0.244051
0.396294 0.504254 0.0994513
0.152656 0.696635 0.150709
0.241832 0.0535221 0.704645
0.495244 0.146563 0.358193
0.241091 0.413636 0.345273
0.44163 0.45761 0.100761
0.198647 0.482748 0.318605
0.400001 0.387455 0.212544
0.085852 0.250543 0.663605
0.69887 0.186436 0.114694
0.166692 0.0784649 0.754843
0.0474576 0.885853 0.0666893
0.111751 0.76703 0.121219
0.316553 0.329005 0.354442
0.190345 0.553997 0.255657
0.0692308 0.605117 0.325652
0.342271 0.433257 0.224471
0.615193 0.0499318 0.334875
0.599118 0.164365 0.236518
0.226073 0.671047 0.10288
0.0654233 0.698336 0.23624
0.330123 0.0663954 0.603482
0.0704318 0.0736527 0.855915
0.315128 0.218151 0.466721
0.216323 0.172554 0.611123
0.270507 0.558295 0.171198


3 1 31
0 20 32
26 25 43
13 12 46
19 18 47
34 33 47
38 37 48
18 17 49
47 18 49
9 8 52
22 21 53
35 34 54
49 42 54
34 47 54
47 49 54
10 9 55
50 56 58
16 15 59
25 24 60
43 25 60
20 19 61
32 20 61
33 32 61
19 47 61
47 33 61
37 36 62
48 37 62
57 51 63
15 14 64
59 15 64
14 13 65
13 46 65
64 14 65
59 64 66
64 65 66
65 58 66
24 23 67
60 24 67
57 60 67
51 53 68
5 4 69
30 29 69
65 46 70
50 58 70
58 65 70
11 10 71
10 55 71
7 6 72
40 39 73
56 48 74
58 56 74
66 58 74
48 62 74
60 57 75
12 11 76
46 12 76
11 71 76
43 60 77
60 75 77
75 55 77
70 46 78
46 76 78
23 22 79
22 53 79
53 51 79
67 23 79
51 57 79
57 67 79
17 16 80
42 49 80
49 17 80
16 59 80
41 40 81
40 73 81
73 44 81
4 3 82
3 31 82
31 30 82
30 69 82
69 4 82
6 5 83
72 6 83
5 69 83
69 29 83
57 63 84
75 57 84
50 70 84
70 78 84
45 43 85
43 77 85
52 45 85
27 26 86
26 43 86
43 45 86
28 27 86
45 72 86
71 55 87
55 75 87
76 71 87
78 76 87
75 84 87
84 78 87
36 35 88
35 54 88
54 42 88
42 62 88
62 36 88
62 42 89
74 62 89
59 66 89
66 74 89
42 80 89
80 59 89
8 7 90
52 8 90
45 52 90
7 72 90
72 45 90
29 28 91
83 29 91
72 83 91
28 86 91
86 72 91
39 38 92
38 48 92
48 56 92
73 39 92
56 44 92
44 73 92
21 2 93
2 41 93
53 21 93
68 53 93
41 81 93
81 68 93
44 56 94
56 50 94
50 84 94
84 63 94
63 51 95
51 68 95
68 81 95
81 44 95
94 63 95
44 94 95
9 52 96
55 9 96
52 85 96
77 55 96
85 77 96
