74
1 0 0
0 1 0
0 0 1
0.0526316 0.947368 0
0.105263 0.894737 0
0.157895 0.842105 0
0.210526 0.789474 0
0.263158 0.736842 0
0.315789 0.684211 0
0.368421 0.631579 0
0.421053 0.578947 0
0.473684 0.526316 0
0.526316 0.473684 0
0.578947 0.421053 0
0.631579 0.368421 0
0.684211 0.315789 0
0.736842 0.263158 0
0.789474 0.210526 0
0.842105 0.157895 0
0.894737 0.105263 0
0.947368 0.0526316 0
0 0.0769231 0.923077
0 0.153846 0.846154
0 0.230769 0.769231
0 0.307692 0.692308
0 0.384615 0.615385
0 0.461538 0.538462
0 0.538462 0.461538
0 0.615385 0.384615
0 0.692308 0.307692
0 0.769231 0.230769
0 0.846154 0.153846
0 0.923077 0.0769231
0.875 0 0.125
0.75 0 0.25
0.625 0 0.375
0.5 0 0.5
0.375 0 0.625
0.25 0 0.75
0.125 0 0.875
0.643889 0.126258 0.229853
0.122431 0.503215 0.374354
0.292453 0.150627 0.55692
0.14986 0.618446 0.231694
0.451328 0.385546 0.163127
0.779564 0.0641458 0.15629
0.403436 0.0714505 0.525114
0.740003 0.119295 0.140703
0.385113 0.243334 0.371553
0.163603 0.250015 0.586382
0.278876 0.520991 0.200133
0.404183 0.138108 0.457709
0.199381 0.349324 0.451296
0.499553 0.236844 0.263604
0.143514 0.406116 0.450371
0.242819 0.586891 0.17029
0.137658 0.147172 0.71517
0.543723 0.156161 0.300116
0.124769 0.697 0.178232
0.344334 0.297506 0.35816
0.41322 0.440842 0.145938
0.498573 0.324373 0.177054
0.137692 0.0720627 0.790245
0.673684 0.194149 0.132168
0.313312 0.45084 0.235848
0.268039 0.0669331 0.665028
0.0997891 0.759601 0.14061
0.310885 0.359478 0.329637
0.637099 0.0575403 0.305361
0.0683852 0.835354 0.096261
0.616987 0.237361 0.145651
0.254464 0.209058 0.536478
0.518498 0.0662446 0.415257
0.0934783 0.303517 0.603005


3 1 32
4 3 32
31 4 32
0 20 33
20 19 34
33 20 34
26 25 41
27 26 41
8 7 43
28 27 43
27 41 43
13 12 44
19 18 45
34 19 45
35 34 45
38 37 46
18 17 47
17 40 47
45 18 47
23 22 49
10 9 50
15 14 53
48 42 53
42 51 53
41 25 54
50 41 54
25 24 54
9 8 55
8 43 55
43 41 55
41 50 55
50 9 55
22 21 56
49 22 56
51 46 57
53 51 57
7 6 58
29 28 58
28 43 58
43 7 58
12 11 60
44 12 60
14 13 61
13 44 61
48 53 61
53 14 61
44 59 61
59 48 61
21 2 62
56 21 62
2 39 62
42 56 62
17 16 63
40 17 63
57 40 63
11 10 64
10 50 64
60 11 64
50 54 64
54 52 64
39 38 65
51 42 65
38 46 65
46 51 65
42 62 65
62 39 65
6 5 66
5 30 66
30 29 66
29 58 66
58 6 66
59 44 67
52 49 67
49 59 67
44 60 67
60 64 67
64 52 67
36 35 68
47 40 68
35 45 68
45 47 68
5 4 69
4 31 69
30 5 69
31 30 69
16 15 70
15 53 70
53 57 70
57 63 70
63 16 70
42 48 71
56 42 71
49 56 71
59 49 71
48 59 71
37 36 72
46 37 72
40 57 72
57 46 72
36 68 72
68 40 72
24 23 73
23 49 73
49 52 73
52 54 73
54 24 73
