97
1 0 0
0 1 0
0 0 1
0.0526316 0.947368 0
0.105263 0.894737 0
0.157895 0.842105 0
0.210526 0.789474 0
0.263158 0.736842 0
0.315789 0.684211 0
0.368421 0.631579 0
0.421053 0.578947 0
0.473684 0.526316 0
0.526316 0.473684 0
0.578947 0.421053 0
0.631579 0.368421 0
0.684211 0.315789 0
0.736842 0.263158 0
0.789474 0.210526 0
0.842105 0.157895 0
0.894737 0.105263 0
0.947368 0.0526316 0
0 0.1 0.9
0 0.2 0.8
0 0.3 0.7
0 0.4 0.6
0 0.5 0.5
0 0.6 0.4
0 0.7 0.3
0 0.8 0.2
0 0.9 0.1
0.923077 0 0.0769231
0.846154 0 0.153846
0.769231 0 0.230769
0.692308 0 0.307692
0.615385 0 0.384615
0.538462 0 0.461538
0.461538 0 0.538462
0.384615 0 0.615385
0.307692 0 0.692308
0.230769 0 0.769231
0.153846 0 0.846154
0.0769231 0 0.923077
0.62755 0.119446 0.253004
0.102 0.481159 0.416841
0.27722 0.13026 0.592521
0.144865 0.597102 0.258033
0.491412 0.396456 0.112133
0.809009 0.0706849 0.120306
0.416375 0.0708248 0.512801
0.750868 0.104099 0.145033
0.399423 0.260722 0.339855
0.175106 0.250674 0.57422
0.278156 0.620739 0.101106
0.072758 0.17722 0.750022
0.322752 0.522151 0.155097
0.387488 0.149986 0.462525
0.490548 0.228729 0.280723
0.653808 0.224345 0.121847
0.133511 0.395751 0.470738
0.551266 0.0736942 0.375039
0.258287 0.235553 0.506161
0.596104 0.275683 0.128213
0.543293 0.332829 0.123878
0.0642697 0.355392 0.580339
0.126067 0.143452 0.730482
0.568937 0.179089 0.251974
0.138476 0.762185 0.0993395
0.22419 0.397785 0.378026
0.075442 0.791787 0.132771
0.395015 0.486685 0.1183
0.0716482 0.690899 0.237452
0.483296 0.123593 0.39311
0.046572 0.86452 0.088908
0.327735 0.0657576 0.606507
0.180603 0.472463 0.346933
0.122696 0.296626 0.580679
0.403482 0.378766 0.217752
0.707101 0.172473 0.120426
0.326082 0.41357 0.260348
0.326807 0.212265 0.460928
0.202063 0.0716037 0.726333
0.197137 0.565148 0.237715
0.897698 0.0401626 0.062139
0.0715811 0.583337 0.345082
0.143348 0.683718 0.172934
0.198427 0.154506 0.647066
0.211338 0.671805 0.116857
0.676765 0.0769582 0.246277
0.052138 0.256021 0.691841
0.0621845 0.0735308 0.864285
0.250344 0.517691 0.231965
0.461617 0.317716 0.220667
0.262317 0.329327 0.408356
0.333273 0.310423 0.356304
0.0450443 0.484365 0.470591
0.133872 0.0684494 0.797679
0.451789 0.455339 0.0928722


3 1 29
0 20 30
13 12 46
19 18 47
31 19 47
32 31 47
37 36 48
18 17 49
47 18 49
33 32 49
32 47 49
9 8 52
8 7 52
22 21 53
10 9 54
9 52 54
50 55 56
16 15 57
35 34 59
34 42 59
36 35 59
15 14 61
57 15 61
13 46 62
14 13 62
61 14 62
56 61 62
24 23 63
43 24 63
58 43 63
51 53 64
42 57 65
59 42 65
61 56 65
57 61 65
6 5 66
5 4 68
66 5 68
28 27 68
11 10 69
10 54 69
27 26 70
66 68 70
68 27 70
55 48 71
56 55 71
48 36 71
36 59 71
65 56 71
59 65 71
4 3 72
3 29 72
29 28 72
28 68 72
68 4 72
39 38 73
44 39 73
38 37 73
37 48 73
55 44 73
48 55 73
43 58 74
58 67 74
53 51 75
58 63 75
51 67 75
67 58 75
17 16 77
49 17 77
16 57 77
57 42 77
54 67 78
69 54 78
76 69 78
44 55 79
55 50 79
60 44 79
40 39 80
39 44 80
45 43 81
43 74 81
20 19 82
19 31 82
30 20 82
31 30 82
26 25 83
43 45 83
70 26 83
6 66 84
66 70 84
70 83 84
83 45 84
60 51 85
51 64 85
44 60 85
80 44 85
45 81 86
52 7 86
81 52 86
7 6 86
6 84 86
84 45 86
34 33 87
42 34 87
77 42 87
33 49 87
49 77 87
23 22 88
63 23 88
22 53 88
53 75 88
75 63 88
21 2 89
2 41 89
53 21 89
64 53 89
54 52 90
67 54 90
74 67 90
52 81 90
81 74 90
50 56 91
56 62 91
62 46 91
46 76 91
76 50 91
51 60 92
67 51 92
78 67 92
50 76 93
79 50 93
60 79 93
92 60 93
76 78 93
78 92 93
25 24 94
24 43 94
43 83 94
83 25 94
41 40 95
40 80 95
80 85 95
85 64 95
64 89 95
89 41 95
12 11 96
46 12 96
76 46 96
11 69 96
69 76 96
