143
1 0 0
0 1 0
0 0 1
0.0526316 0.947368 0
0.105263 0.894737 0
0.157895 0.842105 0
0.210526 0.789474 0
0.263158 0.736842 0
0.31579 0.68421 0
0.368421 0.631579 0
0.421053 0.578947 0
0.473684 0.526316 0
0.526316 0.473684 0
0.578947 0.421053 0
0.631579 0.368421 0
0.684211 0.315789 0
0.736842 0.263158 0
0.789474 0.210526 0
0.842105 0.157895 0
0.894737 0.105263 0
0.947368 0.0526316 0
0 0.05 0.95
0 0.1 0.9
0 0.15 0.85
0 0.2 0.8
0 0.25 0.75
0 0.3 0.7
0 0.35 0.65
0 0.4 0.6
0 0.45 0.55
0 0.5 0.5
0 0.55 0.45
0 0.6 0.4
0 0.65 0.35
0 0.7 0.3
0 0.75 0.25
0 0.8 0.2
0 0.85 0.15
0 0.9 0.1
0 0.95 0.05
0.909091 0 0.0909091
0.818182 0 0.181818
0.727273 0 0.272727
0.636364 0 0.363636
0.545455 0 0.454545
0.454545 0 0.545455
0.363636 0 0.636364
0.272727 0 0.727273
0.181818 0 0.818182
0.0909091 0 0.909091
0.62264 0.118816 0.258544
0.0929495 0.504727 0.402324
0.272924 0.148174 0.578902
0.15942 0.607773 0.232807
0.497403 0.409443 0.0931542
0.793282 0.0677743 0.138944
0.411357 0.0646189 0.524024
0.633891 0.279351 0.0867573
0.749744 0.174339 0.0759172
0.732432 0.12428 0.143288
0.399109 0.251282 0.349609
0.651894 0.0527184 0.295387
0.164638 0.250079 0.585282
0.257467 0.629986 0.112546
0.312733 0.515466 0.171801
0.385492 0.123415 0.491093
0.188696 0.340518 0.470786
0.49018 0.238373 0.271447
0.175056 0.539019 0.285925
0.135097 0.394406 0.470497
0.336621 0.57411 0.089269
0.557601 0.34289 0.0995093
0.89063 0.047856 0.0615139
0.554194 0.0773138 0.368493
0.152059 0.654678 0.193263
0.16344 0.189301 0.647259
0.25861 0.248984 0.492406
0.197798 0.683929 0.118272
0.340695 0.0460713 0.613234
0.589677 0.233657 0.176667
0.261728 0.488445 0.249827
0.080205 0.366784 0.553011
0.133248 0.133281 0.733472
0.562446 0.176559 0.260994
0.162177 0.778651 0.0591722
0.524933 0.28938 0.185687
0.656549 0.176115 0.167336
0.690849 0.224303 0.084848
0.0908663 0.83095 0.0781841
0.229728 0.398224 0.372047
0.0761591 0.791136 0.132705
0.458763 0.337227 0.204009
0.103794 0.448203 0.448003
0.0957144 0.31027 0.594016
0.397329 0.513587 0.0890838
0.25089 0.03452 0.71459
0.0846911 0.703549 0.21176
0.501382 0.130295 0.368323
0.252077 0.204177 0.543746
0.354402 0.21875 0.426847
0.477607 0.466969 0.0554245
0.2193 0.125504 0.655196
0.184419 0.470075 0.345506
0.431468 0.390863 0.177669
0.409464 0.456073 0.134463
0.466374 0.189916 0.34371
0.134544 0.735606 0.12985
0.147781 0.0652068 0.787012
0.080838 0.25339 0.665772
0.330672 0.405359 0.263969
0.750757 0.0390552 0.210188
0.82618 0.0932794 0.0805402
0.296563 0.338294 0.365143
0.406976 0.300762 0.292262
0.564523 0.385121 0.0503562
0.0745226 0.200627 0.72485
0.06836 0.10636 0.82528
0.299356 0.287334 0.41331
0.0806344 0.600253 0.319113
0.076529 0.0479977 0.875473
0.0713469 0.654333 0.27432
0.315045 0.0938847 0.591071
0.499126 0.0415034 0.45937
0.057858 0.887129 0.0550132
0.193981 0.291108 0.514911
0.243816 0.572712 0.183472
0.329158 0.173549 0.497292
0.266199 0.441387 0.292414
0.581403 0.0319214 0.386675
0.216828 0.721197 0.0619745
0.0732669 0.554133 0.3726
0.0586646 0.753673 0.187663
0.411929 0.16505 0.423021
0.357569 0.362007 0.280425
0.348244 0.449135 0.202621
0.0568641 0.159397 0.783739
0.408576 0.548637 0.0427869
0.708333 0.0846009 0.207066
0.226738 0.0802527 0.693009
0.807407 0.133104 0.0594882
0.05626 0.416043 0.527697
0.83595 0.0274345 0.136615
0.466469 0.0895677 0.443963


3 1 39
21 2 49
31 30 51
16 15 57
18 17 58
43 42 61
9 8 63
10 9 70
9 63 70
15 14 71
57 15 71
0 20 72
40 0 72
20 19 72
61 50 73
53 63 74
63 8 77
74 63 77
46 45 78
45 56 78
64 68 80
28 27 81
66 69 81
79 67 83
6 5 84
7 6 84
57 71 85
79 57 85
67 79 85
50 59 86
83 50 86
59 58 86
79 83 86
17 16 87
16 57 87
58 17 87
57 79 87
79 86 87
86 58 87
84 5 88
69 66 89
37 36 90
88 37 90
84 88 90
85 71 91
30 29 92
51 30 92
69 89 92
27 26 93
81 27 93
66 81 93
70 64 94
47 46 95
46 78 95
48 47 95
35 34 96
74 77 96
73 50 97
50 83 97
62 75 98
76 62 98
75 52 98
76 98 99
13 12 100
54 13 100
12 11 100
11 94 100
52 75 101
75 82 101
68 51 102
80 68 102
51 92 102
92 89 102
71 54 103
91 71 103
94 64 104
100 94 104
54 100 104
103 54 104
67 60 105
60 99 105
83 67 105
97 83 105
96 77 106
84 90 106
48 95 107
26 25 108
75 62 108
62 93 108
93 26 108
42 41 110
61 42 110
59 55 111
55 72 111
72 19 111
89 66 112
60 67 113
67 85 113
85 91 113
14 13 114
13 54 114
54 71 114
71 14 114
82 75 115
25 24 115
108 25 115
75 108 115
23 22 116
107 82 116
76 99 117
99 60 117
112 66 117
60 113 117
113 112 117
33 32 118
68 53 118
22 21 119
21 49 119
49 48 119
48 107 119
107 116 119
116 22 119
34 33 120
74 96 120
96 34 120
53 74 120
118 53 120
33 118 120
56 65 121
65 52 121
78 56 121
52 101 121
45 44 122
56 45 122
4 3 123
3 39 123
39 38 123
5 4 123
88 5 123
38 37 123
37 88 123
62 76 124
93 62 124
66 93 124
76 117 124
117 66 124
53 68 125
68 64 125
63 53 125
70 63 125
64 70 125
52 65 126
98 52 126
99 98 126
80 102 127
102 89 127
89 109 127
43 61 128
61 73 128
44 43 128
122 44 128
73 122 128
8 7 129
77 8 129
106 77 129
7 84 129
84 106 129
32 31 130
118 32 130
31 51 130
51 68 130
68 118 130
36 35 131
90 36 131
106 90 131
35 96 131
96 106 131
65 97 132
126 65 132
97 105 132
105 99 132
99 126 132
91 103 133
103 109 133
109 89 133
89 112 133
112 113 133
113 91 133
64 80 134
104 64 134
103 104 134
109 103 134
80 127 134
127 109 134
24 23 135
82 115 135
115 24 135
23 116 135
116 82 135
11 10 136
94 11 136
10 70 136
70 94 136
55 59 137
59 50 137
110 55 137
50 61 137
61 110 137
107 95 138
101 82 138
82 107 138
95 78 138
78 121 138
121 101 138
19 18 139
111 19 139
18 58 139
58 59 139
59 111 139
29 28 140
28 81 140
81 69 140
69 92 140
92 29 140
41 40 141
40 72 141
72 55 141
55 110 141
110 41 141
73 97 142
97 65 142
65 56 142
56 122 142
122 73 142
