162
1 0 0
0 1 0
0 0 1
0.0526316 0.947368 0
0.105263 0.894737 0
0.157895 0.842105 0
0.210526 0.789474 0
0.263158 0.736842 0
0.31579 0.68421 0
0.368421 0.631579 0
0.421053 0.578947 0
0.473684 0.526316 0
0.526316 0.473684 0
0.578947 0.421053 0
0.631579 0.368421 0
0.684211 0.315789 0
0.736842 0.263158 0
0.789474 0.210526 0
0.842105 0.157895 0
0.894737 0.105263 0
0.947368 0.0526316 0
0 0.05 0.95
0 0.1 0.9
0 0.15 0.85
0 0.2 0.8
0 0.25 0.75
0 0.3 0.7
0 0.35 0.65
0 0.4 0.6
0 0.45 0.55
0 0.5 0.5
0 0.55 0.45
0 0.6 0.4
0 0.65 0.35
0 0.7 0.3
0 0.75 0.25
0 0.8 0.2
0 0.85 0.15
0 0.9 0.1
0 0.95 0.05
0.923077 0 0.0769231
0.846154 0 0.153846
0.769231 0 0.230769
0.692308 0 0.307692
0.615385 0 0.384615
0.538462 0 0.461538
0.461538 0 0.538462
0.384615 0 0.615385
0.307692 0 0.692308
0.230769 0 0.769231
0.153846 0 0.846154
0.0769232 0 0.923077
0.633416 0.113227 0.253357
0.103776 0.49656 0.399664
0.285774 0.147637 0.566589
0.1397 0.60205 0.25825
0.48581 0.407478 0.106713
0.794614 0.0554238 0.149962
0.412951 0.0659968 0.521052
0.639139 0.278828 0.0820324
0.752071 0.174436 0.0734931
0.748972 0.123109 0.127918
0.406955 0.255511 0.337534
0.644028 0.0630248 0.292947
0.173527 0.248336 0.578136
0.278296 0.633346 0.0883579
0.325146 0.517923 0.156931
0.369352 0.12841 0.502238
0.183034 0.338453 0.478513
0.503941 0.231371 0.264689
0.16857 0.534838 0.296592
0.139665 0.395983 0.464351
0.347667 0.574806 0.0775267
0.592815 0.331379 0.0758061
0.876753 0.041263 0.0819842
0.546876 0.0760735 0.37705
0.134691 0.655854 0.209456
0.153317 0.193611 0.653072
0.248556 0.263152 0.488292
0.184438 0.678588 0.136974
0.350968 0.0395444 0.609487
0.59167 0.243749 0.16458
0.262787 0.494266 0.242947
0.0905987 0.367002 0.542399
0.0572099 0.330854 0.611936
0.128397 0.131598 0.740004
0.577722 0.166885 0.255394
0.164071 0.775194 0.0607355
0.5357 0.292716 0.171584
0.658172 0.184054 0.157773
0.692523 0.225565 0.0819128
0.0827658 0.845229 0.0720049
0.235435 0.380681 0.383884
0.077155 0.792182 0.130663
0.442361 0.334276 0.223363
0.10394 0.444292 0.451768
0.390227 0.514762 0.0950113
0.260433 0.0353675 0.704199
0.812629 0.130501 0.05687
0.082648 0.702765 0.214587
0.494092 0.125332 0.380576
0.235483 0.204695 0.559821
0.727241 0.0396451 0.233114
0.440534 0.20692 0.352546
0.355686 0.22551 0.418804
0.508633 0.44082 0.0505466
0.219923 0.124203 0.655874
0.193578 0.479727 0.326695
0.421948 0.391871 0.186181
0.322348 0.28266 0.394992
0.420938 0.456622 0.122439
0.13993 0.732571 0.127499
0.0512958 0.902037 0.0466668
0.0943481 0.263942 0.64171
0.128334 0.0652113 0.806454
0.347108 0.407001 0.245891
0.458277 0.282391 0.259332
0.308065 0.336197 0.355738
0.593557 0.0325516 0.373892
0.235098 0.700792 0.0641099
0.556659 0.387619 0.0557223
0.0657041 0.101878 0.832418
0.501497 0.0446379 0.453865
0.0735964 0.20456 0.721844
0.0662661 0.653971 0.279763
0.51057 0.355174 0.134256
0.0938606 0.561369 0.34477
0.349966 0.449738 0.200296
0.141768 0.30523 0.553002
0.569227 0.114565 0.316208
0.0704446 0.048133 0.881422
0.381391 0.309064 0.309545
0.276046 0.58278 0.141174
0.322854 0.0955124 0.581633
0.343861 0.368674 0.287465
0.195529 0.0774939 0.726977
0.27055 0.430729 0.298721
0.709207 0.0877197 0.203073
0.0476193 0.466475 0.485905
0.502242 0.168449 0.329309
0.317426 0.190344 0.49223
0.846206 0.0857704 0.0680233
0.227284 0.560798 0.211918
0.272892 0.0729135 0.654195
0.0577829 0.153862 0.788356
0.455108 0.100528 0.444365
0.0603265 0.752918 0.186755
0.460053 0.490381 0.0495663
0.0601201 0.610801 0.329079
0.417797 0.539775 0.042428
0.415021 0.164082 0.420898
0.0584052 0.419859 0.521735
0.666391 0.139045 0.194563
0.207266 0.622813 0.169922
0.188786 0.0333605 0.777854
0.252753 0.321332 0.425915
0.0458683 0.255471 0.698661
0.0490356 0.538152 0.412812
0.175929 0.436453 0.387618
0.572615 0.209752 0.217633
0.302694 0.657026 0.0402801
0.217977 0.167746 0.614276


3 1 39
0 20 40
21 2 51
42 41 57
16 15 59
18 17 60
10 9 72
9 65 72
15 14 73
59 15 73
40 20 74
41 40 74
57 41 74
47 46 80
46 58 80
48 47 80
68 71 83
27 26 84
28 27 84
83 28 84
6 5 87
7 6 87
59 73 88
81 59 88
69 81 88
61 60 89
17 16 90
60 17 90
16 59 90
89 60 90
59 81 90
81 89 90
5 4 91
38 37 91
87 5 91
71 68 92
37 36 93
91 37 93
87 91 93
72 66 96
49 48 97
48 80 97
19 18 98
18 60 98
60 61 98
35 34 99
76 79 99
64 77 101
78 64 101
43 42 102
63 43 102
42 57 102
69 62 103
103 62 104
13 12 105
77 85 106
70 53 107
82 70 107
78 104 109
104 62 109
56 105 110
108 56 110
96 66 110
99 79 111
87 93 111
4 3 112
3 39 112
39 38 112
38 91 112
91 4 112
77 64 113
84 26 113
62 69 116
69 88 116
88 94 116
44 43 118
43 63 118
45 44 118
63 75 118
8 7 119
79 65 119
111 79 119
7 87 119
87 111 119
14 13 120
73 14 120
13 105 120
105 56 120
23 22 121
114 85 121
46 45 122
58 46 122
45 118 122
118 75 122
25 24 123
85 77 123
77 113 123
34 33 124
55 76 124
76 99 124
99 34 124
88 73 125
94 88 125
56 108 125
108 94 125
73 120 125
120 56 125
53 70 126
70 55 126
66 82 127
110 66 127
108 110 127
115 108 127
64 78 128
78 68 128
68 83 128
83 84 128
84 113 128
113 64 128
63 52 129
75 63 129
100 75 129
52 86 129
21 51 130
51 50 130
50 114 130
22 21 130
121 22 130
114 121 130
116 94 131
109 62 131
117 109 131
62 116 131
66 72 132
72 65 132
58 67 133
67 54 133
80 58 133
54 106 133
94 108 134
108 115 134
92 117 134
131 94 134
117 131 134
106 85 135
85 114 135
82 107 136
115 127 136
127 82 136
92 134 136
134 115 136
57 61 137
102 57 137
52 63 137
63 102 137
30 29 138
53 30 138
95 53 138
86 69 139
69 103 139
100 129 139
129 86 139
54 67 140
101 54 140
78 101 140
104 78 140
20 19 141
74 20 141
19 98 141
61 57 141
98 61 141
57 74 141
55 70 142
70 82 142
82 66 142
66 132 142
97 80 143
80 133 143
133 106 143
106 135 143
135 97 143
24 23 144
23 121 144
121 85 144
85 123 144
123 24 144
67 58 145
75 100 145
122 75 145
58 122 145
36 35 146
93 36 146
111 93 146
35 99 146
99 111 146
12 11 147
96 110 147
105 12 147
110 105 147
33 32 148
32 126 148
124 33 148
55 124 148
126 55 148
11 10 149
10 72 149
72 96 149
96 147 149
147 11 149
100 139 150
139 103 150
140 67 150
103 104 150
104 140 150
67 145 150
145 100 150
29 28 151
28 83 151
83 71 151
71 95 151
95 138 151
138 29 151
61 89 152
86 52 152
89 86 152
52 137 152
137 61 152
65 79 153
79 76 153
132 65 153
76 55 153
55 142 153
142 132 153
50 49 154
114 50 154
49 97 154
97 135 154
135 114 154
68 78 155
78 109 155
92 68 155
117 92 155
109 117 155
26 25 156
113 26 156
25 123 156
123 113 156
31 30 157
30 53 157
32 31 157
126 32 157
53 126 157
71 92 158
95 71 158
53 95 158
107 53 158
92 136 158
136 107 158
81 69 159
69 86 159
86 89 159
89 81 159
9 8 160
65 9 160
8 119 160
119 65 160
54 101 161
101 77 161
77 106 161
106 54 161
