77
1 0 0
0 1 0
0 0 1
0.0526316 0.947368 0
0.105263 0.894737 0
0.157895 0.842105 0
0.210526 0.789474 0
0.263158 0.736842 0
0.315789 0.684211 0
0.368421 0.631579 0
0.421053 0.578947 0
0.473684 0.526316 0
0.526316 0.473684 0
0.578947 0.421053 0
0.631579 0.368421 0
0.684211 0.315789 0
0.736842 0.263158 0
0.789474 0.210526 0
0.842105 0.157895 0
0.894737 0.105263 0
0.947368 0.0526316 0
0 0.05 0.95
0 0.1 0.9
0 0.15 0.85
0 0.2 0.8
0 0.25 0.75
0 0.3 0.7
0 0.35 0.65
0 0.4 0.6
0 0.45 0.55
0 0.5 0.5
0 0.55 0.45
0 0.6 0.4
0 0.65 0.35
0 0.7 0.3
0 0.75 0.25
0 0.8 0.2
0 0.85 0.15
0 0.9 0.1
0 0.95 0.05
0.75 0 0.25
0.5 0 0.5
0.25 0 0.75
0.797851 0.0347843 0.167364
0.601126 0.111933 0.286941
0.327395 0.13709 0.535515
0.189602 0.612243 0.198155
0.419098 0.0709581 0.509944
0.427487 0.251125 0.321388
0.184606 0.254518 0.560876
0.316133 0.506554 0.177314
0.196057 0.336663 0.46728
0.167993 0.662302 0.169705
0.550243 0.165728 0.284029
0.466126 0.296864 0.23701
0.193441 0.099489 0.70707
0.416943 0.399235 0.183822
0.239113 0.382446 0.378441
0.789666 0.0766786 0.133656
0.440394 0.34629 0.213316
0.227839 0.0465582 0.725603
0.288058 0.204414 0.507528
0.180047 0.476647 0.343306
0.374951 0.452228 0.17282
0.585924 0.213054 0.201022
0.122114 0.767522 0.110364
0.629675 0.0677793 0.302546
0.210674 0.560019 0.229306
0.154347 0.708029 0.137624
0.596959 0.0317116 0.371329
0.23714 0.290533 0.472327
0.739056 0.135649 0.125295
0.19798 0.428807 0.373213
0.0888221 0.819612 0.0915659
0.164273 0.172904 0.662823
0.132389 0.520907 0.346704
0.108861 0.0211535 0.869986


5 4 38
37 5 38
3 1 39
4 3 39
38 4 39
0 20 43
40 0 43
10 9 46
33 32 46
44 45 47
26 25 49
12 11 50
28 27 51
27 26 51
9 8 52
34 33 52
33 46 52
46 9 52
45 44 53
16 15 54
48 16 54
23 22 55
45 23 55
47 45 55
14 13 56
28 51 57
20 19 58
43 20 58
15 14 59
14 56 59
56 57 59
54 15 59
51 54 59
57 51 59
42 41 60
41 47 60
22 21 60
55 22 60
47 55 60
25 24 61
49 25 61
45 53 61
48 49 61
30 29 62
13 12 63
12 50 63
50 62 63
56 13 63
17 16 64
16 48 64
18 17 64
53 18 64
48 61 64
61 53 64
7 6 65
6 36 65
35 7 65
36 35 65
44 47 66
58 44 66
43 58 66
11 10 67
32 31 67
10 46 67
46 32 67
50 11 67
8 7 68
7 35 68
35 34 68
34 52 68
52 8 68
41 40 69
47 41 69
40 43 69
43 66 69
66 47 69
26 49 70
51 26 70
49 48 70
48 54 70
54 51 70
19 18 71
18 53 71
53 44 71
44 58 71
58 19 71
29 28 72
28 57 72
57 56 72
56 63 72
62 29 72
63 62 72
6 5 73
5 37 73
36 6 73
37 36 73
24 23 74
23 45 74
45 61 74
61 24 74
31 30 75
30 62 75
62 50 75
50 67 75
67 31 75
21 2 76
2 42 76
42 60 76
60 21 76
