64
1 0 0
0 1 0
0 0 1
0.0526316 0.947368 0
0.105263 0.894737 0
0.157895 0.842105 0
0.210526 0.789474 0
0.263158 0.736842 0
0.315789 0.684211 0
0.368421 0.631579 0
0.421053 0.578947 0
0.473684 0.526316 0
0.526316 0.473684 0
0.578947 0.421053 0
0.631579 0.368421 0
0.684211 0.315789 0
0.736842 0.263158 0
0.789474 0.210526 0
0.842105 0.157895 0
0.894737 0.105263 0
0.947368 0.0526316 0
0 0.333333 0.666667
0 0.666667 0.333333
0.947368 0 0.0526316
0.894737 0 0.105263
0.842105 0 0.157895
0.789474 0 0.210526
0.736842 0 0.263158
0.684211 0 0.315789
0.631579 0 0.368421
0.578947 0 0.421053
0.526316 0 0.473684
0.473684 0 0.526316
0.421053 0 0.578947
0.368421 0 0.631579
0.315789 0 0.684211
0.263158 0 0.736842
0.210526 0 0.789474
0.157895 0 0.842105
0.105263 0 0.894737
0.0526316 0 0.947368
0.0998387 0.494882 0.405279
0.155762 0.603147 0.241091
0.0377766 0.340972 0.621251
0.387465 0.307629 0.304906
0.16289 0.292633 0.544477
0.0414677 0.67157 0.286962
0.497331 0.250596 0.252072
0.44427 0.275282 0.280448
0.28813 0.4655 0.24637
0.247923 0.276363 0.475714
0.550113 0.237631 0.212256
0.123684 0.209379 0.666937
0.33413 0.253876 0.411994
0.602177 0.199187 0.198636
0.648936 0.177222 0.173842
0.0772489 0.739546 0.183205
0.204378 0.42041 0.375212
0.709237 0.160317 0.130446
0.0798939 0.220183 0.699924
0.762378 0.125308 0.112315
0.240222 0.560122 0.199656
0.291831 0.203187 0.504983
0.338941 0.472216 0.188844


0 20 23
20 19 24
23 20 24
19 18 25
24 19 25
18 17 26
25 18 26
6 5 42
5 4 42
4 41 42
21 2 43
2 40 43
22 21 43
10 9 44
34 33 44
38 37 45
42 41 45
3 1 46
1 22 46
22 43 46
43 41 46
12 11 47
32 31 47
11 10 48
33 32 48
10 44 48
44 33 48
32 47 48
47 11 48
8 7 49
37 36 50
13 12 51
31 30 51
12 47 51
47 31 51
39 38 52
38 45 52
45 41 52
35 34 53
34 44 53
14 13 54
30 29 54
13 51 54
51 30 54
15 14 55
28 15 55
29 28 55
14 54 55
54 29 55
4 3 56
3 46 56
41 4 56
46 41 56
45 37 57
37 50 57
6 42 57
42 45 57
16 15 58
15 28 58
27 16 58
28 27 58
40 39 59
43 40 59
41 43 59
52 41 59
39 52 59
17 16 60
16 27 60
26 17 60
27 26 60
49 7 61
50 49 61
7 6 61
6 57 61
57 50 61
36 35 62
50 36 62
49 50 62
35 53 62
53 49 62
9 8 63
44 9 63
53 44 63
8 49 63
49 53 63
