72
1 0 0
0 1 0
0 0 1
0.0526316 0.947368 0
0.105263 0.894737 0
0.157895 0.842105 0
0.210526 0.789474 0
0.263158 0.736842 0
0.315789 0.684211 0
0.368421 0.631579 0
0.421053 0.578947 0
0.473684 0.526316 0
0.526316 0.473684 0
0.578947 0.421053 0
0.631579 0.368421 0
0.684211 0.315789 0
0.736842 0.263158 0
0.789474 0.210526 0
0.842105 0.157895 0
0.894737 0.105263 0
0.947368 0.0526316 0
0 0.2 0.8
0 0.4 0.6
0 0.6 0.4
0 0.8 0.2
0.9375 0 0.0625
0.875 0 0.125
0.8125 0 0.1875
0.75 0 0.25
0.6875 0 0.3125
0.625 0 0.375
0.5625 0 0.4375
0.5 0 0.5
0.4375 0 0.5625
0.375 0 0.625
0.3125 0 0.6875
0.25 0 0.75
0.1875 0 0.8125
0.125 0 0.875
0.0625 0 0.9375
0.103394 0.54168 0.354926
0.27284 0.125464 0.601696
0.158943 0.63102 0.210036
0.0459296 0.358456 0.595615
0.682193 0.142995 0.174812
0.739309 0.11956 0.14113
0.398944 0.258298 0.342758
0.165274 0.237151 0.597575
0.0503429 0.167706 0.781951
0.298988 0.49012 0.210892
0.493743 0.249344 0.256913
0.246666 0.555162 0.198172
0.267767 0.263077 0.469156
0.580689 0.221903 0.197407
0.33782 0.244803 0.417377
0.788557 0.0956505 0.115793
0.226196 0.374007 0.399797
0.162526 0.431476 0.405998
0.626349 0.172945 0.200707
0.0773265 0.695597 0.227077
0.111143 0.184631 0.704226
0.409374 0.410505 0.180121
0.458258 0.349886 0.191856
0.0446583 0.781871 0.173471
0.195931 0.162808 0.641261
0.424024 0.152547 0.423429
0.35017 0.431778 0.218052
0.524637 0.155409 0.319954
0.208971 0.627623 0.163405
0.0424413 0.52887 0.428688
0.0950908 0.332097 0.572812
0.364723 0.118147 0.51713


3 1 24
0 20 25
20 19 26
25 20 26
19 18 27
26 19 27
36 35 41
37 36 41
6 5 42
5 40 42
22 21 43
16 15 44
30 29 44
17 16 45
29 28 45
16 44 45
44 29 45
21 2 48
43 21 48
2 39 48
9 8 49
13 12 50
8 7 51
49 8 51
37 41 52
14 13 53
41 35 54
52 41 54
18 17 55
27 18 55
28 27 55
17 45 55
45 28 55
49 51 56
52 49 56
42 40 57
47 56 57
56 51 57
30 44 58
44 15 58
15 14 58
14 53 58
31 30 58
53 31 58
5 4 59
40 5 59
39 38 60
38 47 60
48 39 60
47 57 60
11 10 61
54 46 61
12 11 62
50 12 62
11 61 62
61 46 62
4 3 63
59 4 63
3 24 63
24 23 63
23 59 63
38 37 64
47 38 64
56 47 64
37 52 64
52 56 64
34 33 65
33 50 65
50 62 65
62 46 65
10 9 66
9 49 66
49 52 66
52 54 66
54 61 66
61 10 66
33 32 67
50 33 67
32 31 67
31 53 67
13 50 67
53 13 67
7 6 68
6 42 68
42 57 68
51 7 68
57 51 68
22 43 69
43 40 69
23 22 69
59 23 69
40 59 69
40 43 70
57 40 70
43 48 70
48 60 70
60 57 70
35 34 71
46 54 71
54 35 71
34 65 71
65 46 71
