83
1 0 0
0 1 0
0 0 1
0.0526316 0.947368 0
0.105263 0.894737 0
0.157895 0.842105 0
0.210526 0.789474 0
0.263158 0.736842 0
0.315789 0.684211 0
0.368421 0.631579 0
0.421053 0.578947 0
0.473684 0.526316 0
0.526316 0.473684 0
0.578947 0.421053 0
0.631579 0.368421 0
0.684211 0.315789 0
0.736842 0.263158 0
0.789474 0.210526 0
0.842105 0.157895 0
0.894737 0.105263 0
0.947368 0.0526316 0
0 0.2 0.8
0 0.4 0.6
0 0.6 0.4
0 0.8 0.2
0.944444 0 0.0555556
0.888889 0 0.111111
0.833333 0 0.166667
0.777778 0 0.222222
0.722222 0 0.277778
0.666667 0 0.333333
0.611111 0 0.388889
0.555556 0 0.444444
0.5 0 0.5
0.444444 0 0.555556
0.388889 0 0.611111
0.333333 0 0.666667
0.277778 0 0.722222
0.222222 0 0.777778
0.166667 0 0.833333
0.111111 0 0.888889
0.0555555 0 0.944444
0.630423 0.124291 0.245286
0.0951826 0.535461 0.369356
0.284065 0.182734 0.533201
0.162477 0.625334 0.212189
0.486176 0.374803 0.139021
0.0437555 0.371415 0.584829
0.688027 0.14876 0.163212
0.754561 0.128116 0.117323
0.394323 0.26441 0.341267
0.181543 0.254461 0.563996
0.274143 0.556457 0.169399
0.0444771 0.161636 0.793887
0.323106 0.523843 0.153051
0.0379912 0.610855 0.351153
0.49394 0.228229 0.277831
0.447663 0.256065 0.296272
0.596408 0.252118 0.151474
0.131161 0.176255 0.692584
0.337312 0.22957 0.433119
0.23964 0.373282 0.387078
0.141172 0.397752 0.461076
0.540038 0.278062 0.1819
0.075339 0.756507 0.168154
0.0902432 0.297952 0.611805
0.429863 0.412105 0.158032
0.226807 0.147616 0.625577
0.223942 0.602092 0.173966
0.37151 0.120734 0.507756
0.800988 0.0977057 0.101306
0.120595 0.726308 0.153096
0.367282 0.425495 0.207223
0.863572 0.0616384 0.0747897
0.299705 0.374617 0.325678
0.420941 0.121928 0.457131
0.472288 0.111483 0.416229
0.524982 0.11521 0.359807
0.576808 0.120397 0.302795
0.032432 0.826426 0.141142
0.645609 0.244866 0.109525
0.191425 0.462475 0.3461
0.0865604 0.118007 0.795433


0 20 25
20 19 26
25 20 26
31 30 42
37 36 44
6 5 45
12 11 46
22 21 47
16 15 48
30 29 48
42 30 48
17 16 49
29 28 49
16 48 49
48 29 49
8 7 52
21 2 53
2 41 53
47 21 53
9 8 54
8 52 54
24 23 55
23 22 55
22 47 55
47 43 55
56 46 57
14 13 58
40 39 59
39 51 59
44 36 60
45 43 62
59 51 62
13 12 63
12 46 63
46 56 63
58 13 63
4 3 64
55 43 64
47 53 65
43 47 65
62 43 65
59 62 65
11 10 66
50 57 66
46 11 66
57 46 66
38 37 67
37 44 67
39 38 67
51 39 67
44 61 67
61 51 67
7 6 68
52 7 68
6 45 68
61 52 68
36 35 69
60 36 69
50 60 69
18 17 70
27 18 70
28 27 70
17 49 70
49 28 70
5 4 71
4 64 71
43 45 71
64 43 71
45 5 71
9 54 72
60 50 72
10 9 72
66 10 72
50 66 72
19 18 73
18 27 73
26 19 73
27 26 73
44 60 74
61 44 74
54 52 74
52 61 74
60 72 74
72 54 74
35 34 75
57 50 75
50 69 75
69 35 75
34 33 76
56 57 76
57 75 76
75 34 76
33 32 77
63 56 77
56 76 77
76 33 77
32 31 78
31 42 78
42 58 78
77 32 78
58 63 78
63 77 78
3 1 79
1 24 79
64 3 79
24 55 79
55 64 79
15 14 80
42 48 80
48 15 80
14 58 80
58 42 80
51 61 81
62 51 81
45 62 81
68 45 81
61 68 81
41 40 82
53 41 82
40 59 82
59 65 82
65 53 82
