100
1 0 0
0 1 0
0 0 1
0.0526316 0.947368 0
0.105263 0.894737 0
0.157895 0.842105 0
0.210526 0.789474 0
0.263158 0.736842 0
0.315789 0.684211 0
0.368421 0.631579 0
0.421053 0.578947 0
0.473684 0.526316 0
0.526316 0.473684 0
0.578947 0.421053 0
0.631579 0.368421 0
0.684211 0.315789 0
0.736842 0.263158 0
0.789474 0.210526 0
0.842105 0.157895 0
0.894737 0.105263 0
0.947368 0.0526316 0
0 0.166667 0.833333
0 0.333333 0.666667
0 0.5 0.5
0 0.666667 0.333333
0 0.833333 0.166667
0.95 0 0.05
0.9 0 0.1
0.85 0 0.15
0.8 0 0.2
0.75 0 0.25
0.7 0 0.3
0.65 0 0.35
0.6 0 0.4
0.55 0 0.45
0.5 0 0.5
0.45 0 0.55
0.4 0 0.6
0.35 0 0.65
0.3 0 0.7
0.25 0 0.75
0.2 0 0.8
0.15 0 0.85
0.1 0 0.9
0.05 0 0.95
0.625524 0.128259 0.246217
0.0904607 0.502715 0.406824
0.269302 0.151186 0.579512
0.160208 0.599246 0.240546
0.491259 0.390139 0.118602
0.415333 0.100178 0.484489
0.651104 0.242282 0.106615
0.0399719 0.33436 0.625668
0.680385 0.112809 0.206807
0.740229 0.112737 0.147034
0.396635 0.227826 0.37554
0.166653 0.249982 0.583365
0.26552 0.612537 0.121943
0.0447097 0.155082 0.800209
0.31887 0.521347 0.159783
0.0411121 0.663971 0.294917
0.482583 0.258312 0.259105
0.428651 0.304832 0.266518
0.198019 0.666213 0.135768
0.593206 0.264022 0.142771
0.0754313 0.361777 0.562792
0.533079 0.277287 0.189634
0.131779 0.138935 0.729287
0.338874 0.263263 0.397863
0.0822794 0.821318 0.0964029
0.237425 0.332322 0.430254
0.150258 0.437936 0.411806
0.815821 0.0885007 0.0956778
0.397271 0.482402 0.120326
0.0810408 0.691581 0.227378
0.22024 0.165988 0.613772
0.117755 0.306994 0.575251
0.570944 0.131208 0.297848
0.458074 0.138788 0.403139
0.517495 0.126176 0.356329
0.368478 0.120546 0.510976
0.0397014 0.829526 0.130773
0.129992 0.739132 0.130876
0.367116 0.389668 0.243216
0.249286 0.484836 0.265878
0.0851382 0.193435 0.721426
0.28536 0.289512 0.425128
0.319388 0.126357 0.554254
0.444848 0.417293 0.137859
0.303237 0.4196 0.277163
0.870344 0.0631615 0.066494
0.199312 0.496692 0.303996
0.120078 0.596657 0.283265
0.0396971 0.505276 0.455027
0.17767 0.109313 0.713018
0.554854 0.35912 0.0860263
0.353036 0.545599 0.101365
0.195949 0.34309 0.460961
0.70081 0.207763 0.0914266
0.0216196 0.071612 0.906768


0 20 26
20 19 27
26 20 27
33 32 45
40 39 47
12 11 49
37 36 50
15 14 51
23 22 52
32 31 53
45 32 53
51 45 53
17 16 54
29 17 54
30 29 54
31 30 54
53 31 54
8 7 57
7 6 57
22 21 58
52 22 58
44 43 58
8 57 59
25 24 60
6 5 63
57 6 63
14 13 64
45 51 64
51 14 64
12 49 66
49 61 66
43 42 67
4 3 69
18 17 72
17 29 72
28 18 72
29 28 72
10 9 73
60 46 74
41 40 75
40 47 75
47 70 75
67 56 76
46 65 76
71 46 76
56 71 76
33 45 77
45 64 77
34 33 77
64 66 77
36 35 78
50 36 78
61 62 78
55 50 78
62 55 78
35 34 79
66 61 79
34 77 79
77 66 79
61 78 79
78 35 79
38 37 80
37 50 80
50 55 80
55 68 80
3 1 81
1 25 81
69 3 81
25 60 81
60 74 81
74 69 81
5 4 82
48 63 82
63 5 82
4 69 82
69 74 82
68 55 83
55 62 83
62 73 83
57 63 84
52 58 85
65 52 85
58 43 85
43 67 85
67 76 85
76 65 85
70 47 86
84 70 86
39 38 87
47 39 87
38 80 87
80 68 87
86 47 87
68 86 87
11 10 88
49 11 88
61 49 88
62 61 88
10 73 88
73 62 88
68 83 89
83 59 89
59 57 89
57 84 89
86 68 89
84 86 89
19 18 90
18 28 90
27 19 90
28 27 90
48 71 91
63 48 91
84 63 91
70 84 91
46 71 92
71 48 92
74 46 92
48 82 92
82 74 92
24 23 93
60 24 93
46 60 93
65 46 93
23 52 93
52 65 93
42 41 94
67 42 94
56 67 94
41 75 94
75 56 94
13 12 95
12 66 95
64 13 95
66 64 95
9 8 96
8 59 96
59 83 96
73 9 96
83 73 96
71 56 97
56 75 97
75 70 97
70 91 97
91 71 97
15 51 98
51 53 98
16 15 98
54 16 98
53 54 98
21 2 99
2 44 99
44 58 99
58 21 99
