38
1 0 0
0 1 0
0 0 1
0.0526315 0.947369 0
0.105263 0.894737 0
0.157895 0.842105 0
0.210526 0.789474 0
0.263158 0.736842 0
0.315789 0.684211 0
0.368421 0.631579 0
0.421053 0.578947 0
0.473684 0.526316 0
0.526316 0.473684 0
0.578947 0.421053 0
0.631579 0.368421 0
0.684211 0.315789 0
0.736842 0.263158 0
0.789474 0.210526 0
0.842105 0.157895 0
0.894737 0.105263 0
0.947368 0.0526316 0
0 0.142857 0.857143
0 0.285714 0.714286
0 0.428572 0.571429
0 0.571429 0.428571
0 0.714286 0.285714
0 0.857143 0.142857
0.916667 0 0.0833333
0.833333 0 0.166667
0.75 0 0.25
0.666667 0 0.333333
0.583333 0 0.416667
0.5 0 0.5
0.416667 0 0.583333
0.333333 0 0.666667
0.25 0 0.75
0.166667 0 0.833333
0.0833333 0 0.916667


2 9 21
9 8 21
8 7 22
21 8 22
7 6 23
22 7 23
6 5 24
23 6 24
5 4 25
24 5 25
3 1 26
4 3 26
25 4 26
0 20 27
20 19 27
19 18 28
27 19 28
18 17 29
28 18 29
17 16 30
29 17 30
16 15 31
30 16 31
15 14 32
31 15 32
14 13 33
32 14 33
13 12 34
33 13 34
12 11 35
34 12 35
11 10 36
35 11 36
9 2 37
10 9 37
36 10 37
