63
1 0 0
0 1 0
0 0 1
0.0526316 0.947368 0
0.105263 0.894737 0
0.157895 0.842105 0
0.210526 0.789474 0
0.263158 0.736842 0
0.315789 0.684211 0
0.368421 0.631579 0
0.421053 0.578947 0
0.473684 0.526316 0
0.526316 0.473684 0
0.578947 0.421053 0
0.631579 0.368421 0
0.684211 0.315789 0
0.736842 0.263158 0
0.789474 0.210526 0
0.842105 0.157895 0
0.894737 0.105263 0
0.947368 0.0526316 0
0 0.142857 0.857143
0 0.285714 0.714286
0 0.428571 0.571429
0 0.571429 0.428571
0 0.714286 0.285714
0 0.857143 0.142857
0.923077 0 0.0769231
0.846154 0 0.153846
0.769231 0 0.230769
0.692308 0 0.307692
0.615385 0 0.384615
0.538462 0 0.461538
0.461538 0 0.538462
0.384615 0 0.615385
0.307692 0 0.692308
0.230769 0 0.769231
0.153846 0 0.846154
0.0769231 0 0.923077
0.640483 0.140631 0.218886
0.100025 0.493321 0.406654
0.289602 0.151767 0.558631
0.397758 0.27018 0.332062
0.18241 0.258788 0.558801
0.0811421 0.179872 0.738986
0.499047 0.211783 0.28917
0.260407 0.490323 0.249271
0.0962031 0.351762 0.552035
0.254889 0.237102 0.508008
0.180207 0.649865 0.169928
0.567966 0.183179 0.248854
0.105795 0.642821 0.251384
0.0739244 0.724855 0.20122
0.404034 0.149691 0.446275
0.371411 0.372554 0.256035
0.313089 0.431546 0.255365
0.20322 0.551383 0.245397
0.77155 0.0931025 0.135348
0.696767 0.115981 0.187252
0.166665 0.371946 0.461389
0.162585 0.117186 0.720229
0.0382199 0.847315 0.114465
0.480989 0.316957 0.202054


3 1 26
0 20 27
20 19 28
27 20 28
19 18 29
28 19 29
16 15 39
32 31 39
23 22 40
36 35 41
37 36 41
12 11 42
41 35 42
21 2 44
2 38 44
38 43 44
14 13 45
34 33 45
9 8 46
22 21 47
40 22 47
21 44 47
37 41 48
7 6 49
15 14 50
33 32 50
32 39 50
39 15 50
14 45 50
45 33 50
6 5 51
24 23 51
49 6 51
23 40 51
40 49 51
5 4 52
4 25 52
25 24 52
24 51 52
51 5 52
35 34 53
34 45 53
42 35 53
41 42 54
42 11 54
11 10 54
48 41 54
10 9 55
9 46 55
46 43 55
43 48 55
48 54 55
54 10 55
8 7 56
46 8 56
40 47 56
49 40 56
7 49 56
18 17 57
17 30 57
29 18 57
30 29 57
17 16 58
30 17 58
31 30 58
16 39 58
39 31 58
44 43 59
43 46 59
47 44 59
46 56 59
56 47 59
38 37 60
37 48 60
43 38 60
48 43 60
4 3 61
3 26 61
25 4 61
26 25 61
13 12 62
45 13 62
53 45 62
12 42 62
42 53 62
