113
1 0 0
0 1 0
0 0 1
0.0526315 0.947369 0
0.105263 0.894737 0
0.157895 0.842105 0
0.210526 0.789474 0
0.263158 0.736842 0
0.315789 0.684211 0
0.368421 0.631579 0
0.421053 0.578947 0
0.473684 0.526316 0
0.526316 0.473684 0
0.578947 0.421053 0
0.631579 0.368421 0
0.684211 0.315789 0
0.736842 0.263158 0
0.789474 0.210526 0
0.842105 0.157895 0
0.894737 0.105263 0
0.947368 0.0526316 0
0 0.125 0.875
0 0.25 0.75
0 0.375 0.625
0 0.5 0.5
0 0.625 0.375
0 0.75 0.25
0 0.875 0.125
0.947368 0 0.0526316
0.894737 0 0.105263
0.842105 0 0.157895
0.789474 0 0.210526
0.736842 0 0.263158
0.684211 0 0.315789
0.631579 0 0.368421
0.578947 0 0.421053
0.526316 0 0.473684
0.473684 0 0.526316
0.421053 0 0.578947
0.368421 0 0.631579
0.31579 0 0.68421
0.263158 0 0.736842
0.210526 0 0.789474
0.157895 0 0.842105
0.105263 0 0.894737
0.0526316 0 0.947368
0.638359 0.100136 0.261506
0.0886317 0.50597 0.405398
0.280545 0.122683 0.596772
0.15955 0.590256 0.250194
0.487329 0.38758 0.125091
0.659244 0.255584 0.0851715
0.0355194 0.363005 0.601475
0.674085 0.142915 0.183
0.75941 0.145882 0.0947078
0.38941 0.269545 0.341045
0.169738 0.239511 0.59075
0.706685 0.208829 0.084486
0.269624 0.615887 0.11449
0.0432414 0.135299 0.82146
0.307501 0.519791 0.172707
0.0471846 0.632812 0.320003
0.440123 0.084271 0.475606
0.38664 0.128056 0.485305
0.485243 0.244271 0.270486
0.441591 0.306237 0.252172
0.581402 0.321408 0.0971896
0.543594 0.0812848 0.375121
0.255935 0.260475 0.48359
0.810452 0.0926697 0.0968785
0.185321 0.702576 0.112103
0.570442 0.227264 0.202294
0.0835502 0.381012 0.535438
0.131615 0.133868 0.734517
0.342317 0.251292 0.406392
0.0834486 0.828404 0.0881476
0.238506 0.382325 0.379169
0.143478 0.42594 0.430582
0.388767 0.502418 0.108815
0.437159 0.440924 0.121917
0.0756956 0.725462 0.198842
0.490559 0.113251 0.39619
0.227153 0.163479 0.609368
0.120996 0.285441 0.593564
0.398287 0.382315 0.219397
0.0404608 0.855955 0.103584
0.333749 0.114349 0.551903
0.129175 0.738243 0.132583
0.85741 0.0731826 0.0694075
0.529334 0.299451 0.171215
0.349881 0.406225 0.243894
0.196137 0.469936 0.333927
0.588479 0.113849 0.297673
0.254675 0.490863 0.254462
0.0250568 0.0589268 0.916016
0.041249 0.501204 0.457547
0.109558 0.600512 0.28993
0.085125 0.0972726 0.817602
0.726655 0.0915695 0.181776
0.0715343 0.234695 0.69377
0.619612 0.222177 0.158211
0.347611 0.550067 0.102322
0.194265 0.0945621 0.711173
0.201707 0.31937 0.478923
0.293612 0.364944 0.341444
0.533638 0.180186 0.286175
0.301056 0.222912 0.476032
0.216724 0.588025 0.195251
0.919909 0.0414074 0.038684
0.232199 0.687847 0.0799542
0.539818 0.387808 0.072374
0.437375 0.184413 0.378212
0.0319295 0.761419 0.206652


0 20 28
34 33 46
41 40 48
12 11 50
15 14 51
24 23 52
23 22 52
46 33 53
17 16 54
16 15 57
15 51 57
51 53 57
54 16 57
8 7 58
22 21 59
8 58 60
26 25 61
38 37 62
39 38 63
38 62 63
64 50 65
14 13 66
36 35 67
18 17 69
31 30 69
17 54 69
54 31 69
6 5 70
44 43 73
63 55 74
4 3 75
47 72 77
10 9 78
11 10 79
10 78 79
50 11 79
65 50 79
37 36 81
36 67 81
62 37 81
41 48 82
48 68 82
73 56 83
56 77 83
77 72 83
55 65 84
65 79 84
79 78 84
3 1 85
1 27 85
75 3 85
80 75 85
40 39 86
48 40 86
39 63 86
63 74 86
5 4 87
4 75 87
70 5 87
49 70 87
75 80 87
19 18 88
29 19 88
30 29 88
18 69 88
69 30 88
50 64 89
71 66 89
74 55 90
55 84 90
84 78 90
49 77 91
35 34 92
34 46 92
67 35 92
60 58 93
91 76 93
21 2 94
2 45 94
45 59 94
59 21 94
25 24 95
61 25 95
47 61 95
72 47 95
24 52 95
52 72 95
47 77 96
77 49 96
61 47 96
80 61 96
49 87 96
87 80 96
45 44 97
59 45 97
44 73 97
33 32 98
53 33 98
32 31 98
31 54 98
57 53 98
54 57 98
52 22 99
22 59 99
72 52 99
83 72 99
73 83 99
97 73 99
59 97 99
46 53 100
53 51 100
51 14 100
14 66 100
66 71 100
71 92 100
92 46 100
9 8 101
8 60 101
78 9 101
60 90 101
90 78 101
43 42 102
73 43 102
56 73 102
42 41 102
41 82 102
82 56 102
68 76 103
77 56 103
56 82 103
82 68 103
76 91 103
91 77 103
76 68 104
74 90 104
93 76 104
90 60 104
60 93 104
64 81 105
81 67 105
89 64 105
71 89 105
67 92 105
92 71 105
68 48 106
48 86 106
86 74 106
74 104 106
104 68 106
93 58 107
70 49 107
49 91 107
91 93 107
20 19 108
19 29 108
28 20 108
29 28 108
7 6 109
6 70 109
58 7 109
70 107 109
107 58 109
13 12 110
66 13 110
12 50 110
50 89 110
89 66 110
55 63 111
63 62 111
65 55 111
64 65 111
62 81 111
81 64 111
26 61 112
61 80 112
27 26 112
85 27 112
80 85 112
