64
1 0 0
0 1 0
0 0 1
0.0526316 0.947368 0
0.105263 0.894737 0
0.157895 0.842105 0
0.210526 0.789474 0
0.263158 0.736842 0
0.315789 0.684211 0
0.368421 0.631579 0
0.421053 0.578947 0
0.473684 0.526316 0
0.526316 0.473684 0
0.578947 0.421053 0
0.631579 0.368421 0
0.684211 0.315789 0
0.736842 0.263158 0
0.789474 0.210526 0
0.842105 0.157895 0
0.894737 0.105263 0
0.947368 0.0526316 0
0 0.111111 0.888889
0 0.222222 0.777778
0 0.333333 0.666667
0 0.444444 0.555556
0 0.555556 0.444444
0 0.666667 0.333333
0 0.777778 0.222222
0 0.888889 0.111111
0.909091 0 0.0909091
0.818182 0 0.181818
0.727273 0 0.272727
0.636364 0 0.363636
0.545455 0 0.454545
0.454545 0 0.545455
0.363636 0 0.636364
0.272727 0 0.727273
0.181818 0 0.818182
0.090909 0 0.909091
0.654291 0.122615 0.223095
0.0997394 0.49216 0.408101
0.297039 0.14875 0.554211
0.182882 0.26948 0.547638
0.267176 0.456253 0.276571
0.390813 0.147244 0.461943
0.137088 0.41918 0.443732
0.126633 0.625344 0.248023
0.275924 0.25127 0.472805
0.571929 0.239666 0.188404
0.510408 0.273766 0.215827
0.746933 0.0943411 0.158726
0.422995 0.30051 0.276495
0.818579 0.066202 0.115219
0.404059 0.38841 0.207531
0.0922571 0.708926 0.198817
0.200908 0.588771 0.210321
0.124401 0.30056 0.57504
0.473115 0.129784 0.397101
0.579445 0.143319 0.277236
0.332785 0.410337 0.256878
0.117334 0.122829 0.759837
0.256821 0.551055 0.192124
0.0738045 0.785853 0.140342
0.19142 0.107689 0.700891


3 1 28
4 3 28
27 4 28
0 20 29
20 19 30
29 20 30
17 16 39
32 17 39
33 32 39
24 23 40
37 36 41
10 9 43
36 35 44
41 36 44
23 22 45
40 23 45
7 6 46
25 24 46
24 40 46
15 14 48
14 13 49
48 14 49
18 17 50
17 32 50
31 18 50
32 31 50
13 12 51
47 41 51
49 13 51
41 44 51
44 49 51
19 18 52
18 31 52
30 19 52
31 30 52
12 11 53
47 51 53
51 12 53
6 5 54
26 25 54
25 46 54
46 6 54
8 7 55
40 45 55
7 46 55
46 40 55
22 21 56
21 42 56
45 22 56
42 43 56
43 45 56
35 34 57
44 35 57
48 49 57
49 44 57
16 15 58
39 16 58
34 33 58
33 39 58
15 48 58
48 57 58
57 34 58
10 43 59
43 42 59
11 10 59
53 11 59
42 47 59
47 53 59
21 2 60
42 21 60
2 38 60
47 42 60
9 8 61
43 9 61
45 43 61
8 55 61
55 45 61
5 4 62
4 27 62
27 26 62
26 54 62
54 5 62
38 37 63
37 41 63
41 47 63
47 60 63
60 38 63
