104
1 0 0
0 1 0
0 0 1
0.0526316 0.947368 0
0.105263 0.894737 0
0.157895 0.842105 0
0.210526 0.789474 0
0.263158 0.736842 0
0.31579 0.68421 0
0.368421 0.631579 0
0.421053 0.578947 0
0.473684 0.526316 0
0.526316 0.473684 0
0.578947 0.421053 0
0.631579 0.368421 0
0.684211 0.315789 0
0.736842 0.263158 0
0.789474 0.210526 0
0.842105 0.157895 0
0.894737 0.105263 0
0.947368 0.0526316 0
0 0.111111 0.888889
0 0.222222 0.777778
0 0.333333 0.666667
0 0.444444 0.555556
0 0.555556 0.444444
0 0.666667 0.333333
0 0.777778 0.222222
0 0.888889 0.111111
0.933333 0 0.0666667
0.866667 0 0.133333
0.8 0 0.2
0.733333 0 0.266667
0.666667 0 0.333333
0.6 0 0.4
0.533333 0 0.466667
0.466667 0 0.533333
0.4 0 0.6
0.333333 0 0.666667
0.266667 0 0.733333
0.2 0 0.8
0.133333 0 0.866667
0.0666667 0 0.933333
0.632026 0.098362 0.269612
0.10933 0.503063 0.387608
0.280554 0.141814 0.577632
0.151103 0.612941 0.235955
0.48183 0.414574 0.103596
0.429803 0.0862055 0.483991
0.73833 0.139665 0.122005
0.390982 0.246065 0.362953
0.170287 0.259402 0.570312
0.0479459 0.294369 0.657685
0.283784 0.615087 0.101129
0.0587567 0.142069 0.799175
0.322171 0.523917 0.153912
0.0448501 0.629294 0.325856
0.365959 0.125309 0.508732
0.492037 0.240449 0.267514
0.629952 0.271441 0.0986072
0.122468 0.413041 0.464491
0.583324 0.321823 0.0948535
0.553227 0.0919392 0.354833
0.251738 0.251094 0.497168
0.557212 0.223127 0.219661
0.128766 0.149278 0.721955
0.328463 0.236687 0.43485
0.156301 0.736204 0.107495
0.790682 0.0942351 0.115083
0.680499 0.201254 0.118246
0.229174 0.372983 0.397844
0.0921011 0.791956 0.115943
0.44695 0.318521 0.234528
0.391772 0.513349 0.0948792
0.422156 0.426244 0.1516
0.848891 0.0684142 0.0826949
0.491338 0.131938 0.376724
0.0857107 0.220997 0.693292
0.0594133 0.402869 0.537718
0.0467753 0.847182 0.106043
0.691648 0.0924398 0.215912
0.313068 0.0745966 0.612336
0.182328 0.491166 0.326506
0.212937 0.640324 0.14674
0.0988131 0.690923 0.210264
0.899436 0.0429907 0.057573
0.523743 0.339135 0.137122
0.435867 0.19342 0.370713
0.350546 0.424533 0.224921
0.248164 0.509409 0.242427
0.0476527 0.518958 0.433389
0.287547 0.426731 0.285722
0.224336 0.0810357 0.694628
0.107341 0.316324 0.576335
0.0919637 0.592906 0.31513
0.202391 0.164374 0.633235
0.301658 0.3331 0.365241
0.375645 0.337997 0.286358
0.0425319 0.0607165 0.896752
0.0421742 0.732014 0.225812
0.167482 0.368746 0.463772
0.162502 0.073507 0.763991
0.0987696 0.0676211 0.833609
0.612063 0.180882 0.207054


3 1 28
0 20 29
34 33 43
12 11 47
37 36 48
17 16 49
23 22 52
8 7 53
9 8 53
22 21 54
9 53 55
26 25 56
38 37 57
37 48 57
15 14 59
14 13 61
59 14 61
35 34 62
34 43 62
36 35 62
59 61 64
45 57 66
57 50 66
63 45 66
6 5 67
18 17 68
17 49 68
32 31 68
49 32 68
49 16 69
16 15 69
15 59 69
51 63 70
5 4 71
67 5 71
11 10 73
10 9 73
9 55 73
47 11 74
11 73 74
72 47 74
19 18 75
31 30 75
18 68 75
68 31 75
48 36 76
36 62 76
62 64 76
64 58 76
52 22 77
22 54 77
54 65 77
65 51 77
24 23 78
60 44 78
23 52 78
4 3 79
3 28 79
28 27 79
71 4 79
33 32 80
32 49 80
43 33 80
49 69 80
69 43 80
39 38 81
45 39 81
38 57 81
57 45 81
46 44 82
44 60 82
53 7 83
7 6 83
6 67 83
67 46 83
46 82 83
46 67 84
67 71 84
20 19 85
29 20 85
30 29 85
19 75 85
75 30 85
13 12 86
12 47 86
61 13 86
58 64 86
64 61 86
47 72 86
72 58 86
50 57 87
57 48 87
58 72 87
72 50 87
48 76 87
76 58 87
73 55 88
74 73 88
55 53 89
82 70 89
53 83 89
83 82 89
25 24 90
56 25 90
24 78 90
78 44 90
88 55 91
55 89 91
89 70 91
40 39 92
39 45 92
77 51 93
52 77 93
60 78 93
78 52 93
46 84 94
84 56 94
44 46 94
90 44 94
56 90 94
45 63 95
92 45 95
63 51 95
51 65 95
63 66 96
88 91 96
70 63 96
91 70 96
50 72 97
72 74 97
66 50 97
74 88 97
88 96 97
96 66 97
21 2 98
54 21 98
2 42 98
27 26 99
26 56 99
71 79 99
79 27 99
56 84 99
84 71 99
70 82 100
82 60 100
51 70 100
93 51 100
60 93 100
41 40 101
40 92 101
95 65 101
92 95 101
42 41 102
98 42 102
65 54 102
54 98 102
41 101 102
101 65 102
59 64 103
62 43 103
64 62 103
43 69 103
69 59 103
