28
1 0 0
0 1 0
0 0 1
0 0.0769234 0.923077
0 0.153846 0.846154
0 0.230768 0.769231
0 0.307692 0.692308
1.37091e-06 0.384614 0.615385
0 0.461538 0.538462
0 0.538462 0.461538
0 0.615384 0.384615
0 0.692307 0.307692
0 0.769231 0.230769
0 0.846153 0.153846
0 0.923077 0.0769231
0.928571 0 0.0714286
0.857143 0 0.142857
0.785714 0 0.214286
0.714286 0 0.285714
0.642857 0 0.357143
0.571429 0 0.428571
0.5 0 0.5
0.428571 0 0.571429
0.357143 0 0.642857
0.285714 0 0.714286
0.214286 0 0.785714
0.142857 0 0.857143
0.0714286 0 0.928571


0 1 15
1 14 15
14 13 16
15 14 16
13 12 17
16 13 17
12 11 18
17 12 18
11 10 19
18 11 19
10 9 20
19 10 20
9 8 21
20 9 21
8 7 22
21 8 22
7 6 23
22 7 23
6 5 24
23 6 24
5 4 25
24 5 25
4 3 26
25 4 26
3 2 27
26 3 27
