37
1 0 0
0 1 0
0 0 1
0 0.0666666 0.933333
0 0.133333 0.866667
0 0.2 0.8
0 0.266667 0.733333
0 0.333333 0.666667
0 0.4 0.6
0 0.466667 0.533333
0 0.533333 0.466667
0 0.6 0.4
0 0.666667 0.333333
0 0.733333 0.266667
0 0.8 0.2
0 0.866667 0.133333
0 0.933333 0.0666667
0.933333 0 0.0666667
0.866667 0 0.133333
0.8 0 0.2
0.733333 0 0.266667
0.666667 0 0.333333
0.6 0 0.4
0.533333 0 0.466667
0.466667 0 0.533333
0.4 0 0.6
0.333333 0 0.666667
0.266667 0 0.733333
0.2 0 0.8
0.133333 0 0.866667
0.0666667 0 0.933333
0.461185 0.43865 0.100164
0.489526 0.478793 0.0316811
0.386794 0.380287 0.232919
0.362567 0.338035 0.299397
0.461875 0.372052 0.166073
0.332144 0.301392 0.366464


11 10 23
22 11 23
10 9 24
23 10 24
9 8 25
24 9 25
8 7 26
25 8 26
7 6 27
26 7 27
6 5 28
27 6 28
5 4 29
28 5 29
3 2 30
4 3 30
29 4 30
16 15 31
15 18 31
17 16 31
18 17 31
0 1 32
17 0 32
1 16 32
16 17 32
14 13 33
13 20 33
19 14 33
20 19 33
13 12 34
12 21 34
20 13 34
21 20 34
15 14 35
14 19 35
18 15 35
19 18 35
12 11 36
11 22 36
21 12 36
22 21 36
