42
1 0 0
0 1 0
0 0 1
0 0.0588236 0.941176
0 0.117647 0.882353
0 0.176471 0.823529
0 0.235294 0.764706
0 0.294118 0.705882
0 0.352941 0.647059
0 0.411765 0.588235
0 0.470588 0.529412
0 0.529412 0.470588
0 0.588235 0.411765
0 0.647059 0.352941
0 0.705882 0.294118
0 0.764706 0.235294
0 0.823529 0.176471
0 0.882353 0.117647
0 0.941176 0.0588235
0.941176 0 0.0588235
0.882353 0 0.117647
0.823529 0 0.176471
0.764706 0 0.235294
0.705882 0 0.294118
0.647059 0 0.352941
0.588235 0 0.411765
0.529412 0 0.470588
0.470588 0 0.529412
0.411765 0 0.588235
0.352941 0 0.647059
0.294118 0 0.705882
0.235294 0 0.764706
0.176471 0 0.823529
0.117647 0 0.882353
0.0588235 0 0.941176
0.490974 0.480176 0.0288504
0.439537 0.473107 0.087357
0.427984 0.42634 0.145676
0.397913 0.396427 0.205659
0.340152 0.336621 0.323227
0.368349 0.36727 0.26438
0.305189 0.312654 0.382158


12 11 26
25 12 26
11 10 27
26 11 27
10 9 28
27 10 28
9 8 29
28 9 29
8 7 30
29 8 30
7 6 31
30 7 31
6 5 32
31 6 32
5 4 33
32 5 33
3 2 34
4 3 34
33 4 34
0 1 35
19 0 35
1 18 35
18 19 35
18 17 36
17 20 36
19 18 36
20 19 36
17 16 37
16 21 37
20 17 37
21 20 37
16 15 38
15 22 38
21 16 38
22 21 38
14 13 39
13 24 39
23 14 39
24 23 39
15 14 40
14 23 40
22 15 40
23 22 40
13 12 41
12 25 41
24 13 41
25 24 41
