38
1 0 0
0 1 0
0 0 1
0 0.0526323 0.947368
1.43051e-06 0.105262 0.894737
0 0.157895 0.842105
0 0.210526 0.789474
0 0.263159 0.736842
1.2517e-06 0.315788 0.68421
0 0.368421 0.631579
0 0.421053 0.578947
0 0.473685 0.526316
0 0.526316 0.473684
0 0.578948 0.421053
0 0.631579 0.368421
0 0.684211 0.315789
0 0.736843 0.263158
0 0.789474 0.210526
0 0.842105 0.157895
0 0.894737 0.105263
0 0.947368 0.0526316
0.944444 0 0.0555556
0.888889 0 0.111111
0.833333 0 0.166667
0.777778 0 0.222222
0.722222 0 0.277778
0.666667 0 0.333333
0.611111 0 0.388889
0.555556 0 0.444444
0.5 0 0.5
0.444444 0 0.555556
0.388889 0 0.611111
0.333333 0 0.666667
0.277778 0 0.722222
0.222222 0 0.777778
0.166667 0 0.833333
0.111111 0 0.888889
0.0555556 0 0.944444


0 1 20
0 20 21
20 19 21
19 18 22
21 19 22
18 17 23
22 18 23
17 16 24
23 17 24
16 15 25
24 16 25
15 14 26
25 15 26
14 13 27
26 14 27
13 12 28
27 13 28
12 11 29
28 12 29
11 10 30
29 11 30
10 9 31
30 10 31
9 8 32
31 9 32
8 7 33
32 8 33
7 6 34
33 7 34
6 5 35
34 6 35
5 4 36
35 5 36
3 2 37
4 3 37
36 4 37
