47
1 0 0
0 1 0
0 0 1
0 0.0526316 0.947369
0 0.105263 0.894737
0 0.157895 0.842105
0 0.210526 0.789474
0 0.263158 0.736842
0 0.315789 0.684211
0 0.368421 0.631579
0 0.421053 0.578947
0 0.473684 0.526316
0 0.526316 0.473684
0 0.578947 0.421053
0 0.631579 0.368421
0 0.684211 0.315789
0 0.736842 0.263158
0 0.789474 0.210526
0 0.842105 0.157895
0 0.894737 0.105263
0 0.947368 0.0526316
0.947368 0 0.0526316
0.894737 0 0.105263
0.842105 0 0.157895
0.789474 0 0.210526
0.736842 0 0.263158
0.684211 0 0.315789
0.631579 0 0.368421
0.578947 0 0.421053
0.526316 0 0.473684
0.473684 0 0.526316
0.421053 0 0.578947
0.368421 0 0.631579
0.315789 0 0.684211
0.263158 0 0.736842
0.210526 0 0.789474
0.157895 0 0.842105
0.105263 0 0.894737
0.0526315 0 0.947369
0.498465 0.422876 0.0786588
0.492045 0.481354 0.026601
0.438678 0.429413 0.131909
0.385227 0.378785 0.235988
0.382583 0.433806 0.183611
0.373851 0.336866 0.289284
0.300267 0.305073 0.39466
0.337717 0.320414 0.341868


13 12 29
28 13 29
12 11 30
29 12 30
11 10 31
30 11 31
10 9 32
31 10 32
9 8 33
32 9 33
8 7 34
33 8 34
7 6 35
34 7 35
6 5 36
35 6 36
5 4 37
36 5 37
3 2 38
4 3 38
37 4 38
20 19 39
19 22 39
21 20 39
22 21 39
0 1 40
21 0 40
1 20 40
20 21 40
19 18 41
18 23 41
22 19 41
23 22 41
17 16 42
16 25 42
24 17 42
25 24 42
18 17 43
17 24 43
23 18 43
24 23 43
16 15 44
15 26 44
25 16 44
26 25 44
14 13 45
13 28 45
27 14 45
28 27 45
15 14 46
14 27 46
26 15 46
27 26 46
