68
1 0 0
0 1 0
0 0 1
0.05 0.95 0
0.1 0.9 0
0.15 0.85 0
0.2 0.8 0
0.25 0.75 0
0.3 0.7 0
0.35 0.65 0
0.4 0.6 0
0.45 0.55 0
0.5 0.5 0
0.55 0.45 0
0.6 0.4 0
0.65 0.35 0
0.7 0.3 0
0.75 0.25 0
0.8 0.2 0
0.85 0.15 0
0.9 0.1 0
0.95 0.05 0
0 0.1 0.9
0 0.2 0.8
0 0.3 0.7
0 0.4 0.6
0 0.5 0.5
0 0.6 0.4
0 0.7 0.3
0 0.8 0.2
0 0.9 0.1
0.909091 0 0.0909091
0.818182 0 0.181818
0.727273 0 0.272727
0.636364 0 0.363636
0.545455 0 0.454545
0.454545 0 0.545455
0.363636 0 0.636364
0.272727 0 0.727273
0.181818 0 0.818182
0.0909091 0 0.909091
0.657975 0.132094 0.209931
0.0991874 0.493945 0.406867
0.304343 0.159993 0.535663
0.17233 0.252467 0.575203
0.38529 0.129717 0.484993
0.451715 0.28484 0.263445
0.272266 0.510565 0.217168
0.128462 0.393029 0.478509
0.117282 0.637655 0.245063
0.223491 0.562537 0.213972
0.260517 0.241872 0.497611
0.81877 0.0595278 0.121702
0.579633 0.230013 0.190354
0.74981 0.0908589 0.159332
0.519341 0.255625 0.225033
0.187041 0.107518 0.705441
0.401843 0.34286 0.255298
0.223606 0.383824 0.39257
0.0915539 0.71552 0.192926
0.469765 0.119472 0.410763
0.571491 0.131414 0.297095
0.103208 0.26781 0.628981
0.335933 0.394003 0.270064
0.109505 0.116799 0.773695
0.0641477 0.810431 0.125422
0.338996 0.488733 0.172271
0.19428 0.628174 0.177546


3 1 30
4 3 30
29 4 30
0 21 31
21 20 32
31 21 32
18 17 41
34 18 41
35 34 41
25 24 42
26 25 42
39 38 43
38 37 45
43 38 45
14 13 46
43 45 46
10 9 47
24 23 48
42 24 48
7 6 49
27 26 49
26 42 49
9 8 50
42 48 50
47 9 50
48 47 50
20 19 52
19 33 52
32 20 52
33 32 52
16 15 53
19 18 54
18 34 54
33 19 54
34 33 54
15 14 55
14 46 55
46 45 55
53 15 55
40 39 56
39 43 56
43 51 56
13 12 57
46 13 57
43 46 57
51 43 57
47 48 58
6 5 59
5 28 59
28 27 59
27 49 59
49 6 59
37 36 60
45 37 60
53 55 60
55 45 60
17 16 61
41 17 61
36 35 61
35 41 61
16 53 61
53 60 61
60 36 61
23 22 62
22 44 62
44 58 62
48 23 62
58 48 62
12 11 63
44 51 63
51 57 63
57 12 63
58 44 63
22 2 64
44 22 64
51 44 64
2 40 64
40 56 64
56 51 64
5 4 65
4 29 65
28 5 65
29 28 65
11 10 66
10 47 66
47 58 66
58 63 66
63 11 66
8 7 67
7 49 67
49 42 67
42 50 67
50 8 67
