63
1 0 0
0 1 0
0 0 1
0.0500001 0.95 0
0.1 0.9 0
0.15 0.85 0
0.2 0.8 0
0.25 0.75 0
0.3 0.7 0
0.35 0.65 0
0.4 0.6 0
0.45 0.55 0
0.5 0.5 0
0.55 0.45 0
0.6 0.4 0
0.65 0.35 0
0.7 0.3 0
0.75 0.25 0
0.8 0.2 0
0.85 0.15 0
0.9 0.1 0
0.95 0.05 0
0 0.0714286 0.928571
0 0.142857 0.857143
0 0.214286 0.785714
0 0.285714 0.714286
0 0.357143 0.642857
0 0.428571 0.571428
0 0.5 0.5
0 0.571429 0.428571
0 0.642857 0.357143
0 0.714286 0.285714
0 0.785714 0.214286
0 0.857143 0.142857
0 0.928571 0.0714286
0.857143 0 0.142857
0.714286 0 0.285714
0.571429 0 0.428571
0.428571 0 0.571429
0.285714 0 0.714286
0.142857 0 0.857143
0.631156 0.102269 0.266576
0.232605 0.121343 0.646052
0.161379 0.605039 0.233581
0.447353 0.0768217 0.475825
0.393615 0.264196 0.342189
0.219245 0.265491 0.515264
0.254735 0.500488 0.244777
0.181122 0.337631 0.481247
0.480917 0.218424 0.300659
0.188797 0.54423 0.266973
0.425663 0.353321 0.221016
0.739751 0.0711436 0.189105
0.16971 0.16325 0.66704
0.576644 0.173715 0.249641
0.142546 0.405549 0.451904
0.36589 0.393683 0.240427
0.333609 0.0944391 0.571952
0.120741 0.71816 0.161099
0.315662 0.449183 0.235155
0.136999 0.663698 0.199303
0.855689 0.0398888 0.104423
0.092738 0.788038 0.119224


5 4 33
32 5 33
3 1 34
4 3 34
33 4 34
0 21 35
19 18 41
38 37 41
22 2 42
2 40 42
9 8 43
29 28 43
39 38 44
38 41 44
15 14 45
24 23 46
11 10 47
25 24 48
24 46 48
16 15 49
15 45 49
45 42 49
9 43 50
43 28 50
10 9 50
47 10 50
28 27 50
27 47 50
14 13 51
45 14 51
46 45 51
20 19 52
36 20 52
37 36 52
19 41 52
41 37 52
23 22 53
22 42 53
42 45 53
45 46 53
46 23 53
18 17 54
41 18 54
44 41 54
17 16 54
16 49 54
27 26 55
47 27 55
26 25 55
25 48 55
13 12 56
51 13 56
48 46 56
46 51 56
40 39 57
39 44 57
42 40 57
49 42 57
44 54 57
54 49 57
7 6 58
6 31 58
31 30 58
12 11 59
55 48 59
11 47 59
47 55 59
48 56 59
56 12 59
8 7 60
30 29 60
29 43 60
43 8 60
7 58 60
58 30 60
21 20 61
20 36 61
35 21 61
36 35 61
6 5 62
5 32 62
31 6 62
32 31 62
