143
1 0 0
0 1 0
0 0 1
0.0500001 0.95 0
0.1 0.9 0
0.15 0.85 0
0.2 0.8 0
0.25 0.75 0
0.3 0.7 0
0.35 0.65 0
0.4 0.6 0
0.45 0.55 0
0.5 0.5 0
0.55 0.45 0
0.6 0.4 0
0.65 0.35 0
0.7 0.3 0
0.75 0.25 0
0.8 0.2 0
0.85 0.15 0
0.9 0.1 0
0.95 0.05 0
0 0.0909091 0.909091
0 0.181818 0.818182
0 0.272727 0.727273
0 0.363636 0.636364
0 0.454545 0.545455
0 0.545455 0.454545
0 0.636364 0.363636
0 0.727273 0.272727
0 0.818182 0.181818
0 0.909091 0.0909091
0.944444 0 0.0555556
0.888889 0 0.111111
0.833333 0 0.166667
0.777778 0 0.222222
0.722222 0 0.277778
0.666667 0 0.333333
0.611111 0 0.388889
0.555556 0 0.444444
0.5 0 0.5
0.444444 0 0.555556
0.388889 0 0.611111
0.333333 0 0.666667
0.277778 0 0.722222
0.222222 0 0.777778
0.166667 0 0.833333
0.111111 0 0.888889
0.0555556 0 0.944444
0.63948 0.103566 0.256955
0.0929219 0.488876 0.418202
0.275449 0.143346 0.581204
0.16747 0.604771 0.227759
0.487227 0.412646 0.100127
0.806004 0.060481 0.133515
0.413779 0.0690172 0.517204
0.646811 0.272966 0.0802229
0.0352552 0.34754 0.617205
0.693852 0.137362 0.168786
0.750938 0.167912 0.0811504
0.392063 0.252121 0.355816
0.182195 0.23926 0.578545
0.698953 0.218833 0.0822135
0.291899 0.616828 0.0912729
0.043343 0.141262 0.815395
0.693016 0.0620866 0.244897
0.311444 0.509091 0.179465
0.0357157 0.623937 0.340347
0.384729 0.141231 0.474041
0.193349 0.332606 0.474044
0.485804 0.220187 0.294009
0.445658 0.260619 0.293723
0.126412 0.403116 0.470472
0.591631 0.321563 0.0868062
0.541933 0.0839337 0.374133
0.240902 0.238097 0.521001
0.350948 0.566366 0.0826858
0.191107 0.680494 0.128399
0.356403 0.0688095 0.574787
0.59471 0.245551 0.159739
0.750206 0.0851455 0.164649
0.539758 0.265145 0.195097
0.126081 0.136694 0.737225
0.579466 0.163706 0.256829
0.330379 0.259934 0.409687
0.162325 0.760865 0.0768097
0.0903854 0.83438 0.0752344
0.229374 0.408256 0.362371
0.90901 0.0451239 0.045866
0.858208 0.071098 0.0706945
0.0868053 0.322358 0.590837
0.405617 0.516285 0.0780983
0.426832 0.43157 0.141598
0.135568 0.691846 0.172586
0.0725092 0.691338 0.236153
0.120367 0.227529 0.652104
0.176333 0.428995 0.394672
0.0501477 0.784199 0.165653
0.492986 0.11604 0.390973
0.0623871 0.419174 0.518439
0.293477 0.220931 0.485592
0.640893 0.191014 0.168094
0.223212 0.152395 0.624393
0.227132 0.598215 0.174653
0.115678 0.619863 0.264459
0.392266 0.372213 0.235521
0.438388 0.157876 0.403736
0.338199 0.410984 0.250817
0.0450561 0.877688 0.0772564
0.0374251 0.061155 0.90142
0.251564 0.495906 0.25253
0.301842 0.0704263 0.627731
0.312518 0.342302 0.34518
0.0428596 0.517992 0.439149
0.805759 0.124275 0.069966
0.0878978 0.0778386 0.834264
0.284453 0.416828 0.298719
0.139066 0.51902 0.341914
0.0517548 0.24214 0.706106
0.197356 0.070598 0.732046
0.540362 0.365581 0.0940561
0.489296 0.317944 0.192759
0.199479 0.510353 0.290168
0.336406 0.159192 0.504401
0.138684 0.310306 0.55101
0.209589 0.738551 0.05186
0.247763 0.0665451 0.685692
0.463366 0.0639989 0.472635
0.269681 0.557792 0.172528
0.0812122 0.581958 0.33683
0.145693 0.0688607 0.785447
0.455972 0.482372 0.0616555
0.0850804 0.169407 0.745513
0.599927 0.064123 0.33595
0.369984 0.469386 0.16063
0.171268 0.151129 0.677603
0.437737 0.345012 0.217251
0.358516 0.326637 0.314847
0.267126 0.315565 0.417309
0.108515 0.769463 0.122022
0.24567 0.681614 0.0727165
0.527285 0.173733 0.298982
0.0207685 0.942608 0.0366232


0 21 32
13 12 53
35 34 54
42 41 55
16 15 56
26 25 57
25 24 57
18 17 59
17 16 62
16 56 62
58 59 62
59 17 62
9 8 63
23 22 64
37 36 65
49 37 65
58 49 65
28 27 67
29 28 67
15 14 73
56 15 73
40 39 74
69 61 75
10 9 76
9 63 76
63 66 76
43 42 78
42 55 78
55 68 78
56 73 79
35 54 80
36 35 80
65 36 80
59 58 80
58 65 80
79 73 81
79 81 83
6 5 85
5 4 86
21 20 88
32 21 88
33 32 88
20 19 89
34 33 89
54 34 89
33 88 89
88 20 89
11 10 91
10 76 91
52 77 93
77 85 93
29 67 94
72 69 96
69 87 96
30 29 97
29 94 97
40 74 98
26 57 99
57 90 99
72 50 99
90 72 99
75 51 100
49 58 101
58 62 101
62 56 101
56 79 101
79 83 101
83 49 101
51 75 102
75 61 102
77 52 103
52 93 104
93 94 104
60 68 106
71 60 106
68 55 106
70 71 106
98 70 106
4 3 108
86 4 108
31 30 108
30 97 108
97 86 108
22 2 109
2 48 109
64 22 109
44 43 111
43 78 111
67 27 113
27 26 113
26 99 113
99 50 113
19 18 114
18 59 114
59 80 114
80 54 114
54 89 114
89 19 114
48 47 115
109 48 115
64 109 115
107 66 116
66 110 116
112 107 116
110 87 116
50 72 117
72 96 117
52 104 117
24 23 118
23 64 118
57 24 118
90 57 118
95 90 118
46 45 119
14 13 120
73 14 120
13 53 120
81 73 120
71 70 121
70 81 121
81 120 121
120 53 121
103 52 122
110 103 122
96 87 122
87 110 122
117 96 122
52 117 122
68 60 123
60 84 123
100 51 123
78 68 123
84 100 123
51 111 123
111 78 123
61 69 124
69 72 124
72 90 124
90 95 124
95 61 124
7 6 125
6 85 125
85 77 125
51 102 126
44 111 126
111 51 126
45 44 126
119 45 126
102 119 126
41 40 127
40 98 127
55 41 127
98 106 127
106 55 127
66 63 128
110 66 128
63 103 128
103 110 128
94 67 129
104 94 129
67 113 129
113 50 129
50 117 129
117 104 129
47 46 130
82 115 130
115 47 130
46 119 130
12 11 131
53 12 131
92 53 131
11 91 131
91 92 131
64 115 132
115 82 132
118 64 132
82 95 132
95 118 132
38 37 133
37 49 133
39 38 133
74 39 133
49 83 133
83 74 133
76 66 134
91 76 134
66 107 134
92 91 134
105 92 134
107 105 134
61 95 135
95 82 135
102 61 135
119 102 135
82 130 135
130 119 135
60 71 136
105 60 136
53 92 136
121 53 136
92 105 136
71 121 136
84 60 137
112 84 137
60 105 137
105 107 137
107 112 137
69 75 138
87 69 138
100 84 138
84 112 138
75 100 138
112 116 138
116 87 138
85 5 139
5 86 139
93 85 139
94 93 139
86 97 139
97 94 139
8 7 140
63 8 140
103 63 140
77 103 140
125 77 140
7 125 140
81 70 141
83 81 141
74 83 141
98 74 141
70 98 141
3 1 142
1 31 142
31 108 142
108 3 142
