121
1 0 0
0 1 0
0 0 1
0.0499999 0.95 0
0.0999999 0.9 0
0.15 0.85 0
0.2 0.8 0
0.25 0.75 0
0.3 0.7 0
0.35 0.65 0
0.4 0.6 0
0.45 0.55 0
0.5 0.5 0
0.55 0.45 0
0.6 0.4 0
0.65 0.35 0
0.7 0.3 0
0.75 0.25 0
0.8 0.2 0
0.85 0.15 0
0.9 0.1 0
0.95 0.05 0
0 0.0666667 0.933333
0 0.133333 0.866667
0 0.2 0.8
0 0.266667 0.733333
0 0.333333 0.666667
0 0.4 0.6
0 0.466667 0.533333
0 0.533333 0.466667
0 0.6 0.4
0 0.666667 0.333333
0 0.733333 0.266667
0 0.8 0.2
0 0.866667 0.133333
0 0.933333 0.0666667
0.909091 0 0.0909091
0.818182 0 0.181818
0.727273 0 0.272727
0.636364 0 0.363636
0.545455 0 0.454545
0.454545 0 0.545455
0.363636 0 0.636364
0.272727 0 0.727273
0.181818 0 0.818182
0.090909 0 0.909091
0.642315 0.124768 0.232917
0.0919273 0.491803 0.41627
0.288585 0.14386 0.567555
0.17535 0.608981 0.215669
0.477145 0.414502 0.108353
0.79129 0.0536091 0.155101
0.434033 0.0618821 0.504085
0.748808 0.114638 0.136554
0.404569 0.260581 0.33485
0.640061 0.0616167 0.298322
0.17812 0.255564 0.566316
0.26654 0.629887 0.103572
0.29458 0.519489 0.185932
0.0561981 0.639539 0.304263
0.375321 0.119087 0.505591
0.166176 0.333717 0.500107
0.482226 0.223931 0.293842
0.622067 0.285418 0.0925147
0.158572 0.540847 0.300581
0.120094 0.407452 0.472453
0.329906 0.578879 0.0912151
0.583909 0.335654 0.0804367
0.871513 0.0491734 0.079314
0.548244 0.0800802 0.371676
0.250191 0.246328 0.503481
0.211419 0.679454 0.109127
0.58212 0.23076 0.18712
0.0696329 0.339399 0.590968
0.130614 0.135276 0.73411
0.551917 0.163363 0.284719
0.518162 0.291199 0.190639
0.642592 0.184636 0.172772
0.07253 0.837343 0.0901267
0.237109 0.395576 0.367315
0.428932 0.334412 0.236656
0.384853 0.510836 0.104311
0.27531 0.0750661 0.649624
0.0779719 0.710113 0.211915
0.0576549 0.772878 0.169467
0.478068 0.120177 0.401755
0.107597 0.204943 0.68746
0.305321 0.214044 0.480635
0.200484 0.478402 0.321114
0.101849 0.27972 0.61843
0.292399 0.463133 0.244467
0.329717 0.287739 0.382544
0.423479 0.451396 0.125124
0.399473 0.389875 0.210652
0.724741 0.178611 0.0966478
0.127647 0.0676628 0.80469
0.123899 0.780379 0.0957221
0.45479 0.171201 0.374009
0.326258 0.355336 0.318406
0.0622406 0.0970471 0.840712
0.0546079 0.438219 0.507173
0.0850475 0.576836 0.338116
0.677334 0.236242 0.0864238
0.205115 0.180902 0.613982
0.0581217 0.0419328 0.899945
0.379322 0.192319 0.428359
0.525448 0.369945 0.104607
0.0447088 0.896021 0.0592706
0.0548584 0.24041 0.704732
0.339962 0.0525438 0.607494
0.238648 0.560634 0.200718
0.124054 0.656902 0.219044
0.833561 0.0976048 0.0688346
0.340785 0.427296 0.231919
0.192503 0.0412234 0.766273
0.248214 0.313688 0.438098
0.203 0.106185 0.690815
0.167581 0.729482 0.102937
0.498846 0.0354883 0.465665
0.713468 0.0479206 0.238611
0.0600641 0.154646 0.785289


3 1 35
0 21 36
29 28 47
13 12 50
38 37 51
42 41 52
19 18 53
40 39 55
53 46 55
9 8 57
31 30 59
16 15 63
10 9 66
9 57 66
15 14 67
63 15 67
21 20 68
36 21 68
37 36 68
51 37 68
55 46 69
40 55 69
8 7 71
49 57 71
57 8 71
26 25 73
27 26 73
65 27 73
61 65 73
72 62 75
69 46 75
54 62 76
63 67 76
62 72 76
72 63 76
72 75 77
75 46 77
5 4 78
34 33 78
65 61 79
54 76 80
12 11 81
11 10 81
10 66 81
66 58 81
60 48 82
32 31 83
31 59 83
33 32 84
78 33 84
32 83 84
60 52 85
52 69 85
69 75 85
64 47 88
47 65 88
65 79 88
73 25 89
56 61 89
61 73 89
86 56 89
81 58 90
58 88 90
88 79 90
54 80 91
70 87 91
87 54 91
50 12 92
12 81 92
80 50 93
50 92 93
18 17 94
46 53 94
77 46 94
53 18 94
6 5 96
5 78 96
78 84 96
84 83 96
60 85 97
75 62 97
85 75 97
91 80 98
80 93 98
23 22 99
95 74 99
28 27 100
47 28 100
27 65 100
65 47 100
30 29 101
59 30 101
29 47 101
47 64 101
64 49 101
17 16 102
16 63 102
63 72 102
72 77 102
77 94 102
94 17 102
70 56 103
56 86 103
86 74 103
48 87 103
87 70 103
22 2 104
2 45 104
45 95 104
95 99 104
99 22 104
48 60 105
87 48 105
62 54 105
97 62 105
54 87 105
60 97 105
14 13 106
13 50 106
67 14 106
50 80 106
76 67 106
80 76 106
4 3 107
3 35 107
35 34 107
34 78 107
78 4 107
25 24 108
89 25 108
24 86 108
86 89 108
43 42 109
82 43 109
42 52 109
52 60 109
60 82 109
57 49 110
49 64 110
66 57 110
58 66 110
64 88 110
88 58 110
49 71 111
83 59 111
59 101 111
101 49 111
20 19 112
19 53 112
53 51 112
51 68 112
68 20 112
81 90 113
92 81 113
93 92 113
90 79 113
79 98 113
98 93 113
44 43 114
43 82 114
45 44 114
95 45 114
61 56 115
56 70 115
70 91 115
91 98 115
79 61 115
98 79 115
74 95 116
82 48 116
48 103 116
103 74 116
95 114 116
114 82 116
71 7 117
7 6 117
6 96 117
96 83 117
83 111 117
111 71 117
41 40 118
40 69 118
52 41 118
69 52 118
39 38 119
55 39 119
38 51 119
51 53 119
53 55 119
24 23 120
86 24 120
74 86 120
23 99 120
99 74 120
