90
1 0 0
0 1 0
0 0 1
0.0500001 0.95 0
0.1 0.9 0
0.15 0.85 0
0.2 0.8 0
0.25 0.75 0
0.3 0.7 0
0.35 0.65 0
0.4 0.6 0
0.45 0.55 0
0.5 0.5 0
0.55 0.45 0
0.6 0.4 0
0.65 0.35 0
0.7 0.3 0
0.75 0.25 0
0.8 0.2 0
0.85 0.15 0
0.9 0.1 0
0.95 0.05 0
0 0.0666667 0.933333
0 0.133333 0.866667
0 0.2 0.8
0 0.266667 0.733333
0 0.333333 0.666667
0 0.4 0.6
0 0.466667 0.533333
0 0.533333 0.466667
0 0.6 0.4
0 0.666667 0.333333
0 0.733333 0.266667
0 0.8 0.2
0 0.866667 0.133333
0 0.933333 0.0666667
0.875 0 0.125
0.75 0 0.25
0.625 0 0.375
0.5 0 0.5
0.375 0 0.625
0.25 0 0.75
0.125 0 0.875
0.628355 0.118371 0.253274
0.101582 0.485904 0.412515
0.258746 0.1339 0.607355
0.157092 0.621946 0.220962
0.793304 0.0600167 0.146679
0.402189 0.071938 0.525873
0.740412 0.125971 0.133616
0.397947 0.258822 0.343231
0.642975 0.05952 0.297505
0.186258 0.254949 0.558793
0.313395 0.514632 0.171973
0.400332 0.139574 0.460094
0.206808 0.335741 0.457451
0.497897 0.227937 0.274166
0.629256 0.233276 0.137468
0.121443 0.387292 0.491265
0.489958 0.383066 0.126976
0.252639 0.60635 0.14101
0.180554 0.690372 0.129074
0.597193 0.287287 0.11552
0.526311 0.320079 0.153611
0.126685 0.132964 0.740351
0.542365 0.153104 0.304531
0.0911944 0.782372 0.126433
0.432624 0.429583 0.137793
0.264994 0.0680028 0.667003
0.0881334 0.711121 0.200746
0.246508 0.205764 0.547728
0.245274 0.429715 0.325011
0.169886 0.463783 0.366331
0.300813 0.288304 0.410883
0.688854 0.18277 0.128376
0.131754 0.0674094 0.800837
0.517953 0.0670385 0.415009
0.068231 0.840607 0.091162
0.0873564 0.318539 0.594105
0.377947 0.476023 0.146029
0.358692 0.358176 0.283132
0.102272 0.192251 0.705477
0.424566 0.323315 0.252119
0.103983 0.552049 0.343968
0.0920045 0.257673 0.650323
0.229071 0.541952 0.228976
0.316437 0.403613 0.27995
0.084999 0.649869 0.265132
0.36495 0.19213 0.44292
0.159984 0.745661 0.0943544


3 1 35
4 3 35
34 4 35
0 21 36
28 27 44
21 20 47
36 21 47
37 36 47
20 19 47
38 37 47
41 40 48
19 18 49
47 19 49
39 38 51
49 43 51
38 47 51
47 49 51
11 10 53
17 16 57
27 26 58
14 13 59
10 9 60
9 8 60
8 46 60
8 7 61
46 8 61
16 15 62
56 57 62
57 16 62
15 14 63
14 59 63
62 15 63
50 56 63
56 62 63
23 22 64
54 48 65
56 54 65
57 56 65
6 5 66
33 32 66
13 12 67
59 13 67
42 41 68
41 48 68
48 54 68
54 45 68
32 31 69
66 32 69
64 45 70
58 55 71
44 27 72
27 58 72
71 53 72
58 71 72
55 52 73
52 70 73
70 50 73
18 17 74
43 49 74
49 18 74
65 43 74
17 57 74
57 65 74
22 2 75
2 42 75
64 22 75
45 64 75
42 68 75
68 45 75
40 39 76
48 40 76
39 51 76
51 43 76
43 65 76
65 48 76
5 4 77
4 34 77
34 33 77
33 66 77
66 5 77
26 25 78
55 58 78
58 26 78
12 11 79
11 53 79
53 71 79
67 12 79
59 67 80
55 73 80
24 23 81
23 64 81
64 70 81
70 52 81
50 63 82
73 50 82
63 59 82
59 80 82
80 73 82
29 28 83
28 44 83
30 29 83
46 30 83
60 46 83
25 24 84
78 25 84
52 55 84
55 78 84
24 81 84
81 52 84
53 10 85
10 60 85
44 72 85
72 53 85
60 83 85
83 44 85
67 79 86
79 71 86
80 67 86
71 55 86
55 80 86
31 30 87
30 46 87
46 61 87
61 69 87
69 31 87
56 50 88
45 54 88
54 56 88
50 70 88
70 45 88
7 6 89
6 66 89
66 69 89
61 7 89
69 61 89
