167
1 0 0
0 1 0
0 0 1
0.05 0.95 0
0.1 0.9 0
0.15 0.85 0
0.2 0.8 0
0.25 0.75 0
0.3 0.7 0
0.35 0.65 0
0.4 0.6 0
0.45 0.55 0
0.5 0.5 0
0.55 0.45 0
0.6 0.4 0
0.65 0.35 0
0.7 0.3 0
0.75 0.25 0
0.8 0.2 0
0.85 0.15 0
0.9 0.1 0
0.95 0.05 0
0 0.0555556 0.944444
0 0.111111 0.888889
0 0.166667 0.833333
0 0.222222 0.777778
0 0.277778 0.722222
0 0.333333 0.666667
0 0.388889 0.611111
0 0.444444 0.555556
0 0.5 0.5
0 0.555556 0.444444
0 0.611111 0.388889
0 0.666667 0.333333
0 0.722222 0.277778
0 0.777778 0.222222
0 0.833333 0.166667
0 0.888889 0.111111
0 0.944444 0.0555556
0.928571 0 0.0714286
0.857143 0 0.142857
0.785714 0 0.214286
0.714286 0 0.285714
0.642857 0 0.357143
0.571429 0 0.428571
0.5 0 0.5
0.428571 0 0.571429
0.357143 0 0.642857
0.285714 0 0.714286
0.214286 0 0.785714
0.142857 0 0.857143
0.0714286 0 0.928571
0.809561 0.035569 0.15487
0.632095 0.125872 0.242032
0.110587 0.495393 0.39402
0.279418 0.141864 0.578719
0.154249 0.615436 0.230315
0.47295 0.401816 0.125235
0.405894 0.0655798 0.528526
0.641618 0.2839 0.0744823
0.0523068 0.337971 0.609722
0.737135 0.182472 0.0803931
0.742679 0.124553 0.132768
0.402892 0.258873 0.338236
0.645258 0.0602852 0.294457
0.166818 0.255482 0.5777
0.698235 0.233824 0.0679416
0.276063 0.632576 0.0913608
0.0540766 0.140914 0.80501
0.322355 0.520988 0.156657
0.0480531 0.626553 0.325394
0.373541 0.135365 0.491095
0.183182 0.323759 0.49306
0.496349 0.232567 0.271084
0.169619 0.541443 0.288938
0.135097 0.389697 0.475207
0.342862 0.579235 0.0779034
0.582805 0.330745 0.0864502
0.491358 0.454425 0.0542172
0.87309 0.0505138 0.0763964
0.553638 0.0764275 0.369934
0.140682 0.202636 0.656682
0.257581 0.258275 0.484144
0.20248 0.663437 0.134083
0.247174 0.695001 0.0578253
0.341103 0.0402758 0.618621
0.583463 0.246162 0.170375
0.289066 0.485298 0.225636
0.522553 0.292735 0.184712
0.787062 0.0791062 0.133832
0.131883 0.131283 0.736834
0.571231 0.179828 0.248941
0.152596 0.784557 0.0628467
0.650576 0.186504 0.16292
0.0789042 0.844157 0.0769386
0.227616 0.389098 0.383286
0.0700183 0.790899 0.139083
0.454661 0.341837 0.203503
0.382986 0.509896 0.107118
0.263158 0.0362885 0.700553
0.796086 0.137377 0.0665372
0.139921 0.68352 0.176559
0.0750326 0.703291 0.221677
0.500515 0.121254 0.378231
0.736612 0.042842 0.220546
0.30244 0.192703 0.504858
0.357471 0.21308 0.429449
0.216535 0.114508 0.668957
0.191214 0.466877 0.341908
0.115405 0.297222 0.587373
0.324501 0.283192 0.392307
0.426679 0.45176 0.121561
0.499166 0.170761 0.330073
0.402426 0.390273 0.207301
0.0560232 0.403655 0.540321
0.0411636 0.577392 0.381444
0.0489908 0.900293 0.0507159
0.119718 0.0694546 0.810827
0.0680505 0.262757 0.669192
0.433763 0.2063 0.359936
0.451512 0.287618 0.26087
0.106012 0.349074 0.544914
0.304378 0.342718 0.352904
0.593918 0.0361983 0.369884
0.272391 0.437293 0.290317
0.115925 0.740983 0.143092
0.216263 0.598062 0.185676
0.526768 0.0369458 0.436286
0.197771 0.0663371 0.735892
0.0608583 0.0923319 0.84681
0.0657653 0.193189 0.741046
0.516548 0.353116 0.130337
0.844128 0.0987637 0.0571079
0.0975243 0.570858 0.331618
0.106905 0.0285448 0.86455
0.353189 0.45028 0.196531
0.200272 0.161091 0.638637
0.541035 0.400289 0.0586764
0.254425 0.321469 0.424106
0.225713 0.20472 0.569567
0.567948 0.119769 0.312284
0.379806 0.325745 0.294449
0.70307 0.0903904 0.20654
0.336634 0.0940409 0.569325
0.466966 0.0858528 0.447181
0.0471957 0.467962 0.484842
0.281379 0.575281 0.14334
0.0935741 0.441648 0.464777
0.431256 0.152338 0.416406
0.0957539 0.642932 0.261314
0.402885 0.551743 0.0453716
0.154783 0.436346 0.408871
0.464729 0.0348127 0.500458
0.325778 0.386908 0.287313
0.246261 0.539279 0.214459
0.0504622 0.524581 0.424957
0.0548043 0.0433403 0.901855
0.273157 0.0803126 0.646531
0.185841 0.725707 0.0884514
0.0508907 0.747841 0.201268
0.161405 0.030822 0.807773
0.0410371 0.677674 0.281289
0.645598 0.232412 0.12199
0.688656 0.143117 0.168227
0.445298 0.504215 0.0504862
0.228824 0.493898 0.277278
0.294164 0.666798 0.0390386


3 1 38
0 21 39
41 40 52
16 15 59
28 27 60
18 17 61
43 42 64
17 16 66
16 59 66
61 17 66
24 23 68
33 32 70
10 9 76
9 67 76
15 14 77
59 15 77
13 12 78
21 20 79
39 21 79
40 39 79
52 40 79
72 65 82
8 7 84
83 67 84
48 47 85
47 46 85
46 58 85
59 77 86
73 86 88
86 77 88
52 79 89
86 73 91
6 5 92
7 6 92
91 53 93
61 66 93
86 91 93
5 4 94
37 36 94
92 5 94
75 72 95
36 35 96
94 36 96
92 94 96
76 69 98
48 85 99
49 48 99
19 18 100
18 61 100
61 62 100
62 89 100
56 83 101
42 41 104
41 52 104
52 89 104
64 42 104
55 71 105
105 71 106
82 105 106
74 54 108
65 72 109
82 106 110
106 63 110
57 78 111
91 73 112
97 57 113
57 111 113
29 28 114
28 60 114
32 31 115
70 32 115
4 3 116
3 38 116
38 37 116
37 94 116
94 4 116
27 26 118
60 27 118
26 25 118
109 60 118
81 65 118
65 109 118
73 63 119
112 73 119
63 106 119
63 73 120
73 88 120
88 97 120
72 75 121
109 72 121
60 109 121
75 114 121
114 60 121
44 43 123
43 64 123
64 80 123
108 95 124
92 96 125
102 101 125
56 74 126
67 83 126
83 56 126
45 44 127
44 123 127
123 80 127
107 90 128
90 117 128
49 99 128
23 22 129
68 23 129
90 68 129
117 90 129
25 24 130
24 68 130
68 90 130
90 81 130
81 118 130
118 25 130
57 97 131
88 77 131
97 88 131
20 19 132
19 100 132
79 20 132
89 79 132
100 89 132
70 115 133
74 56 133
54 74 133
51 50 134
69 87 135
98 69 135
111 98 135
113 111 135
87 124 135
107 55 136
81 90 136
90 107 136
14 13 137
13 78 137
78 57 137
57 131 137
77 14 137
131 77 137
72 82 138
82 110 138
110 122 138
95 72 138
122 95 138
82 65 139
105 82 139
65 81 139
81 136 139
55 105 139
136 55 139
64 53 140
80 64 140
103 80 140
53 91 140
91 112 140
112 103 140
110 63 141
122 110 141
63 120 141
97 113 141
120 97 141
53 64 142
64 104 142
89 62 142
104 89 142
58 71 143
85 58 143
71 55 143
71 58 144
80 103 144
127 80 144
30 29 145
29 114 145
69 76 146
76 67 146
67 126 146
54 145 147
114 75 147
145 114 147
103 112 148
112 119 148
106 71 148
119 106 148
71 144 148
144 103 148
56 101 149
101 102 149
70 133 149
133 56 149
11 10 150
10 76 150
76 98 150
75 95 151
95 108 151
147 75 151
108 54 151
54 147 151
46 45 152
58 46 152
144 58 152
45 127 152
127 144 152
95 122 153
124 95 153
113 135 153
135 124 153
122 141 153
141 113 153
126 74 154
146 126 154
87 69 154
69 146 154
31 30 155
115 31 155
54 133 155
133 115 155
30 145 155
145 54 155
22 2 156
2 51 156
51 134 156
129 22 156
117 129 156
134 117 156
107 128 157
128 99 157
55 107 157
143 55 157
99 85 157
85 143 157
84 7 158
7 92 158
83 84 158
101 83 158
92 125 158
125 101 158
35 34 159
34 102 159
96 35 159
102 125 159
125 96 159
50 49 160
49 128 160
128 117 160
117 134 160
134 50 160
34 33 161
102 34 161
33 70 161
70 149 161
149 102 161
66 59 162
59 86 162
86 93 162
93 66 162
93 53 163
62 61 163
61 93 163
53 142 163
142 62 163
12 11 164
78 12 164
111 78 164
98 111 164
11 150 164
150 98 164
108 124 165
124 87 165
74 108 165
154 74 165
87 154 165
9 8 166
67 9 166
8 84 166
84 67 166
