184
1 0 0
0 1 0
0 0 1
0.05 0.95 0
0.1 0.9 0
0.15 0.85 0
0.2 0.8 0
0.25 0.75 0
0.3 0.7 0
0.35 0.65 0
0.4 0.6 0
0.45 0.55 0
0.5 0.5 0
0.55 0.45 0
0.6 0.4 0
0.65 0.35 0
0.7 0.3 0
0.75 0.25 0
0.8 0.2 0
0.85 0.15 0
0.9 0.1 0
0.95 0.05 0
0 0.0588236 0.941176
0 0.117647 0.882353
0 0.176471 0.823529
0 0.235294 0.764706
0 0.294118 0.705882
0 0.352941 0.647059
0 0.411765 0.588235
0 0.470588 0.529412
0 0.529412 0.470588
0 0.588235 0.411765
0 0.647059 0.352941
0 0.705882 0.294118
0 0.764706 0.235294
0 0.823529 0.176471
0 0.882353 0.117647
0 0.941177 0.0588235
0.941176 0 0.0588235
0.882353 0 0.117647
0.823529 0 0.176471
0.764706 0 0.235294
0.705882 0 0.294118
0.647059 0 0.352941
0.588235 0 0.411765
0.529412 0 0.470588
0.470588 0 0.529412
0.411765 0 0.588235
0.352941 0 0.647059
0.294118 0 0.705882
0.235294 0 0.764706
0.176471 0 0.823529
0.117647 0 0.882353
0.0588235 0 0.941176
0.625867 0.131681 0.242451
0.107634 0.499743 0.392623
0.267229 0.146173 0.586598
0.163864 0.620134 0.216001
0.485427 0.417715 0.0968585
0.787657 0.0635882 0.148755
0.414506 0.068368 0.517126
0.643912 0.285119 0.0709689
0.0354728 0.346076 0.618451
0.845761 0.0411663 0.113073
0.6835 0.124277 0.192224
0.75258 0.184901 0.0625191
0.743923 0.125384 0.130693
0.396051 0.25533 0.348619
0.659096 0.0648234 0.27608
0.168857 0.241968 0.589175
0.701081 0.236424 0.0624954
0.273803 0.640095 0.0861021
0.0570658 0.145821 0.797113
0.326335 0.519702 0.153964
0.384275 0.135215 0.480511
0.184879 0.342409 0.472712
0.491791 0.244401 0.263808
0.156189 0.544838 0.298974
0.128852 0.387931 0.483217
0.340933 0.577243 0.0818243
0.585949 0.331601 0.0824502
0.504516 0.453359 0.0421258
0.895044 0.0472059 0.0577501
0.543058 0.0762381 0.380704
0.143959 0.19691 0.659131
0.253668 0.254685 0.491648
0.194924 0.686938 0.118138
0.245934 0.702773 0.0512924
0.353938 0.0517814 0.59428
0.5896 0.259373 0.151027
0.298239 0.473871 0.227891
0.0736261 0.378181 0.548193
0.536894 0.285528 0.177579
0.136249 0.128578 0.735173
0.571196 0.16556 0.263245
0.34054 0.258079 0.401381
0.150229 0.781305 0.0684665
0.651902 0.173833 0.174265
0.0961385 0.837802 0.0660595
0.229474 0.384065 0.386462
0.0864698 0.781458 0.132072
0.434015 0.334265 0.23172
0.0695869 0.309671 0.620742
0.394623 0.509997 0.0953803
0.254539 0.0461889 0.699272
0.79908 0.133141 0.0677788
0.42666 0.437638 0.135702
0.13945 0.683875 0.176675
0.080152 0.716181 0.203667
0.497518 0.125944 0.376537
0.0891641 0.196159 0.714677
0.729474 0.0412837 0.229242
0.451369 0.200694 0.347937
0.297666 0.202846 0.499488
0.440127 0.27756 0.282313
0.220978 0.107815 0.671207
0.227829 0.610755 0.161416
0.174868 0.485355 0.339776
0.0472194 0.253798 0.698983
0.574461 0.109929 0.31561
0.398515 0.3865 0.214986
0.049614 0.891345 0.0590406
0.10681 0.25691 0.636279
0.439662 0.130068 0.430271
0.125566 0.0598823 0.814552
0.336726 0.401176 0.262098
0.303583 0.34162 0.354798
0.523753 0.352477 0.12377
0.104695 0.606344 0.288961
0.599618 0.0467962 0.353586
0.159009 0.437797 0.403193
0.243954 0.316484 0.439562
0.276722 0.421607 0.301672
0.132712 0.735701 0.131586
0.191275 0.0609944 0.747731
0.0634233 0.092662 0.843915
0.488885 0.060564 0.450551
0.0415478 0.435103 0.523349
0.051694 0.662857 0.285449
0.205989 0.563318 0.230694
0.0384327 0.199781 0.761787
0.845943 0.0916291 0.0624276
0.546096 0.221225 0.232679
0.0935002 0.557979 0.34852
0.36441 0.453901 0.181688
0.197815 0.169078 0.633107
0.545084 0.400599 0.0543179
0.133744 0.31587 0.550386
0.393689 0.195121 0.41119
0.0653192 0.0435958 0.891085
0.230995 0.211866 0.557139
0.374066 0.324702 0.301232
0.334428 0.119198 0.546374
0.0405846 0.774172 0.185243
0.454999 0.484088 0.0609128
0.395661 0.559093 0.0452464
0.344504 0.18456 0.470936
0.286344 0.577889 0.135767
0.516002 0.174116 0.309883
0.0465193 0.544227 0.409253
0.0464541 0.488204 0.465342
0.328822 0.630146 0.0410324
0.700126 0.178749 0.121125
0.486512 0.311207 0.202281
0.292271 0.275403 0.432327
0.230527 0.496466 0.273007
0.0472917 0.602865 0.349843
0.0338075 0.722969 0.243224
0.720735 0.0823146 0.19695
0.0423977 0.833839 0.123764
0.261134 0.540875 0.197991
0.288501 0.0826358 0.628863
0.220642 0.441498 0.337859
0.603845 0.196189 0.199966
0.550502 0.0331961 0.416302
0.175905 0.390225 0.43387
0.0260227 0.0257784 0.948199
0.106972 0.656941 0.236087
0.202861 0.745985 0.0511539
0.201432 0.280031 0.518537
0.0909494 0.440758 0.468292
0.309019 0.034027 0.656954
0.646598 0.226448 0.126954
0.461753 0.374384 0.163863


3 1 37
0 21 38
41 40 59
47 46 60
16 15 61
28 27 62
27 26 62
40 39 63
59 40 63
18 17 65
43 42 68
64 54 68
17 16 70
16 61 70
65 17 70
24 23 72
15 14 80
61 15 80
13 12 81
21 20 82
38 21 82
39 38 82
63 39 82
8 7 87
71 8 87
86 71 87
48 47 88
47 60 88
61 80 89
28 62 91
89 80 92
6 5 96
54 64 97
5 4 98
96 5 98
96 98 100
62 26 102
91 62 102
79 73 103
50 49 104
19 18 105
18 65 105
66 59 105
65 66 105
57 86 107
72 93 110
93 84 110
41 59 111
42 41 111
68 42 111
67 112 114
112 76 114
71 86 116
86 57 116
77 55 117
26 25 118
102 26 118
68 54 119
54 94 119
109 83 119
4 3 121
3 37 121
37 36 121
98 4 121
84 69 122
102 118 122
110 84 122
118 110 122
74 60 123
109 112 123
52 51 124
92 80 127
77 57 128
44 43 129
43 68 129
68 119 129
119 83 129
117 55 130
99 75 131
126 99 131
125 90 132
99 126 132
126 125 132
107 86 133
96 100 133
100 108 133
108 107 133
51 50 134
124 51 134
50 104 134
115 93 134
93 124 134
104 115 134
23 22 135
72 23 135
93 72 135
124 93 135
46 45 136
60 46 136
123 60 136
83 109 136
109 123 136
29 28 137
28 91 137
33 32 138
57 77 139
116 57 139
25 24 140
24 72 140
72 110 140
110 118 140
118 25 140
63 82 141
82 20 141
20 19 141
19 105 141
59 63 141
105 59 141
89 92 142
92 76 142
55 77 143
77 128 143
73 90 144
103 73 144
106 103 144
90 125 144
120 106 144
125 120 144
69 84 145
115 56 145
84 93 145
93 115 145
13 81 146
81 58 146
14 13 146
58 127 146
80 14 146
127 80 146
75 78 147
78 91 147
91 102 147
102 122 147
122 69 147
67 95 148
112 67 148
74 123 148
123 112 148
135 22 149
53 52 149
52 124 149
124 135 149
56 113 150
113 85 150
145 56 150
69 145 150
67 114 151
114 101 151
101 120 151
120 125 151
95 67 151
126 95 151
125 126 151
60 74 152
88 60 152
113 56 152
35 34 153
108 100 153
12 11 154
11 103 154
81 12 154
58 81 154
106 58 154
103 106 154
11 10 155
103 11 155
10 79 155
79 103 155
95 113 156
148 95 156
74 148 156
113 152 156
152 74 156
73 79 157
79 71 157
71 116 157
76 112 158
112 109 158
109 119 158
119 94 158
94 142 158
142 76 158
31 30 159
55 143 159
30 29 160
29 137 160
159 30 160
55 159 160
9 8 161
8 71 161
10 9 161
79 10 161
71 79 161
64 66 162
97 64 162
66 65 162
65 70 162
76 92 163
101 114 163
114 76 163
92 127 163
85 113 164
113 95 164
131 85 164
95 126 164
126 131 164
132 90 165
77 117 165
139 77 165
128 138 166
138 32 166
32 31 166
143 128 166
31 159 166
159 143 166
34 33 167
33 138 167
138 108 167
108 153 167
153 34 167
59 66 168
111 59 168
66 64 168
64 68 168
68 111 168
36 35 169
100 98 169
98 121 169
121 36 169
35 153 169
153 100 169
90 73 170
73 157 170
116 139 170
157 116 170
165 90 170
139 165 170
56 115 171
115 104 171
88 152 171
152 56 171
117 130 172
130 99 172
99 132 172
132 165 172
165 117 172
94 54 173
54 97 173
142 94 173
89 142 173
45 44 174
44 129 174
129 83 174
83 136 174
136 45 174
78 75 175
130 78 175
75 99 175
99 130 175
22 2 176
2 53 176
53 149 176
149 22 176
57 107 177
128 57 177
107 108 177
108 138 177
138 128 177
7 6 178
6 96 178
87 7 178
86 87 178
96 133 178
133 86 178
85 131 179
131 75 179
75 147 179
147 69 179
69 150 179
150 85 179
78 130 180
130 55 180
91 78 180
137 91 180
55 160 180
160 137 180
49 48 181
48 88 181
88 171 181
104 49 181
171 104 181
70 61 182
61 89 182
97 162 182
162 70 182
89 173 182
173 97 182
120 101 183
58 106 183
106 120 183
127 58 183
101 163 183
163 127 183
