111
1 0 0
0 1 0
0 0 1
0.05 0.95 0
0.1 0.9 0
0.15 0.85 0
0.2 0.8 0
0.25 0.75 0
0.3 0.7 0
0.35 0.65 0
0.4 0.6 0
0.45 0.55 0
0.5 0.5 0
0.55 0.45 0
0.6 0.4 0
0.65 0.35 0
0.7 0.3 0
0.75 0.25 0
0.8 0.2 0
0.85 0.15 0
0.9 0.1 0
0.95 0.05 0
0 0.0588235 0.941176
0 0.117647 0.882353
0 0.176471 0.823529
0 0.235294 0.764706
0 0.294118 0.705882
0 0.352941 0.647059
0 0.411765 0.588235
0 0.470588 0.529412
0 0.529412 0.470588
0 0.588235 0.411765
0 0.647059 0.352941
0 0.705882 0.294118
0 0.764706 0.235294
0 0.823529 0.176471
0 0.882353 0.117647
0 0.941177 0.0588235
0.875 0 0.125
0.75 0 0.25
0.625 0 0.375
0.5 0 0.5
0.375 0 0.625
0.25 0 0.75
0.125 0 0.875
0.803642 0.0325198 0.163838
0.617499 0.120052 0.262449
0.0921166 0.50103 0.406853
0.26262 0.140968 0.596412
0.1556 0.608993 0.235407
0.489043 0.397267 0.11369
0.412375 0.0757519 0.511873
0.737084 0.128579 0.134338
0.399978 0.254859 0.345163
0.657018 0.064862 0.27812
0.185539 0.251055 0.563406
0.25659 0.641233 0.102177
0.298818 0.521333 0.179849
0.374805 0.121934 0.50326
0.185376 0.323982 0.490642
0.515627 0.236418 0.247955
0.639108 0.235543 0.125348
0.179718 0.542251 0.278031
0.131319 0.400741 0.46794
0.536734 0.0737759 0.38949
0.170478 0.186601 0.642921
0.18695 0.685242 0.127808
0.594318 0.294568 0.111114
0.0869536 0.333194 0.579852
0.787153 0.0810738 0.131773
0.148275 0.131198 0.720527
0.563497 0.177205 0.259298
0.228642 0.388199 0.383159
0.0893753 0.789162 0.121463
0.424739 0.330914 0.244346
0.280656 0.0803574 0.638987
0.0785342 0.713017 0.208449
0.493697 0.124807 0.381496
0.291455 0.21266 0.495886
0.282201 0.452925 0.264874
0.299344 0.284697 0.415959
0.421609 0.444844 0.133547
0.67954 0.174554 0.145906
0.144017 0.0741339 0.781849
0.396775 0.384831 0.218394
0.0887979 0.273449 0.637754
0.284326 0.585815 0.12986
0.3074 0.34792 0.34468
0.0692872 0.847053 0.0836602
0.392087 0.49951 0.108403
0.417254 0.181224 0.401522
0.189847 0.476154 0.334
0.0792406 0.212375 0.708384
0.0828417 0.447639 0.469519
0.0884497 0.647953 0.263597
0.544574 0.349196 0.10623
0.157394 0.746539 0.0960666
0.49666 0.294528 0.208813
0.0826568 0.560395 0.356948
0.328153 0.0371067 0.63474
0.0704681 0.0335879 0.895944
0.325525 0.406644 0.267831
0.560101 0.0323398 0.407559
0.0691776 0.154862 0.77596
0.451014 0.0335716 0.515414
0.0670967 0.10268 0.830223
0.206168 0.0355401 0.758292
0.715156 0.0324216 0.252422
0.718821 0.213537 0.0676417
0.36975 0.557151 0.0730985
0.872132 0.0550788 0.0727897


3 1 37
4 3 37
36 4 37
0 21 38
39 38 45
30 29 47
14 13 50
19 18 52
52 46 54
9 8 56
17 16 61
28 27 63
54 46 64
8 7 66
56 8 66
49 56 66
16 15 67
60 61 67
61 16 67
27 26 68
63 27 68
20 19 69
19 52 69
52 54 69
48 65 70
61 60 71
63 68 72
68 59 72
6 5 73
35 34 73
58 48 75
51 58 75
33 32 76
34 33 76
73 34 76
58 51 77
51 64 77
64 46 77
46 71 77
65 48 78
55 65 78
63 72 79
53 74 80
59 55 80
55 78 80
78 53 80
13 12 81
50 13 81
46 52 82
71 46 82
52 18 82
61 71 82
48 70 83
75 48 83
74 50 84
50 81 84
26 25 85
55 59 85
59 68 85
68 26 85
10 9 86
9 56 86
62 57 86
56 49 86
49 62 86
72 59 87
59 80 87
80 74 87
74 84 87
5 4 88
4 36 88
36 35 88
35 73 88
73 5 88
12 11 89
81 12 89
57 79 89
79 81 89
71 60 90
58 77 90
77 71 90
48 58 90
78 48 90
60 53 90
53 78 90
57 62 91
62 47 91
79 57 91
63 79 91
25 24 92
65 55 92
55 85 92
85 25 92
29 28 93
47 29 93
91 47 93
28 63 93
63 91 93
32 31 94
31 49 94
49 66 94
66 76 94
76 32 94
15 14 95
14 50 95
50 74 95
67 15 95
66 7 96
76 66 96
7 6 96
6 73 96
73 76 96
53 60 97
60 67 97
74 53 97
67 95 97
95 74 97
31 30 98
49 31 98
30 47 98
47 62 98
62 49 98
43 42 99
51 75 99
22 2 100
2 44 100
83 22 100
79 72 101
81 79 101
84 81 101
72 87 101
87 84 101
41 40 102
40 54 102
54 64 102
24 23 103
70 65 103
65 92 103
92 24 103
42 41 104
64 51 104
51 99 104
99 42 104
41 102 104
102 64 104
23 22 105
22 83 105
83 70 105
70 103 105
103 23 105
44 43 106
75 83 106
43 99 106
99 75 106
83 100 106
100 44 106
40 39 107
54 40 107
39 45 107
45 69 107
69 54 107
18 17 108
82 18 108
17 61 108
61 82 108
11 10 109
10 86 109
86 57 109
57 89 109
89 11 109
21 20 110
38 21 110
45 38 110
20 69 110
69 45 110
