201
1 0 0
0 1 0
0 0 1
0.05 0.95 0
0.1 0.9 0
0.15 0.85 0
0.2 0.8 0
0.25 0.75 0
0.3 0.7 0
0.35 0.65 0
0.4 0.6 0
0.45 0.55 0
0.5 0.5 0
0.55 0.45 0
0.6 0.4 0
0.65 0.35 0
0.7 0.3 0
0.75 0.25 0
0.8 0.2 0
0.85 0.15 0
0.9 0.1 0
0.95 0.05 0
0 0.0555556 0.944444
0 0.111111 0.888889
0 0.166667 0.833333
0 0.222222 0.777778
0 0.277778 0.722222
0 0.333333 0.666667
0 0.388889 0.611111
0 0.444444 0.555556
0 0.5 0.5
0 0.555556 0.444444
0 0.611111 0.388889
0 0.666667 0.333333
0 0.722222 0.277778
0 0.777778 0.222222
0 0.833333 0.166667
0 0.888889 0.111111
0 0.944444 0.0555556
0.944444 0 0.0555556
0.888889 0 0.111111
0.833333 0 0.166667
0.777778 0 0.222222
0.722222 0 0.277778
0.666667 0 0.333333
0.611111 0 0.388889
0.555556 0 0.444444
0.5 0 0.5
0.444444 0 0.555556
0.388889 0 0.611111
0.333333 0 0.666667
0.277778 0 0.722222
0.222222 0 0.777778
0.166667 0 0.833333
0.111111 0 0.888889
0.0555556 0 0.944444
0.624823 0.133237 0.241941
0.091608 0.490063 0.418329
0.272941 0.143238 0.58382
0.163869 0.620384 0.215747
0.48815 0.413612 0.0982384
0.791304 0.0641246 0.144571
0.40621 0.0668188 0.526971
0.90209 0.0474098 0.0505001
0.645393 0.293707 0.0608996
0.0403588 0.352001 0.607641
0.852994 0.041639 0.105367
0.683631 0.125954 0.190415
0.751935 0.18565 0.0624142
0.743134 0.126976 0.129889
0.396973 0.249001 0.354026
0.663418 0.066485 0.270097
0.170371 0.241631 0.587998
0.700657 0.238854 0.0604886
0.274875 0.638428 0.0866975
0.042062 0.142458 0.815481
0.329303 0.513405 0.157292
0.051866 0.625916 0.322218
0.385576 0.132478 0.481947
0.181129 0.352335 0.466537
0.494286 0.223092 0.282623
0.26696 0.515271 0.217769
0.159548 0.549609 0.290843
0.117564 0.402138 0.480297
0.340955 0.576616 0.0824286
0.586352 0.335702 0.0779462
0.507122 0.450812 0.0420662
0.548575 0.0779558 0.37347
0.145567 0.195197 0.659235
0.25311 0.253779 0.493111
0.196785 0.677629 0.125586
0.247334 0.698644 0.0540218
0.345431 0.0500586 0.604511
0.584712 0.245203 0.170085
0.0812396 0.374874 0.543886
0.538403 0.285587 0.176011
0.129633 0.133026 0.73734
0.559883 0.173944 0.266173
0.34356 0.259982 0.396458
0.142551 0.793601 0.0638474
0.650516 0.175237 0.174247
0.0872216 0.832579 0.0801989
0.228574 0.393097 0.378329
0.156557 0.43178 0.411663
0.0871875 0.790028 0.122784
0.441648 0.331755 0.226597
0.850915 0.089889 0.0591955
0.0853506 0.317663 0.596986
0.397314 0.514453 0.088233
0.800839 0.132086 0.0670757
0.423637 0.439148 0.137215
0.277973 0.0781857 0.643842
0.137943 0.682437 0.17962
0.079771 0.712796 0.207433
0.237348 0.0442577 0.718395
0.495184 0.12346 0.381355
0.234578 0.210689 0.554734
0.0946189 0.201004 0.704377
0.734307 0.0419771 0.223716
0.450147 0.19992 0.349933
0.290732 0.202586 0.506682
0.431961 0.276675 0.291363
0.227347 0.110815 0.661838
0.22515 0.617072 0.157779
0.188112 0.473537 0.338351
0.303473 0.458781 0.237746
0.511466 0.0529738 0.43556
0.573951 0.112547 0.313501
0.401356 0.387962 0.210682
0.0361963 0.403648 0.560155
0.0463316 0.563912 0.389756
0.0540711 0.889357 0.056572
0.105601 0.259437 0.634962
0.435281 0.147366 0.417353
0.133555 0.0592356 0.807209
0.341206 0.395265 0.26353
0.04111 0.0593342 0.899556
0.308848 0.337646 0.353506
0.698042 0.181801 0.120157
0.0411281 0.511775 0.447097
0.5312 0.346841 0.121959
0.111179 0.604064 0.284757
0.244503 0.315886 0.439611
0.590095 0.289042 0.120863
0.0497164 0.773356 0.176927
0.608052 0.0506851 0.341263
0.125834 0.738156 0.136009
0.0474396 0.245479 0.707081
0.381213 0.341134 0.277654
0.511612 0.165906 0.322482
0.216708 0.566646 0.216645
0.279391 0.57129 0.14932
0.542122 0.231037 0.226842
0.093211 0.560608 0.346181
0.455616 0.480373 0.0640102
0.296377 0.265146 0.438477
0.360785 0.445346 0.193869
0.20656 0.173662 0.619777
0.55099 0.396018 0.0529918
0.136582 0.316907 0.546511
0.0418484 0.194589 0.763563
0.392512 0.196839 0.410649
0.336154 0.0997558 0.56409
0.185479 0.0842144 0.730307
0.464922 0.0406191 0.494459
0.396025 0.56053 0.0434452
0.20177 0.279655 0.518575
0.342107 0.200117 0.457777
0.367591 0.300137 0.332272
0.285708 0.406001 0.308291
0.245106 0.459144 0.295749
0.608569 0.353806 0.0376247
0.328929 0.630337 0.0407333
0.0554315 0.447745 0.496824
0.0427522 0.684213 0.273035
0.0848345 0.0423115 0.872854
0.493728 0.325215 0.181057
0.186115 0.0363416 0.777543
0.721898 0.0829703 0.195131
0.641963 0.232254 0.125783
0.0414527 0.836273 0.122275
0.602502 0.19588 0.201618
0.0769351 0.099599 0.823466
0.462439 0.375617 0.161944
0.56787 0.032611 0.399519
0.215013 0.514343 0.270644
0.0821955 0.155125 0.76268
0.398979 0.0322264 0.568794
0.0237493 0.0246688 0.951582
0.293849 0.0337866 0.672364
0.110187 0.852623 0.0371902
0.0460148 0.297227 0.656758
0.377456 0.481241 0.141303
0.326787 0.153475 0.519738
0.487514 0.27925 0.233235
0.451643 0.0922856 0.456072
0.0984863 0.65569 0.245823
0.194278 0.739785 0.0659375
0.13509 0.503396 0.361513
0.175678 0.140441 0.68388
0.0320858 0.734678 0.233236


3 1 38
0 21 39
42 41 61
21 20 63
39 21 63
40 39 63
16 15 64
28 27 65
41 40 66
61 41 66
40 63 66
18 17 68
44 43 71
67 56 71
17 16 73
16 64 73
68 17 73
24 23 75
33 32 77
13 12 86
8 7 91
74 8 91
90 74 91
50 49 92
6 5 99
56 67 100
57 83 103
83 79 103
79 102 103
99 101 104
20 19 106
63 20 106
66 63 106
61 66 106
94 65 107
84 76 108
19 18 109
18 68 109
69 61 109
61 106 109
106 19 109
68 69 109
59 90 112
52 51 114
96 88 117
42 61 118
43 42 118
71 43 118
89 116 120
116 58 120
70 119 121
119 80 121
111 58 122
114 111 122
74 90 123
90 59 123
103 102 124
76 81 125
47 46 126
87 115 126
71 56 127
56 97 127
115 87 127
29 28 129
28 65 129
65 94 129
32 31 130
77 32 130
4 3 131
3 38 131
38 37 131
88 72 132
117 88 132
115 119 133
54 53 134
23 22 136
67 69 138
100 67 138
69 68 138
68 73 138
31 30 139
57 130 139
130 31 139
82 59 141
102 79 142
137 102 142
64 85 143
95 93 143
85 140 143
140 95 143
36 35 144
45 44 145
44 71 145
71 127 145
127 87 145
112 90 146
99 104 146
113 112 146
104 144 146
144 113 146
26 25 147
117 132 147
121 105 148
105 128 148
128 135 148
135 137 148
97 80 149
80 119 149
119 115 149
115 127 149
127 97 149
59 82 150
123 59 150
81 76 151
76 84 151
84 74 151
74 123 151
123 150 151
150 81 151
93 95 152
80 97 152
130 57 153
77 130 153
141 77 153
82 141 153
12 11 154
11 108 154
86 12 154
60 86 154
110 60 154
108 110 154
89 120 155
142 89 155
98 137 155
137 142 155
76 125 156
128 110 156
125 135 156
135 128 156
72 88 157
116 72 157
58 116 157
122 58 157
14 13 158
13 86 158
86 60 158
60 140 158
140 85 158
79 83 159
83 94 159
94 107 159
107 132 159
132 72 159
25 24 160
24 75 160
117 147 160
147 25 160
70 98 161
78 133 161
119 70 161
133 119 161
62 78 162
92 62 162
58 111 162
111 92 162
114 122 163
96 134 163
48 47 164
62 48 164
47 126 164
11 10 165
108 11 165
10 84 165
84 108 165
72 116 166
116 89 166
89 142 166
142 79 166
159 72 166
79 159 166
98 155 167
155 120 167
161 98 167
78 161 167
98 70 168
137 98 168
148 137 168
70 121 168
121 148 168
135 125 169
102 137 169
137 135 169
125 81 170
124 102 170
102 169 170
169 125 170
15 14 171
64 15 171
85 64 171
14 158 171
158 85 171
9 8 172
8 74 172
10 9 172
84 10 172
74 84 172
94 83 173
129 94 173
30 29 173
139 30 173
29 129 173
83 57 173
57 139 173
34 33 174
33 77 174
55 54 175
136 55 175
54 134 175
95 140 176
53 52 177
134 53 177
52 114 177
114 163 177
163 134 177
61 69 178
118 61 178
69 67 178
67 71 178
71 118 178
73 64 179
100 138 179
138 73 179
64 143 179
143 93 179
37 36 180
104 101 180
101 131 180
131 37 180
36 144 180
144 104 180
97 56 181
56 100 181
93 152 181
152 97 181
100 179 181
179 93 181
134 96 182
75 23 182
23 136 182
175 134 182
136 175 182
60 110 183
110 128 183
128 105 183
105 176 183
140 60 183
176 140 183
46 45 184
87 126 184
126 46 184
45 145 184
145 87 184
82 124 185
124 170 185
81 150 185
170 81 185
150 82 185
160 75 186
96 117 186
117 160 186
75 182 186
182 96 186
49 48 187
48 62 187
62 92 187
92 49 187
22 2 188
2 55 188
55 136 188
136 22 188
51 50 189
50 92 189
92 111 189
111 114 189
114 51 189
5 4 190
99 5 190
101 99 190
4 131 190
131 101 190
65 27 191
107 65 191
27 26 191
26 147 191
132 107 191
147 132 191
108 76 192
76 156 192
110 108 192
156 110 192
162 78 193
120 58 193
58 162 193
78 167 193
167 120 193
80 152 194
152 95 194
95 176 194
105 121 194
176 105 194
121 80 194
78 62 195
133 78 195
126 115 195
115 133 195
164 126 195
62 164 195
59 112 196
141 59 196
112 113 196
77 141 196
174 77 196
113 174 196
7 6 197
91 7 197
90 91 197
6 99 197
99 146 197
146 90 197
57 103 198
103 124 198
153 57 198
124 82 198
82 153 198
88 96 199
122 157 199
157 88 199
96 163 199
163 122 199
35 34 200
113 144 200
144 35 200
34 174 200
174 113 200
