153
1 0 0
0 1 0
0 0 1
0.05 0.95 0
0.1 0.9 0
0.15 0.85 0
0.2 0.8 0
0.25 0.75 0
0.3 0.7 0
0.35 0.65 0
0.4 0.6 0
0.45 0.55 0
0.5 0.5 0
0.55 0.45 0
0.6 0.4 0
0.65 0.35 0
0.7 0.3 0
0.75 0.25 0
0.8 0.2 0
0.85 0.15 0
0.9 0.1 0
0.95 0.05 0
0 0.0666666 0.933333
0 0.133333 0.866667
0 0.2 0.8
0 0.266667 0.733333
0 0.333333 0.666667
0 0.4 0.6
0 0.466667 0.533333
0 0.533333 0.466667
0 0.6 0.4
0 0.666667 0.333333
0 0.733333 0.266667
0 0.8 0.2
0 0.866667 0.133333
0 0.933333 0.0666667
0.933333 0 0.0666667
0.866667 0 0.133333
0.8 0 0.2
0.733333 0 0.266667
0.666667 0 0.333333
0.6 0 0.4
0.533333 0 0.466667
0.466667 0 0.533333
0.4 0 0.6
0.333333 0 0.666667
0.266667 0 0.733333
0.2 0 0.8
0.133333 0 0.866667
0.0666666 0 0.933333
0.617949 0.115972 0.26608
0.107779 0.484408 0.407813
0.269342 0.138224 0.592434
0.154458 0.616491 0.22905
0.491987 0.408166 0.0998471
0.808914 0.0599826 0.131103
0.419789 0.0612219 0.518989
0.644095 0.273205 0.0827003
0.0409152 0.349466 0.609618
0.736989 0.17853 0.0844819
0.749085 0.105864 0.145051
0.391986 0.25566 0.352354
0.658102 0.066258 0.27564
0.183132 0.259943 0.556924
0.698756 0.233824 0.0674202
0.277051 0.635282 0.0876678
0.0544031 0.149222 0.796375
0.319771 0.516748 0.16348
0.0484699 0.626929 0.324601
0.378515 0.132286 0.489198
0.18295 0.341861 0.47519
0.507188 0.228601 0.264211
0.165126 0.541917 0.292957
0.121761 0.388646 0.489593
0.339433 0.580864 0.0797026
0.585797 0.326617 0.0875862
0.883532 0.0478423 0.0686259
0.551573 0.0837932 0.364634
0.138358 0.200599 0.661043
0.252973 0.243676 0.503351
0.203133 0.664183 0.132684
0.350603 0.058416 0.590981
0.58222 0.243523 0.174257
0.519637 0.291282 0.189081
0.134187 0.133113 0.7327
0.564377 0.166787 0.268836
0.322824 0.266653 0.410523
0.149662 0.778878 0.0714597
0.649905 0.189742 0.160352
0.0928895 0.830115 0.0769958
0.224691 0.382519 0.39279
0.453633 0.347405 0.198962
0.0857863 0.33126 0.582954
0.396804 0.515336 0.0878591
0.797647 0.132547 0.0698057
0.430001 0.430435 0.139564
0.272375 0.0722496 0.655375
0.140066 0.699151 0.160783
0.0647099 0.702454 0.232837
0.0512807 0.776444 0.172275
0.497627 0.129149 0.373224
0.062142 0.414227 0.523631
0.303617 0.187296 0.509086
0.467766 0.473421 0.0588126
0.21461 0.11763 0.66776
0.181089 0.480323 0.338589
0.712179 0.0566649 0.231156
0.297609 0.457133 0.245258
0.394766 0.388693 0.216541
0.0490565 0.88858 0.0623631
0.105865 0.259176 0.634959
0.137552 0.058944 0.803504
0.437977 0.192562 0.369461
0.338937 0.39579 0.265274
0.313372 0.336617 0.350011
0.520578 0.349258 0.130164
0.249933 0.314896 0.435171
0.247569 0.694864 0.0575674
0.218235 0.591778 0.189987
0.10356 0.760384 0.136057
0.202143 0.0636383 0.734219
0.488267 0.0607016 0.451031
0.0647343 0.208242 0.727023
0.847503 0.0953232 0.0571738
0.0996971 0.572254 0.328049
0.366871 0.202664 0.430465
0.378574 0.324284 0.297142
0.240757 0.514218 0.245025
0.322833 0.115077 0.56209
0.277209 0.568498 0.154292
0.68832 0.125132 0.186547
0.0641243 0.0874621 0.848414
0.0468476 0.488999 0.464153
0.100022 0.641071 0.258908
0.212447 0.182165 0.605387
0.0495622 0.553912 0.396526
0.2792 0.389491 0.331309
0.365678 0.455514 0.178809
0.0461567 0.28334 0.670504
0.60027 0.0460677 0.353662
0.137526 0.312421 0.550053
0.442306 0.117611 0.440083
0.551281 0.390401 0.0583182
0.447549 0.275855 0.276595
0.089561 0.035237 0.875202
0.197403 0.733479 0.0691179
0.500831 0.179199 0.31997
0.170385 0.421308 0.408307
0.235676 0.442704 0.32162
0.0394121 0.0357064 0.924881
0.761542 0.039395 0.199063
0.301976 0.032686 0.665338
0.0376934 0.834522 0.127784


3 1 35
0 21 36
38 37 55
44 43 56
16 15 57
27 26 58
18 17 59
17 16 64
16 57 64
59 17 64
9 8 65
24 23 66
31 30 68
10 9 74
9 65 74
15 14 75
57 15 75
21 20 76
36 21 76
37 36 76
55 37 76
45 44 81
44 56 81
56 69 81
57 75 82
71 82 83
82 75 83
77 50 85
82 71 85
6 5 87
59 64 88
64 57 88
57 82 88
82 85 88
85 50 88
5 4 89
87 5 89
11 10 93
10 74 93
74 67 93
19 18 94
18 59 94
59 60 94
60 55 94
91 54 95
53 80 97
32 31 98
31 68 98
33 32 99
32 98 99
77 85 100
28 27 101
73 51 101
27 58 101
58 92 101
92 73 101
86 79 102
13 12 103
54 13 103
12 11 103
11 93 103
95 54 103
93 95 103
96 52 104
72 51 105
40 39 106
62 40 106
91 95 108
4 3 109
3 35 109
35 34 109
89 4 109
78 63 110
48 47 111
83 75 115
54 91 115
91 83 115
70 63 116
63 79 116
90 70 116
79 86 116
86 114 116
8 7 117
65 8 117
80 65 117
53 72 118
65 80 118
80 53 118
87 89 119
89 99 119
97 87 119
98 97 119
99 98 119
47 46 120
46 96 120
96 104 120
111 47 120
104 84 120
84 111 120
43 42 121
42 77 121
56 43 121
77 100 121
66 84 122
84 78 122
25 24 122
24 66 122
78 110 122
20 19 123
55 76 123
76 20 123
19 94 123
94 55 123
72 53 124
51 72 124
102 69 125
61 86 125
86 102 125
69 112 125
112 61 125
91 108 126
86 61 126
114 86 126
108 113 126
113 114 126
107 67 127
72 105 127
118 72 127
81 69 128
52 96 128
96 81 128
69 102 128
102 52 128
67 74 129
74 65 129
65 118 129
118 127 129
127 67 129
50 62 130
88 50 130
60 59 130
59 88 130
62 106 130
106 60 130
23 22 131
66 23 131
84 66 131
111 84 131
29 28 132
28 101 132
101 51 132
98 68 133
53 97 133
97 98 133
68 124 133
124 53 133
63 78 134
79 63 134
52 102 134
102 79 134
104 52 134
78 84 134
84 104 134
30 29 135
68 30 135
124 68 135
51 124 135
132 51 135
29 132 135
113 107 136
114 113 136
90 116 136
116 114 136
93 67 137
67 107 137
95 93 137
107 113 137
108 95 137
113 108 137
26 25 138
58 26 138
92 58 138
110 92 138
25 122 138
122 110 138
41 40 139
40 62 139
42 41 139
77 42 139
62 50 139
50 77 139
63 70 140
70 73 140
73 92 140
92 110 140
110 63 140
69 56 141
100 112 141
112 69 141
56 121 141
121 100 141
14 13 142
13 54 142
54 115 142
75 14 142
115 75 142
71 83 143
83 91 143
61 112 143
112 71 143
91 126 143
126 61 143
49 48 144
48 111 144
111 131 144
7 6 145
6 87 145
97 80 145
80 117 145
117 7 145
87 97 145
85 71 146
100 85 146
71 112 146
112 100 146
73 70 147
70 90 147
51 73 147
105 51 147
107 127 148
127 105 148
90 136 148
136 107 148
105 147 148
147 90 148
22 2 149
2 49 149
49 144 149
131 22 149
144 131 149
39 38 150
106 39 150
38 55 150
55 60 150
60 106 150
46 45 151
96 46 151
45 81 151
81 96 151
34 33 152
33 99 152
99 89 152
89 109 152
109 34 152
