145
1 0 0
0 1 0
0 0 1
0.05 0.95 0
0.1 0.9 0
0.15 0.85 0
0.2 0.8 0
0.25 0.75 0
0.3 0.7 0
0.35 0.65 0
0.4 0.6 0
0.45 0.55 0
0.5 0.5 0
0.55 0.45 0
0.6 0.4 0
0.65 0.35 0
0.7 0.3 0
0.75 0.25 0
0.8 0.2 0
0.85 0.15 0
0.9 0.1 0
0.95 0.05 0
0 0.0714286 0.928571
0 0.142857 0.857143
0 0.214286 0.785714
0 0.285714 0.714286
0 0.357143 0.642857
0 0.428571 0.571429
0 0.5 0.5
0 0.571429 0.428571
0 0.642857 0.357143
0 0.714286 0.285714
0 0.785714 0.214286
0 0.857143 0.142857
0 0.928571 0.0714286
0.933333 0 0.0666667
0.866667 0 0.133333
0.8 0 0.2
0.733333 0 0.266667
0.666667 0 0.333333
0.6 0 0.4
0.533333 0 0.466667
0.466667 0 0.533333
0.4 0 0.6
0.333333 0 0.666667
0.266667 0 0.733333
0.2 0 0.8
0.133333 0 0.866667
0.0666667 0 0.933333
0.618014 0.11781 0.264177
0.101051 0.487219 0.41173
0.26919 0.138499 0.592311
0.155442 0.616987 0.227571
0.491783 0.407956 0.10026
0.809334 0.0626588 0.128007
0.430048 0.070301 0.499651
0.644276 0.271059 0.0846648
0.742419 0.181613 0.0759683
0.739445 0.121685 0.13887
0.393066 0.25044 0.356494
0.188619 0.257869 0.553512
0.699594 0.232315 0.0680917
0.275174 0.633107 0.0917188
0.0528121 0.128372 0.818816
0.689184 0.0436359 0.26718
0.317092 0.514154 0.168754
0.381221 0.118282 0.500497
0.184288 0.329182 0.48653
0.506405 0.21763 0.275965
0.448998 0.273906 0.277096
0.163966 0.538696 0.297338
0.114467 0.408573 0.47696
0.336395 0.579182 0.0844223
0.585081 0.32685 0.0880692
0.883821 0.0473455 0.0688331
0.557736 0.0760694 0.366195
0.130381 0.209659 0.659961
0.261129 0.255553 0.483319
0.203497 0.664914 0.131589
0.355348 0.0582078 0.586444
0.582903 0.240916 0.17618
0.0656916 0.335431 0.598878
0.518978 0.289256 0.191767
0.13284 0.131575 0.735586
0.567741 0.164681 0.267578
0.331607 0.259098 0.409295
0.157261 0.77283 0.0699092
0.659571 0.180048 0.160381
0.0781523 0.837883 0.0839647
0.227881 0.406608 0.36551
0.45249 0.344571 0.202939
0.395882 0.514573 0.0895456
0.797546 0.132831 0.069623
0.427194 0.427799 0.145007
0.277987 0.0663325 0.65568
0.142697 0.701002 0.1563
0.0729183 0.708225 0.218857
0.0462072 0.780091 0.173702
0.491509 0.133511 0.37498
0.0578316 0.411233 0.530935
0.295956 0.193885 0.510159
0.682044 0.0995269 0.218429
0.214827 0.115287 0.669887
0.172991 0.461329 0.365679
0.123066 0.284241 0.592693
0.290434 0.452993 0.256573
0.0478375 0.891777 0.0603856
0.122409 0.0581736 0.819417
0.383219 0.378101 0.23868
0.062394 0.255132 0.682474
0.440787 0.20277 0.356443
0.333151 0.402457 0.264392
0.315834 0.329949 0.354217
0.520605 0.349497 0.129898
0.242546 0.321616 0.435838
0.247051 0.694945 0.0580039
0.628409 0.0551608 0.31643
0.215695 0.589286 0.195018
0.108692 0.774113 0.117195
0.194509 0.0573946 0.748097
0.49395 0.0565338 0.449516
0.0465131 0.632887 0.3206
0.467173 0.472164 0.0606623
0.848186 0.0952688 0.0565454
0.0986154 0.57341 0.327974
0.36849 0.188401 0.443109
0.23608 0.502899 0.261021
0.103209 0.643858 0.252934
0.326116 0.124336 0.549548
0.0429669 0.473248 0.483785
0.0694876 0.0758525 0.85466
0.0469623 0.544169 0.408868
0.0615875 0.187295 0.751118
0.211793 0.183988 0.604219
0.280274 0.385472 0.334254
0.2718 0.563167 0.165032
0.363822 0.454295 0.181883
0.383971 0.311239 0.30479
0.74503 0.0575458 0.197424
0.128209 0.347497 0.524294
0.1705 0.392231 0.437269
0.427915 0.143752 0.428333
0.551322 0.39226 0.0564181
0.0333619 0.0345768 0.932061
0.20012 0.734362 0.0655179


3 1 34
0 21 35
37 36 54
43 42 55
16 15 56
18 17 57
17 16 61
16 56 61
57 17 61
9 8 62
23 22 63
39 38 64
10 9 72
9 62 72
15 14 73
56 15 73
21 20 74
35 21 74
36 35 74
54 36 74
41 40 75
44 43 79
43 55 79
55 66 79
56 73 80
26 25 81
69 68 82
68 80 82
80 73 82
75 49 84
80 68 84
6 5 86
58 57 87
57 61 87
61 56 87
56 80 87
80 84 87
84 49 87
5 4 88
69 82 90
11 10 91
10 72 91
72 65 91
19 18 92
18 57 92
57 58 92
58 54 92
90 53 93
45 44 94
44 79 94
52 78 95
33 32 97
88 33 97
32 31 97
31 96 97
75 84 98
84 68 98
71 50 99
27 26 99
26 81 99
81 71 99
85 77 100
58 87 101
87 49 101
94 51 102
70 50 103
50 71 103
60 67 104
76 60 104
4 3 106
3 34 106
34 33 106
33 88 106
88 4 106
48 47 107
90 93 108
25 24 109
76 104 109
81 25 109
104 81 109
68 69 110
69 59 110
98 68 110
77 85 112
108 111 112
82 73 113
53 90 113
90 82 113
67 60 114
60 77 114
77 112 114
89 67 114
8 7 115
62 8 115
78 62 115
40 39 116
39 64 116
49 75 116
75 40 116
64 101 116
101 49 116
52 70 117
62 78 117
78 52 117
86 5 118
5 88 118
95 86 118
96 95 118
88 97 118
97 96 118
46 45 119
45 94 119
94 102 119
47 46 119
107 47 119
102 83 119
83 107 119
42 41 120
41 75 120
55 42 120
75 98 120
98 55 120
30 29 121
31 30 121
96 31 121
13 12 122
53 13 122
12 11 122
11 91 122
93 53 122
91 93 122
20 19 123
54 74 123
74 20 123
19 92 123
92 54 123
50 70 124
70 52 124
59 85 125
85 100 125
110 59 125
70 103 126
103 89 126
89 105 126
117 70 126
105 65 126
52 95 127
95 96 127
96 121 127
121 124 127
124 52 127
79 66 128
51 94 128
94 79 128
100 51 128
66 125 128
125 100 128
28 27 129
27 99 129
99 50 129
63 22 130
48 107 130
83 63 130
107 83 130
121 29 131
124 121 131
29 28 131
28 129 131
50 124 131
129 50 131
24 23 132
23 63 132
63 83 132
83 76 132
109 24 132
76 109 132
77 60 133
51 100 133
100 77 133
102 51 133
60 76 133
76 83 133
83 102 133
105 89 134
111 105 134
112 111 134
89 114 134
114 112 134
65 72 135
72 62 135
62 117 135
117 126 135
126 65 135
91 65 136
65 105 136
105 111 136
93 91 136
108 93 136
111 108 136
59 69 137
69 90 137
90 108 137
85 59 137
112 85 137
108 112 137
38 37 138
37 54 138
54 58 138
64 38 138
58 101 138
101 64 138
104 67 139
71 81 139
81 104 139
67 89 140
89 103 140
103 71 140
71 139 140
139 67 140
66 55 141
55 98 141
98 110 141
110 125 141
125 66 141
14 13 142
13 53 142
53 113 142
73 14 142
113 73 142
22 2 143
2 48 143
48 130 143
130 22 143
7 6 144
6 86 144
86 95 144
95 78 144
115 7 144
78 115 144
