128
1 0 0
0 1 0
0 0 1
0.0500001 0.95 0
0.1 0.9 0
0.15 0.85 0
0.2 0.8 0
0.25 0.75 0
0.3 0.7 0
0.35 0.65 0
0.4 0.6 0
0.45 0.55 0
0.5 0.5 0
0.55 0.45 0
0.6 0.4 0
0.65 0.35 0
0.7 0.3 0
0.75 0.25 0
0.8 0.2 0
0.85 0.15 0
0.9 0.1 0
0.95 0.05 0
0 0.0999999 0.9
0 0.2 0.8
0 0.3 0.7
0 0.4 0.6
0 0.5 0.5
0 0.6 0.4
0 0.7 0.3
0 0.8 0.2
0 0.9 0.1
0.941176 0 0.0588235
0.882353 0 0.117647
0.823529 0 0.176471
0.764706 0 0.235294
0.705882 0 0.294118
0.647059 0 0.352941
0.588235 0 0.411765
0.529412 0 0.470588
0.470588 0 0.529412
0.411765 0 0.588235
0.352941 0 0.647059
0.294118 0 0.705882
0.235294 0 0.764706
0.176471 0 0.823529
0.117647 0 0.882353
0.0588236 0 0.941176
0.626248 0.120635 0.253117
0.0938111 0.497205 0.408984
0.285077 0.163302 0.551621
0.166577 0.600191 0.233232
0.491646 0.419698 0.0886565
0.799646 0.0600412 0.140312
0.436922 0.0772173 0.485861
0.646917 0.271363 0.0817205
0.0380613 0.343283 0.618655
0.75167 0.169014 0.0793163
0.387932 0.236995 0.375073
0.185129 0.245325 0.569546
0.700381 0.218082 0.0815369
0.284468 0.615865 0.0996673
0.0508682 0.148481 0.800651
0.318076 0.509193 0.172731
0.0435467 0.627877 0.328577
0.380985 0.111642 0.507372
0.188371 0.34938 0.462249
0.491289 0.228014 0.280698
0.4383 0.289391 0.27231
0.127816 0.411905 0.460279
0.5915 0.320771 0.0877286
0.697172 0.12233 0.180498
0.544813 0.0752651 0.379922
0.250733 0.262427 0.48684
0.346768 0.575028 0.0782035
0.194126 0.6971 0.108774
0.594457 0.227315 0.178228
0.752246 0.085306 0.162448
0.114337 0.142185 0.743479
0.32907 0.270759 0.400171
0.158921 0.763569 0.07751
0.537536 0.278444 0.184021
0.0875606 0.833611 0.0788284
0.237564 0.385292 0.377143
0.085829 0.315913 0.598258
0.391398 0.490672 0.11793
0.436393 0.399977 0.163631
0.133696 0.687134 0.17917
0.847416 0.0736741 0.0789095
0.0715787 0.697279 0.231142
0.127532 0.228114 0.644354
0.492401 0.131108 0.376491
0.649716 0.190307 0.159976
0.554891 0.168538 0.276572
0.227107 0.159188 0.613705
0.224908 0.60825 0.166842
0.318434 0.0786956 0.602871
0.190626 0.48118 0.328194
0.0393515 0.252398 0.708251
0.387644 0.358425 0.253931
0.341858 0.402147 0.255995
0.038397 0.0634787 0.898124
0.252926 0.50537 0.241704
0.045178 0.530855 0.423967
0.0989769 0.598776 0.302247
0.0894244 0.0713133 0.839262
0.0476627 0.776417 0.175921
0.287748 0.426216 0.286035
0.437283 0.177739 0.384978
0.202602 0.0720491 0.725349
0.339603 0.170258 0.490138
0.138842 0.312681 0.548477
0.25849 0.0718164 0.669694
0.292919 0.336004 0.371077
0.669765 0.0613548 0.26888
0.539235 0.370688 0.0900768
0.803177 0.128393 0.0684308
0.147276 0.0697446 0.782979
0.453786 0.478399 0.067815
0.058163 0.425174 0.516663
0.043567 0.868099 0.0883338
0.493321 0.057298 0.449381
0.171497 0.153082 0.675421
0.914236 0.0374484 0.0483158
0.596301 0.0770184 0.326681
0.0804743 0.214001 0.705524
0.107242 0.769795 0.122962
0.139945 0.519485 0.340571
0.484255 0.330955 0.18479


3 1 30
0 21 31
13 12 51
34 33 52
40 39 53
16 15 54
25 24 55
18 17 56
17 16 59
56 17 59
16 54 59
8 7 60
9 8 60
23 22 61
28 27 63
41 40 64
40 53 64
15 14 69
54 15 69
56 59 70
38 37 71
65 58 72
10 9 73
9 60 73
60 62 73
7 6 74
54 69 75
34 52 76
35 34 76
70 35 76
56 70 76
72 49 78
6 5 79
74 6 79
75 69 80
5 4 81
65 72 82
11 10 84
10 73 84
73 62 84
50 74 86
74 79 86
20 19 87
32 20 87
33 32 87
52 33 87
28 63 88
59 54 91
47 70 91
70 59 91
54 75 91
75 47 91
47 75 92
90 71 92
75 80 92
80 66 92
66 90 92
49 72 93
72 58 93
74 50 94
60 7 94
7 74 94
42 41 95
41 64 95
68 65 96
65 82 96
94 50 96
24 23 97
55 24 97
83 55 97
23 61 97
57 67 98
67 85 98
78 57 98
85 84 98
78 98 99
84 62 99
98 84 99
22 2 100
2 46 100
61 22 100
62 60 101
60 94 101
96 82 101
94 96 101
27 26 102
63 27 102
50 86 103
86 88 103
88 63 103
63 102 103
102 48 103
46 45 104
100 46 104
77 61 104
61 100 104
29 28 105
28 88 105
99 62 106
62 101 106
101 82 106
57 64 107
64 53 107
66 67 107
67 57 107
53 90 107
90 66 107
44 43 108
78 49 109
64 57 109
57 78 109
49 95 109
95 64 109
65 68 110
68 83 110
58 65 110
89 58 110
83 89 110
49 93 111
43 42 111
42 95 111
95 49 111
93 108 111
108 43 111
72 78 112
82 72 112
106 82 112
78 99 112
99 106 112
36 35 113
35 70 113
47 36 113
70 47 113
14 13 114
69 14 114
13 51 114
80 69 114
19 18 115
76 52 115
18 56 115
56 76 115
52 87 115
87 19 115
45 44 116
77 104 116
104 45 116
44 108 116
12 11 117
51 12 117
85 51 117
11 84 117
84 85 117
25 55 118
68 48 118
55 83 118
83 68 118
26 25 118
102 26 118
48 102 118
4 3 119
81 4 119
3 30 119
30 29 119
29 105 119
105 81 119
39 38 120
38 71 120
71 90 120
53 39 120
90 53 120
58 89 121
89 77 121
77 116 121
93 58 121
108 93 121
116 108 121
21 20 122
20 32 122
31 21 122
32 31 122
37 36 123
36 47 123
71 37 123
47 92 123
92 71 123
61 77 124
77 89 124
97 61 124
89 83 124
83 97 124
79 5 125
5 81 125
86 79 125
88 86 125
81 105 125
105 88 125
96 50 126
48 68 126
68 96 126
50 103 126
103 48 126
67 66 127
66 80 127
51 85 127
85 67 127
114 51 127
80 114 127
