124
1 0 0
0 1 0
0 0 1
0.05 0.95 0
0.1 0.9 0
0.15 0.85 0
0.2 0.8 0
0.25 0.75 0
0.3 0.7 0
0.35 0.65 0
0.4 0.6 0
0.45 0.55 0
0.5 0.5 0
0.55 0.45 0
0.6 0.4 0
0.65 0.35 0
0.7 0.3 0
0.75 0.25 0
0.8 0.2 0
0.85 0.15 0
0.9 0.1 0
0.95 0.05 0
0 0.0769231 0.923077
0 0.153846 0.846154
0 0.230769 0.769231
0 0.307692 0.692308
0 0.384615 0.615385
0 0.461538 0.538462
0 0.538462 0.461538
0 0.615385 0.384615
0 0.692308 0.307692
0 0.769231 0.230769
0 0.846154 0.153846
0 0.923077 0.0769231
0.923077 0 0.0769231
0.846154 0 0.153846
0.769231 0 0.230769
0.692308 0 0.307692
0.615385 0 0.384615
0.538462 0 0.461538
0.461538 0 0.538462
0.384615 0 0.615385
0.307692 0 0.692308
0.230769 0 0.769231
0.153846 0 0.846154
0.0769231 0 0.923077
0.63097 0.116092 0.252938
0.108056 0.486187 0.405757
0.281424 0.134143 0.584433
0.170525 0.614959 0.214516
0.478478 0.413159 0.108363
0.803982 0.0607447 0.135273
0.424647 0.0745088 0.500844
0.642345 0.270749 0.0869058
0.0584797 0.348562 0.592959
0.718695 0.120496 0.160809
0.392674 0.251009 0.356317
0.175038 0.244169 0.580794
0.265929 0.628672 0.105399
0.0543234 0.131381 0.814296
0.307732 0.518894 0.173374
0.36041 0.116805 0.522785
0.179944 0.333048 0.487007
0.490254 0.227637 0.282109
0.737391 0.18439 0.0782184
0.161253 0.541365 0.297382
0.127883 0.397505 0.474612
0.588842 0.322953 0.0882058
0.878007 0.0479667 0.0740263
0.55169 0.0851252 0.363185
0.247976 0.247707 0.504317
0.32998 0.579305 0.0907157
0.214281 0.682008 0.103712
0.351263 0.0537525 0.594984
0.579989 0.242566 0.177445
0.123853 0.143682 0.732465
0.566334 0.166809 0.266857
0.523539 0.294403 0.182059
0.654143 0.186176 0.159681
0.0708531 0.827649 0.101498
0.218063 0.405679 0.376258
0.453296 0.322482 0.224222
0.374042 0.50643 0.119528
0.284493 0.0668879 0.648619
0.138339 0.68888 0.172781
0.0687073 0.693791 0.237501
0.493544 0.132225 0.374231
0.08241 0.206163 0.711427
0.737683 0.0547738 0.207543
0.299574 0.211366 0.48906
0.182058 0.475763 0.34218
0.113898 0.297351 0.58875
0.318479 0.293628 0.387893
0.424189 0.459863 0.115949
0.409686 0.385188 0.205126
0.0428727 0.576868 0.38026
0.135974 0.0729495 0.791077
0.342893 0.396101 0.261006
0.0460983 0.889322 0.0645793
0.668465 0.0592718 0.272263
0.124093 0.768781 0.107127
0.248711 0.4825 0.268788
0.047101 0.510892 0.442007
0.0514423 0.26562 0.682938
0.42903 0.16926 0.40171
0.208241 0.0730273 0.718732
0.530648 0.36756 0.101791
0.0608631 0.0666905 0.872446
0.0998814 0.562546 0.337573
0.0562463 0.433804 0.50995
0.0540705 0.756198 0.189731
0.206912 0.159529 0.63356
0.29817 0.437816 0.264013
0.257286 0.335142 0.407572
0.239541 0.557501 0.202957
0.0866879 0.631008 0.282304
0.696788 0.235255 0.0679568
0.599164 0.0502641 0.350572
0.356275 0.181253 0.462472
0.183531 0.73928 0.0771881
0.490511 0.0549657 0.454524
0.78989 0.131822 0.0782889
0.843976 0.0974271 0.0585972
0.374901 0.326948 0.298151


3 1 33
0 21 34
13 12 50
36 35 51
41 40 52
16 15 53
26 25 54
9 8 58
23 22 59
18 17 64
15 14 67
53 15 67
21 20 68
34 21 68
35 34 68
51 35 68
10 9 71
9 58 71
8 7 72
58 8 72
49 58 72
42 41 73
41 52 73
52 61 73
53 67 74
74 63 76
69 46 76
63 74 77
74 67 77
46 55 78
55 64 78
76 46 78
53 74 78
74 76 78
5 4 79
32 31 79
66 62 80
56 63 81
63 77 81
11 10 82
10 71 82
71 60 82
43 42 83
42 73 83
61 48 83
73 61 83
49 72 84
30 29 85
76 63 86
69 76 86
24 23 87
23 59 87
59 75 87
75 57 87
37 36 88
36 51 88
65 47 90
47 66 90
66 80 90
62 66 91
66 54 91
57 62 91
87 57 91
70 89 92
89 56 92
12 11 93
11 82 93
50 12 93
81 50 94
50 93 94
29 28 95
45 44 96
93 82 97
94 93 97
4 3 98
3 33 98
33 32 98
32 79 98
79 4 98
38 37 99
55 46 99
37 88 99
88 55 99
6 5 100
5 79 100
85 84 100
90 80 101
28 27 102
95 28 102
25 24 103
54 25 103
91 54 103
24 87 103
87 91 103
63 56 104
61 52 104
52 86 104
86 63 104
44 43 105
96 44 105
43 83 105
83 48 105
14 13 106
13 50 106
67 14 106
77 67 106
50 81 106
81 77 106
22 2 107
2 45 107
59 22 107
45 96 107
75 59 107
96 75 107
65 49 108
47 65 108
102 47 108
95 102 108
27 26 109
66 47 109
26 54 109
54 66 109
47 102 109
102 27 109
31 30 110
30 85 110
79 31 110
100 79 110
85 100 110
70 57 111
57 75 111
48 89 111
89 70 111
105 48 111
75 96 111
96 105 111
82 60 112
97 82 112
101 80 112
60 101 112
62 57 113
57 70 113
70 92 113
80 62 113
92 97 113
97 112 113
112 80 113
58 49 114
49 65 114
60 71 114
71 58 114
101 60 114
65 90 114
90 101 114
84 85 115
85 29 115
29 95 115
49 84 115
108 49 115
95 108 115
17 16 116
16 53 116
53 78 116
64 17 116
78 64 116
39 38 117
69 39 117
46 69 117
38 99 117
99 46 117
48 61 118
89 48 118
56 89 118
61 104 118
104 56 118
7 6 119
72 7 119
84 72 119
6 100 119
100 84 119
40 39 120
39 69 120
52 40 120
69 86 120
86 52 120
19 18 121
18 64 121
64 55 121
55 88 121
88 51 121
20 19 122
51 68 122
68 20 122
19 121 122
121 51 122
56 81 123
92 56 123
81 94 123
94 97 123
97 92 123
