131
1 0 0
0 1 0
0 0 1
0.0500001 0.95 0
0.1 0.9 0
0.15 0.85 0
0.2 0.8 0
0.25 0.75 0
0.3 0.7 0
0.35 0.65 0
0.4 0.6 0
0.45 0.55 0
0.5 0.5 0
0.55 0.45 0
0.6 0.4 0
0.65 0.35 0
0.7 0.3 0
0.75 0.25 0
0.8 0.2 0
0.85 0.15 0
0.9 0.1 0
0.95 0.05 0
0 0.0526316 0.947368
0 0.105263 0.894737
0 0.157895 0.842105
0 0.210526 0.789474
0 0.263158 0.736842
0 0.315789 0.684211
0 0.368421 0.631579
0 0.421053 0.578947
0 0.473684 0.526316
0 0.526316 0.473684
0 0.578947 0.421053
0 0.631579 0.368421
0 0.684211 0.315789
0 0.736842 0.263158
0 0.789474 0.210526
0 0.842105 0.157895
0 0.894737 0.105263
0 0.947368 0.0526316
0.888889 0 0.111111
0.777778 0 0.222222
0.666667 0 0.333333
0.555556 0 0.444444
0.444444 0 0.555556
0.333333 0 0.666667
0.222222 0 0.777778
0.111111 0 0.888889
0.822586 0.0335194 0.143895
0.631325 0.115788 0.252887
0.0939449 0.500553 0.405502
0.260415 0.146265 0.59332
0.158196 0.608183 0.233621
0.491874 0.415679 0.0924474
0.429583 0.0692781 0.501139
0.641276 0.272699 0.0860247
0.748458 0.175159 0.0763832
0.739222 0.132416 0.128361
0.37143 0.25372 0.37485
0.656839 0.0576386 0.285522
0.1655 0.243703 0.590798
0.267499 0.631909 0.100592
0.291254 0.520328 0.188418
0.377627 0.131966 0.490407
0.195873 0.339987 0.46414
0.473039 0.232429 0.294532
0.165377 0.545029 0.289594
0.116761 0.391721 0.491518
0.341429 0.568406 0.0901649
0.583489 0.323516 0.0929955
0.548369 0.0745443 0.377086
0.154008 0.657402 0.188589
0.159366 0.189902 0.650732
0.587114 0.231809 0.181077
0.0867745 0.333866 0.57936
0.755637 0.0782039 0.166159
0.130381 0.141887 0.727733
0.554046 0.175489 0.270465
0.147011 0.77775 0.0752385
0.527055 0.286335 0.18661
0.267131 0.251256 0.481613
0.6533 0.175902 0.170798
0.69333 0.22065 0.0860204
0.0826868 0.829725 0.0875879
0.230881 0.384555 0.384565
0.459566 0.336892 0.203542
0.105253 0.44866 0.446086
0.247152 0.0424565 0.710392
0.0866125 0.703434 0.209954
0.497764 0.122815 0.379421
0.243929 0.204136 0.551935
0.357483 0.0372576 0.605259
0.461176 0.466458 0.0723664
0.311914 0.0846374 0.603449
0.296229 0.463189 0.240582
0.41324 0.383699 0.203061
0.125714 0.0631058 0.81118
0.203529 0.694125 0.102345
0.196351 0.486018 0.317631
0.325629 0.346857 0.327514
0.0799014 0.280057 0.640041
0.406644 0.516663 0.0766929
0.446558 0.17545 0.377992
0.0718201 0.648812 0.279367
0.0726625 0.0306711 0.896666
0.291741 0.296922 0.411336
0.349918 0.199617 0.450466
0.0810703 0.59544 0.32349
0.0714037 0.763928 0.164668
0.07867 0.229079 0.692251
0.394755 0.436309 0.168935
0.592443 0.0314012 0.376155
0.823895 0.108984 0.0671208
0.863835 0.0664286 0.0697362
0.197514 0.0951143 0.707372
0.504081 0.0345772 0.461342
0.0696707 0.182673 0.747656
0.731402 0.0326764 0.235922
0.313801 0.408482 0.277717
0.242496 0.574211 0.183293
0.912386 0.0274703 0.0601441
0.0731735 0.548436 0.37839
0.149589 0.735201 0.11521
0.0399085 0.921037 0.0390548
0.210463 0.432972 0.356565
0.0776677 0.102883 0.81945
0.160187 0.0270056 0.812807
0.414512 0.293968 0.291521
0.533765 0.370007 0.0962284
0.374093 0.48216 0.143748
0.174339 0.292673 0.532988


3 1 39
41 40 48
31 30 50
14 13 53
17 16 55
19 18 56
19 56 57
10 9 61
9 8 61
29 28 67
11 10 68
10 61 68
16 15 69
55 16 69
59 49 70
52 61 71
28 27 74
64 67 74
67 28 74
57 49 75
49 59 75
51 72 76
73 65 77
7 6 78
55 69 79
73 55 79
65 73 79
49 57 81
77 49 81
57 56 81
73 77 81
18 17 82
56 18 82
17 55 82
55 73 82
81 56 82
73 81 82
5 4 83
4 38 83
38 37 83
6 5 83
78 6 83
37 36 83
67 64 84
79 69 85
30 29 86
29 67 86
50 30 86
46 45 87
35 34 88
63 54 89
54 70 89
70 49 89
49 77 89
60 72 90
80 60 90
72 51 90
45 44 91
44 54 91
87 45 91
13 12 92
53 13 92
54 63 93
91 54 93
63 51 93
87 91 93
61 8 97
71 61 97
8 7 97
88 71 97
62 66 98
94 62 98
66 50 98
50 86 98
84 64 99
85 95 99
27 26 100
74 27 100
12 11 101
11 68 101
68 62 101
92 12 101
77 65 102
63 89 102
89 77 102
34 33 103
52 71 103
71 88 103
88 34 103
22 2 104
2 47 104
96 22 104
99 64 105
80 58 105
51 63 106
90 51 106
58 80 106
80 90 106
65 58 106
102 65 106
63 102 106
33 32 107
66 52 107
52 103 107
103 33 107
36 35 108
78 83 108
83 36 108
35 88 108
26 25 109
72 60 109
60 100 109
100 26 109
53 92 110
95 53 110
43 42 111
42 59 111
59 70 111
20 19 112
19 57 112
57 75 112
21 20 113
20 112 113
75 48 113
112 75 113
51 76 114
93 51 114
87 93 114
96 87 114
44 43 115
54 44 115
43 111 115
70 54 115
111 70 115
25 24 116
24 76 116
76 72 116
72 109 116
109 25 116
42 41 117
59 42 117
41 48 117
48 75 117
75 59 117
84 99 118
99 95 118
110 94 118
95 110 118
61 52 119
68 61 119
52 66 119
66 62 119
62 68 119
0 21 120
40 0 120
48 40 120
21 113 120
113 48 120
32 31 121
31 50 121
50 66 121
66 107 121
107 32 121
7 78 122
97 7 122
88 97 122
78 108 122
108 88 122
4 3 123
3 39 123
38 4 123
39 38 123
67 84 124
86 67 124
98 86 124
94 98 124
84 118 124
118 94 124
24 23 125
76 24 125
23 22 125
22 96 125
96 114 125
114 76 125
47 46 126
46 87 126
87 96 126
96 104 126
104 47 126
58 65 127
65 79 127
79 85 127
105 58 127
85 99 127
99 105 127
15 14 128
69 15 128
14 53 128
85 69 128
53 95 128
95 85 128
62 94 129
101 62 129
92 101 129
94 110 129
110 92 129
100 60 130
64 74 130
74 100 130
105 64 130
60 80 130
80 105 130
