40
1 0 0
0 1 0
0 0 1
0.05 0.95 0
0.0999999 0.9 0
0.15 0.85 0
0.2 0.8 0
0.25 0.75 0
0.3 0.7 0
0.35 0.65 0
0.4 0.6 0
0.45 0.55 0
0.5 0.5 0
0.55 0.45 0
0.6 0.4 0
0.65 0.35 0
0.7 0.3 0
0.75 0.25 0
0.8 0.2 0
0.85 0.15 0
0.9 0.1 0
0.95 0.05 0
0 0.0833333 0.916667
0 0.166667 0.833333
0 0.25 0.75
0 0.333333 0.666667
0 0.416667 0.583333
0 0.5 0.5
0 0.583333 0.416667
0 0.666667 0.333333
0 0.75 0.25
0 0.833333 0.166667
0 0.916667 0.0833333
0.875 0 0.125
0.75 0 0.25
0.625 0 0.375
0.5 0 0.5
0.375 0 0.625
0.25 0 0.75
0.125 0 0.875


2 14 22
14 13 22
13 12 23
22 13 23
12 11 24
23 12 24
11 10 25
24 11 25
10 9 26
25 10 26
9 8 27
26 9 27
8 7 28
27 8 28
7 6 29
28 7 29
6 5 30
29 6 30
5 4 31
30 5 31
3 1 32
4 3 32
31 4 32
0 21 33
21 20 33
20 19 34
33 20 34
19 18 35
34 19 35
18 17 36
35 18 36
17 16 37
36 17 37
16 15 38
37 16 38
14 2 39
15 14 39
38 15 39
