155
1 0 0
0 1 0
0 0 1
0.05 0.95 0
0.1 0.9 0
0.15 0.85 0
0.2 0.8 0
0.25 0.75 0
0.3 0.7 0
0.35 0.65 0
0.4 0.6 0
0.45 0.55 0
0.5 0.5 0
0.55 0.45 0
0.6 0.4 0
0.65 0.35 0
0.7 0.3 0
0.75 0.25 0
0.8 0.2 0
0.85 0.15 0
0.9 0.1 0
0.95 0.05 0
0 0.0625 0.9375
0 0.125 0.875
0 0.1875 0.8125
0 0.25 0.75
0 0.3125 0.6875
0 0.375 0.625
0 0.4375 0.5625
0 0.5 0.5
0 0.5625 0.4375
0 0.625 0.375
0 0.6875 0.3125
0 0.75 0.25
0 0.8125 0.1875
0 0.875 0.125
0 0.9375 0.0625
0.928571 0 0.0714286
0.857143 0 0.142857
0.785714 0 0.214286
0.714286 0 0.285714
0.642857 0 0.357143
0.571429 0 0.428571
0.5 0 0.5
0.428571 0 0.571429
0.357143 0 0.642857
0.285714 0 0.714286
0.214286 0 0.785714
0.142857 0 0.857143
0.0714286 0 0.928571
0.815625 0.0425481 0.141827
0.619768 0.110606 0.269626
0.110083 0.478342 0.411575
0.273387 0.139042 0.587571
0.1533 0.61273 0.23397
0.479247 0.409161 0.111592
0.409481 0.0742311 0.516288
0.642948 0.272378 0.0846739
0.0459007 0.341184 0.612916
0.742229 0.186011 0.07176
0.734557 0.134029 0.131414
0.404453 0.257737 0.33781
0.667091 0.0516514 0.281258
0.186071 0.255996 0.557933
0.697986 0.234757 0.0672571
0.277047 0.635477 0.0874768
0.0555608 0.144888 0.799551
0.319407 0.517762 0.162831
0.371686 0.140266 0.488048
0.171631 0.33823 0.490139
0.497635 0.233571 0.268793
0.167059 0.537811 0.29513
0.120848 0.399498 0.479654
0.339455 0.581267 0.0792779
0.58377 0.328434 0.0877963
0.883849 0.0470788 0.0690724
0.552575 0.0720165 0.375409
0.131088 0.211906 0.657006
0.252219 0.239927 0.507854
0.202312 0.663305 0.134383
0.342683 0.0445406 0.612777
0.584908 0.244777 0.170315
0.530239 0.286555 0.183206
0.133816 0.133301 0.732883
0.573184 0.180662 0.246154
0.149759 0.788979 0.061262
0.777502 0.0868706 0.135628
0.659844 0.181189 0.158967
0.0936358 0.828601 0.0777633
0.228375 0.3842 0.387425
0.445143 0.349619 0.205238
0.39552 0.51901 0.0854701
0.263916 0.0378119 0.698272
0.137587 0.684892 0.177522
0.0681653 0.705261 0.226574
0.0550397 0.779483 0.165478
0.498425 0.119425 0.38215
0.0624238 0.407576 0.530001
0.740827 0.0453236 0.213849
0.303922 0.188353 0.507725
0.466987 0.476496 0.0565177
0.215468 0.116372 0.66816
0.195371 0.463319 0.34131
0.126718 0.280545 0.592738
0.300633 0.461867 0.2375
0.320507 0.270627 0.408866
0.402694 0.394084 0.203222
0.0503407 0.890349 0.0593103
0.133381 0.0652678 0.801351
0.0656942 0.272711 0.661595
0.437654 0.20418 0.358167
0.337156 0.400228 0.262616
0.45877 0.294298 0.246931
0.42268 0.448404 0.128915
0.299065 0.349104 0.351831
0.606616 0.0468425 0.346542
0.246951 0.695536 0.0575131
0.116693 0.75189 0.131417
0.218 0.590464 0.191536
0.519801 0.0347691 0.44543
0.196155 0.0627331 0.741112
0.0655513 0.200773 0.733676
0.0445198 0.64976 0.30572
0.509874 0.344864 0.145262
0.842405 0.0931 0.0644952
0.100992 0.56204 0.336969
0.0933335 0.631762 0.274904
0.211653 0.18071 0.607638
0.546002 0.39262 0.0613781
0.241719 0.306963 0.451317
0.371375 0.202171 0.426454
0.377579 0.327728 0.294693
0.241851 0.508279 0.24987
0.334838 0.110657 0.554505
0.046478 0.469729 0.483793
0.27573 0.567954 0.156316
0.0656112 0.0853256 0.849063
0.434899 0.142036 0.423065
0.0971171 0.339199 0.563684
0.699592 0.100134 0.200274
0.0489027 0.529408 0.421689
0.477856 0.0786569 0.443487
0.363951 0.458128 0.177921
0.0438592 0.592318 0.363822
0.265771 0.424414 0.309815
0.464649 0.0331791 0.502172
0.189858 0.73381 0.076332
0.274663 0.0815839 0.643753
0.499368 0.17297 0.327662
0.0438063 0.0347153 0.921478
0.55242 0.128708 0.318872
0.796558 0.140429 0.0630129
0.16681 0.416561 0.416629
0.0382051 0.839077 0.122718
0.0962163 0.0341414 0.869642


3 1 36
0 21 37
39 38 50
16 15 57
27 26 58
18 17 59
41 40 62
17 16 64
16 57 64
59 17 64
9 8 65
24 23 66
10 9 73
9 65 73
15 14 74
57 15 74
21 20 75
37 21 75
38 37 75
50 38 75
46 45 80
45 44 80
44 56 80
57 74 81
70 81 82
81 74 82
81 70 84
6 5 85
60 59 87
59 64 87
64 57 87
57 81 87
84 51 87
81 84 87
5 4 88
85 5 88
11 10 91
10 73 91
73 67 91
47 46 92
46 80 92
54 79 93
33 32 94
34 33 95
33 94 95
28 27 97
27 58 97
72 52 97
40 39 98
39 50 98
50 86 98
62 40 98
13 12 100
55 13 100
12 11 100
11 91 100
71 52 102
63 69 103
77 63 103
78 99 105
90 55 106
4 3 107
3 36 107
36 35 107
88 4 107
26 25 109
58 26 109
77 103 109
70 61 110
61 70 112
70 82 112
55 100 113
106 55 113
100 91 113
42 41 115
76 42 115
41 62 115
62 51 115
51 76 115
8 7 116
65 8 116
79 65 116
94 93 117
85 88 117
88 95 117
95 94 117
54 71 118
65 79 118
79 54 118
43 42 119
42 76 119
48 47 120
108 48 120
101 83 120
83 108 120
47 92 120
24 66 121
66 83 121
83 77 121
25 24 121
109 25 121
77 109 121
32 31 122
94 32 122
55 90 123
82 74 123
90 112 123
112 82 123
50 75 124
75 20 124
20 19 124
86 50 124
52 71 125
71 54 125
54 93 126
93 94 126
94 122 126
125 54 126
63 77 127
78 63 127
53 99 127
99 78 127
101 53 127
77 83 127
83 101 127
14 13 128
13 55 128
55 123 128
74 14 128
123 74 128
69 63 129
63 78 129
78 105 129
105 114 129
89 69 129
114 89 129
61 105 130
105 99 130
110 61 130
99 68 130
61 112 131
112 90 131
105 61 131
114 105 131
90 106 131
106 111 131
111 114 131
104 67 132
71 102 132
118 71 132
56 68 133
80 56 133
68 99 133
99 53 133
29 28 134
28 97 134
97 52 134
67 73 135
73 65 135
65 118 135
118 132 135
132 67 135
23 22 136
66 23 136
83 66 136
108 83 136
68 56 137
110 130 137
130 68 137
69 72 138
72 97 138
97 58 138
103 69 138
58 109 138
109 103 138
51 62 139
60 87 139
87 51 139
62 98 139
86 60 139
98 86 139
30 29 140
52 125 140
134 52 140
29 134 140
76 96 141
119 76 141
96 137 141
137 56 141
91 67 142
113 91 142
67 104 142
104 111 142
111 106 142
106 113 142
31 30 143
122 31 143
126 122 143
125 126 143
30 140 143
140 125 143
102 89 144
111 104 144
89 114 144
114 111 144
104 132 144
132 102 144
44 43 145
56 44 145
141 56 145
43 119 145
119 141 145
7 6 146
6 85 146
93 79 146
79 116 146
85 117 146
116 7 146
117 93 146
53 101 147
101 120 147
120 92 147
133 53 147
92 80 147
80 133 147
84 70 148
70 110 148
110 137 148
137 96 148
22 2 149
2 49 149
136 22 149
76 51 150
96 76 150
51 84 150
84 148 150
148 96 150
19 18 151
18 59 151
59 60 151
60 86 151
86 124 151
124 19 151
72 69 152
69 89 152
52 72 152
102 52 152
89 102 152
35 34 153
34 95 153
95 88 153
88 107 153
107 35 153
49 48 154
48 108 154
149 49 154
108 136 154
136 149 154
