74
1 0 0
0 1 0
0 0 1
0.0500001 0.95 0
0.1 0.9 0
0.15 0.85 0
0.2 0.8 0
0.25 0.75 0
0.3 0.7 0
0.35 0.65 0
0.4 0.6 0
0.45 0.55 0
0.5 0.5 0
0.55 0.45 0
0.6 0.4 0
0.65 0.35 0
0.7 0.3 0
0.75 0.25 0
0.8 0.2 0
0.85 0.15 0
0.9 0.1 0
0.95 0.05 0
0 0.0625 0.9375
0 0.125 0.875
0 0.1875 0.8125
0 0.25 0.75
0 0.3125 0.6875
0 0.375 0.625
0 0.4375 0.5625
0 0.5 0.5
0 0.5625 0.4375
0 0.625 0.375
0 0.6875 0.3125
0 0.75 0.25
0 0.8125 0.1875
0 0.875 0.125
0 0.9375 0.0625
0.833333 0 0.166667
0.666667 0 0.333333
0.5 0 0.5
0.333333 0 0.666667
0.166667 0 0.833333
0.64918 0.124745 0.226074
0.139955 0.484864 0.375181
0.293271 0.136724 0.570005
0.164004 0.626494 0.209502
0.800069 0.048283 0.151648
0.446555 0.069525 0.48392
0.360723 0.25451 0.384768
0.67209 0.0687664 0.259143
0.196023 0.260522 0.543455
0.291554 0.5286 0.179846
0.209537 0.323648 0.466816
0.481237 0.219927 0.298836
0.123195 0.40853 0.468275
0.143396 0.129778 0.726826
0.583058 0.172292 0.24465
0.407317 0.387034 0.205649
0.422844 0.327984 0.249172
0.279922 0.0742726 0.645806
0.139357 0.686301 0.174342
0.166842 0.194988 0.638169
0.291178 0.468254 0.240568
0.399578 0.440774 0.159648
0.117349 0.738013 0.144638
0.191531 0.563405 0.245064
0.136864 0.0648241 0.798312
0.532829 0.295043 0.172128
0.623704 0.238645 0.137651
0.236035 0.38904 0.374926
0.0808489 0.798913 0.120238
0.300262 0.190638 0.509101
0.422579 0.136322 0.441099
0.0632278 0.858821 0.0779514


3 1 36
4 3 36
35 4 36
0 21 37
19 18 42
29 28 43
9 8 45
31 30 45
21 20 46
37 21 46
38 37 46
40 39 47
20 19 49
46 20 49
19 42 49
39 38 49
38 46 49
42 47 49
47 39 49
25 24 50
11 10 51
26 25 52
25 50 52
28 27 54
43 28 54
27 26 54
23 22 55
18 17 56
42 18 56
47 42 56
14 13 57
15 14 58
14 57 58
50 48 58
52 50 58
57 52 58
41 40 59
40 47 59
8 7 60
32 31 60
31 45 60
45 8 60
24 23 61
23 55 61
48 50 61
50 24 61
12 11 62
11 51 62
51 43 62
43 54 62
13 12 63
57 13 63
12 62 63
7 6 64
6 33 64
33 32 64
32 60 64
60 7 64
10 9 65
9 45 65
30 29 65
45 30 65
51 10 65
29 43 65
43 51 65
44 55 66
55 22 66
22 2 66
59 44 66
2 41 66
41 59 66
16 15 67
48 53 67
53 16 67
15 58 67
58 48 67
17 16 68
16 53 68
53 56 68
56 17 68
26 52 69
54 26 69
52 57 69
57 63 69
62 54 69
63 62 69
6 5 70
5 34 70
33 6 70
34 33 70
44 53 71
53 48 71
48 61 71
55 44 71
61 55 71
53 44 72
56 53 72
47 56 72
59 47 72
44 59 72
5 4 73
4 35 73
34 5 73
35 34 73
