167
1 0 0
0 1 0
0 0 1
0.05 0.95 0
0.1 0.9 0
0.15 0.85 0
0.2 0.8 0
0.25 0.75 0
0.3 0.7 0
0.35 0.65 0
0.4 0.6 0
0.45 0.55 0
0.5 0.5 0
0.55 0.45 0
0.6 0.4 0
0.65 0.35 0
0.7 0.3 0
0.75 0.25 0
0.8 0.2 0
0.85 0.15 0
0.9 0.1 0
0.95 0.05 0
0 0.0526316 0.947368
0 0.105263 0.894737
0 0.157895 0.842105
0 0.210526 0.789474
0 0.263158 0.736842
0 0.315789 0.684211
0 0.368421 0.631579
0 0.421053 0.578947
0 0.473684 0.526316
0 0.526316 0.473684
0 0.578947 0.421053
0 0.631579 0.368421
0 0.684211 0.315789
0 0.736842 0.263158
0 0.789474 0.210526
0 0.842105 0.157895
0 0.894737 0.105263
0 0.947368 0.0526316
0.923077 0 0.0769231
0.846154 0 0.153846
0.769231 0 0.230769
0.692308 0 0.307692
0.615385 0 0.384615
0.538462 0 0.461538
0.461538 0 0.538462
0.384615 0 0.615385
0.307692 0 0.692308
0.230769 0 0.769231
0.153846 0 0.846154
0.076923 0 0.923077
0.621676 0.11171 0.266615
0.10785 0.506448 0.385702
0.282023 0.139502 0.578476
0.150856 0.598804 0.25034
0.480895 0.411471 0.107634
0.793444 0.0545282 0.152028
0.405865 0.0724732 0.521662
0.642408 0.277204 0.0803872
0.750566 0.169786 0.0796482
0.758309 0.115353 0.126339
0.404571 0.25721 0.338218
0.649464 0.0610909 0.289445
0.169939 0.245536 0.584525
0.699262 0.224169 0.0765684
0.2827 0.629626 0.0876745
0.0497091 0.148399 0.801892
0.307692 0.526396 0.165912
0.370552 0.129503 0.499946
0.186673 0.342289 0.471038
0.500724 0.233454 0.265822
0.1613 0.539498 0.299202
0.133307 0.392952 0.473741
0.350254 0.571392 0.0783532
0.584296 0.339613 0.0760903
0.883827 0.0453118 0.0708615
0.551755 0.0745684 0.373676
0.131991 0.659984 0.208026
0.142839 0.200978 0.656183
0.263679 0.248417 0.487905
0.20557 0.675329 0.119102
0.2228 0.718986 0.0582142
0.342748 0.0438294 0.613422
0.596405 0.235844 0.167752
0.274921 0.481659 0.24342
0.0648053 0.379339 0.555856
0.0598162 0.325192 0.614991
0.130351 0.133378 0.736271
0.581131 0.175732 0.243137
0.15766 0.780502 0.0618377
0.53613 0.293267 0.170603
0.657381 0.190478 0.152141
0.0798862 0.845656 0.0744581
0.228783 0.377398 0.393819
0.0766233 0.789795 0.133582
0.448341 0.33353 0.218129
0.404079 0.506003 0.0899173
0.260996 0.0376163 0.701387
0.069018 0.702029 0.228953
0.492256 0.126524 0.38122
0.233679 0.199855 0.566466
0.725924 0.0405372 0.233539
0.357294 0.22307 0.419635
0.482907 0.458302 0.0587907
0.217768 0.116663 0.665569
0.188321 0.479143 0.332536
0.422424 0.394101 0.183474
0.119223 0.289392 0.591386
0.32363 0.280045 0.396325
0.422525 0.447695 0.12978
0.496223 0.175003 0.328774
0.137053 0.726324 0.136623
0.113679 0.452815 0.433506
0.130742 0.0640347 0.805223
0.0754912 0.26154 0.662969
0.344626 0.408552 0.246822
0.0480993 0.902164 0.0497363
0.456005 0.284246 0.259749
0.305915 0.337289 0.356796
0.818087 0.128275 0.0536374
0.370766 0.360526 0.268709
0.0644982 0.0899494 0.845552
0.483189 0.0461691 0.470642
0.0555 0.433768 0.510732
0.066868 0.203046 0.730086
0.0565076 0.658117 0.285375
0.219633 0.567805 0.212562
0.50826 0.358489 0.133251
0.100351 0.564131 0.335518
0.083185 0.618118 0.298697
0.540291 0.403077 0.0566313
0.417131 0.163965 0.418904
0.0764543 0.038693 0.884853
0.272656 0.584006 0.143338
0.335527 0.0931079 0.571365
0.197176 0.077793 0.725031
0.265172 0.433478 0.30135
0.706915 0.0889471 0.204138
0.192452 0.0343773 0.773171
0.321414 0.186823 0.491763
0.0486385 0.541646 0.409715
0.351465 0.456391 0.192144
0.552603 0.130089 0.317308
0.381834 0.3098 0.308365
0.604177 0.0339204 0.361903
0.0593172 0.749327 0.191356
0.251071 0.311426 0.437503
0.183762 0.427458 0.38878
0.454324 0.101353 0.444323
0.231425 0.520209 0.248366
0.0502591 0.487827 0.461914
0.9462 0.0211657 0.0326347
0.273632 0.0810382 0.64533
0.208833 0.624015 0.167152
0.434334 0.210598 0.355069
0.419349 0.0303973 0.550254
0.833274 0.0876268 0.0790995
0.274605 0.672888 0.0525072
0.34458 0.61496 0.0404598
0.200998 0.160205 0.638797
0.0431683 0.590393 0.366439
0.676103 0.143633 0.180264
0.643749 0.315725 0.0405257
0.12562 0.336025 0.538355
0.188752 0.291259 0.519989
0.298463 0.384188 0.317349


3 1 39
22 2 51
42 41 57
17 16 59
19 18 60
18 17 65
60 18 65
17 59 65
24 23 67
25 24 67
11 10 74
15 14 75
21 20 76
41 40 76
57 41 76
63 52 77
8 7 82
48 47 83
65 59 84
29 28 86
28 27 87
86 28 87
84 71 89
6 5 90
7 6 90
82 7 90
59 75 91
84 59 91
71 84 91
60 65 92
65 84 92
84 89 92
5 4 93
38 37 93
90 5 93
73 70 94
37 36 95
93 37 95
90 93 95
12 11 97
11 74 97
74 68 97
49 48 98
48 83 98
35 34 99
64 79 101
80 64 101
43 42 102
63 43 102
42 57 102
13 12 104
12 97 104
72 53 106
80 103 109
103 62 109
56 104 110
107 56 110
104 97 110
89 71 111
81 82 112
82 90 112
78 81 112
99 78 112
90 95 112
106 53 113
79 64 115
64 108 115
27 26 115
87 27 115
108 87 115
4 3 117
3 39 117
39 38 117
38 93 117
93 4 117
62 71 118
71 91 118
91 96 118
20 19 120
19 60 120
60 61 120
96 107 121
107 116 121
23 22 122
67 23 122
88 67 122
114 88 122
46 45 123
45 77 123
30 29 124
29 86 124
86 73 124
73 113 124
25 67 125
67 88 125
88 79 125
26 25 125
115 26 125
79 115 125
34 33 126
78 99 126
99 34 126
55 72 127
91 75 128
96 91 128
56 107 128
107 96 128
53 72 129
72 55 129
55 78 130
78 126 130
129 55 130
126 33 130
14 13 131
13 104 131
104 56 131
56 128 131
75 14 131
128 75 131
100 111 132
51 50 133
50 114 133
22 51 133
122 22 133
114 122 133
68 74 134
127 68 134
58 69 135
83 58 135
69 54 135
105 88 136
88 114 136
85 106 137
57 61 138
102 57 138
52 63 138
63 102 138
50 49 139
114 50 139
49 98 139
98 136 139
136 114 139
54 69 140
101 54 140
80 101 140
103 80 140
69 132 140
132 103 140
32 31 141
53 129 141
68 85 142
97 68 142
110 97 142
107 110 142
116 107 142
85 137 142
137 116 142
77 52 143
100 77 143
52 89 143
89 111 143
111 100 143
109 62 144
119 109 144
118 96 144
96 121 144
62 118 144
121 119 144
44 43 145
43 63 145
45 44 145
77 45 145
63 77 145
36 35 146
95 36 146
35 99 146
99 112 146
112 95 146
80 109 147
94 70 147
119 94 147
109 119 147
73 94 148
113 73 148
106 113 148
94 137 148
137 106 148
69 58 149
77 100 149
123 77 149
58 123 149
100 132 149
132 69 149
72 106 150
106 85 150
127 72 150
85 68 150
68 127 150
31 30 151
113 53 151
30 124 151
124 113 151
53 141 151
141 31 151
0 21 152
40 0 152
21 76 152
76 40 152
54 105 153
135 54 153
98 83 153
83 135 153
105 136 153
136 98 153
78 55 154
81 78 154
66 81 154
134 66 154
55 127 154
127 134 154
71 62 155
111 71 155
62 103 155
103 132 155
132 111 155
47 46 156
58 83 156
83 47 156
46 123 156
123 58 156
76 20 157
20 120 157
61 57 157
120 61 157
57 76 157
9 8 158
66 9 158
81 66 158
8 82 158
82 81 158
10 9 159
9 66 159
74 10 159
66 134 159
134 74 159
79 88 160
88 105 160
54 101 160
105 54 160
101 79 160
33 32 161
130 33 161
129 130 161
32 141 161
141 129 161
61 60 162
60 92 162
89 52 162
92 89 162
138 61 162
52 138 162
16 15 163
59 16 163
15 75 163
75 59 163
70 73 164
73 86 164
86 87 164
87 108 164
64 80 165
80 147 165
147 70 165
108 64 165
70 164 165
164 108 165
119 121 166
121 116 166
94 119 166
137 94 166
116 137 166
