103
1 0 0
0 1 0
0 0 1
0.05 0.95 0
0.1 0.9 0
0.15 0.85 0
0.2 0.8 0
0.25 0.75 0
0.3 0.7 0
0.35 0.65 0
0.4 0.6 0
0.45 0.55 0
0.5 0.5 0
0.55 0.45 0
0.6 0.4 0
0.65 0.35 0
0.7 0.3 0
0.75 0.25 0
0.8 0.2 0
0.85 0.15 0
0.9 0.1 0
0.95 0.05 0
0 0.0555556 0.944444
0 0.111111 0.888889
0 0.166667 0.833333
0 0.222222 0.777778
0 0.277778 0.722222
0 0.333333 0.666667
0 0.388889 0.611111
0 0.444444 0.555556
0 0.5 0.5
0 0.555556 0.444444
0 0.611111 0.388889
0 0.666667 0.333333
0 0.722222 0.277778
0 0.777778 0.222222
0 0.833333 0.166667
0 0.888889 0.111111
0 0.944444 0.0555556
0.857143 0 0.142857
0.714286 0 0.285714
0.571429 0 0.428571
0.428571 0 0.571429
0.285714 0 0.714286
0.142857 0 0.857143
0.630108 0.12427 0.245621
0.0938108 0.489669 0.41652
0.273132 0.149815 0.577053
0.15678 0.604846 0.238374
0.476853 0.407616 0.115531
0.808274 0.0546459 0.13708
0.401843 0.0710362 0.527121
0.39013 0.265574 0.344296
0.658929 0.0596309 0.28144
0.169272 0.242135 0.588593
0.268858 0.633165 0.097977
0.303684 0.521928 0.174387
0.197115 0.329023 0.473862
0.492891 0.233887 0.273221
0.631079 0.241116 0.127804
0.147277 0.542445 0.310277
0.126416 0.410097 0.463487
0.14709 0.659355 0.193555
0.149586 0.189035 0.66138
0.588636 0.295593 0.115771
0.755388 0.125419 0.119193
0.133717 0.129941 0.736342
0.565862 0.179149 0.254988
0.23879 0.385359 0.37585
0.410271 0.321723 0.268006
0.25959 0.0424384 0.697972
0.0918783 0.704411 0.20371
0.49371 0.122929 0.383361
0.375804 0.0288514 0.595344
0.30929 0.214386 0.476324
0.102694 0.353549 0.543757
0.274865 0.453657 0.271478
0.425624 0.453993 0.120383
0.137552 0.451896 0.410552
0.0686642 0.859099 0.072237
0.13102 0.0671792 0.801801
0.389876 0.373278 0.236847
0.288348 0.575297 0.136354
0.118514 0.756876 0.12461
0.371296 0.116628 0.512076
0.306183 0.339507 0.35431
0.68995 0.186962 0.123088
0.189948 0.712619 0.0974336
0.256142 0.0914206 0.652438
0.421181 0.1709 0.407919
0.0748615 0.0295039 0.895635
0.527805 0.352684 0.119511
0.106846 0.289077 0.604077
0.273576 0.283651 0.442773
0.504567 0.0371495 0.458283
0.0898471 0.812608 0.0975452
0.497162 0.294854 0.207985
0.0754859 0.580938 0.343576
0.542279 0.0803825 0.377338
0.392401 0.496921 0.110678
0.907098 0.0242416 0.0686609
0.349993 0.415821 0.234186
0.205464 0.493072 0.301464


3 1 38
4 3 38
37 4 38
30 29 46
14 13 49
21 20 50
40 39 50
41 40 53
40 50 53
10 9 55
9 8 55
17 16 59
31 30 60
30 46 60
29 28 61
33 32 62
32 48 62
55 8 62
48 55 62
25 24 63
54 25 63
16 15 64
58 59 64
59 16 64
19 18 65
20 19 65
50 20 65
45 53 65
53 50 65
24 23 66
63 24 66
47 63 66
59 58 67
44 43 70
34 33 71
33 62 71
45 67 72
43 42 73
51 70 73
70 43 73
58 52 74
63 47 74
54 63 74
28 27 75
61 28 75
57 68 75
68 61 75
61 68 76
13 12 77
49 13 77
46 29 78
29 61 78
61 76 78
5 4 79
4 37 79
37 36 79
23 22 80
66 23 80
10 55 82
55 48 82
11 10 82
56 11 82
48 60 82
60 56 82
7 6 83
35 34 83
34 71 83
51 72 84
68 57 85
81 68 85
69 81 85
18 17 86
17 59 86
45 65 86
65 18 86
67 45 86
59 67 86
8 7 87
62 8 87
71 62 87
7 83 87
83 71 87
47 66 88
66 80 88
70 51 88
51 84 88
84 47 88
80 70 88
74 47 89
67 58 89
58 74 89
47 84 89
72 67 89
84 72 89
22 2 90
80 22 90
2 44 90
44 70 90
70 80 90
15 14 91
64 15 91
14 49 91
49 81 91
81 69 91
26 25 92
25 54 92
27 26 92
75 27 92
57 75 92
54 74 93
74 52 93
85 57 93
52 69 93
69 85 93
57 92 93
92 54 93
42 41 94
41 53 94
51 73 94
73 42 94
6 5 95
36 35 95
5 79 95
79 36 95
35 83 95
83 6 95
52 58 96
58 64 96
69 52 96
64 91 96
91 69 96
32 31 97
48 32 97
31 60 97
60 48 97
72 51 98
51 94 98
53 45 98
94 53 98
45 72 98
12 11 99
11 56 99
77 12 99
56 76 99
76 77 99
0 21 100
39 0 100
21 50 100
50 39 100
76 68 101
77 76 101
49 77 101
81 49 101
68 81 101
56 60 102
60 46 102
46 78 102
76 56 102
78 76 102
