141
1 0 0
0 1 0
0 0 1
0.0500001 0.95 0
0.1 0.9 0
0.15 0.85 0
0.2 0.8 0
0.25 0.75 0
0.3 0.7 0
0.35 0.65 0
0.4 0.6 0
0.45 0.55 0
0.5 0.5 0
0.55 0.45 0
0.6 0.4 0
0.65 0.35 0
0.7 0.3 0
0.75 0.25 0
0.8 0.2 0
0.85 0.15 0
0.9 0.1 0
0.95 0.05 0
0 0.0909091 0.909091
0 0.181818 0.818182
0 0.272727 0.727273
0 0.363636 0.636364
0 0.454545 0.545454
0 0.545455 0.454545
0 0.636364 0.363636
0 0.727273 0.272727
0 0.818182 0.181818
0 0.909091 0.0909091
0.941176 0 0.0588235
0.882353 0 0.117647
0.823529 0 0.176471
0.764706 0 0.235294
0.705882 0 0.294118
0.647059 0 0.352941
0.588235 0 0.411765
0.529412 0 0.470588
0.470588 0 0.529412
0.411765 0 0.588235
0.352941 0 0.647059
0.294118 0 0.705882
0.235294 0 0.764706
0.176471 0 0.823529
0.117647 0 0.882353
0.0588236 0 0.941176
0.634373 0.122047 0.24358
0.0931773 0.501599 0.405223
0.27689 0.143748 0.579362
0.165202 0.610376 0.224422
0.486638 0.412762 0.100601
0.800768 0.0603859 0.138846
0.432956 0.077138 0.489906
0.64734 0.271424 0.081236
0.0386444 0.332081 0.629274
0.752188 0.17119 0.0766228
0.398895 0.256615 0.344491
0.185113 0.239909 0.574978
0.700477 0.218797 0.0807255
0.288374 0.628914 0.0827125
0.0515526 0.142707 0.805741
0.310692 0.496537 0.192772
0.0410043 0.636142 0.322854
0.383068 0.153838 0.463094
0.199557 0.323043 0.477401
0.494533 0.218549 0.286918
0.447756 0.26099 0.291254
0.115264 0.412105 0.472631
0.592126 0.321 0.0868734
0.697873 0.131517 0.17061
0.548177 0.0750025 0.376821
0.250332 0.245705 0.503963
0.342258 0.568086 0.089656
0.190594 0.683745 0.125661
0.594681 0.242046 0.163273
0.756993 0.0944921 0.148515
0.540139 0.271492 0.188369
0.115826 0.139645 0.744529
0.566938 0.165147 0.267915
0.349214 0.248128 0.402659
0.163798 0.760202 0.076
0.642518 0.188978 0.168504
0.0906918 0.835862 0.0734461
0.225475 0.402805 0.37172
0.905703 0.0451974 0.0490991
0.0866242 0.312808 0.600568
0.403547 0.516602 0.0798508
0.422922 0.429753 0.147325
0.134066 0.690453 0.175481
0.85286 0.0706209 0.0765195
0.0727711 0.702532 0.224697
0.128652 0.22766 0.643688
0.0510848 0.78521 0.163705
0.49426 0.129306 0.376433
0.226499 0.152701 0.6208
0.226715 0.618366 0.154919
0.3124 0.0670698 0.62053
0.194723 0.472258 0.333018
0.257492 0.0649129 0.677595
0.437537 0.171396 0.391067
0.377687 0.358684 0.263629
0.333888 0.412972 0.25314
0.0471306 0.872251 0.0806179
0.0384479 0.061295 0.900257
0.250297 0.484313 0.26539
0.31057 0.319727 0.369704
0.0412704 0.49981 0.45892
0.10361 0.606477 0.289913
0.0895115 0.0694543 0.841034
0.284052 0.413064 0.302884
0.607159 0.0683281 0.324513
0.0433944 0.243412 0.713193
0.203501 0.0707846 0.725714
0.540269 0.366046 0.0936855
0.493106 0.0574212 0.449473
0.489685 0.318175 0.19214
0.299445 0.222483 0.478072
0.141282 0.320082 0.538636
0.667704 0.0597995 0.272496
0.804473 0.128601 0.0669258
0.147795 0.0690704 0.783135
0.057847 0.565776 0.376377
0.455214 0.481887 0.0628987
0.207414 0.54721 0.245377
0.0559644 0.416266 0.52777
0.368531 0.0690539 0.562415
0.171937 0.151095 0.676968
0.43653 0.344469 0.219001
0.331898 0.147611 0.520492
0.110518 0.772055 0.117427
0.14598 0.513003 0.341016
0.256445 0.333356 0.410199
0.272056 0.561079 0.166864
0.720084 0.0565052 0.223411
0.367382 0.469581 0.163038
0.245258 0.686179 0.0685628
0.16558 0.408092 0.426327
0.210464 0.739638 0.0498986
0.0836584 0.209319 0.707023


3 1 31
0 21 32
13 12 52
35 34 53
41 40 54
16 15 55
25 24 56
18 17 57
17 16 60
57 17 60
16 55 60
9 8 61
23 22 62
28 27 64
29 28 64
15 14 70
55 15 70
57 60 71
39 38 72
66 59 73
10 9 74
9 61 74
55 70 76
35 53 77
57 71 77
76 70 78
76 78 80
78 67 80
65 58 81
6 5 82
60 55 83
48 71 83
71 60 83
55 76 83
76 80 83
80 48 83
5 4 84
21 20 86
32 21 86
33 32 86
11 10 88
10 74 88
51 75 90
75 82 90
20 19 91
34 33 91
53 34 91
33 86 91
86 20 91
29 64 92
30 29 94
29 92 94
72 80 95
80 67 95
50 73 96
73 59 96
75 51 97
43 42 98
50 96 100
44 43 100
43 98 100
98 50 100
58 65 101
68 58 101
65 54 101
54 95 101
67 68 101
95 67 101
81 58 102
4 3 104
84 4 104
3 31 104
31 30 104
30 94 104
94 84 104
22 2 105
2 47 105
62 22 105
99 85 106
81 102 107
102 103 107
27 26 108
51 90 109
90 92 109
92 64 109
47 46 110
105 47 110
79 62 110
62 105 110
106 85 111
103 63 111
63 106 111
107 103 111
38 37 112
72 38 112
48 80 112
80 72 112
24 23 113
23 62 113
56 24 113
87 56 113
45 44 114
44 100 114
100 96 114
14 13 115
70 14 115
13 52 115
78 70 115
40 39 116
39 72 116
72 95 116
54 40 116
95 54 116
68 67 117
67 78 117
115 52 117
78 115 117
73 50 118
81 107 118
107 73 118
69 87 119
59 66 119
93 59 119
87 93 119
37 36 120
71 48 120
48 112 120
112 37 120
19 18 121
77 53 121
18 57 121
57 77 121
53 91 121
91 19 121
46 45 122
79 110 122
110 46 122
45 114 122
64 27 123
27 108 123
109 64 123
108 49 123
49 109 123
12 11 124
52 12 124
89 52 124
11 88 124
88 89 124
97 51 125
99 106 125
26 25 126
25 56 126
56 87 126
87 69 126
69 49 126
49 108 126
108 26 126
42 41 127
41 54 127
54 65 127
98 42 127
59 93 128
93 79 128
96 59 128
79 122 128
114 96 128
122 114 128
58 68 129
102 58 129
89 102 129
52 89 129
117 52 129
68 117 129
50 98 130
118 50 130
65 81 130
81 118 130
98 127 130
127 65 130
82 5 131
5 84 131
90 82 131
92 90 131
84 94 131
94 92 131
49 69 132
51 109 132
109 49 132
99 125 132
125 51 132
66 73 133
85 66 133
73 107 133
107 111 133
111 85 133
63 74 134
74 61 134
106 63 134
61 97 134
97 125 134
125 106 134
36 35 135
35 77 135
77 71 135
71 120 135
120 36 135
74 63 136
88 74 136
63 103 136
89 88 136
102 89 136
103 102 136
8 7 137
61 8 137
97 61 137
75 97 137
66 85 138
85 99 138
69 119 138
119 66 138
99 132 138
132 69 138
7 6 139
6 82 139
82 75 139
75 137 139
137 7 139
62 79 140
79 93 140
113 62 140
93 87 140
87 113 140
