156
1 0 0
0 1 0
0 0 1
0.0500001 0.95 0
0.1 0.9 0
0.15 0.85 0
0.2 0.8 0
0.25 0.75 0
0.3 0.7 0
0.35 0.65 0
0.4 0.6 0
0.45 0.55 0
0.5 0.5 0
0.55 0.45 0
0.6 0.4 0
0.65 0.35 0
0.7 0.3 0
0.75 0.25 0
0.8 0.2 0
0.85 0.15 0
0.9 0.1 0
0.95 0.05 0
0 0.0526315 0.947368
0 0.105263 0.894737
0 0.157895 0.842105
0 0.210526 0.789474
0 0.263158 0.736842
0 0.315789 0.68421
0 0.368421 0.631579
0 0.421053 0.578947
0 0.473684 0.526316
0 0.526316 0.473684
0 0.578947 0.421053
0 0.631579 0.368421
0 0.68421 0.315789
0 0.736842 0.263158
0 0.789474 0.210526
0 0.842105 0.157895
0 0.894737 0.105263
0 0.947368 0.0526315
0.916667 0 0.0833333
0.833333 0 0.166667
0.75 0 0.25
0.666667 0 0.333333
0.583333 0 0.416667
0.5 0 0.5
0.416667 0 0.583333
0.333333 0 0.666667
0.25 0 0.75
0.166667 0 0.833333
0.0833334 0 0.916667
0.646154 0.122451 0.231394
0.0893103 0.504993 0.405696
0.285712 0.141608 0.57268
0.167458 0.60124 0.231302
0.480879 0.41171 0.107412
0.796381 0.0644766 0.139143
0.403681 0.072703 0.523616
0.645096 0.274597 0.0803064
0.75939 0.167242 0.0733679
0.736814 0.123082 0.140104
0.400668 0.258889 0.340443
0.644218 0.0647108 0.291071
0.172839 0.245395 0.581766
0.69977 0.221759 0.0784707
0.251137 0.631154 0.117709
0.31862 0.523385 0.157995
0.38669 0.122235 0.491075
0.160938 0.341126 0.497936
0.490866 0.231229 0.277905
0.158499 0.540586 0.300915
0.133922 0.398564 0.467514
0.352129 0.569024 0.0788469
0.599515 0.330708 0.069777
0.878037 0.0497348 0.0722284
0.551094 0.0757223 0.373183
0.142777 0.649497 0.207726
0.137853 0.197253 0.664894
0.270997 0.239986 0.489018
0.188948 0.681936 0.129116
0.222384 0.719018 0.0585977
0.360947 0.0411036 0.59795
0.595323 0.233728 0.17095
0.27402 0.485126 0.240854
0.0723893 0.377733 0.549877
0.0705951 0.326389 0.603015
0.139663 0.127474 0.732863
0.571967 0.177136 0.250896
0.157593 0.781433 0.0609742
0.536941 0.292508 0.170551
0.663097 0.177343 0.15956
0.0801076 0.84601 0.0738821
0.235152 0.381915 0.382933
0.0765552 0.790624 0.132821
0.451686 0.333003 0.215311
0.404945 0.505339 0.0897155
0.267776 0.0474244 0.6848
0.0834424 0.699912 0.216645
0.481513 0.123483 0.395003
0.239499 0.198728 0.561773
0.735615 0.0350833 0.229301
0.377004 0.218297 0.404699
0.479881 0.45857 0.0615495
0.23484 0.105848 0.659312
0.187149 0.481915 0.330936
0.430557 0.386972 0.182471
0.130672 0.293412 0.575916
0.313119 0.281845 0.405036
0.412905 0.441462 0.145633
0.484435 0.176998 0.338566
0.137233 0.734636 0.128131
0.104518 0.455056 0.440426
0.127792 0.0727186 0.799489
0.0773807 0.263577 0.659043
0.338224 0.403482 0.258294
0.04801 0.902356 0.0496343
0.456102 0.284013 0.259885
0.311237 0.345794 0.342968
0.600557 0.0346326 0.364811
0.526005 0.0352428 0.438752
0.37814 0.358795 0.263065
0.0600703 0.0998066 0.840123
0.823246 0.110063 0.0666911
0.0590599 0.216478 0.724463
0.0587496 0.657095 0.284156
0.204225 0.568087 0.227688
0.522833 0.361478 0.115689
0.0948669 0.56469 0.340443
0.0787447 0.612869 0.308386
0.0884112 0.0390935 0.872495
0.321119 0.089236 0.589645
0.264204 0.437144 0.298652
0.0467289 0.542915 0.410356
0.32744 0.17889 0.49367
0.381056 0.310218 0.308726
0.193549 0.0756336 0.730817
0.066817 0.163751 0.769432
0.715849 0.0815979 0.202553
0.0598301 0.749589 0.190581
0.183204 0.429614 0.387182
0.0562084 0.428553 0.515239
0.412324 0.165635 0.422041
0.535546 0.412536 0.0519177
0.214693 0.28726 0.498047
0.239688 0.528665 0.231646
0.343566 0.462967 0.193467
0.564445 0.120317 0.315238
0.470932 0.0785379 0.450531
0.449344 0.0345344 0.516122
0.203856 0.158094 0.63805
0.249562 0.325588 0.42485
0.180189 0.0340028 0.785808
0.264684 0.581166 0.15415
0.275742 0.66909 0.0551679
0.944205 0.0219176 0.0338779
0.329569 0.616799 0.0536322


3 1 39
22 2 50
31 30 52
17 16 58
19 18 59
18 17 64
59 18 64
17 58 64
11 10 72
15 14 73
16 15 73
58 16 73
21 20 74
41 40 74
56 41 74
54 65 76
76 65 79
8 7 80
47 46 81
64 58 82
29 28 84
68 71 84
28 27 85
84 28 85
68 84 85
82 69 87
6 5 88
7 6 88
80 7 88
58 73 89
82 58 89
69 82 89
51 60 90
60 59 90
59 64 90
87 51 90
64 82 90
82 87 90
5 4 91
38 37 91
88 5 91
71 68 92
37 36 93
91 37 93
88 91 93
12 11 95
11 72 95
72 66 95
48 47 96
47 81 96
35 34 97
76 79 97
63 77 99
78 63 99
42 41 100
41 56 100
43 42 100
62 43 100
69 61 101
13 12 102
12 95 102
70 52 104
68 85 106
78 101 107
101 61 107
55 102 108
105 55 108
102 95 108
87 69 109
69 101 109
79 80 110
97 79 110
80 88 110
88 93 110
52 30 111
104 52 111
77 63 113
27 26 113
85 27 113
106 85 113
63 106 113
105 108 114
4 3 115
3 39 115
39 38 115
38 91 115
91 4 115
61 69 116
69 89 116
89 94 116
114 92 117
44 43 118
43 62 118
62 75 118
45 44 119
44 118 119
118 75 119
94 105 120
105 114 120
114 117 120
24 23 121
23 22 121
112 86 121
20 19 122
60 56 122
19 59 122
59 60 122
56 74 122
74 20 122
26 25 123
113 26 123
77 113 123
34 33 124
76 97 124
97 34 124
54 70 125
73 14 126
89 73 126
94 89 126
55 105 126
105 94 126
52 70 127
70 54 127
54 76 128
76 124 128
33 32 128
32 127 128
127 54 128
124 33 128
22 50 129
50 49 129
112 121 129
121 22 129
57 67 130
67 53 130
81 57 130
53 103 130
96 81 130
103 96 130
83 104 131
92 114 131
32 31 132
127 32 132
31 52 132
52 127 132
53 67 133
78 99 133
101 78 133
99 53 133
107 61 134
117 107 134
116 94 134
94 120 134
61 116 134
120 117 134
96 103 135
103 86 135
86 112 135
24 121 136
121 86 136
25 24 136
123 25 136
86 77 136
77 123 136
60 51 137
51 62 137
56 60 137
100 56 137
62 100 137
36 35 138
93 36 138
110 93 138
35 97 138
97 110 138
104 111 139
111 71 139
71 92 139
92 131 139
131 104 139
29 84 140
84 71 140
30 29 140
111 30 140
71 111 140
67 98 141
98 109 141
109 101 141
101 133 141
133 67 141
14 13 142
13 102 142
102 55 142
55 126 142
126 14 142
63 78 143
106 63 143
68 106 143
78 107 143
70 104 144
104 83 144
125 70 144
83 66 144
66 83 145
95 66 145
108 95 145
114 108 145
83 131 145
131 114 145
62 51 146
75 62 146
98 75 146
51 87 146
87 109 146
109 98 146
67 57 147
98 67 147
75 98 147
119 75 147
46 45 148
57 81 148
81 46 148
147 57 148
45 119 148
119 147 148
53 99 149
99 77 149
103 53 149
77 86 149
86 103 149
92 68 150
117 92 150
107 117 150
143 107 150
68 143 150
112 129 151
129 49 151
49 48 151
135 112 151
48 96 151
96 135 151
65 54 152
54 125 152
66 72 152
125 144 152
144 66 152
9 8 153
79 65 153
8 80 153
80 79 153
0 21 154
40 0 154
21 74 154
74 40 154
10 9 155
72 10 155
65 152 155
152 72 155
9 153 155
153 65 155
