88
1 0 0
0 1 0
0 0 1
0.05 0.95 0
0.1 0.9 0
0.15 0.85 0
0.2 0.8 0
0.25 0.75 0
0.3 0.7 0
0.35 0.65 0
0.4 0.6 0
0.45 0.55 0
0.5 0.5 0
0.55 0.45 0
0.6 0.4 0
0.65 0.35 0
0.7 0.3 0
0.75 0.25 0
0.8 0.2 0
0.85 0.15 0
0.9 0.1 0
0.95 0.05 0
0 0.0526316 0.947368
0 0.105263 0.894737
0 0.157895 0.842105
0 0.210526 0.789474
0 0.263158 0.736842
0 0.315789 0.684211
0 0.368421 0.631579
0 0.421053 0.578947
0 0.473684 0.526316
0 0.526316 0.473684
0 0.578947 0.421053
0 0.631579 0.368421
0 0.684211 0.315789
0 0.736842 0.263158
0 0.789474 0.210526
0 0.842105 0.157895
0 0.894737 0.105263
0 0.947369 0.0526316
0.8 0 0.2
0.6 0 0.4
0.4 0 0.6
0.2 0 0.8
0.870801 0.0247966 0.104402
0.621034 0.121353 0.257612
0.142718 0.495857 0.361425
0.318406 0.154699 0.526895
0.179514 0.60882 0.211665
0.457559 0.415411 0.12703
0.797245 0.0609114 0.141844
0.403974 0.060919 0.535107
0.387173 0.250814 0.362013
0.190198 0.248861 0.560942
0.317963 0.515682 0.166355
0.202326 0.334402 0.463272
0.155194 0.54938 0.295426
0.134483 0.403431 0.462086
0.157932 0.666308 0.17576
0.156202 0.189996 0.653803
0.562099 0.259535 0.178366
0.539547 0.318094 0.142359
0.535837 0.161831 0.302332
0.462754 0.20518 0.332065
0.212771 0.0939392 0.69329
0.139806 0.445947 0.414247
0.235453 0.043433 0.721114
0.134783 0.140788 0.724429
0.423148 0.36235 0.214502
0.273489 0.467049 0.259462
0.444403 0.110126 0.445471
0.614379 0.0727312 0.31289
0.757567 0.110584 0.131848
0.130419 0.732793 0.136787
0.699793 0.0293236 0.270884
0.291587 0.572877 0.135535
0.300916 0.209531 0.489554
0.375048 0.298226 0.326726
0.533645 0.0314032 0.434951
0.712604 0.160928 0.126469
0.223742 0.373131 0.403126
0.107964 0.0255212 0.866515
0.645022 0.207546 0.147432
0.0895182 0.816712 0.0937702
0.306376 0.417164 0.27646
0.15682 0.291979 0.551201
0.060048 0.870966 0.068986
0.411319 0.462746 0.125936


3 1 39
4 3 39
38 4 39
0 21 44
40 0 44
31 30 46
10 9 48
33 32 48
14 13 49
21 20 50
44 21 50
26 25 53
12 11 54
28 27 55
32 31 56
48 32 56
31 46 56
46 54 56
29 28 57
9 8 58
34 33 58
33 48 58
48 9 58
25 24 59
53 25 59
17 16 60
16 15 61
60 16 61
47 62 63
60 52 63
23 22 64
30 29 65
46 30 65
29 57 65
43 42 66
42 51 66
64 22 66
51 64 66
47 59 67
59 24 67
24 23 67
23 64 67
64 47 67
15 14 68
61 15 68
14 49 68
54 46 69
46 65 69
45 62 70
62 47 70
47 64 70
64 51 70
45 70 71
70 51 71
20 19 72
50 20 72
45 71 72
71 50 72
8 7 73
35 34 73
7 6 73
6 36 73
36 35 73
34 58 73
58 8 73
41 40 74
40 44 74
44 50 74
50 71 74
11 10 75
54 11 75
56 54 75
10 48 75
48 56 75
52 53 76
53 59 76
63 52 76
59 47 76
47 63 76
53 52 77
52 60 77
60 61 77
61 68 77
68 55 77
42 41 78
51 42 78
71 51 78
41 74 78
74 71 78
19 18 79
62 45 79
45 72 79
72 19 79
28 55 80
57 28 80
55 68 80
22 2 81
66 22 81
2 43 81
43 66 81
18 17 82
17 60 82
60 63 82
63 62 82
62 79 82
79 18 82
6 5 83
5 37 83
36 6 83
37 36 83
65 57 84
69 65 84
57 80 84
68 49 84
80 68 84
27 26 85
55 27 85
26 53 85
53 77 85
77 55 85
5 4 86
4 38 86
37 5 86
38 37 86
13 12 87
49 13 87
12 54 87
54 69 87
69 84 87
84 49 87
