145
1 0 0
0 1 0
0 0 1
0.05 0.95 0
0.1 0.9 0
0.15 0.85 0
0.2 0.8 0
0.25 0.75 0
0.3 0.7 0
0.35 0.65 0
0.4 0.6 0
0.45 0.55 0
0.5 0.5 0
0.55 0.45 0
0.6 0.4 0
0.65 0.35 0
0.7 0.3 0
0.75 0.25 0
0.8 0.2 0
0.85 0.15 0
0.9 0.1 0
0.95 0.05 0
0 0.0666667 0.933333
0 0.133333 0.866667
0 0.2 0.8
0 0.266667 0.733333
0 0.333333 0.666667
0 0.4 0.6
0 0.466667 0.533333
0 0.533333 0.466667
0 0.6 0.4
0 0.666667 0.333333
0 0.733333 0.266667
0 0.8 0.2
0 0.866667 0.133333
0 0.933333 0.0666667
0.928571 0 0.0714286
0.857143 0 0.142857
0.785714 0 0.214286
0.714286 0 0.285714
0.642857 0 0.357143
0.571429 0 0.428571
0.5 0 0.5
0.428571 0 0.571429
0.357143 0 0.642857
0.285714 0 0.714286
0.214286 0 0.785714
0.142857 0 0.857143
0.0714287 0 0.928571
0.627865 0.113851 0.258283
0.107284 0.486507 0.406209
0.286293 0.143423 0.570284
0.154473 0.616527 0.228999
0.481068 0.40503 0.113902
0.802969 0.0617217 0.13531
0.419858 0.0757856 0.504356
0.64419 0.271961 0.0838482
0.740394 0.18178 0.0778263
0.721693 0.114276 0.164031
0.388845 0.258807 0.352349
0.6717 0.0581841 0.270116
0.173032 0.250524 0.576444
0.698853 0.234169 0.0669779
0.0524267 0.293731 0.653842
0.276934 0.63543 0.0876369
0.0614092 0.152105 0.786486
0.318107 0.516808 0.165085
0.0488099 0.62648 0.32471
0.372407 0.133864 0.493729
0.179718 0.334631 0.485651
0.507958 0.229264 0.262777
0.164803 0.542234 0.292964
0.123122 0.402513 0.474365
0.338849 0.581682 0.0794689
0.588415 0.32248 0.0891049
0.881504 0.0481157 0.0703806
0.546726 0.0764103 0.376864
0.132695 0.190228 0.677077
0.242689 0.258358 0.498953
0.203123 0.664038 0.132839
0.349591 0.0494938 0.600915
0.583208 0.243041 0.173752
0.520829 0.294514 0.184656
0.140209 0.127144 0.732647
0.564009 0.164783 0.271208
0.147389 0.777756 0.0748546
0.655476 0.185961 0.158563
0.0779832 0.829535 0.0924814
0.249546 0.390098 0.360356
0.457798 0.341168 0.201034
0.392526 0.520972 0.0865024
0.262903 0.0476348 0.689462
0.794405 0.131927 0.0736679
0.140424 0.697596 0.16198
0.0642852 0.700485 0.23523
0.0503811 0.7697 0.179919
0.477504 0.127069 0.395427
0.0594746 0.422304 0.518221
0.737472 0.0489417 0.213586
0.300793 0.198847 0.50036
0.0932596 0.350534 0.556206
0.227471 0.109821 0.662708
0.179001 0.480103 0.340896
0.119054 0.29418 0.586766
0.292022 0.453838 0.25414
0.319497 0.27603 0.404474
0.428868 0.45094 0.120192
0.404072 0.393999 0.201929
0.122339 0.0588535 0.818808
0.435273 0.198255 0.366472
0.332192 0.399441 0.268367
0.0473138 0.893428 0.0592584
0.247408 0.695099 0.057493
0.21803 0.591648 0.190322
0.187753 0.0606726 0.751574
0.531868 0.367506 0.100626
0.0600481 0.215614 0.724338
0.846788 0.0958509 0.0573615
0.0990289 0.572586 0.328385
0.256263 0.322302 0.421435
0.362282 0.207915 0.429804
0.378186 0.32894 0.292874
0.239689 0.514113 0.246198
0.276645 0.568617 0.154738
0.0645863 0.0817623 0.853651
0.0998505 0.640631 0.259519
0.0498947 0.555293 0.394812
0.308822 0.34966 0.341518
0.302808 0.0912213 0.605971
0.605711 0.0506627 0.343626
0.478255 0.0581594 0.463586
0.36291 0.458213 0.178877
0.0450695 0.493223 0.461708
0.215989 0.181761 0.60225
0.103024 0.757229 0.139747
0.446906 0.276193 0.276901
0.197237 0.73313 0.069633
0.102801 0.243542 0.653657
0.499721 0.178535 0.321744
0.173423 0.419584 0.406993
0.0359912 0.0337538 0.930255
0.231423 0.447613 0.320964
0.0378353 0.360938 0.601227
0.452441 0.493809 0.0537492
0.490584 0.455618 0.0537981


3 1 35
0 21 36
38 37 54
16 15 56
18 17 57
40 39 60
58 49 60
17 16 62
16 56 62
57 17 62
26 25 63
9 8 64
24 23 65
31 30 67
10 9 73
9 64 73
15 14 74
56 15 74
21 20 75
36 21 75
37 36 75
54 37 75
42 41 76
69 61 78
45 44 80
44 43 80
43 55 80
55 68 80
56 74 81
70 81 82
81 74 82
77 65 83
76 49 84
81 70 84
6 5 85
49 58 86
58 57 86
57 62 86
62 56 86
56 81 86
81 84 86
84 49 86
5 4 87
34 33 87
85 5 87
11 10 90
10 73 90
73 66 90
46 45 91
45 80 91
19 18 92
18 57 92
58 54 92
57 58 92
52 79 93
32 31 94
31 67 94
33 32 95
32 94 95
87 33 95
68 55 96
76 84 96
28 27 97
72 50 97
39 38 98
38 54 98
54 58 98
58 60 98
60 39 98
51 68 99
69 72 100
72 97 100
71 50 102
100 63 103
61 69 103
69 100 103
78 99 105
89 53 107
53 106 107
48 47 108
68 96 109
104 88 110
4 3 111
3 35 111
35 34 111
34 87 111
87 4 111
8 7 112
64 8 112
79 64 112
52 71 113
64 79 113
79 52 113
46 91 114
91 101 114
47 46 114
108 47 114
101 83 114
83 108 114
14 13 115
13 53 115
74 14 115
82 74 115
53 89 115
89 82 115
25 24 116
63 25 116
24 65 116
65 77 116
20 19 117
54 75 117
75 20 117
19 92 117
92 54 117
71 52 118
50 71 118
69 78 119
88 69 119
78 105 119
59 105 120
105 99 120
109 59 120
99 68 120
68 109 120
89 107 121
105 59 121
107 110 121
104 66 122
71 102 122
113 71 122
66 73 123
73 64 123
64 113 123
113 122 123
122 66 123
23 22 124
65 23 124
48 108 124
83 65 124
108 83 124
52 93 125
93 94 125
94 67 125
67 118 125
118 52 125
30 29 126
67 30 126
118 67 126
50 118 126
110 88 127
88 119 127
121 110 127
119 105 127
105 121 127
68 51 128
80 68 128
91 80 128
51 101 128
101 91 128
41 40 129
76 41 129
40 60 129
60 49 129
49 76 129
43 42 130
55 43 130
42 76 130
76 96 130
96 55 130
90 66 131
106 90 131
66 104 131
104 110 131
107 106 131
110 107 131
29 28 132
28 97 132
97 50 132
50 126 132
126 29 132
78 61 133
51 99 133
99 78 133
101 51 133
61 77 133
77 83 133
83 101 133
85 87 134
87 95 134
93 85 134
94 93 134
95 94 134
70 82 135
82 89 135
59 109 135
109 70 135
89 121 135
121 59 135
7 6 136
6 85 136
85 93 136
112 7 136
93 79 136
79 112 136
77 61 137
61 103 137
116 77 137
103 63 137
63 116 137
84 70 138
96 84 138
70 109 138
109 96 138
72 69 139
69 88 139
50 72 139
102 50 139
22 2 140
2 48 140
48 124 140
124 22 140
88 104 141
104 122 141
122 102 141
102 139 141
139 88 141
27 26 142
97 27 142
100 97 142
26 63 142
63 100 142
12 11 143
11 90 143
90 106 143
13 12 144
53 13 144
12 143 144
106 53 144
143 106 144
