179
1 0 0
0 1 0
0 0 1
0.05 0.95 0
0.1 0.9 0
0.15 0.85 0
0.2 0.8 0
0.25 0.75 0
0.3 0.7 0
0.35 0.65 0
0.4 0.6 0
0.45 0.55 0
0.5 0.5 0
0.55 0.45 0
0.6 0.4 0
0.65 0.35 0
0.7 0.3 0
0.75 0.25 0
0.8 0.2 0
0.85 0.15 0
0.9 0.1 0
0.95 0.05 0
0 0.0625 0.9375
0 0.125 0.875
0 0.1875 0.8125
0 0.25 0.75
0 0.3125 0.6875
0 0.375 0.625
0 0.4375 0.5625
0 0.5 0.5
0 0.5625 0.4375
0 0.625 0.375
0 0.6875 0.3125
0 0.75 0.25
0 0.8125 0.1875
0 0.875 0.125
0 0.9375 0.0625
0.944444 0 0.0555556
0.888889 0 0.111111
0.833333 0 0.166667
0.777778 0 0.222222
0.722222 0 0.277778
0.666667 0 0.333333
0.611111 0 0.388889
0.555556 0 0.444444
0.5 0 0.5
0.444444 0 0.555556
0.388889 0 0.611111
0.333333 0 0.666667
0.277778 0 0.722222
0.222222 0 0.777778
0.166667 0 0.833333
0.111111 0 0.888889
0.0555556 0 0.944444
0.631504 0.127318 0.241177
0.10538 0.494981 0.399638
0.276077 0.139962 0.58396
0.16597 0.620587 0.213443
0.492138 0.404319 0.103543
0.797333 0.0632117 0.139456
0.404652 0.0670935 0.528254
0.902258 0.0474417 0.0503006
0.64583 0.274346 0.0798238
0.040396 0.339294 0.62031
0.854339 0.0412835 0.104377
0.686051 0.118714 0.195235
0.753249 0.182711 0.06404
0.746142 0.117045 0.136813
0.397238 0.254289 0.348474
0.662812 0.0621985 0.274989
0.165592 0.250555 0.583853
0.699516 0.231386 0.0690971
0.267641 0.628686 0.103674
0.0548674 0.143462 0.80167
0.329252 0.516874 0.153874
0.0504515 0.639058 0.31049
0.383314 0.133357 0.483328
0.177651 0.338438 0.483911
0.494433 0.233754 0.271813
0.438164 0.27513 0.286706
0.156183 0.545982 0.297835
0.125965 0.400277 0.473758
0.331647 0.580932 0.0874212
0.587282 0.328214 0.0845041
0.548204 0.0747403 0.377056
0.159062 0.192396 0.648542
0.252182 0.253285 0.494534
0.198163 0.681515 0.120322
0.355055 0.0477699 0.597175
0.59075 0.244894 0.164356
0.298415 0.477219 0.224366
0.0812063 0.371911 0.546883
0.532009 0.286687 0.181304
0.127174 0.132391 0.740435
0.584785 0.171491 0.243724
0.340883 0.257323 0.401794
0.155188 0.767942 0.0768698
0.646427 0.193148 0.160426
0.0938489 0.828834 0.0773171
0.235421 0.389148 0.375431
0.434615 0.343366 0.222018
0.852392 0.0892177 0.0583906
0.0804886 0.31131 0.608201
0.385883 0.506958 0.107159
0.801304 0.130975 0.0677211
0.43398 0.4279 0.13812
0.253793 0.0822227 0.663984
0.1367 0.691966 0.171334
0.0808866 0.699151 0.219963
0.231354 0.0394709 0.729175
0.0516243 0.774188 0.174188
0.492021 0.124993 0.382986
0.0906892 0.197734 0.711577
0.73073 0.057108 0.212162
0.454291 0.197091 0.348617
0.297197 0.200896 0.501908
0.489736 0.453823 0.0564412
0.222406 0.151901 0.625693
0.222678 0.615472 0.161851
0.175506 0.486889 0.337605
0.501207 0.0612857 0.437507
0.0480583 0.267004 0.684938
0.393105 0.386802 0.220093
0.035735 0.399921 0.564344
0.046009 0.568113 0.385878
0.0492415 0.891156 0.0596027
0.108775 0.257054 0.634171
0.441588 0.122375 0.436036
0.134803 0.0589595 0.806238
0.336191 0.401361 0.262448
0.0417466 0.0754694 0.882784
0.5909 0.102674 0.306426
0.303278 0.341389 0.355334
0.0430507 0.5124 0.444549
0.530887 0.352065 0.117048
0.110298 0.624006 0.265696
0.168375 0.436188 0.395438
0.239032 0.322487 0.43848
0.253791 0.69143 0.0547796
0.277128 0.423022 0.29985
0.104632 0.758526 0.136842
0.209148 0.565123 0.225729
0.0918959 0.568559 0.339545
0.290337 0.274571 0.435092
0.364278 0.452595 0.183128
0.544367 0.401523 0.0541104
0.135047 0.316653 0.5483
0.208537 0.73977 0.0516934
0.0404188 0.205595 0.753986
0.394953 0.193938 0.41111
0.226013 0.207921 0.566066
0.375264 0.324168 0.300569
0.611382 0.0463469 0.342271
0.526632 0.156867 0.3165
0.232702 0.500616 0.266682
0.331625 0.113186 0.555189
0.188167 0.0819761 0.729857
0.460806 0.0515516 0.487642
0.34493 0.183121 0.471949
0.27109 0.556006 0.172904
0.70523 0.171518 0.123252
0.084939 0.0430084 0.872053
0.0592054 0.446585 0.494209
0.0369801 0.710654 0.252366
0.0853367 0.0955982 0.819065
0.190238 0.128056 0.681705
0.30502 0.649193 0.0457865
0.221975 0.443511 0.334514
0.0398149 0.838234 0.121952
0.541926 0.217383 0.240691
0.481651 0.353039 0.16531
0.187855 0.380125 0.43202
0.480182 0.295298 0.224521
0.304374 0.0555621 0.640064
0.441674 0.502402 0.0559237
0.20118 0.280182 0.518637
0.389502 0.565856 0.0446426
0.186251 0.0359291 0.77782
0.577566 0.0294049 0.393029


3 1 36
0 21 37
22 2 53
40 39 59
47 46 60
21 20 61
37 21 61
38 37 61
16 15 62
27 26 63
39 38 64
59 39 64
38 61 64
18 17 66
42 41 69
65 54 69
17 16 71
16 62 71
66 17 71
24 23 73
32 31 75
15 14 83
62 15 83
48 47 88
47 60 88
62 83 89
89 83 92
6 5 96
54 65 97
71 62 97
62 89 97
89 94 97
94 54 97
5 4 98
96 5 98
20 19 101
61 20 101
64 61 101
59 64 101
91 63 102
82 74 103
19 18 104
18 66 104
101 19 104
66 67 104
67 59 104
59 101 104
57 87 107
87 96 107
50 49 109
49 106 109
34 33 110
73 93 112
93 85 112
41 40 113
67 65 113
40 59 113
59 67 113
65 69 113
69 41 113
78 79 114
79 68 114
13 12 116
105 58 116
106 56 117
72 87 118
87 57 118
80 55 119
45 44 120
44 84 120
84 111 120
26 25 121
63 26 121
102 63 121
100 105 122
28 27 123
27 63 123
63 91 123
31 30 124
75 31 124
4 3 125
3 36 125
36 35 125
98 4 125
85 70 126
112 85 126
102 121 126
121 112 126
76 60 127
111 114 127
120 111 127
52 51 128
23 22 130
73 23 130
22 53 130
69 54 131
54 94 131
30 29 133
124 30 133
55 124 133
92 83 134
80 57 135
108 75 135
57 107 135
107 108 135
55 81 136
119 55 136
132 99 137
8 7 138
87 72 138
129 90 139
99 132 139
132 129 139
96 98 140
98 110 140
107 96 140
108 107 140
110 108 140
57 80 141
118 57 141
55 80 142
124 55 142
75 124 142
135 75 142
80 135 142
86 115 143
115 95 143
137 86 143
95 132 143
132 137 143
103 74 144
105 103 144
122 105 144
74 90 144
90 129 144
129 122 144
13 116 145
116 58 145
14 13 145
58 134 145
83 14 145
134 83 145
77 81 146
81 91 146
91 102 146
102 126 146
126 70 146
7 6 147
6 96 147
96 87 147
87 138 147
138 7 147
25 24 148
24 73 148
73 112 148
112 121 148
121 25 148
68 95 149
114 68 149
76 127 149
127 114 149
56 115 150
115 86 150
70 85 150
85 117 150
117 56 150
68 79 151
79 100 151
100 122 151
122 129 151
95 68 151
132 95 151
129 132 151
43 42 152
42 69 152
69 131 152
131 84 152
78 114 153
114 111 153
131 94 153
111 84 153
84 131 153
139 90 154
80 119 154
141 80 154
60 76 155
88 60 155
115 56 155
109 106 156
93 128 156
46 45 157
45 120 157
60 46 157
120 127 157
127 60 157
95 115 158
149 95 158
76 149 158
115 155 158
155 76 158
74 82 159
82 72 159
72 118 159
90 74 159
118 141 159
141 154 159
154 90 159
65 67 160
67 66 160
66 71 160
71 97 160
97 65 160
53 52 161
130 53 161
52 128 161
29 28 162
28 123 162
91 81 162
123 91 162
133 29 162
81 55 162
55 133 162
33 32 163
32 75 163
75 108 163
108 110 163
110 33 163
93 73 164
128 93 164
161 128 164
73 130 164
130 161 164
85 93 165
93 156 165
117 85 165
106 117 165
156 106 165
9 8 166
72 82 166
82 9 166
8 138 166
138 72 166
119 136 167
136 99 167
154 119 167
99 139 167
139 154 167
35 34 168
34 110 168
110 98 168
98 125 168
125 35 168
89 92 169
92 78 169
94 89 169
78 153 169
153 94 169
58 105 170
105 100 170
134 58 170
92 134 170
81 77 171
136 81 171
99 136 171
77 137 171
137 99 171
79 78 172
78 92 172
100 79 172
92 170 172
170 100 172
49 48 173
106 49 173
48 88 173
56 106 173
155 56 173
88 155 173
12 11 174
116 12 174
103 105 174
105 116 174
86 137 175
137 77 175
77 146 175
146 70 175
70 150 175
150 86 175
10 9 176
9 82 176
82 103 176
11 10 176
174 11 176
103 174 176
51 50 177
128 51 177
156 128 177
50 109 177
109 156 177
44 43 178
84 44 178
43 152 178
152 84 178
