100
1 0 0
0 1 0
0 0 1
0.0500001 0.95 0
0.1 0.9 0
0.15 0.85 0
0.2 0.8 0
0.25 0.75 0
0.3 0.7 0
0.35 0.65 0
0.4 0.6 0
0.45 0.55 0
0.5 0.5 0
0.55 0.45 0
0.6 0.4 0
0.65 0.35 0
0.7 0.3 0
0.75 0.25 0
0.8 0.2 0
0.85 0.15 0
0.9 0.1 0
0.95 0.05 0
0 0.0666667 0.933333
0 0.133333 0.866667
0 0.2 0.8
0 0.266667 0.733333
0 0.333333 0.666667
0 0.4 0.6
0 0.466667 0.533333
0 0.533333 0.466667
0 0.6 0.4
0 0.666667 0.333333
0 0.733333 0.266667
0 0.8 0.2
0 0.866667 0.133333
0 0.933333 0.0666667
0.888889 0 0.111111
0.777778 0 0.222222
0.666667 0 0.333333
0.555556 0 0.444444
0.444444 0 0.555556
0.333333 0 0.666667
0.222222 0 0.777778
0.111111 0 0.888889
0.621711 0.119299 0.25899
0.093758 0.508129 0.398113
0.254458 0.135958 0.609584
0.161738 0.615 0.223263
0.486009 0.401984 0.112008
0.780936 0.0672782 0.151785
0.420409 0.0593224 0.520269
0.738767 0.126833 0.134401
0.396809 0.2667 0.336491
0.652934 0.0603705 0.286695
0.171326 0.262886 0.565787
0.251285 0.628927 0.119788
0.304135 0.51933 0.176535
0.374862 0.116157 0.50898
0.195886 0.344271 0.459842
0.511087 0.237478 0.251435
0.637511 0.237767 0.124722
0.114246 0.390412 0.495342
0.188831 0.684673 0.126496
0.603159 0.2887 0.108141
0.530745 0.316702 0.152553
0.117087 0.128679 0.754234
0.578609 0.179008 0.242383
0.272457 0.252216 0.475327
0.0914523 0.783184 0.125363
0.449987 0.341357 0.208657
0.0947571 0.311068 0.594175
0.241648 0.0655442 0.692807
0.0886237 0.711442 0.199934
0.23803 0.429447 0.332524
0.299587 0.20428 0.496133
0.179028 0.473986 0.346985
0.425134 0.43886 0.136006
0.531553 0.0584011 0.410046
0.693246 0.184925 0.12183
0.127016 0.0676109 0.805373
0.386727 0.376787 0.236485
0.863021 0.0427319 0.0942474
0.0680156 0.840866 0.0911185
0.191993 0.551512 0.256495
0.298908 0.582391 0.118701
0.0902964 0.189683 0.72002
0.159733 0.745446 0.094821
0.363697 0.473397 0.162906
0.0850538 0.575842 0.339105
0.305105 0.31628 0.378614
0.385194 0.189423 0.425383
0.0722923 0.246329 0.681379
0.502507 0.116182 0.381312
0.305105 0.392519 0.302375
0.194688 0.191744 0.613567
0.0880062 0.645943 0.266051
0.472169 0.169543 0.358288
0.322425 0.0493712 0.628204
0.0382659 0.910734 0.0509997
0.0773818 0.443787 0.478832


3 1 35
0 21 36
29 28 45
14 13 48
20 19 49
38 37 49
41 40 50
19 18 51
49 19 51
39 38 53
51 44 53
38 49 53
49 51 53
9 8 55
11 10 56
17 16 60
27 26 61
8 7 62
47 55 62
55 8 62
16 15 63
59 60 63
60 16 63
15 14 64
63 15 64
52 59 64
59 63 64
23 22 65
60 59 66
6 5 68
33 32 68
14 48 69
64 14 69
52 64 69
26 25 70
54 58 70
58 61 70
61 26 70
43 42 71
57 46 71
32 31 72
68 32 72
61 58 73
52 67 74
73 56 75
61 73 75
13 12 76
48 13 76
40 39 77
50 40 77
39 53 77
53 44 77
18 17 78
44 51 78
51 18 78
66 44 78
17 60 78
60 66 78
22 2 79
2 43 79
65 22 79
46 65 79
71 46 79
43 71 79
69 48 80
48 76 80
21 20 81
36 21 81
37 36 81
20 49 81
49 37 81
5 4 82
4 34 82
34 33 82
33 68 82
68 5 82
55 47 83
45 75 83
75 56 83
10 9 84
9 55 84
55 83 84
56 10 84
83 56 84
24 23 85
23 65 85
7 6 86
6 68 86
68 72 86
62 7 86
72 62 86
12 11 87
76 12 87
11 56 87
56 73 87
30 29 88
29 45 88
45 83 88
83 47 88
58 54 89
54 67 89
67 52 89
52 69 89
69 80 89
46 57 90
74 46 90
59 52 90
52 74 90
25 24 91
54 70 91
70 25 91
24 85 91
85 54 91
57 50 92
44 66 92
77 44 92
50 77 92
73 58 93
80 76 93
76 87 93
87 73 93
58 89 93
89 80 93
65 46 94
46 74 94
67 54 94
54 85 94
85 65 94
74 67 94
31 30 95
47 62 95
62 72 95
72 31 95
30 88 95
88 47 95
66 59 96
59 90 96
92 66 96
90 57 96
57 92 96
42 41 97
71 42 97
41 50 97
50 57 97
57 71 97
4 3 98
3 35 98
34 4 98
35 34 98
28 27 99
45 28 99
75 45 99
27 61 99
61 75 99
