92
1 0 0
0 1 0
0 0 1
0.05 0.95 0
0.1 0.9 0
0.15 0.85 0
0.2 0.8 0
0.25 0.75 0
0.3 0.7 0
0.35 0.65 0
0.4 0.6 0
0.45 0.55 0
0.5 0.5 0
0.55 0.45 0
0.6 0.4 0
0.65 0.35 0
0.7 0.3 0
0.75 0.25 0
0.8 0.2 0
0.85 0.15 0
0.9 0.1 0
0.95 0.05 0
0 0.0555556 0.944444
0 0.111111 0.888889
0 0.166667 0.833333
0 0.222222 0.777778
0 0.277778 0.722222
0 0.333333 0.666667
0 0.388889 0.611111
0 0.444444 0.555556
0 0.5 0.5
0 0.555556 0.444444
0 0.611111 0.388889
0 0.666667 0.333333
0 0.722222 0.277778
0 0.777778 0.222222
0 0.833333 0.166667
0 0.888889 0.111111
0 0.944444 0.0555556
0.833333 0 0.166667
0.666667 0 0.333333
0.5 0 0.5
0.333333 0 0.666667
0.166667 0 0.833333
0.608172 0.114707 0.277121
0.138134 0.488405 0.373461
0.298023 0.139353 0.562624
0.168616 0.607252 0.224133
0.467561 0.40896 0.123479
0.799856 0.0510299 0.149114
0.449622 0.0672791 0.483099
0.381434 0.251454 0.367112
0.640472 0.0638248 0.295703
0.172274 0.250287 0.577439
0.305653 0.518683 0.175664
0.204743 0.347452 0.447804
0.150365 0.543318 0.306317
0.153752 0.395076 0.451171
0.122601 0.658871 0.218527
0.132004 0.19612 0.671876
0.578814 0.238938 0.182247
0.547919 0.33396 0.118121
0.146661 0.143716 0.709623
0.579956 0.173853 0.246191
0.438214 0.191984 0.369802
0.259727 0.042345 0.697928
0.0910653 0.704919 0.204016
0.457333 0.129864 0.412802
0.276237 0.19795 0.525813
0.717158 0.158364 0.124478
0.40502 0.356784 0.238196
0.281119 0.460421 0.25846
0.418416 0.449069 0.132514
0.761699 0.107571 0.13073
0.116726 0.439196 0.444078
0.683397 0.206287 0.110316
0.155619 0.0836474 0.760734
0.294413 0.579319 0.126269
0.315793 0.401901 0.282306
0.119508 0.75606 0.124431
0.414592 0.306039 0.27937
0.320327 0.0910039 0.588669
0.0928831 0.80633 0.100787
0.11274 0.300889 0.586371
0.517657 0.0317629 0.45058
0.189784 0.708301 0.101915
0.270853 0.300018 0.42913
0.901659 0.0229336 0.0754073
0.0608805 0.866331 0.0727881
0.529844 0.284531 0.185626
0.108892 0.0319372 0.85917
0.237815 0.663232 0.0989529


3 1 38
4 3 38
37 4 38
30 29 45
32 31 47
14 13 48
21 20 49
40 39 49
40 49 52
44 50 52
26 25 53
12 11 54
31 30 56
30 45 56
45 54 56
47 31 56
28 27 57
27 55 57
33 32 58
32 47 58
25 24 59
53 25 59
17 16 60
15 14 61
16 15 61
24 23 62
59 24 62
60 51 64
63 60 64
43 42 65
42 50 65
34 33 66
33 58 66
50 44 67
44 63 67
63 64 67
64 46 67
51 53 68
53 59 68
59 62 68
62 46 68
64 51 68
46 64 68
19 18 69
63 44 69
14 48 70
61 14 70
12 54 71
54 45 71
13 12 72
12 71 72
48 13 72
20 19 73
44 52 73
49 20 73
52 49 73
19 69 73
69 44 73
29 28 74
28 57 74
45 29 74
57 71 74
71 45 74
18 17 75
17 60 75
60 63 75
63 69 75
69 18 75
23 22 76
62 23 76
46 62 76
10 9 77
9 47 77
11 10 77
54 11 77
47 56 77
56 54 77
57 55 78
55 70 78
70 48 78
48 72 78
71 57 78
72 71 78
7 6 79
35 34 79
34 66 79
61 70 80
65 50 81
50 67 81
67 46 81
46 76 81
76 65 81
6 5 82
5 36 82
36 35 82
35 79 82
79 6 82
27 26 83
55 27 83
26 53 83
42 41 84
50 42 84
41 40 84
40 52 84
52 50 84
8 7 85
66 58 85
7 79 85
79 66 85
53 51 86
51 80 86
70 55 86
80 70 86
83 53 86
55 83 86
0 21 87
39 0 87
21 49 87
49 39 87
5 4 88
4 37 88
36 5 88
37 36 88
60 16 89
16 61 89
51 60 89
80 51 89
61 80 89
22 2 90
2 43 90
76 22 90
43 65 90
65 76 90
9 8 91
47 9 91
58 47 91
8 85 91
85 58 91
