190
1 0 0
0 1 0
0 0 1
0.0499999 0.95 0
0.0999999 0.9 0
0.15 0.85 0
0.2 0.8 0
0.25 0.75 0
0.3 0.7 0
0.35 0.65 0
0.4 0.6 0
0.45 0.55 0
0.5 0.5 0
0.55 0.45 0
0.6 0.4 0
0.65 0.35 0
0.7 0.3 0
0.75 0.25 0
0.8 0.2 0
0.85 0.15 0
0.9 0.1 0
0.95 0.05 0
0 0.0555555 0.944444
0 0.111111 0.888889
0 0.166667 0.833333
0 0.222222 0.777778
0 0.277778 0.722222
0 0.333333 0.666667
0 0.388889 0.611111
0 0.444444 0.555556
0 0.5 0.5
0 0.555556 0.444444
0 0.611111 0.388889
0 0.666667 0.333333
0 0.722222 0.277778
0 0.777778 0.222222
0 0.833333 0.166667
0 0.888889 0.111111
0 0.944445 0.0555556
0.941176 0 0.0588235
0.882353 0 0.117647
0.823529 0 0.176471
0.764706 0 0.235294
0.705882 0 0.294118
0.647059 0 0.352941
0.588235 0 0.411765
0.529412 0 0.470588
0.470588 0 0.529412
0.411765 0 0.588235
0.352941 0 0.647059
0.294118 0 0.705882
0.235294 0 0.764706
0.17647 0 0.82353
0.117647 0 0.882353
0.0588234 0 0.941177
0.625955 0.132275 0.24177
0.104183 0.492145 0.403673
0.272231 0.144016 0.583752
0.163345 0.619053 0.217602
0.48762 0.412116 0.100263
0.796154 0.0691556 0.13469
0.415927 0.0594748 0.524598
0.6447 0.288749 0.0665503
0.0396835 0.356158 0.604158
0.684684 0.123238 0.192078
0.753495 0.184442 0.0620633
0.745774 0.12492 0.129306
0.393429 0.257072 0.349499
0.659138 0.0649267 0.275935
0.170727 0.241453 0.58782
0.701486 0.236352 0.062162
0.275329 0.638845 0.0858258
0.060104 0.145498 0.794398
0.325993 0.525883 0.148124
0.0519626 0.625538 0.322499
0.386438 0.122856 0.490706
0.181021 0.351482 0.467497
0.485207 0.230536 0.284257
0.155472 0.543715 0.300813
0.119022 0.402033 0.478944
0.342119 0.577885 0.0799955
0.591651 0.344532 0.063817
0.498899 0.456316 0.0447855
0.893695 0.0467987 0.0595065
0.542502 0.0754414 0.382056
0.145615 0.197113 0.657271
0.265481 0.255271 0.479247
0.196818 0.677042 0.12614
0.246722 0.69941 0.0538687
0.353952 0.047683 0.598365
0.582435 0.245514 0.17205
0.304834 0.474448 0.220719
0.0816782 0.373543 0.544779
0.534394 0.275705 0.189901
0.139764 0.130259 0.729977
0.569458 0.166802 0.26374
0.33575 0.258231 0.406019
0.143474 0.789822 0.0667045
0.651979 0.174315 0.173707
0.0946535 0.842099 0.0632475
0.233835 0.381208 0.384958
0.166199 0.423454 0.410347
0.0746289 0.796889 0.128482
0.439504 0.329983 0.230513
0.071129 0.312411 0.61646
0.389066 0.517985 0.0929486
0.254268 0.0451927 0.700539
0.799846 0.133914 0.0662393
0.424366 0.426415 0.149219
0.13748 0.682726 0.179794
0.0732044 0.711651 0.215145
0.493484 0.123602 0.382914
0.23499 0.211517 0.553493
0.0918082 0.196508 0.711684
0.724416 0.0380655 0.237519
0.449339 0.20127 0.349391
0.297572 0.202342 0.500086
0.434732 0.273715 0.291553
0.221514 0.107171 0.671314
0.229212 0.608469 0.162319
0.173646 0.480509 0.345844
0.573638 0.110257 0.316105
0.399355 0.382627 0.218017
0.0368687 0.404141 0.55899
0.0474381 0.564023 0.388539
0.0498548 0.895569 0.0545759
0.108468 0.257195 0.634336
0.426263 0.151735 0.422002
0.133966 0.0584096 0.807625
0.336412 0.399714 0.263875
0.0413536 0.0624075 0.896239
0.304927 0.343218 0.351856
0.0436992 0.511805 0.444495
0.529018 0.356559 0.114423
0.111837 0.603112 0.285051
0.599612 0.0462975 0.354091
0.243115 0.319044 0.437841
0.277943 0.421248 0.300808
0.124763 0.738115 0.137122
0.0458522 0.25935 0.694798
0.192195 0.0604589 0.747346
0.492687 0.0536201 0.453692
0.845732 0.0385604 0.115707
0.514389 0.172787 0.312824
0.20594 0.563109 0.23095
0.287784 0.577902 0.134314
0.846973 0.0905506 0.0624759
0.538287 0.223832 0.237881
0.0917712 0.56401 0.344219
0.364993 0.437735 0.197272
0.200196 0.169155 0.630649
0.545271 0.402571 0.0521582
0.134413 0.31736 0.548226
0.041011 0.198113 0.760876
0.39375 0.206468 0.399782
0.372808 0.324594 0.302598
0.701033 0.178007 0.120961
0.339396 0.0993316 0.561273
0.448872 0.506677 0.0444509
0.402217 0.554161 0.0436217
0.328348 0.630938 0.0407135
0.287833 0.0791822 0.632984
0.057633 0.447822 0.494545
0.043066 0.679885 0.277049
0.0861543 0.0420294 0.871816
0.503159 0.321734 0.175107
0.231209 0.495405 0.273386
0.202298 0.280669 0.517034
0.727789 0.078524 0.193687
0.603036 0.195205 0.201759
0.309673 0.0318567 0.658471
0.0766867 0.0964915 0.826822
0.221641 0.438848 0.33951
0.463868 0.372887 0.163245
0.359327 0.184478 0.456195
0.26204 0.540851 0.197109
0.0470012 0.761896 0.191102
0.640986 0.232687 0.126327
0.551166 0.0322331 0.416601
0.327952 0.152031 0.520017
0.0405113 0.849261 0.110227
0.0987027 0.655351 0.245946
0.29125 0.292765 0.415985
0.373577 0.478376 0.148047
0.576232 0.295825 0.127943
0.44111 0.465148 0.0937417
0.48619 0.2792 0.234611
0.193835 0.73982 0.0663449
0.448358 0.0964096 0.455233
0.773937 0.0351746 0.190888


3 1 38
0 21 39
22 2 54
48 47 61
16 15 62
28 27 63
18 17 65
44 43 68
64 55 68
17 16 70
16 62 70
65 17 70
24 23 72
33 32 74
15 14 81
62 15 81
13 12 82
21 20 83
39 21 83
40 39 83
8 7 88
71 8 88
87 71 88
49 48 89
48 61 89
6 5 97
55 64 98
5 4 99
97 5 99
56 79 101
79 76 101
76 100 101
97 99 102
63 27 104
92 63 104
80 73 105
51 50 106
19 18 107
18 65 107
66 60 107
65 66 107
58 87 109
72 94 113
94 85 113
43 42 114
68 43 114
96 86 116
86 112 116
112 57 116
67 115 117
115 77 117
71 87 119
87 58 119
78 56 120
56 101 120
68 55 121
55 95 121
111 84 121
29 28 123
28 63 123
63 92 123
32 31 124
74 32 124
4 3 125
3 38 125
38 37 125
99 4 125
85 69 126
113 85 126
111 115 127
53 52 128
23 22 130
22 54 130
31 30 132
56 124 132
124 31 132
78 58 134
45 44 135
44 68 135
68 121 135
121 84 135
100 76 136
131 100 136
129 91 137
100 131 137
131 129 137
109 87 138
97 102 138
110 109 138
27 26 139
104 27 139
26 25 139
126 104 139
113 126 139
52 51 140
128 52 140
51 106 140
106 118 140
118 94 140
94 128 140
47 46 141
61 47 141
84 111 141
41 40 142
60 41 142
40 83 142
77 115 143
115 111 143
111 121 143
121 95 143
58 78 144
119 58 144
73 80 145
80 71 145
71 119 145
20 19 146
19 107 146
83 20 146
142 83 146
107 60 146
60 142 146
90 93 147
77 143 147
143 95 147
56 78 148
124 56 148
74 124 148
134 74 148
78 134 148
91 129 149
122 108 149
129 122 149
69 85 150
112 69 150
57 112 150
118 57 150
85 94 150
94 118 150
13 82 151
82 59 151
14 13 151
59 133 151
81 14 151
133 81 151
76 79 152
79 92 152
92 104 152
104 126 152
126 69 152
25 24 153
24 72 153
72 113 153
113 139 153
139 25 153
67 96 154
115 67 154
127 115 154
67 117 155
117 103 155
96 67 155
131 96 155
103 122 155
122 129 155
129 131 155
64 66 156
98 64 156
66 65 156
65 70 156
61 75 157
89 61 157
12 11 158
82 12 158
11 10 159
10 80 159
80 105 159
105 158 159
158 11 159
9 8 160
8 71 160
10 9 160
80 10 160
71 80 160
57 118 161
118 106 161
157 57 161
89 157 161
92 79 162
123 92 162
79 56 162
56 132 162
30 29 162
132 30 162
29 123 162
34 33 163
110 34 163
33 74 163
54 53 164
130 54 164
53 128 164
137 91 166
78 120 166
144 78 166
69 112 167
112 86 167
152 69 167
86 136 167
136 76 167
76 152 167
60 66 168
66 64 168
64 68 168
68 114 168
95 55 169
55 98 169
90 147 169
147 95 169
50 49 170
49 89 170
89 161 170
106 50 170
161 106 170
94 72 171
128 94 171
72 23 171
23 130 171
164 128 171
130 164 171
101 100 172
120 101 172
100 137 172
137 166 172
166 120 172
108 122 173
122 103 173
59 108 173
103 165 173
133 59 173
165 133 173
96 116 174
154 96 174
75 127 174
127 154 174
91 73 175
119 144 175
145 119 175
73 145 175
144 166 175
166 91 175
36 35 176
102 36 176
35 34 176
34 110 176
110 138 176
138 102 176
70 62 177
98 156 177
156 70 177
90 169 177
169 98 177
46 45 178
45 135 178
135 84 178
84 141 178
141 46 178
116 57 179
57 157 179
174 116 179
157 75 179
75 174 179
37 36 180
36 102 180
102 99 180
99 125 180
125 37 180
58 109 181
134 58 181
109 110 181
110 163 181
74 134 181
163 74 181
86 96 182
136 86 182
96 131 182
131 136 182
73 91 183
91 149 183
105 73 183
149 108 183
62 81 184
93 90 184
81 133 184
133 165 184
165 93 184
90 177 184
177 62 184
59 82 185
108 59 185
158 105 185
82 158 185
105 183 185
183 108 185
117 77 186
103 117 186
77 147 186
147 93 186
93 165 186
165 103 186
7 6 187
6 97 187
88 7 187
87 88 187
97 138 187
138 87 187
75 61 188
61 141 188
127 75 188
111 127 188
141 111 188
42 41 189
41 60 189
60 168 189
114 42 189
168 114 189
