82
1 0 0
0 1 0
0 0 1
0.05 0.95 0
0.1 0.9 0
0.15 0.85 0
0.2 0.8 0
0.25 0.75 0
0.3 0.7 0
0.35 0.65 0
0.4 0.6 0
0.45 0.55 0
0.5 0.5 0
0.55 0.45 0
0.6 0.4 0
0.65 0.35 0
0.7 0.3 0
0.75 0.25 0
0.8 0.2 0
0.85 0.15 0
0.9 0.1 0
0.95 0.05 0
0 0.0588235 0.941176
0 0.117647 0.882353
0 0.176471 0.823529
0 0.235294 0.764706
0 0.294118 0.705882
0 0.352941 0.647059
0 0.411765 0.588235
0 0.470588 0.529412
0 0.529412 0.470588
0 0.588235 0.411765
0 0.647059 0.352941
0 0.705882 0.294118
0 0.764706 0.235294
0 0.823529 0.176471
0 0.882353 0.117647
0 0.941177 0.0588235
0.833333 0 0.166667
0.666667 0 0.333333
0.5 0 0.5
0.333333 0 0.666667
0.166667 0 0.833333
0.586782 0.105803 0.307415
0.282263 0.139363 0.578373
0.145722 0.60509 0.249188
0.463217 0.402229 0.134554
0.795635 0.0525768 0.151788
0.423423 0.0649712 0.511606
0.393602 0.258803 0.347595
0.647953 0.0541544 0.297892
0.196958 0.245111 0.557931
0.320176 0.523265 0.156558
0.190194 0.339176 0.47063
0.152381 0.532616 0.315004
0.151528 0.400414 0.448058
0.126145 0.198196 0.67566
0.185219 0.676663 0.138119
0.575173 0.23934 0.185487
0.127545 0.135408 0.737047
0.559636 0.167728 0.272636
0.539158 0.296319 0.164523
0.429036 0.340078 0.230885
0.280303 0.0477402 0.671957
0.4295 0.191189 0.379311
0.273868 0.198526 0.527606
0.710994 0.1542 0.134806
0.158454 0.467751 0.373795
0.417839 0.443721 0.13844
0.115056 0.725747 0.159197
0.165734 0.0685999 0.765666
0.275208 0.582748 0.142043
0.390254 0.113813 0.495933
0.120348 0.281813 0.597839
0.279622 0.29697 0.423408
0.314121 0.389954 0.295925
0.300533 0.454173 0.245294
0.76162 0.105218 0.133162
0.0900089 0.807409 0.102582
0.677692 0.203374 0.118934
0.0594274 0.861887 0.0786852
0.504702 0.0450864 0.450212


3 1 37
4 3 37
36 4 37
0 21 38
31 30 45
32 31 45
14 13 46
21 20 47
38 21 47
39 38 47
40 39 50
39 47 50
12 11 52
11 10 52
27 26 53
30 29 54
45 30 54
28 27 55
27 53 55
25 24 56
51 25 56
8 7 57
9 8 57
45 9 57
32 45 57
17 16 58
23 22 59
24 23 59
56 24 59
16 15 61
49 58 61
58 16 61
15 14 62
61 15 62
14 46 62
49 61 62
42 41 63
41 48 63
58 49 64
60 58 64
49 51 65
51 56 65
56 59 65
59 44 65
64 49 65
44 64 65
19 18 66
60 43 66
52 54 67
54 29 67
29 28 67
28 55 67
13 12 68
46 13 68
7 6 69
6 34 69
34 33 69
57 7 69
33 32 69
32 57 69
44 59 70
59 22 70
22 2 70
2 42 70
42 63 70
10 9 71
9 45 71
45 54 71
52 10 71
54 52 71
48 43 72
43 60 72
63 48 72
60 64 72
64 44 72
44 70 72
70 63 72
26 25 73
25 51 73
53 26 73
51 49 74
49 62 74
73 51 74
62 53 74
53 73 74
53 62 75
62 46 75
46 68 75
55 53 75
12 52 76
68 12 76
52 67 76
67 55 76
55 75 76
75 68 76
20 19 77
47 20 77
50 47 77
43 50 77
19 66 77
66 43 77
6 5 78
5 35 78
34 6 78
35 34 78
18 17 79
17 58 79
58 60 79
60 66 79
66 18 79
5 4 80
4 36 80
35 5 80
36 35 80
41 40 81
48 41 81
43 48 81
50 43 81
40 50 81
