174
1 0 0
0 1 0
0 0 1
0.05 0.95 0
0.1 0.9 0
0.15 0.85 0
0.2 0.8 0
0.25 0.75 0
0.3 0.7 0
0.35 0.65 0
0.4 0.6 0
0.45 0.55 0
0.5 0.5 0
0.55 0.45 0
0.6 0.4 0
0.65 0.35 0
0.7 0.3 0
0.75 0.25 0
0.8 0.2 0
0.85 0.15 0
0.9 0.1 0
0.95 0.05 0
0 0.0555556 0.944444
0 0.111111 0.888889
0 0.166667 0.833333
0 0.222222 0.777778
0 0.277778 0.722222
0 0.333333 0.666667
0 0.388889 0.611111
0 0.444444 0.555556
0 0.5 0.5
0 0.555556 0.444444
0 0.611111 0.388889
0 0.666667 0.333333
0 0.722222 0.277778
0 0.777778 0.222222
0 0.833333 0.166667
0 0.888889 0.111111
0 0.944444 0.0555556
0.933333 0 0.0666667
0.866667 0 0.133333
0.8 0 0.2
0.733333 0 0.266667
0.666667 0 0.333333
0.6 0 0.4
0.533333 0 0.466667
0.466667 0 0.533333
0.4 0 0.6
0.333333 0 0.666667
0.266667 0 0.733333
0.2 0 0.8
0.133333 0 0.866667
0.0666666 0 0.933333
0.635936 0.12351 0.240554
0.111 0.495204 0.393796
0.271721 0.143845 0.584434
0.155986 0.614434 0.229579
0.487723 0.410281 0.101996
0.797345 0.063654 0.139001
0.419765 0.0642389 0.515996
0.643476 0.285066 0.071458
0.0574863 0.332675 0.609838
0.736243 0.182293 0.0814642
0.746388 0.120017 0.133594
0.388466 0.26102 0.350514
0.653301 0.0626436 0.284055
0.179748 0.267388 0.552864
0.697291 0.233112 0.0695968
0.279149 0.633148 0.0877032
0.0538803 0.141717 0.804403
0.318421 0.519499 0.16208
0.0473931 0.625578 0.327028
0.390957 0.126102 0.482941
0.189102 0.325052 0.485846
0.493622 0.232856 0.273522
0.160294 0.539721 0.299985
0.116096 0.397348 0.486556
0.342154 0.578619 0.0792266
0.581979 0.331383 0.086638
0.493788 0.454742 0.0514699
0.882834 0.0493414 0.0678242
0.536603 0.0741724 0.389224
0.137625 0.21185 0.650526
0.259815 0.251234 0.488951
0.202116 0.667795 0.130089
0.24729 0.695648 0.0570613
0.358518 0.0455118 0.59597
0.591806 0.254705 0.153489
0.299102 0.471999 0.228899
0.0639517 0.385992 0.550056
0.520774 0.285439 0.193787
0.131283 0.132321 0.736396
0.579447 0.163029 0.257524
0.333282 0.258524 0.408195
0.145561 0.788089 0.0663504
0.643627 0.188704 0.167669
0.0948267 0.841677 0.0634962
0.222197 0.406614 0.37119
0.066611 0.796517 0.136872
0.449319 0.332523 0.218158
0.384353 0.509441 0.106207
0.255815 0.0334249 0.71076
0.797179 0.134268 0.0685533
0.139719 0.684129 0.176152
0.074784 0.704569 0.220647
0.503604 0.121842 0.374555
0.72628 0.0383841 0.235336
0.443766 0.211247 0.344986
0.300346 0.202604 0.497051
0.443061 0.276528 0.280411
0.217456 0.11307 0.669473
0.22236 0.616816 0.160824
0.189314 0.47306 0.337626
0.112755 0.280987 0.606258
0.429445 0.445874 0.124681
0.397644 0.390121 0.212235
0.0418604 0.574187 0.383953
0.0504039 0.895565 0.0540314
0.441907 0.152055 0.406038
0.12407 0.0640071 0.811923
0.0618672 0.269728 0.668405
0.333646 0.409667 0.256687
0.321821 0.321585 0.356594
0.0519695 0.51766 0.430371
0.60403 0.0441575 0.351813
0.114619 0.742863 0.142517
0.197281 0.0655439 0.737175
0.0638601 0.0907493 0.845391
0.575449 0.107263 0.317288
0.494097 0.0446492 0.461254
0.0590184 0.203282 0.7377
0.509223 0.170902 0.319875
0.208772 0.570615 0.220613
0.512702 0.353194 0.134105
0.846187 0.0968636 0.0569496
0.0958281 0.56924 0.334932
0.0637766 0.448643 0.487581
0.363416 0.455846 0.180738
0.197747 0.162318 0.639935
0.543096 0.400434 0.0564691
0.230863 0.296252 0.472885
0.378493 0.19546 0.426047
0.0739493 0.0413215 0.884729
0.22455 0.206445 0.569005
0.372451 0.333315 0.294234
0.707136 0.0881534 0.204711
0.33909 0.0987026 0.562207
0.260484 0.443711 0.295805
0.446011 0.501546 0.0524438
0.273109 0.571354 0.155537
0.403931 0.550709 0.0453605
0.0961185 0.64216 0.261722
0.295603 0.665123 0.0392745
0.146056 0.435619 0.418326
0.417034 0.0275412 0.555425
0.1286 0.33562 0.535779
0.280768 0.0720046 0.647227
0.240257 0.514805 0.244939
0.646424 0.233686 0.11989
0.0505882 0.75072 0.198692
0.462139 0.0948846 0.442976
0.452243 0.385222 0.162535
0.0416145 0.677466 0.280919
0.333885 0.15516 0.510955
0.162861 0.0293401 0.807799
0.296608 0.37972 0.323673
0.0400084 0.849701 0.110291
0.247523 0.345799 0.406678
0.185991 0.731903 0.0821061
0.555674 0.0305113 0.413815
0.689089 0.143493 0.167418
0.554972 0.215549 0.229479
0.285842 0.294617 0.419541
0.175993 0.375694 0.448313


3 1 38
0 21 39
22 2 52
41 40 58
16 15 60
28 27 61
18 17 62
17 16 67
16 60 67
62 17 67
24 23 69
33 32 71
10 9 77
9 68 77
15 14 78
60 15 78
13 12 79
21 20 80
39 21 80
40 39 80
58 40 80
8 7 85
84 68 85
48 47 86
60 78 87
29 28 89
28 61 89
87 78 90
6 5 94
62 67 95
92 53 95
5 4 96
94 5 96
36 35 98
94 96 98
77 70 100
49 48 101
50 49 101
19 18 102
18 62 102
63 58 102
62 63 102
56 84 103
42 41 106
41 58 106
43 42 106
65 43 106
93 83 108
74 90 109
90 99 109
64 107 109
107 74 109
68 84 111
84 56 111
75 54 112
82 66 113
57 79 114
32 31 116
71 32 116
4 3 117
3 38 117
38 37 117
96 4 117
27 26 120
61 27 120
113 61 120
82 113 120
93 64 122
31 30 123
116 31 123
44 43 124
43 65 124
94 98 125
104 103 125
110 91 126
91 119 126
50 101 126
23 22 127
69 23 127
91 69 127
119 91 127
53 92 128
105 81 128
65 53 128
124 65 128
81 124 128
46 45 129
59 46 129
25 24 130
24 69 130
69 91 130
91 82 130
26 25 130
120 26 130
82 120 130
74 107 131
107 118 131
118 105 131
105 128 131
128 92 131
56 75 132
111 56 132
90 78 133
99 90 133
20 19 134
19 102 134
58 80 134
102 58 134
80 20 134
75 56 135
54 75 135
71 116 135
116 123 135
123 54 135
29 89 136
89 76 136
30 29 136
123 30 136
54 123 136
70 88 137
100 70 137
114 100 137
88 121 137
115 114 137
121 115 137
110 55 138
82 91 138
91 110 138
14 13 139
13 79 139
79 57 139
57 133 139
78 14 139
133 78 139
73 66 140
66 83 140
64 93 141
107 64 141
72 118 141
118 107 141
93 108 141
52 51 142
51 119 142
22 52 142
127 22 142
119 127 142
66 82 143
82 138 143
83 66 143
55 108 143
138 55 143
108 83 143
64 109 144
122 64 144
109 99 144
99 115 144
115 121 144
53 65 145
65 106 145
58 63 145
106 58 145
59 72 146
86 59 146
112 97 147
121 88 147
12 11 148
79 12 148
100 114 148
114 79 148
70 77 149
77 68 149
68 111 149
111 132 149
11 10 150
10 77 150
77 100 150
100 148 150
148 11 150
56 103 151
103 104 151
71 135 151
135 56 151
9 8 152
68 9 152
8 85 152
85 68 152
112 54 153
97 112 153
54 136 153
136 76 153
47 46 154
46 59 154
59 86 154
86 47 154
89 61 155
76 89 155
66 73 155
113 66 155
61 113 155
48 86 156
101 48 156
110 126 156
126 101 156
55 110 156
146 55 156
86 146 156
88 70 157
75 112 157
132 75 157
112 147 157
147 88 157
70 149 157
149 132 157
67 60 158
60 87 158
87 95 158
95 67 158
35 34 159
34 104 159
98 35 159
104 125 159
125 98 159
72 59 160
118 72 160
105 118 160
81 105 160
129 81 160
59 129 160
57 114 161
114 115 161
133 57 161
115 99 161
99 133 161
34 33 162
104 34 162
33 71 162
71 151 162
151 104 162
108 55 163
72 141 163
141 108 163
55 146 163
146 72 163
51 50 164
119 51 164
50 126 164
126 119 164
122 144 165
144 121 165
121 147 165
147 97 165
37 36 166
36 98 166
98 96 166
96 117 166
117 37 166
73 140 167
165 97 167
122 165 167
7 6 168
6 94 168
85 7 168
84 85 168
94 125 168
103 84 168
125 103 168
45 44 169
44 124 169
124 81 169
81 129 169
129 45 169
95 53 170
63 62 170
62 95 170
53 145 170
145 63 170
87 90 171
90 74 171
92 95 171
95 87 171
74 131 171
131 92 171
83 93 172
140 83 172
93 122 172
122 167 172
167 140 172
97 153 173
153 76 173
76 155 173
155 73 173
73 167 173
167 97 173
