80
1 0 0
0 1 0
0 0 1
0.05 0.95 0
0.1 0.9 0
0.15 0.85 0
0.2 0.8 0
0.25 0.75 0
0.3 0.7 0
0.35 0.65 0
0.4 0.6 0
0.45 0.55 0
0.5 0.5 0
0.55 0.45 0
0.6 0.4 0
0.65 0.35 0
0.7 0.3 0
0.75 0.25 0
0.8 0.2 0
0.85 0.15 0
0.9 0.1 0
0.95 0.05 0
0 0.0714286 0.928571
0 0.142857 0.857143
0 0.214286 0.785714
0 0.285714 0.714286
0 0.357143 0.642857
0 0.428571 0.571429
0 0.5 0.5
0 0.571429 0.428571
0 0.642857 0.357143
0 0.714286 0.285714
0 0.785714 0.214286
0 0.857143 0.142857
0 0.928571 0.0714286
0.875 0 0.125
0.75 0 0.25
0.625 0 0.375
0.5 0 0.5
0.375 0 0.625
0.25 0 0.75
0.125 0 0.875
0.605525 0.114678 0.279797
0.117444 0.515397 0.367159
0.292561 0.152678 0.554762
0.155323 0.603077 0.2416
0.801525 0.0552048 0.14327
0.431721 0.0781507 0.490128
0.394289 0.258725 0.346986
0.668281 0.069497 0.262223
0.160226 0.244891 0.594883
0.310969 0.526589 0.162443
0.408064 0.137592 0.454344
0.177335 0.341478 0.481187
0.479475 0.220979 0.299546
0.617985 0.238491 0.143524
0.123387 0.395459 0.481154
0.454322 0.360065 0.185614
0.251343 0.574223 0.174434
0.180716 0.681026 0.138258
0.594596 0.286037 0.119366
0.524395 0.315003 0.160602
0.13579 0.145644 0.718566
0.567344 0.171479 0.261178
0.087691 0.78339 0.128919
0.420196 0.422453 0.157352
0.110454 0.716225 0.173321
0.250048 0.210174 0.539778
0.184645 0.477948 0.337406
0.320533 0.29 0.389467
0.695997 0.179952 0.12405
0.141058 0.0719619 0.78698
0.275248 0.0681781 0.656574
0.308596 0.445958 0.245446
0.067546 0.837575 0.0948785
0.735266 0.139724 0.125011
0.0831357 0.640008 0.276856
0.519615 0.0534161 0.426969
0.308239 0.353466 0.338295
0.0868298 0.275327 0.637844


3 1 34
4 3 34
33 4 34
0 21 35
28 27 43
9 8 45
29 28 45
28 43 45
21 20 46
35 21 46
36 35 46
20 19 46
37 36 46
40 39 47
38 37 49
37 46 49
46 19 49
24 23 50
11 10 51
48 44 54
44 52 54
17 16 55
27 26 56
26 25 56
25 53 56
14 13 57
9 45 58
45 43 58
10 9 58
51 10 58
8 7 59
45 8 59
16 15 60
54 55 60
55 16 60
15 14 61
14 57 61
57 48 61
60 15 61
48 54 61
54 60 61
23 22 62
50 23 62
17 55 63
47 42 63
52 47 63
54 52 63
55 54 63
6 5 64
32 31 64
13 12 65
57 13 65
7 6 66
31 30 66
59 7 66
6 64 66
64 31 66
44 48 67
62 44 67
50 62 67
43 27 68
27 56 68
51 58 68
58 43 68
48 57 69
67 48 69
50 67 69
18 17 70
17 63 70
63 42 70
2 41 71
22 2 71
62 22 71
44 62 71
41 40 72
40 47 72
47 52 72
71 41 72
52 44 72
44 71 72
56 53 73
12 11 73
65 12 73
11 51 73
51 68 73
68 56 73
5 4 74
4 33 74
33 32 74
32 64 74
64 5 74
19 18 75
49 19 75
42 49 75
18 70 75
70 42 75
30 29 76
29 45 76
45 59 76
59 66 76
66 30 76
39 38 77
42 47 77
47 39 77
38 49 77
49 42 77
53 50 78
50 69 78
57 65 78
69 57 78
65 73 78
73 53 78
25 24 79
53 25 79
24 50 79
50 53 79
