94
1 0 0
0 1 0
0 0 1
0.0500001 0.95 0
0.1 0.9 0
0.15 0.85 0
0.2 0.8 0
0.25 0.75 0
0.3 0.7 0
0.35 0.65 0
0.4 0.6 0
0.45 0.55 0
0.5 0.5 0
0.55 0.45 0
0.6 0.4 0
0.65 0.35 0
0.7 0.3 0
0.75 0.25 0
0.8 0.2 0
0.85 0.15 0
0.9 0.1 0
0.95 0.05 0
0 0.0909091 0.909091
0 0.181818 0.818182
0 0.272727 0.727273
0 0.363636 0.636364
0 0.454545 0.545455
0 0.545455 0.454545
0 0.636364 0.363636
0 0.727273 0.272727
0 0.818182 0.181818
0 0.909091 0.0909091
0.916667 0 0.0833333
0.833333 0 0.166667
0.75 0 0.25
0.666667 0 0.333333
0.583333 0 0.416667
0.5 0 0.5
0.416667 0 0.583333
0.333333 0 0.666667
0.25 0 0.75
0.166667 0 0.833333
0.0833334 0 0.916667
0.637797 0.112458 0.249745
0.0977842 0.491088 0.411128
0.293353 0.130455 0.576192
0.142814 0.602672 0.254513
0.464092 0.388801 0.147107
0.804914 0.0753726 0.119713
0.406506 0.0707678 0.522726
0.741952 0.137531 0.120517
0.405958 0.255889 0.338153
0.170587 0.235591 0.593823
0.267258 0.601001 0.131741
0.307094 0.524186 0.16872
0.397613 0.144624 0.457762
0.167701 0.333565 0.498734
0.489319 0.235287 0.275394
0.125562 0.403085 0.471353
0.56965 0.316864 0.113485
0.539884 0.0737866 0.386329
0.264079 0.261001 0.47492
0.585098 0.247253 0.167649
0.13098 0.121676 0.747344
0.686888 0.199191 0.113922
0.0687241 0.810201 0.121075
0.147584 0.695865 0.15655
0.23626 0.4198 0.34394
0.418391 0.447538 0.134071
0.895267 0.0384221 0.0663106
0.495724 0.133654 0.370622
0.0949014 0.252939 0.65216
0.329054 0.42058 0.250366
0.121904 0.769542 0.108554
0.203484 0.495653 0.300864
0.0688943 0.31036 0.620746
0.379542 0.507007 0.113451
0.36237 0.334809 0.302821
0.512391 0.34353 0.144079
0.189196 0.566733 0.244071
0.668476 0.0633409 0.268183
0.0675774 0.592717 0.339706
0.26171 0.334646 0.403644
0.605082 0.17982 0.215098
0.073472 0.165486 0.761042
0.0643553 0.706105 0.22954
0.191751 0.0729281 0.735321
0.0595278 0.0754416 0.865031
0.219986 0.660382 0.119633
0.0411629 0.877411 0.0814261
0.323696 0.0646001 0.611703
0.311206 0.226661 0.462133
0.2187 0.169006 0.612294
0.729972 0.0548533 0.215174


3 1 31
0 21 32
26 25 44
13 12 47
20 19 48
33 20 48
34 33 48
39 38 49
18 17 50
19 18 50
48 19 50
9 8 53
10 9 54
9 53 54
51 45 55
51 55 57
44 25 58
15 14 59
37 36 60
36 43 60
38 37 60
16 15 62
15 59 62
59 57 62
17 16 64
43 50 64
50 17 64
5 4 65
30 29 65
7 6 66
58 56 67
12 11 68
47 12 68
21 20 69
20 33 69
32 21 69
33 32 69
55 49 70
57 55 70
49 38 70
38 60 70
62 57 70
52 56 71
54 67 72
6 5 73
66 6 73
5 65 73
44 58 74
54 53 74
67 54 74
58 67 74
25 24 75
58 25 75
24 23 75
23 71 75
56 58 75
71 56 75
11 10 76
10 54 76
54 72 76
68 11 76
72 68 76
51 47 77
47 68 77
68 72 77
14 13 78
13 47 78
59 14 78
47 51 78
51 57 78
57 59 78
46 44 79
44 74 79
74 53 79
36 35 80
43 36 80
50 43 80
27 26 81
26 44 81
44 46 81
28 27 81
46 66 81
56 52 82
52 61 82
67 56 82
72 67 82
61 77 82
77 72 82
16 62 83
64 16 83
60 43 83
43 64 83
62 70 83
70 60 83
23 22 84
71 23 84
63 52 84
52 71 84
29 28 85
66 73 85
65 29 85
73 65 85
28 81 85
81 66 85
41 40 86
40 45 86
42 41 86
63 42 86
22 2 87
2 42 87
42 63 87
63 84 87
84 22 87
8 7 88
7 66 88
66 46 88
46 79 88
53 8 88
79 53 88
4 3 89
3 31 89
31 30 89
30 65 89
65 4 89
40 39 90
45 40 90
55 45 90
39 49 90
49 55 90
45 51 91
51 77 91
77 61 91
61 52 92
52 63 92
63 86 92
91 61 92
86 45 92
45 91 92
35 34 93
34 48 93
48 50 93
50 80 93
80 35 93
