71
1 0 0
0 1 0
0 0 1
0.05 0.95 0
0.1 0.9 0
0.15 0.85 0
0.2 0.8 0
0.25 0.75 0
0.3 0.7 0
0.35 0.65 0
0.4 0.6 0
0.45 0.55 0
0.5 0.5 0
0.55 0.45 0
0.6 0.4 0
0.65 0.35 0
0.7 0.3 0
0.75 0.25 0
0.8 0.2 0
0.85 0.15 0
0.9 0.1 0
0.95 0.05 0
0 0.0555556 0.944444
0 0.111111 0.888889
0 0.166667 0.833333
0 0.222222 0.777778
0 0.277778 0.722222
0 0.333333 0.666667
0 0.388889 0.611111
0 0.444445 0.555556
0 0.5 0.5
0 0.555556 0.444444
0 0.611111 0.388889
0 0.666667 0.333333
0 0.722222 0.277778
0 0.777778 0.222222
0 0.833333 0.166667
0 0.888889 0.111111
0 0.944444 0.0555556
0.75 0 0.25
0.5 0 0.5
0.25 0 0.75
0.646951 0.104781 0.248267
0.280621 0.139954 0.579424
0.182603 0.604532 0.212865
0.744362 0.0544699 0.201169
0.415937 0.0627125 0.521351
0.410366 0.259329 0.330305
0.212926 0.268849 0.518225
0.210805 0.329424 0.459771
0.243704 0.49475 0.261546
0.157844 0.656265 0.185891
0.187268 0.208109 0.604623
0.568772 0.236994 0.194234
0.584564 0.173156 0.24228
0.246539 0.394458 0.359003
0.172823 0.436281 0.390896
0.422179 0.328643 0.249179
0.408363 0.382117 0.20952
0.531685 0.306059 0.162255
0.132153 0.701088 0.166758
0.204391 0.0544726 0.741136
0.206549 0.550498 0.242953
0.105072 0.76032 0.134607
0.355986 0.455513 0.188501
0.37171 0.195418 0.432872
0.550456 0.042378 0.407166
0.161355 0.0946649 0.74398
0.399136 0.10994 0.490924
0.150769 0.158301 0.690931
0.0879249 0.814709 0.0973661


5 4 37
36 5 37
3 1 38
4 3 38
37 4 38
0 21 39
20 19 42
10 9 44
32 31 44
21 20 45
39 21 45
40 39 45
20 42 45
26 25 48
27 26 49
26 48 49
12 11 50
30 29 50
9 8 51
33 32 51
32 44 51
44 9 51
25 24 52
47 48 52
48 25 52
17 16 53
16 47 53
19 18 54
42 19 54
18 17 54
17 53 54
28 27 55
27 49 55
29 28 56
28 55 56
50 29 56
15 14 57
49 48 57
14 13 58
13 55 58
55 49 58
49 57 58
57 14 58
16 15 59
15 57 59
47 16 59
48 47 59
57 48 59
8 7 60
7 34 60
34 33 60
33 51 60
51 8 60
22 2 61
2 41 61
41 46 61
11 10 62
31 30 62
10 44 62
44 31 62
30 50 62
50 11 62
7 6 63
6 35 63
34 7 63
35 34 63
13 12 64
55 13 64
56 55 64
12 50 64
50 56 64
47 52 65
53 47 65
43 54 65
54 53 65
41 40 66
46 41 66
40 45 66
45 42 66
42 46 66
23 22 67
43 23 67
22 61 67
46 42 68
42 54 68
54 43 68
43 67 68
61 46 68
67 61 68
24 23 69
23 43 69
43 65 69
52 24 69
65 52 69
6 5 70
5 36 70
35 6 70
36 35 70
