107
1 0 0
0 1 0
0 0 1
0.05 0.95 0
0.1 0.9 0
0.15 0.85 0
0.2 0.8 0
0.25 0.75 0
0.3 0.7 0
0.35 0.65 0
0.4 0.6 0
0.45 0.55 0
0.5 0.5 0
0.55 0.45 0
0.6 0.4 0
0.65 0.35 0
0.7 0.3 0
0.75 0.25 0
0.8 0.2 0
0.85 0.15 0
0.9 0.1 0
0.95 0.05 0
0 0.0769231 0.923077
0 0.153846 0.846154
0 0.230769 0.769231
0 0.307692 0.692308
0 0.384615 0.615385
0 0.461538 0.538462
0 0.538462 0.461538
0 0.615385 0.384615
0 0.692308 0.307692
0 0.769231 0.230769
0 0.846154 0.153846
0 0.923077 0.0769231
0.909091 0 0.0909091
0.818182 0 0.181818
0.727273 0 0.272727
0.636364 0 0.363636
0.545455 0 0.454545
0.454545 0 0.545455
0.363636 0 0.636364
0.272727 0 0.727273
0.181818 0 0.818182
0.0909091 0 0.909091
0.645743 0.117737 0.23652
0.108344 0.493027 0.398628
0.280895 0.126087 0.593018
0.148219 0.588531 0.263249
0.472112 0.41345 0.114439
0.809333 0.0673815 0.123286
0.431003 0.0688429 0.500154
0.73972 0.110756 0.149525
0.381786 0.264213 0.354
0.647992 0.0556446 0.296364
0.165037 0.242859 0.592104
0.255778 0.622378 0.121845
0.0709721 0.151389 0.777639
0.309691 0.517371 0.172938
0.395058 0.134922 0.470019
0.195388 0.340161 0.464451
0.473504 0.224518 0.301978
0.657067 0.235682 0.107252
0.13184 0.405064 0.463095
0.565723 0.312471 0.121806
0.878148 0.0444541 0.0773977
0.543666 0.0751954 0.381138
0.270378 0.251528 0.478094
0.183659 0.672388 0.143953
0.565454 0.228204 0.206342
0.134138 0.144425 0.721437
0.0735542 0.824113 0.102333
0.425719 0.334187 0.240094
0.0901842 0.304227 0.605589
0.0873398 0.694574 0.218086
0.242309 0.053755 0.703936
0.498178 0.144143 0.357679
0.235137 0.428527 0.336336
0.199106 0.483751 0.317143
0.404207 0.443579 0.152214
0.70264 0.182439 0.114921
0.167278 0.078985 0.753737
0.382957 0.376138 0.240905
0.0634377 0.534005 0.402557
0.327804 0.457321 0.214875
0.190171 0.550519 0.259309
0.068782 0.220082 0.711136
0.331075 0.065777 0.603148
0.0796635 0.611401 0.308936
0.30191 0.205181 0.492909
0.600055 0.163674 0.236271
0.523835 0.370449 0.105716
0.124822 0.781184 0.0939939
0.0404518 0.900244 0.0593045
0.167007 0.737391 0.0956017
0.299869 0.313039 0.387092
0.0711796 0.0723992 0.856421
0.326277 0.591837 0.0818867
0.398728 0.512269 0.0890027
0.301863 0.389348 0.308789
0.482841 0.298229 0.21893
0.213156 0.17237 0.614474
0.0526427 0.363658 0.583699
0.0585119 0.755921 0.185567
0.370788 0.190154 0.439058
0.627216 0.289156 0.0836276
0.0596525 0.427365 0.512983
0.260564 0.552739 0.186697


3 1 33
0 21 34
13 12 48
20 19 49
36 35 49
40 39 50
19 18 51
49 19 51
36 49 51
38 37 53
37 36 53
36 51 53
51 44 53
9 8 55
23 22 56
17 16 61
15 14 63
21 20 64
34 21 64
35 34 64
20 49 64
49 35 64
39 38 65
50 39 65
38 53 65
53 44 65
8 7 67
55 8 67
47 55 67
63 60 68
54 56 69
5 4 70
4 32 70
32 31 70
25 24 72
54 59 72
59 62 72
30 29 73
42 41 74
58 50 75
60 58 75
68 60 75
50 65 75
62 59 76
76 57 77
45 62 77
62 76 77
48 12 78
18 17 79
44 51 79
51 18 79
17 61 79
43 42 80
42 74 80
74 46 80
71 48 81
48 78 81
28 27 82
27 45 82
45 47 82
57 76 83
47 45 84
45 77 84
55 47 84
24 23 85
23 56 85
56 54 85
54 72 85
72 24 85
41 40 86
40 50 86
50 58 86
74 41 86
58 46 86
46 74 86
73 29 87
47 67 87
67 73 87
29 28 87
28 82 87
82 47 87
52 66 88
61 68 89
68 75 89
65 44 89
75 65 89
44 79 89
79 61 89
14 13 90
13 48 90
48 71 90
63 14 90
6 5 91
5 70 91
4 3 92
3 33 92
32 4 92
33 32 92
7 6 93
67 7 93
73 67 93
6 91 93
91 73 93
59 54 94
54 66 94
66 52 94
52 71 94
71 81 94
22 2 95
2 43 95
56 22 95
69 56 95
43 80 95
80 69 95
10 9 96
57 10 96
9 55 96
11 10 97
10 57 97
12 11 97
78 12 97
57 83 97
83 78 97
76 59 98
83 76 98
81 78 98
78 83 98
94 81 98
59 94 98
52 60 99
71 52 99
60 63 99
63 90 99
90 71 99
66 54 100
54 69 100
69 80 100
80 46 100
88 66 100
46 88 100
26 25 101
25 72 101
72 62 101
31 30 102
30 73 102
73 91 102
70 31 102
91 70 102
58 60 103
60 52 103
46 58 103
88 46 103
52 88 103
16 15 104
15 63 104
63 68 104
61 16 104
68 61 104
27 26 105
45 27 105
26 101 105
62 45 105
101 62 105
77 57 106
84 77 106
55 84 106
96 55 106
57 96 106
