115
1 0 0
0 1 0
0 0 1
0.05 0.95 0
0.1 0.9 0
0.15 0.85 0
0.2 0.8 0
0.25 0.75 0
0.3 0.7 0
0.35 0.65 0
0.4 0.6 0
0.45 0.55 0
0.5 0.5 0
0.55 0.45 0
0.6 0.4 0
0.65 0.35 0
0.7 0.3 0
0.75 0.25 0
0.8 0.2 0
0.85 0.15 0
0.9 0.1 0
0.95 0.05 0
0 0.1 0.9
0 0.2 0.8
0 0.3 0.7
0 0.4 0.6
0 0.5 0.5
0 0.6 0.4
0 0.7 0.3
0 0.8 0.2
0 0.9 0.1
0.933333 0 0.0666667
0.866667 0 0.133333
0.8 0 0.2
0.733333 0 0.266667
0.666667 0 0.333333
0.6 0 0.4
0.533333 0 0.466667
0.466667 0 0.533333
0.4 0 0.6
0.333333 0 0.666667
0.266667 0 0.733333
0.2 0 0.8
0.133333 0 0.866667
0.0666666 0 0.933333
0.629818 0.111649 0.258533
0.11212 0.496461 0.391418
0.269142 0.148747 0.582111
0.152591 0.609626 0.237783
0.488761 0.40536 0.105879
0.792725 0.0693646 0.13791
0.418474 0.0778216 0.503704
0.647416 0.261588 0.0909963
0.0536956 0.374309 0.571996
0.744388 0.165012 0.0905993
0.388984 0.241456 0.369559
0.176425 0.238285 0.58529
0.687521 0.204449 0.10803
0.277157 0.601111 0.121732
0.0593546 0.148349 0.792297
0.317435 0.523524 0.159041
0.376022 0.125122 0.498856
0.50125 0.234888 0.263861
0.116177 0.401231 0.482592
0.586423 0.328843 0.0847337
0.691112 0.124857 0.184031
0.552727 0.0810812 0.366192
0.252823 0.240301 0.506876
0.580209 0.259079 0.160712
0.135142 0.143154 0.721705
0.323938 0.248892 0.42717
0.0852363 0.812577 0.102187
0.219737 0.400244 0.380019
0.448717 0.317005 0.234278
0.0905728 0.313169 0.596258
0.384995 0.509395 0.10561
0.427984 0.434332 0.137684
0.125624 0.678773 0.195602
0.0674308 0.702338 0.230231
0.486251 0.121288 0.392461
0.104755 0.228418 0.666826
0.309781 0.0808323 0.609386
0.176823 0.455045 0.368131
0.724329 0.072295 0.203376
0.227354 0.655108 0.117538
0.0448824 0.255283 0.699835
0.901167 0.0416251 0.0572083
0.85244 0.0648415 0.0827182
0.529152 0.334625 0.136223
0.437968 0.193005 0.369027
0.349566 0.424281 0.226153
0.249342 0.496829 0.25383
0.282392 0.414603 0.303005
0.187563 0.0812818 0.731155
0.612755 0.178752 0.208492
0.0447442 0.0631211 0.892135
0.0707126 0.584968 0.34432
0.205037 0.165199 0.629764
0.157506 0.334036 0.508457
0.303041 0.32983 0.367129
0.547828 0.170437 0.281734
0.047366 0.471889 0.480745
0.376969 0.339317 0.283714
0.18632 0.71255 0.101131
0.136418 0.766124 0.0974581
0.037522 0.77044 0.192038
0.656374 0.0556147 0.288011
0.0453971 0.864874 0.0897287
0.198983 0.55439 0.246627
0.785615 0.128213 0.0861715
0.106603 0.0721889 0.821208
0.337125 0.17115 0.491725
0.230657 0.320239 0.449104
0.355331 0.575214 0.0694546
0.247916 0.0616652 0.690419


3 1 30
0 21 31
13 12 49
34 33 50
40 39 51
39 38 51
16 15 52
25 24 53
18 17 54
17 16 57
16 52 57
54 17 57
9 8 58
23 22 59
40 51 61
46 53 63
15 14 64
54 57 65
57 45 65
37 36 66
36 45 66
38 37 66
52 15 68
15 64 68
67 47 70
5 4 71
63 53 74
11 10 75
12 11 76
49 12 76
11 75 76
73 49 76
28 27 78
51 38 79
38 66 79
59 69 80
69 56 80
41 40 81
40 61 81
46 63 82
34 50 83
35 34 83
54 65 83
8 7 84
58 8 84
24 23 85
53 24 85
74 53 85
23 59 85
59 80 85
80 74 85
21 20 86
31 21 86
32 31 86
20 19 87
19 50 87
33 32 87
50 33 87
32 86 87
86 20 87
14 13 88
64 14 88
13 49 88
62 68 88
68 64 88
49 73 88
73 62 88
55 61 89
61 51 89
62 73 89
73 55 89
51 79 89
79 62 89
75 60 90
76 75 90
60 58 91
82 72 91
90 60 92
60 91 92
91 72 92
43 42 93
45 57 94
57 52 94
52 68 94
66 45 94
22 2 95
59 22 95
2 44 95
27 26 96
46 48 96
48 77 96
77 78 96
78 27 96
47 67 97
93 47 97
67 56 97
56 69 97
69 93 97
63 74 98
74 80 98
80 56 98
72 82 98
82 63 98
67 70 99
90 92 99
79 66 100
68 62 100
62 79 100
66 94 100
94 68 100
26 25 101
25 53 101
53 46 101
46 96 101
96 26 101
55 73 102
73 76 102
70 55 102
76 90 102
90 99 102
99 70 102
7 6 103
84 7 103
77 48 103
48 84 103
6 5 104
5 71 104
71 78 104
78 77 104
77 103 104
103 6 104
29 28 105
28 78 105
78 71 105
36 35 106
45 36 106
65 45 106
35 83 106
83 65 106
4 3 107
3 30 107
30 29 107
71 4 107
29 105 107
105 71 107
48 46 108
46 82 108
84 48 108
58 84 108
91 58 108
82 91 108
19 18 109
50 19 109
18 54 109
54 83 109
83 50 109
44 43 110
43 93 110
93 69 110
95 44 110
69 59 110
59 95 110
61 55 111
55 70 111
81 61 111
70 47 111
47 81 111
56 67 112
72 98 112
98 56 112
67 99 112
92 72 112
99 92 112
10 9 113
9 58 113
58 60 113
60 75 113
75 10 113
42 41 114
41 81 114
81 47 114
47 93 114
93 42 114
