161
1 0 0
0 1 0
0 0 1
0.05 0.95 0
0.1 0.9 0
0.15 0.85 0
0.2 0.8 0
0.25 0.75 0
0.3 0.7 0
0.35 0.65 0
0.4 0.6 0
0.45 0.55 0
0.5 0.5 0
0.55 0.45 0
0.6 0.4 0
0.65 0.35 0
0.7 0.3 0
0.75 0.25 0
0.8 0.2 0
0.85 0.15 0
0.9 0.1 0
0.95 0.05 0
0 0.0666667 0.933333
0 0.133333 0.866667
0 0.2 0.8
0 0.266667 0.733333
0 0.333333 0.666667
0 0.4 0.6
0 0.466667 0.533333
0 0.533333 0.466667
0 0.6 0.4
0 0.666667 0.333333
0 0.733333 0.266667
0 0.8 0.2
0 0.866667 0.133333
0 0.933333 0.0666667
0.9375 0 0.0625
0.875 0 0.125
0.8125 0 0.1875
0.75 0 0.25
0.6875 0 0.3125
0.625 0 0.375
0.5625 0 0.4375
0.5 0 0.5
0.4375 0 0.5625
0.375 0 0.625
0.3125 0 0.6875
0.25 0 0.75
0.1875 0 0.8125
0.125 0 0.875
0.0624999 0 0.9375
0.62613 0.116833 0.257037
0.0964611 0.487365 0.416174
0.26876 0.137794 0.593446
0.1655 0.618823 0.215678
0.490793 0.408877 0.100329
0.794978 0.062555 0.142467
0.422381 0.0685735 0.509045
0.645738 0.273256 0.0810063
0.0408125 0.346855 0.612332
0.848317 0.0382991 0.113384
0.753068 0.183235 0.063697
0.748271 0.119416 0.132313
0.391696 0.255289 0.353015
0.655411 0.0538615 0.290728
0.184178 0.260129 0.555693
0.700039 0.229676 0.0702854
0.289104 0.634571 0.0763247
0.055963 0.149878 0.794159
0.31963 0.516789 0.163581
0.0471262 0.639127 0.313747
0.370101 0.126965 0.502934
0.18393 0.338421 0.477649
0.489842 0.23396 0.276197
0.445541 0.277383 0.277076
0.15841 0.53473 0.30686
0.119524 0.393359 0.487116
0.340678 0.580045 0.0792769
0.585451 0.326945 0.0876041
0.542052 0.0689174 0.389031
0.151955 0.195175 0.65287
0.253106 0.243848 0.503046
0.188055 0.687631 0.124314
0.349611 0.0579951 0.592394
0.591007 0.246499 0.162494
0.520651 0.287471 0.191878
0.134305 0.12808 0.737615
0.582713 0.174883 0.242404
0.323564 0.265904 0.410532
0.153881 0.768722 0.0773972
0.648148 0.187637 0.164215
0.0940561 0.82926 0.0766844
0.224074 0.389162 0.386764
0.898638 0.0458825 0.0554796
0.453473 0.346242 0.200285
0.0845055 0.330853 0.584641
0.396816 0.515307 0.0878771
0.800518 0.131741 0.0677404
0.429709 0.430276 0.140016
0.273689 0.067138 0.659173
0.133545 0.692293 0.174161
0.0715723 0.703738 0.22469
0.0518758 0.776251 0.171873
0.487861 0.119712 0.392427
0.0910349 0.198428 0.710537
0.0598441 0.416569 0.523587
0.303326 0.187313 0.509361
0.68891 0.106825 0.204265
0.46811 0.47311 0.0587795
0.210995 0.121629 0.667376
0.228062 0.626231 0.145707
0.194978 0.462355 0.342667
0.299332 0.456246 0.244422
0.394788 0.388067 0.217145
0.707313 0.0419887 0.250698
0.850478 0.0880543 0.0614673
0.0490195 0.889058 0.0619226
0.111207 0.259121 0.629672
0.425922 0.140654 0.433424
0.132999 0.0590822 0.807919
0.444641 0.199463 0.355896
0.339177 0.395319 0.265504
0.314123 0.335615 0.350262
0.0447338 0.496269 0.458997
0.519886 0.348596 0.131518
0.106252 0.617125 0.276623
0.249988 0.314461 0.435551
0.246018 0.688758 0.0652235
0.17401 0.405461 0.420529
0.104399 0.759435 0.136166
0.0507361 0.272385 0.676879
0.198722 0.0639236 0.737355
0.491336 0.0480372 0.460627
0.212146 0.567747 0.220107
0.206686 0.740103 0.0532112
0.373555 0.196639 0.429807
0.378801 0.323661 0.297539
0.241798 0.508624 0.249578
0.320631 0.113643 0.565726
0.598073 0.0572111 0.344715
0.274444 0.569853 0.155703
0.0633504 0.0876519 0.848998
0.0555063 0.564943 0.379551
0.217878 0.184744 0.597378
0.515244 0.173976 0.31078
0.247086 0.441973 0.310942
0.136748 0.313971 0.549281
0.365258 0.455607 0.179136
0.106713 0.55076 0.342527
0.548503 0.391689 0.0598081
0.141647 0.46036 0.397993
0.541993 0.223021 0.234986
0.562303 0.117907 0.319789
0.280856 0.387823 0.331322
0.0292055 0.69183 0.278965
0.0381537 0.0363751 0.925471
0.705106 0.166612 0.128282
0.0861186 0.0346428 0.879239
0.0399538 0.210909 0.749137
0.0385712 0.835023 0.126406
0.743685 0.0638676 0.192447


3 1 35
0 21 36
39 38 56
45 44 57
16 15 58
27 26 59
38 37 60
56 38 60
18 17 61
41 40 64
17 16 66
16 58 66
61 17 66
9 8 67
24 23 68
31 30 70
10 9 77
9 67 77
15 14 78
58 15 78
46 45 83
45 57 83
57 71 83
58 78 84
74 73 85
84 78 85
6 5 89
66 58 90
58 84 90
87 51 90
84 87 90
5 4 91
89 5 91
21 20 93
36 21 93
37 36 93
60 37 93
74 85 94
11 10 96
10 77 96
77 69 96
19 18 97
18 61 97
62 56 97
61 62 97
94 55 98
47 46 99
46 83 99
54 82 100
82 89 100
33 32 102
32 101 102
68 86 104
86 80 104
28 27 105
76 52 105
27 59 105
59 95 105
95 76 105
88 81 106
51 64 107
90 51 107
13 12 108
55 13 108
12 11 108
11 96 108
98 55 108
96 98 108
80 86 109
99 53 109
82 54 110
94 98 113
40 39 114
64 40 114
107 64 114
20 19 115
60 93 115
93 20 115
56 60 115
97 56 115
19 97 115
4 3 116
3 35 116
35 34 116
91 4 116
80 65 117
104 80 117
71 57 118
57 103 118
49 48 119
73 74 120
74 63 120
118 103 120
29 28 123
28 105 123
105 52 123
85 78 124
55 94 124
94 85 124
75 54 125
54 100 125
100 101 125
101 70 125
72 65 126
65 81 126
92 72 126
81 88 126
88 122 126
8 7 127
67 8 127
82 110 127
110 67 127
76 72 128
72 92 128
92 111 128
89 91 129
91 102 129
100 89 129
101 100 129
102 101 129
26 25 130
59 26 130
95 59 130
117 95 130
104 117 130
48 47 131
47 99 131
99 109 131
119 48 131
109 86 131
86 119 131
44 43 132
57 44 132
43 42 132
42 79 132
103 57 132
79 103 132
54 75 133
110 54 133
7 6 134
6 89 134
89 82 134
82 127 134
127 7 134
106 71 135
63 88 135
88 106 135
71 118 135
118 120 135
120 63 135
63 74 136
74 94 136
94 113 136
88 63 136
122 88 136
113 121 136
121 122 136
75 111 137
133 75 137
112 69 137
83 71 138
53 99 138
99 83 138
71 106 138
106 53 138
42 41 139
79 42 139
41 64 139
64 51 139
69 77 140
77 67 140
67 110 140
110 133 140
133 137 140
137 69 140
23 22 141
68 23 141
86 68 141
119 86 141
30 29 142
29 123 142
123 52 142
70 30 142
125 70 142
65 80 143
81 65 143
53 106 143
106 81 143
80 109 143
109 53 143
73 120 144
120 103 144
111 92 145
112 137 145
137 111 145
65 72 146
72 76 146
76 95 146
95 117 146
117 65 146
96 69 147
98 96 147
69 112 147
113 98 147
112 121 147
121 113 147
52 75 148
142 52 148
75 125 148
125 142 148
14 13 149
13 55 149
55 124 149
78 14 149
124 78 149
75 52 150
111 75 150
52 76 150
76 128 150
128 111 150
84 85 151
85 73 151
87 84 151
73 144 151
144 87 151
51 87 152
79 139 152
139 51 152
87 144 152
103 79 152
144 103 152
92 126 153
126 122 153
121 112 153
112 145 153
145 92 153
122 121 153
32 31 154
101 32 154
31 70 154
70 101 154
22 2 155
2 50 155
141 22 155
62 61 156
61 66 156
66 90 156
90 107 156
107 62 156
50 49 157
49 119 157
119 141 157
141 155 157
155 50 157
24 68 158
68 104 158
25 24 158
130 25 158
104 130 158
34 33 159
33 102 159
102 91 159
91 116 159
116 34 159
39 56 160
114 39 160
56 62 160
62 107 160
107 114 160
