106
1 0 0
0 1 0
0 0 1
0.0499999 0.95 0
0.0999999 0.9 0
0.15 0.85 0
0.2 0.8 0
0.25 0.75 0
0.3 0.7 0
0.35 0.65 0
0.4 0.6 0
0.45 0.55 0
0.5 0.5 0
0.55 0.45 0
0.6 0.4 0
0.65 0.35 0
0.7 0.3 0
0.75 0.25 0
0.8 0.2 0
0.85 0.15 0
0.9 0.1 0
0.95 0.05 0
0 0.0833334 0.916667
0 0.166667 0.833333
0 0.25 0.75
0 0.333333 0.666667
0 0.416667 0.583333
0 0.5 0.5
0 0.583333 0.416667
0 0.666667 0.333333
0 0.75 0.25
0 0.833333 0.166667
0 0.916667 0.0833333
0.916667 0 0.0833333
0.833333 0 0.166667
0.75 0 0.25
0.666667 0 0.333333
0.583333 0 0.416667
0.5 0 0.5
0.416667 0 0.583333
0.333333 0 0.666667
0.25 0 0.75
0.166667 0 0.833333
0.0833333 0 0.916667
0.646024 0.118509 0.235467
0.092609 0.47911 0.428281
0.280361 0.141542 0.578097
0.154296 0.618972 0.226732
0.476012 0.411219 0.112769
0.811099 0.0687694 0.120132
0.406969 0.068021 0.52501
0.746957 0.120443 0.1326
0.39068 0.259398 0.349922
0.166886 0.236699 0.596415
0.0567139 0.321154 0.622132
0.270471 0.619772 0.109757
0.071375 0.162149 0.766476
0.320351 0.509637 0.170012
0.0594698 0.647986 0.292545
0.408518 0.140578 0.450904
0.175337 0.332705 0.491959
0.473321 0.240524 0.286154
0.631102 0.267363 0.101535
0.127751 0.387295 0.484954
0.57297 0.310519 0.116511
0.88164 0.0451644 0.0731957
0.554016 0.0813521 0.364632
0.251654 0.251688 0.496658
0.556356 0.226738 0.216907
0.130705 0.143687 0.725608
0.677368 0.21569 0.106941
0.0699216 0.819344 0.110734
0.437082 0.324207 0.238711
0.384091 0.506051 0.109857
0.141214 0.693199 0.165587
0.496897 0.139425 0.363678
0.237789 0.428016 0.334195
0.318609 0.0814192 0.599972
0.17963 0.47718 0.34319
0.425132 0.458176 0.116692
0.089122 0.264323 0.646555
0.145054 0.0733633 0.781583
0.396775 0.378734 0.224491
0.331481 0.414905 0.253614
0.666972 0.0624116 0.270616
0.124359 0.774071 0.10157
0.520562 0.354352 0.125086
0.59749 0.174819 0.227691
0.181408 0.563315 0.255277
0.2115 0.162287 0.626213
0.306355 0.220953 0.472692
0.223942 0.0740725 0.701985
0.2533 0.332443 0.414257
0.725275 0.180371 0.0943542
0.0875132 0.57637 0.336117
0.218642 0.661965 0.119393
0.0667624 0.073928 0.85931
0.0648852 0.72814 0.206975
0.324188 0.586562 0.0892495
0.0423124 0.884276 0.0734114
0.0559446 0.392262 0.551794
0.728609 0.0497536 0.221637
0.254043 0.533859 0.212098
0.336618 0.312959 0.350423
0.363177 0.179743 0.45708
0.476289 0.0541902 0.469521


3 1 32
0 21 33
27 26 45
13 12 48
20 19 49
35 34 49
40 39 50
19 18 51
49 19 51
25 24 54
9 8 55
23 22 56
29 28 58
16 15 62
15 14 64
62 15 64
21 20 65
33 21 65
34 33 65
20 49 65
49 34 65
38 37 66
37 44 66
62 64 68
64 61 68
53 56 69
17 16 70
16 62 70
5 4 71
31 30 71
52 61 72
11 10 73
10 57 73
7 6 74
59 50 75
61 59 75
68 61 75
63 60 76
41 40 77
40 50 77
50 59 77
45 63 78
63 76 78
12 11 79
11 73 79
48 12 79
24 23 80
23 56 80
56 53 80
54 24 80
53 60 80
60 63 80
63 54 80
43 42 81
72 48 82
48 79 82
73 57 83
57 76 83
79 73 83
82 79 83
37 36 84
44 37 84
51 44 84
6 5 85
5 71 85
74 6 85
14 13 86
13 48 86
48 72 86
64 14 86
61 64 86
72 61 86
62 68 87
70 62 87
66 44 87
44 70 87
68 75 87
75 66 87
45 78 88
67 53 89
53 69 89
69 81 89
67 89 90
89 46 90
42 41 91
41 77 91
77 46 91
81 42 91
46 89 91
89 81 91
60 53 92
53 67 92
76 60 92
83 76 92
18 17 93
51 18 93
44 51 93
70 44 93
17 70 93
28 27 94
27 45 94
58 28 94
47 74 94
74 58 94
45 88 94
88 47 94
8 7 95
55 8 95
7 74 95
74 47 95
47 88 95
88 55 95
56 22 96
69 56 96
22 2 96
2 43 96
43 81 96
81 69 96
30 29 97
71 30 97
85 71 97
29 58 97
58 74 97
74 85 97
10 9 98
57 10 98
9 55 98
4 3 99
3 32 99
32 31 99
31 71 99
71 4 99
26 25 100
45 26 100
63 45 100
25 54 100
54 63 100
36 35 101
35 49 101
49 51 101
51 84 101
84 36 101
76 57 102
78 76 102
55 88 102
88 78 102
98 55 102
57 98 102
52 72 103
72 82 103
90 52 103
67 90 103
92 67 103
82 83 103
83 92 103
59 61 104
61 52 104
46 77 104
77 59 104
52 90 104
90 46 104
39 38 105
38 66 105
50 39 105
75 50 105
66 75 105
