149
1 0 0
0 1 0
0 0 1
0.05 0.95 0
0.1 0.9 0
0.15 0.85 0
0.2 0.8 0
0.25 0.75 0
0.3 0.7 0
0.35 0.65 0
0.4 0.6 0
0.45 0.55 0
0.5 0.5 0
0.55 0.45 0
0.6 0.4 0
0.65 0.35 0
0.7 0.3 0
0.75 0.25 0
0.8 0.2 0
0.85 0.15 0
0.9 0.1 0
0.95 0.05 0
0 0.0909091 0.909091
0 0.181818 0.818182
0 0.272727 0.727273
0 0.363636 0.636364
0 0.454545 0.545455
0 0.545455 0.454545
0 0.636364 0.363636
0 0.727273 0.272727
0 0.818182 0.181818
0 0.909091 0.0909091
0.947368 0 0.0526316
0.894737 0 0.105263
0.842105 0 0.157895
0.789474 0 0.210526
0.736842 0 0.263158
0.684211 0 0.315789
0.631579 0 0.368421
0.578947 0 0.421053
0.526316 0 0.473684
0.473684 0 0.526316
0.421053 0 0.578947
0.368421 0 0.631579
0.315789 0 0.684211
0.263158 0 0.736842
0.210526 0 0.789474
0.157895 0 0.842105
0.105263 0 0.894737
0.0526316 0 0.947368
0.628145 0.111079 0.260776
0.0884513 0.475193 0.436356
0.280102 0.148204 0.571694
0.166063 0.612653 0.221284
0.479796 0.401597 0.118607
0.810765 0.0606141 0.128621
0.427398 0.0695136 0.503088
0.646954 0.274899 0.0781468
0.0372301 0.337708 0.625062
0.674389 0.122349 0.203262
0.757123 0.173044 0.0698334
0.398415 0.244811 0.356774
0.163697 0.248398 0.587905
0.702579 0.223976 0.0734445
0.288649 0.618348 0.0930033
0.0414358 0.134502 0.824062
0.318244 0.516108 0.165648
0.0352729 0.623224 0.341503
0.38295 0.153351 0.463699
0.184588 0.323834 0.491578
0.49063 0.231113 0.278257
0.442187 0.282734 0.275079
0.130158 0.403428 0.466414
0.348325 0.571211 0.0804635
0.586223 0.334719 0.0790572
0.54153 0.0858432 0.372627
0.245872 0.254441 0.499687
0.189617 0.694364 0.116019
0.595635 0.247595 0.156769
0.759538 0.0860528 0.154409
0.0793322 0.372061 0.548607
0.540057 0.267462 0.192481
0.124375 0.134026 0.741599
0.578407 0.1695 0.252093
0.336699 0.251103 0.412197
0.149846 0.772255 0.0778993
0.0968455 0.827427 0.0757272
0.232844 0.38218 0.384977
0.860758 0.070496 0.0687458
0.405841 0.516637 0.0775212
0.426551 0.432399 0.14105
0.265333 0.0687217 0.665946
0.134222 0.692747 0.173031
0.071892 0.689851 0.238257
0.12195 0.217603 0.660447
0.176702 0.418189 0.40511
0.0498683 0.783269 0.166863
0.490317 0.138711 0.370972
0.295398 0.225386 0.479216
0.646704 0.19149 0.161805
0.231066 0.148346 0.620588
0.226586 0.60379 0.169624
0.319675 0.0703094 0.610016
0.115986 0.619909 0.264104
0.708982 0.0660165 0.225001
0.287163 0.439892 0.272945
0.396323 0.362813 0.240864
0.509158 0.441133 0.0497091
0.436465 0.139417 0.424118
0.0657561 0.271427 0.662817
0.340454 0.414435 0.245111
0.0367793 0.059711 0.90351
0.591598 0.0787443 0.329658
0.243448 0.489811 0.266741
0.313999 0.350798 0.335203
0.0404219 0.51867 0.440908
0.807981 0.124422 0.0675968
0.0863356 0.0769987 0.836666
0.201905 0.468657 0.329438
0.528607 0.176068 0.295326
0.143376 0.516256 0.340368
0.204871 0.0633658 0.731763
0.531295 0.366439 0.102266
0.196911 0.543455 0.259634
0.484942 0.0667556 0.448302
0.489275 0.318585 0.192141
0.120648 0.309213 0.570139
0.333056 0.150829 0.516116
0.372372 0.0704968 0.557131
0.0466856 0.871928 0.0813862
0.272119 0.542538 0.185343
0.0812187 0.579023 0.339758
0.663051 0.0577029 0.279247
0.358909 0.32518 0.315911
0.144379 0.0661515 0.78947
0.461782 0.477185 0.0610328
0.911313 0.0409228 0.0477641
0.173815 0.15173 0.674456
0.278772 0.329078 0.392149
0.0803248 0.175342 0.744333
0.371093 0.469153 0.159754
0.240188 0.694139 0.0656732
0.0408685 0.424278 0.534853
0.445423 0.357134 0.197442
0.710567 0.151344 0.138089
0.101545 0.757111 0.141344
0.034236 0.213347 0.752417
0.450987 0.200472 0.348541
0.20621 0.225191 0.568599


3 1 31
0 21 32
35 34 55
42 41 56
16 15 57
25 24 58
18 17 60
16 57 63
17 16 63
60 17 63
9 8 64
23 22 65
28 27 67
29 28 67
10 9 73
9 64 73
64 66 73
14 13 74
15 14 74
57 15 74
40 39 75
57 74 78
36 35 79
35 55 79
72 51 80
78 74 81
78 81 83
68 61 84
6 5 85
77 6 85
5 4 86
85 5 86
69 76 87
20 19 88
34 33 88
55 34 88
11 10 89
10 73 89
45 44 91
53 77 92
77 85 92
29 67 93
72 69 95
69 87 95
30 29 96
29 93 96
76 52 98
63 57 99
50 59 99
57 78 99
78 83 99
83 50 99
52 76 100
91 52 100
77 53 101
44 43 102
52 91 102
91 44 102
53 92 103
92 93 103
37 36 104
36 79 104
61 71 106
13 12 107
61 68 108
68 56 108
58 24 109
80 58 109
66 105 110
22 2 111
2 49 111
65 22 111
39 38 112
38 50 112
75 39 112
50 83 112
83 75 112
87 105 113
110 105 114
27 26 115
67 27 115
19 18 116
18 60 116
60 79 116
79 55 116
55 88 116
88 19 116
49 48 117
111 49 117
65 111 117
95 87 118
87 113 118
81 70 119
83 81 119
75 83 119
97 75 119
70 97 119
51 72 120
72 95 120
53 103 120
95 118 120
47 46 121
46 45 121
45 91 121
91 100 121
74 13 122
13 107 122
107 54 122
81 74 122
101 53 123
113 101 123
118 113 123
53 120 123
120 118 123
41 40 124
40 75 124
75 97 124
56 41 124
97 108 124
108 56 124
71 70 125
70 81 125
81 122 125
122 54 125
62 69 126
69 72 126
72 80 126
94 62 126
80 109 126
109 94 126
68 84 127
84 98 127
98 52 127
52 102 127
43 42 128
42 56 128
56 68 128
68 127 128
102 43 128
127 102 128
4 3 129
86 4 129
3 31 129
96 86 129
31 30 129
30 96 129
66 64 130
64 101 130
101 113 130
105 66 130
113 105 130
93 67 131
103 93 131
67 115 131
115 51 131
51 120 131
120 103 131
38 37 132
50 38 132
59 50 132
37 104 132
104 59 132
84 61 133
61 106 133
114 84 133
106 110 133
110 114 133
48 47 134
117 48 134
82 117 134
47 121 134
12 11 135
90 54 135
11 89 135
89 90 135
54 107 135
107 12 135
21 20 136
32 21 136
33 32 136
20 88 136
88 33 136
62 94 137
94 82 137
121 100 137
82 134 137
134 121 137
98 84 138
84 114 138
87 76 138
76 98 138
105 87 138
114 105 138
82 94 139
94 109 139
65 117 139
117 82 139
73 66 140
89 73 140
66 110 140
90 89 140
106 90 140
110 106 140
8 7 141
64 8 141
7 6 141
6 77 141
101 64 141
77 101 141
26 25 142
25 58 142
58 80 142
115 26 142
80 51 142
51 115 142
90 106 143
106 71 143
54 90 143
125 54 143
71 125 143
63 99 144
99 59 144
60 63 144
59 104 144
79 60 144
104 79 144
85 86 145
92 85 145
93 92 145
86 96 145
96 93 145
24 23 146
23 65 146
65 139 146
109 24 146
139 109 146
70 71 147
97 70 147
108 97 147
71 61 147
61 108 147
69 62 148
76 69 148
100 76 148
62 137 148
137 100 148
