200
1 0 0
0 1 0
0 0 1
0.05 0.95 0
0.1 0.9 0
0.15 0.85 0
0.2 0.8 0
0.25 0.75 0
0.3 0.7 0
0.35 0.65 0
0.4 0.6 0
0.45 0.55 0
0.5 0.5 0
0.55 0.45 0
0.6 0.4 0
0.65 0.35 0
0.7 0.3 0
0.75 0.25 0
0.8 0.2 0
0.85 0.15 0
0.9 0.1 0
0.95 0.05 0
0 0.0526316 0.947369
0 0.105263 0.894737
0 0.157895 0.842105
0 0.210526 0.789474
0 0.263158 0.736842
0 0.315789 0.684211
0 0.368421 0.631579
0 0.421053 0.578947
0 0.473684 0.526316
0 0.526316 0.473684
0 0.578947 0.421053
0 0.631579 0.368421
0 0.68421 0.315789
0 0.736842 0.263158
0 0.789474 0.210526
0 0.842105 0.157895
0 0.894737 0.105263
0 0.947368 0.0526316
0.941176 0 0.0588235
0.882353 0 0.117647
0.823529 0 0.176471
0.764706 0 0.235294
0.705882 0 0.294118
0.647059 0 0.352941
0.588235 0 0.411765
0.529412 0 0.470588
0.470588 0 0.529412
0.411765 0 0.588235
0.352941 0 0.647059
0.294118 0 0.705882
0.235294 0 0.764706
0.176471 0 0.823529
0.117647 0 0.882353
0.0588235 0 0.941177
0.623851 0.120745 0.255404
0.104535 0.492844 0.402622
0.270103 0.136509 0.593389
0.160144 0.619976 0.21988
0.48774 0.411618 0.100642
0.803864 0.0749197 0.121216
0.41306 0.0602346 0.526706
0.660132 0.272986 0.0668822
0.0487598 0.331299 0.619942
0.68015 0.126433 0.193417
0.754695 0.184127 0.0611783
0.747085 0.125366 0.127549
0.384435 0.266171 0.349394
0.660721 0.063786 0.275493
0.173496 0.234065 0.592438
0.707009 0.234151 0.0588402
0.275463 0.638806 0.0857317
0.0450934 0.146703 0.808204
0.325965 0.525881 0.148154
0.0456192 0.643466 0.310915
0.38335 0.135261 0.481389
0.189507 0.327158 0.483336
0.50045 0.229051 0.2705
0.160728 0.547337 0.291935
0.11375 0.398097 0.488153
0.341918 0.578121 0.0799608
0.582499 0.340486 0.0770152
0.497739 0.456459 0.0458018
0.882889 0.0500455 0.0670658
0.552585 0.0682644 0.379151
0.150897 0.184155 0.664948
0.271578 0.253808 0.474614
0.19656 0.675202 0.128238
0.24773 0.698182 0.054088
0.353852 0.0472049 0.598943
0.598932 0.232001 0.169067
0.302854 0.477251 0.219895
0.0690151 0.370983 0.560001
0.537371 0.276811 0.185818
0.109795 0.141264 0.74894
0.562395 0.168893 0.268712
0.337325 0.258198 0.404477
0.147202 0.779485 0.0733128
0.651258 0.185293 0.163449
0.0909128 0.837527 0.0715604
0.23088 0.391884 0.377236
0.153665 0.431369 0.414966
0.0862976 0.783869 0.129833
0.436579 0.332714 0.230707
0.387824 0.519553 0.0926225
0.255435 0.0441172 0.700447
0.800294 0.135618 0.0640877
0.423708 0.426424 0.149868
0.13615 0.680495 0.183355
0.0822058 0.7093 0.208494
0.495828 0.122982 0.38119
0.242651 0.205035 0.552314
0.0955194 0.203696 0.700785
0.725643 0.0383049 0.236052
0.449267 0.20198 0.348752
0.292419 0.205509 0.502072
0.433397 0.275734 0.290869
0.229729 0.102029 0.668243
0.228478 0.608494 0.163028
0.18462 0.47058 0.3448
0.113374 0.296639 0.589987
0.516934 0.0542794 0.428787
0.573961 0.10852 0.317519
0.398643 0.38477 0.216587
0.0508239 0.897786 0.0513903
0.435306 0.148436 0.416258
0.138856 0.0719853 0.789159
0.0585216 0.266428 0.67505
0.332602 0.40897 0.258428
0.0441042 0.0537407 0.902155
0.309803 0.326593 0.363604
0.532817 0.344942 0.122241
0.102769 0.602892 0.294339
0.606421 0.0472336 0.346346
0.240034 0.322837 0.437129
0.597289 0.28745 0.115261
0.654301 0.229869 0.11583
0.124868 0.734877 0.140256
0.199186 0.0562623 0.744552
0.837128 0.0315354 0.131337
0.0500988 0.432169 0.517732
0.511425 0.167187 0.321388
0.206009 0.565173 0.228819
0.287763 0.577725 0.134513
0.848259 0.0978728 0.0538677
0.0950449 0.553456 0.351499
0.558947 0.218019 0.223034
0.364585 0.438379 0.197036
0.205604 0.166447 0.627949
0.548289 0.398235 0.053476
0.0510097 0.202864 0.746126
0.391118 0.2004 0.408482
0.370514 0.337701 0.291786
0.704122 0.176743 0.119135
0.338258 0.10129 0.560452
0.138981 0.338282 0.522737
0.261046 0.439481 0.299473
0.44794 0.507729 0.0443313
0.401805 0.554913 0.0432812
0.196986 0.278845 0.52417
0.73027 0.0787929 0.190937
0.142548 0.818198 0.0392545
0.314442 0.160575 0.524983
0.0471532 0.539818 0.413029
0.0467378 0.487183 0.466079
0.327559 0.631736 0.0407053
0.28885 0.077399 0.633751
0.0478497 0.752158 0.199993
0.494384 0.324322 0.181294
0.228739 0.503718 0.267542
0.101473 0.0370755 0.861451
0.29888 0.381102 0.320018
0.338209 0.203636 0.458155
0.309747 0.0314967 0.658757
0.0734424 0.0931628 0.833395
0.463795 0.37298 0.163225
0.26176 0.541896 0.196345
0.177564 0.372481 0.449955
0.0934083 0.65773 0.248862
0.781875 0.0352975 0.182828
0.438558 0.467058 0.0943837
0.194535 0.735641 0.0698243
0.038386 0.856218 0.105396
0.0925557 0.448595 0.45885
0.479471 0.286903 0.233626
0.477855 0.037129 0.485016
0.454146 0.0910678 0.454786
0.040271 0.697453 0.262276
0.603819 0.3622 0.033981
0.372458 0.478514 0.149027
0.614743 0.172654 0.212604
0.0407352 0.809245 0.15002
0.29143 0.293043 0.415527
0.0469072 0.592986 0.360107
0.135602 0.514361 0.350037
0.0241042 0.0234602 0.952436
0.636836 0.316765 0.0463994
0.117488 0.240373 0.642139
0.172554 0.119331 0.708115


3 1 39
0 21 40
49 48 62
28 27 64
18 17 66
45 44 69
65 56 69
17 16 71
16 63 71
66 17 71
24 23 73
25 24 73
34 33 75
13 12 83
21 20 84
40 21 84
41 40 84
8 7 89
72 8 89
88 72 89
50 49 90
49 62 90
29 28 93
28 64 93
5 4 100
98 100 103
81 74 105
52 51 106
19 18 107
18 66 107
67 61 107
66 67 107
59 88 109
95 86 113
44 43 114
69 44 114
87 112 116
68 115 117
115 78 117
72 88 119
88 59 119
57 102 120
102 101 120
93 64 121
47 46 122
46 85 122
85 111 122
69 56 123
56 96 123
111 85 123
4 3 125
3 39 125
39 38 125
100 4 125
111 115 126
27 26 128
64 27 128
121 64 128
23 22 130
97 68 131
79 59 133
46 45 134
85 46 134
45 69 134
69 123 134
123 85 134
131 101 135
94 91 136
82 132 136
132 94 136
71 63 137
91 99 137
63 136 137
136 91 137
109 88 138
98 103 138
110 109 138
53 52 139
127 53 139
52 106 139
106 118 139
42 41 140
41 84 140
84 61 140
30 29 141
29 93 141
93 80 141
96 78 142
78 115 142
115 111 142
111 123 142
123 96 142
59 79 143
119 59 143
74 81 144
81 72 144
72 119 144
20 19 145
19 107 145
84 20 145
61 84 145
107 61 145
79 133 146
91 94 147
94 78 147
78 96 147
92 129 148
124 108 148
129 124 148
70 86 149
112 70 149
58 112 149
118 58 149
14 13 150
13 83 150
83 60 150
60 132 150
132 82 150
26 25 151
25 73 151
73 95 151
95 113 151
113 128 151
128 26 151
68 97 152
115 68 152
76 126 152
126 115 152
68 117 153
131 68 153
117 104 153
104 124 153
124 129 153
65 67 154
99 65 154
67 66 154
66 71 154
71 137 154
137 99 154
62 76 155
90 62 155
80 93 156
93 121 156
129 92 157
120 101 157
12 11 158
83 12 158
11 10 159
10 81 159
81 105 159
105 158 159
158 11 159
70 112 160
112 87 160
121 70 160
87 135 160
135 77 160
77 156 160
156 121 160
61 67 161
67 65 161
65 69 161
69 114 161
6 5 162
98 6 162
5 100 162
100 98 162
112 58 163
116 112 163
155 76 163
58 155 163
32 31 164
57 146 164
31 30 165
30 141 165
57 164 165
164 31 165
9 8 166
8 72 166
10 9 166
81 10 166
72 81 166
58 118 167
118 106 167
90 155 167
155 58 167
36 35 168
110 138 168
138 103 168
94 132 169
79 120 170
143 79 170
157 92 170
120 157 170
54 53 171
53 127 171
55 54 171
130 55 171
101 131 172
131 153 172
153 129 172
129 157 172
157 101 172
97 87 173
87 116 173
152 97 173
76 152 173
163 76 173
116 163 173
51 50 174
106 51 174
167 106 174
50 90 174
90 167 174
95 73 175
127 95 175
73 23 175
23 130 175
171 127 175
130 171 175
60 108 176
108 124 176
124 104 176
104 169 176
132 60 176
169 132 176
119 143 177
144 119 177
74 144 177
92 74 177
170 92 177
143 170 177
102 80 178
101 102 178
77 135 178
135 101 178
80 156 178
156 77 178
59 109 179
133 59 179
109 110 179
75 133 179
42 140 180
140 61 180
43 42 180
114 43 180
161 114 180
61 161 180
60 83 181
108 60 181
158 105 181
83 158 181
7 6 182
6 98 182
89 7 182
88 89 182
98 138 182
138 88 182
38 37 183
100 125 183
125 38 183
80 102 184
102 57 184
57 165 184
141 80 184
165 141 184
78 94 185
117 78 185
104 117 185
169 104 185
94 169 185
48 47 186
47 122 186
62 48 186
76 62 187
126 76 187
122 111 187
111 126 187
186 122 187
62 186 187
35 34 188
110 168 188
168 35 188
34 75 188
75 179 188
179 110 188
15 14 189
14 150 189
150 82 189
74 92 190
92 148 190
105 74 190
181 105 190
148 108 190
108 181 190
56 65 191
65 99 191
96 56 191
147 96 191
99 91 191
91 147 191
37 36 192
36 168 192
168 103 192
183 37 192
103 100 192
100 183 192
87 97 193
135 87 193
97 131 193
131 135 193
33 32 194
75 33 194
133 75 194
146 133 194
32 164 194
164 146 194
57 120 195
120 79 195
79 146 195
146 57 195
22 2 196
2 55 196
55 130 196
130 22 196
16 15 197
63 16 197
82 136 197
136 63 197
15 189 197
189 82 197
86 70 198
113 86 198
128 113 198
70 121 198
121 128 198
86 95 199
139 118 199
95 127 199
127 139 199
118 149 199
149 86 199
