40
1 0 0
0 1 0
0 0 1
0.0500001 0.95 0
0.1 0.9 0
0.15 0.85 0
0.2 0.8 0
0.25 0.75 0
0.3 0.7 0
0.35 0.65 0
0.4 0.6 0
0.45 0.55 0
0.5 0.5 0
0.55 0.45 0
0.6 0.4 0
0.65 0.35 0
0.7 0.3 0
0.75 0.25 0
0.8 0.2 0
0.85 0.15 0
0.9 0.1 0
0.95 0.05 0
0 0.090909 0.909091
0 0.181818 0.818182
0 0.272727 0.727273
0 0.363636 0.636364
0 0.454545 0.545455
0 0.545455 0.454545
0 0.636364 0.363636
0 0.727273 0.272727
0 0.818182 0.181818
0 0.909091 0.0909091
0.888889 0 0.111111
0.777778 0 0.222222
0.666667 0 0.333333
0.555556 0 0.444444
0.444444 0 0.555556
0.333333 0 0.666667
0.222222 0 0.777778
0.111111 0 0.888889


2 13 22
13 12 22
12 11 23
22 12 23
11 10 24
23 11 24
10 9 25
24 10 25
9 8 26
25 9 26
8 7 27
26 8 27
7 6 28
27 7 28
6 5 29
28 6 29
5 4 30
29 5 30
3 1 31
4 3 31
30 4 31
0 21 32
21 20 32
20 19 33
32 20 33
19 18 34
33 19 34
18 17 35
34 18 35
17 16 36
35 17 36
16 15 37
36 16 37
15 14 38
37 15 38
13 2 39
14 13 39
38 14 39
