190
1 0 0
0 1 0
0 0 1
0.05 0.95 0
0.1 0.9 0
0.15 0.85 0
0.2 0.8 0
0.25 0.75 0
0.3 0.7 0
0.35 0.65 0
0.4 0.6 0
0.45 0.55 0
0.5 0.5 0
0.55 0.45 0
0.6 0.4 0
0.65 0.35 0
0.7 0.3 0
0.75 0.25 0
0.8 0.2 0
0.85 0.15 0
0.9 0.1 0
0.95 0.05 0
0 0.0526316 0.947368
0 0.105263 0.894737
0 0.157895 0.842105
0 0.210526 0.789474
0 0.263158 0.736842
0 0.315789 0.684211
0 0.368421 0.631579
0 0.421053 0.578947
0 0.473684 0.526316
0 0.526316 0.473684
0 0.578947 0.421053
0 0.631579 0.368421
0 0.684211 0.315789
0 0.736842 0.263158
0 0.789474 0.210526
0 0.842105 0.157895
0 0.894737 0.105263
0 0.947368 0.0526316
0.9375 0 0.0625
0.875 0 0.125
0.8125 0 0.1875
0.75 0 0.25
0.6875 0 0.3125
0.625 0 0.375
0.5625 0 0.4375
0.5 0 0.5
0.4375 0 0.5625
0.375 0 0.625
0.3125 0 0.6875
0.25 0 0.75
0.1875 0 0.8125
0.125 0 0.875
0.0624999 0 0.9375
0.621972 0.127342 0.250687
0.111989 0.497516 0.390494
0.273866 0.133412 0.592722
0.156051 0.616299 0.22765
0.632889 0.343918 0.0231932
0.796374 0.0536603 0.149966
0.438741 0.0614934 0.499766
0.633132 0.303346 0.0635215
0.67968 0.119137 0.201183
0.752425 0.187487 0.0600887
0.753507 0.11622 0.130273
0.411627 0.262861 0.325513
0.643703 0.0570042 0.299293
0.172584 0.236957 0.590459
0.700876 0.226562 0.0725623
0.273454 0.632615 0.0939311
0.0555135 0.151712 0.792775
0.339793 0.50595 0.154257
0.0459551 0.633826 0.320219
0.388305 0.121367 0.490328
0.195031 0.331838 0.473131
0.519556 0.246101 0.234343
0.158263 0.544888 0.296849
0.112173 0.40081 0.487018
0.342871 0.57874 0.0783884
0.525951 0.267699 0.206349
0.493377 0.450801 0.0558213
0.831988 0.0751091 0.0929028
0.5663 0.12073 0.31297
0.149677 0.190389 0.659935
0.308589 0.291249 0.400162
0.203664 0.669322 0.127014
0.249174 0.695004 0.0558229
0.360441 0.0435143 0.596045
0.609573 0.199906 0.19052
0.304136 0.471793 0.22407
0.0617754 0.380166 0.558059
0.0624275 0.326006 0.611566
0.509942 0.273373 0.216685
0.138066 0.127185 0.734749
0.561878 0.211051 0.227071
0.328794 0.25401 0.417196
0.161133 0.771577 0.0672904
0.614922 0.174165 0.210914
0.090561 0.848719 0.0607198
0.221359 0.404688 0.373953
0.153436 0.433447 0.413117
0.0734432 0.797241 0.129316
0.504904 0.258368 0.236728
0.386208 0.510713 0.103079
0.260243 0.0391271 0.70063
0.771542 0.164687 0.0637711
0.139745 0.688227 0.172028
0.0729367 0.707473 0.21959
0.517957 0.139264 0.342779
0.244911 0.206187 0.548902
0.702352 0.0717717 0.225876
0.475994 0.203613 0.320393
0.305599 0.212039 0.482362
0.467704 0.255101 0.277194
0.214795 0.11643 0.668776
0.221202 0.617814 0.160984
0.189231 0.473536 0.337233
0.451941 0.385127 0.162932
0.119414 0.289192 0.591394
0.423004 0.460464 0.116532
0.503742 0.100667 0.395591
0.0496173 0.898001 0.0523818
0.449824 0.127618 0.422557
0.140168 0.0656232 0.794209
0.075528 0.256976 0.667496
0.336353 0.402802 0.260845
0.0428942 0.0578078 0.899298
0.32489 0.341553 0.333557
0.10234 0.602416 0.295244
0.603004 0.122122 0.274874
0.252567 0.747433 0
0.16384 0.120464 0.715697
0.367639 0.314363 0.317997
0.534448 0.0365917 0.42896
0.0665468 0.417281 0.516173
0.0732684 0.207433 0.719298
0.516621 0.149387 0.333992
0.214134 0.571613 0.214253
0.573282 0.333841 0.0928777
0.805593 0.134421 0.0599865
0.553936 0.385175 0.060889
0.102549 0.556846 0.340605
0.0931073 0.658051 0.248842
0.0970501 0.188658 0.714292
0.372713 0.444069 0.183219
0.203753 0.17557 0.620676
0.254716 0.289333 0.455952
0.444126 0.209395 0.346479
0.392573 0.0889056 0.518522
0.264799 0.431234 0.303967
0.443035 0.497387 0.0595781
0.67546 0.0633881 0.261152
0.134736 0.812978 0.0522859
0.293635 0.176937 0.529428
0.265433 0.551966 0.1826
0.064147 0.523176 0.412677
0.0746523 0.43285 0.492498
0.544938 0.270615 0.184447
0.193856 0.265297 0.540847
0.0785071 0.483175 0.438318
0.409816 0.538043 0.0521414
0.455409 0.28483 0.259761
0.118947 0.325815 0.555238
0.301173 0.0819429 0.616884
0.679905 0.159517 0.160579
0.0470203 0.751218 0.201762
0.303067 0.656027 0.0409058
0.356364 0 0.643636
0.545355 0.0879876 0.366657
0.274059 0.333552 0.392389
0.108837 0.0387954 0.852368
0.681326 0.199575 0.119099
0.281566 0.376367 0.342067
0.18653 0.724998 0.0884719
0.0468116 0.150148 0.803041
0.36673 0.151697 0.481573
0.341997 0.517571 0.140432
0.162795 0.367347 0.469858
0.551558 0.173929 0.274513
0.0639584 0.090441 0.845601
0.709711 0.0433103 0.246979
0.0397868 0.853297 0.106916
0.655067 0.233767 0.111166
0.0690602 0.521875 0.409064
0.386065 0.393262 0.220672
0.614111 0.259274 0.126614
0.422404 0.512368 0.0652275
0.350476 0.238914 0.41061
0.294074 0.583902 0.122024


3 1 39
0 21 40
22 2 54
16 15 59
15 14 59
42 41 60
43 42 60
16 59 62
18 17 64
45 44 67
17 16 69
16 62 69
64 17 69
33 32 73
34 33 73
10 9 79
13 12 81
21 20 82
40 21 82
41 40 82
60 41 82
65 60 82
8 7 87
86 70 87
50 49 88
49 48 88
48 61 88
29 28 91
28 27 92
91 28 92
7 6 97
55 63 98
95 89 98
5 4 99
37 36 102
76 80 103
80 93 103
51 50 105
19 18 106
18 64 106
58 86 107
97 102 107
35 34 108
60 65 111
65 63 111
95 103 112
76 103 114
112 76 114
70 86 116
86 58 116
77 56 117
56 101 117
101 100 117
118 81 120
104 72 120
4 3 122
3 39 122
39 38 122
99 4 122
61 74 123
121 61 123
109 121 123
52 51 124
51 105 124
27 26 125
92 27 125
119 92 125
84 68 125
68 119 125
23 22 127
22 54 127
77 58 129
55 67 130
67 83 130
1 3 131
3 4 131
4 5 131
5 6 131
6 7 131
7 8 131
8 9 131
9 10 131
10 11 131
11 12 131
12 13 131
13 14 131
14 15 131
15 16 131
84 94 132
105 115 132
124 105 132
94 124 132
85 96 133
96 66 133
128 85 133
126 128 133
47 46 134
61 48 134
46 45 134
30 29 135
29 91 135
91 78 135
26 25 136
125 26 136
25 71 136
84 125 136
109 123 137
58 77 138
116 58 138
77 117 138
117 90 138
62 59 139
20 19 140
82 20 140
65 82 140
106 65 140
19 106 140
14 13 141
13 81 141
139 14 141
81 118 141
118 139 141
56 77 142
77 129 142
73 32 142
129 73 142
34 73 143
108 34 143
58 107 143
107 108 143
129 58 143
73 129 143
71 94 144
136 71 144
94 84 144
84 136 144
72 90 145
120 72 145
118 120 145
90 126 145
68 84 146
110 68 146
57 110 146
115 57 146
84 132 146
132 115 146
110 113 147
96 85 147
113 96 147
112 114 148
114 66 148
112 137 148
137 123 148
74 57 149
61 74 149
88 61 149
134 48 149
47 134 149
90 117 150
117 100 150
126 90 150
12 11 151
81 12 151
120 81 151
67 44 152
63 55 152
111 63 152
55 67 152
111 130 152
55 130 152
6 5 153
97 6 153
5 99 153
99 102 153
102 97 153
110 57 154
113 110 154
116 138 155
90 72 155
138 90 155
32 31 156
142 32 156
78 101 157
135 78 157
30 135 157
80 89 158
95 76 158
103 95 158
139 80 158
119 68 159
147 75 159
68 110 159
110 147 159
31 30 160
156 31 160
101 56 160
157 101 160
30 157 160
11 10 161
10 79 161
79 104 161
103 93 162
114 103 162
66 114 162
133 66 162
93 118 162
78 91 163
91 92 163
92 119 163
119 159 163
159 75 163
50 88 164
105 50 164
57 115 164
115 105 164
88 149 164
149 57 164
63 65 165
98 63 165
65 106 165
106 64 165
111 152 165
36 35 166
35 108 166
102 36 166
107 102 166
108 107 166
9 8 167
70 79 167
79 9 167
8 87 167
87 70 167
0 40 168
40 41 168
41 42 168
42 43 168
43 44 168
44 45 168
45 46 168
46 47 168
47 48 168
48 49 168
49 50 168
50 51 168
51 52 168
52 53 168
54 2 168
53 54 168
83 109 169
109 130 169
45 67 169
134 45 169
67 61 169
61 134 169
130 137 169
149 48 169
47 149 169
130 83 169
152 130 169
85 128 170
147 85 170
100 75 170
75 147 170
53 52 171
52 124 171
54 53 171
127 54 171
64 69 172
165 64 172
165 89 172
150 100 173
128 126 173
126 150 173
100 170 173
170 128 173
87 7 174
7 97 174
86 87 174
97 107 174
107 86 174
25 24 175
71 25 175
74 123 176
123 148 176
57 74 176
154 57 176
113 154 176
47 169 176
72 104 177
104 79 177
155 72 177
101 78 178
75 100 178
100 101 178
78 163 178
163 75 178
95 98 179
98 55 179
112 76 179
95 112 179
112 103 179
103 158 179
152 137 179
130 121 179
169 130 179
111 165 179
121 111 179
176 169 179
47 176 179
94 71 180
124 94 180
127 171 180
171 124 180
24 23 180
175 24 180
23 127 180
71 175 180
43 60 181
60 111 181
44 43 181
152 44 181
111 152 181
134 130 181
130 169 181
169 134 181
48 55 181
55 169 181
169 48 181
140 172 181
172 179 181
38 37 182
37 102 182
102 99 182
99 122 182
122 38 182
69 62 183
89 172 183
139 14 183
140 139 183
172 140 183
152 158 183
179 152 183
69 55 183
140 181 183
181 179 183
56 142 184
142 156 184
156 160 184
160 56 184
126 133 185
118 145 185
145 126 185
133 162 185
162 118 185
62 139 186
158 76 186
76 179 186
179 158 186
183 62 186
158 89 186
89 183 186
139 59 186
158 172 186
55 76 186
76 183 186
183 14 186
59 55 186
104 120 187
120 151 187
161 104 187
151 11 187
11 161 187
186 14 187
66 96 188
148 66 188
96 113 188
113 176 188
176 148 188
179 169 188
47 179 188
76 69 188
69 183 188
183 76 188
158 140 188
140 183 188
183 158 188
170 172 188
172 186 188
14 47 188
187 14 188
186 187 188
79 70 189
70 116 189
116 155 189
155 177 189
177 79 189
169 170 189
170 188 189
188 169 189
