83
1 0 0
0 1 0
0 0 1
0.05 0.95 0
0.1 0.9 0
0.15 0.85 0
0.2 0.8 0
0.25 0.75 0
0.3 0.7 0
0.35 0.65 0
0.4 0.6 0
0.45 0.55 0
0.5 0.5 0
0.55 0.45 0
0.6 0.4 0
0.65 0.35 0
0.7 0.3 0
0.75 0.25 0
0.8 0.2 0
0.85 0.15 0
0.9 0.1 0
0.95 0.05 0
0 0.1 0.9
0 0.2 0.8
0 0.3 0.7
0 0.4 0.6
0 0.5 0.5
0 0.6 0.4
0 0.7 0.3
0 0.8 0.2
0 0.9 0.1
0.916667 0 0.0833333
0.833333 0 0.166667
0.75 0 0.25
0.666667 0 0.333333
0.583333 0 0.416667
0.5 0 0.5
0.416667 0 0.583333
0.333333 0 0.666667
0.25 0 0.75
0.166667 0 0.833333
0.0833333 0 0.916667
0.633873 0.114009 0.252118
0.110282 0.502101 0.387616
0.285124 0.145771 0.569105
0.1776 0.628735 0.193664
0.460989 0.38478 0.154231
0.448008 0.107312 0.44468
0.735657 0.117099 0.147244
0.407675 0.254546 0.337779
0.185943 0.265215 0.548842
0.309183 0.520931 0.169886
0.367945 0.123903 0.508152
0.480272 0.224195 0.295533
0.124505 0.407304 0.468191
0.230398 0.584271 0.185331
0.244965 0.224584 0.53045
0.823035 0.0633409 0.113624
0.568123 0.222434 0.209443
0.112953 0.123931 0.763116
0.679336 0.211302 0.109361
0.244909 0.396942 0.358149
0.0699157 0.791875 0.13821
0.149514 0.694355 0.156131
0.523494 0.0943704 0.382136
0.128591 0.312261 0.559149
0.410073 0.435115 0.154812
0.511943 0.337585 0.150472
0.213314 0.480816 0.30587
0.304682 0.358757 0.336562
0.0805064 0.190513 0.72898
0.358478 0.481376 0.160146
0.0762072 0.595513 0.32828
0.356372 0.305529 0.338099
0.0875934 0.714576 0.197831
0.18327 0.101835 0.714895
0.0553415 0.385862 0.558797
0.570171 0.312118 0.117711
0.609971 0.181749 0.20828
0.0402043 0.885031 0.0747644
0.0582559 0.309131 0.632613
0.658685 0.0632713 0.278044
0.899424 0.0378786 0.0626979


3 1 30
0 21 31
36 35 42
26 25 43
40 39 44
8 7 45
13 12 46
38 37 47
19 18 48
33 19 48
34 33 48
18 17 48
17 42 48
10 9 51
39 38 52
44 39 52
49 44 52
38 47 52
49 52 53
52 47 53
8 45 55
45 43 55
9 8 55
43 54 55
20 19 57
19 33 57
32 20 57
33 32 57
16 15 58
53 47 58
22 2 59
2 41 59
56 50 59
17 16 60
42 17 60
5 4 62
4 29 62
29 28 62
7 6 63
45 7 63
37 36 64
47 37 64
36 42 64
58 47 64
50 61 65
12 11 66
46 12 66
14 13 67
13 46 67
46 49 67
49 53 67
51 9 68
9 55 68
55 54 68
61 51 68
54 65 68
65 61 68
50 56 69
61 50 69
22 59 70
59 50 70
23 22 70
65 23 70
50 65 70
11 10 71
10 51 71
51 61 71
61 69 71
66 11 71
69 66 71
26 43 72
43 45 72
27 26 72
45 63 72
44 49 73
56 44 73
49 46 73
46 66 73
66 69 73
69 56 73
6 5 74
5 62 74
28 27 74
62 28 74
63 6 74
27 72 74
72 63 74
41 40 75
40 44 75
44 56 75
56 59 75
59 41 75
25 24 76
43 25 76
54 43 76
15 14 77
53 58 77
58 15 77
14 67 77
67 53 77
16 58 78
60 16 78
42 60 78
64 42 78
58 64 78
4 3 79
3 30 79
29 4 79
30 29 79
24 23 80
23 65 80
65 54 80
54 76 80
76 24 80
35 34 81
34 48 81
42 35 81
48 42 81
21 20 82
20 32 82
31 21 82
32 31 82
