124
1 0 0
0 1 0
0 0 1
0.05 0.95 0
0.1 0.9 0
0.15 0.85 0
0.2 0.8 0
0.25 0.75 0
0.3 0.7 0
0.35 0.65 0
0.4 0.6 0
0.45 0.55 0
0.5 0.5 0
0.55 0.45 0
0.6 0.4 0
0.65 0.35 0
0.7 0.3 0
0.75 0.25 0
0.8 0.2 0
0.85 0.15 0
0.9 0.1 0
0.95 0.05 0
0 0.1 0.9
0 0.2 0.8
0 0.3 0.7
0 0.4 0.6
0 0.5 0.5
0 0.6 0.4
0 0.7 0.3
0 0.8 0.2
0 0.9 0.1
0.9375 0 0.0625
0.875 0 0.125
0.8125 0 0.1875
0.75 0 0.25
0.6875 0 0.3125
0.625 0 0.375
0.5625 0 0.4375
0.5 0 0.5
0.4375 0 0.5625
0.375 0 0.625
0.3125 0 0.6875
0.25 0 0.75
0.1875 0 0.8125
0.125 0 0.875
0.0624999 0 0.9375
0.618384 0.119815 0.2618
0.0921313 0.500608 0.407261
0.280885 0.160163 0.558952
0.159897 0.614921 0.225182
0.485217 0.397316 0.117468
0.794713 0.0597373 0.145549
0.422109 0.0784243 0.499467
0.65022 0.26588 0.0839001
0.0468384 0.355743 0.597419
0.750308 0.169178 0.0805136
0.390277 0.239274 0.370449
0.167148 0.237327 0.595526
0.69687 0.214374 0.0887557
0.27562 0.620428 0.103952
0.0553194 0.148562 0.796119
0.317676 0.512958 0.169366
0.044846 0.638483 0.316671
0.386411 0.139289 0.474299
0.184828 0.341986 0.473186
0.505293 0.225155 0.269551
0.458271 0.2829 0.258829
0.117191 0.406282 0.476527
0.582816 0.330818 0.086366
0.692025 0.12336 0.184615
0.545287 0.0804476 0.374266
0.242599 0.246077 0.511323
0.20151 0.691133 0.107357
0.353095 0.0652789 0.581626
0.583334 0.259623 0.157042
0.746731 0.0848863 0.168383
0.124714 0.146668 0.728619
0.32315 0.243826 0.433023
0.144791 0.762941 0.0922679
0.0923402 0.81356 0.0940993
0.237638 0.379811 0.38255
0.912781 0.0425989 0.0446205
0.084829 0.309532 0.605639
0.390768 0.505788 0.103445
0.41578 0.418664 0.165556
0.13651 0.685505 0.177985
0.844486 0.0735925 0.0819216
0.0791091 0.714425 0.206466
0.489974 0.130166 0.37986
0.0989416 0.221846 0.679213
0.559577 0.168357 0.272065
0.227045 0.102044 0.670911
0.189086 0.458814 0.352099
0.0435234 0.252529 0.703947
0.521981 0.31081 0.167209
0.348761 0.421335 0.229903
0.252233 0.500699 0.247068
0.290592 0.0718008 0.637607
0.0997345 0.603794 0.296472
0.0929423 0.0712248 0.835833
0.041937 0.777565 0.180498
0.288787 0.425753 0.28546
0.210521 0.577154 0.212325
0.440131 0.179554 0.380315
0.0484783 0.446494 0.505028
0.039199 0.0612355 0.899565
0.368971 0.335248 0.295781
0.344952 0.575848 0.0792001
0.2998 0.333418 0.366782
0.478662 0.0564151 0.464923
0.655669 0.0612132 0.283117
0.0456556 0.546948 0.407396
0.157201 0.0737996 0.768999
0.602065 0.0547799 0.343155
0.187601 0.160577 0.651822
0.426653 0.338026 0.235321
0.632981 0.189015 0.178005
0.0456642 0.865014 0.0893217
0.132744 0.303534 0.563723
0.336417 0.149344 0.514239
0.146722 0.524645 0.328633
0.801929 0.128784 0.0692862
0.54676 0.382479 0.070761
0.452277 0.478923 0.0687993


3 1 30
0 21 31
13 12 50
34 33 51
40 39 52
16 15 53
25 24 54
18 17 55
17 16 58
16 53 58
55 17 58
9 8 59
8 7 59
23 22 60
28 27 62
15 14 68
55 58 69
38 37 70
64 57 71
7 6 72
59 7 72
41 40 73
40 52 73
52 63 73
53 15 74
15 68 74
34 51 75
35 34 75
69 35 75
55 69 75
71 48 77
6 5 78
72 6 78
5 4 79
78 5 79
64 71 80
21 20 81
20 32 81
31 21 81
32 31 81
67 54 82
11 10 83
49 72 85
72 78 85
20 19 86
32 20 86
33 32 86
51 33 86
28 62 87
78 79 87
85 78 87
60 76 89
76 57 89
74 65 90
70 46 90
65 88 90
88 70 90
43 42 91
48 71 91
67 64 92
64 80 92
24 23 93
54 24 93
82 54 93
23 60 93
60 89 93
89 82 93
50 66 94
66 65 94
65 74 94
74 68 94
83 61 95
84 83 95
61 59 96
92 80 96
42 41 97
41 73 97
48 91 97
91 42 97
49 85 98
85 87 98
87 62 98
45 44 99
76 60 99
29 28 100
28 87 100
87 79 100
95 61 101
61 96 101
96 80 101
59 72 102
72 49 102
96 59 102
92 96 102
56 63 103
66 56 103
63 52 103
52 88 103
65 66 103
88 65 103
26 25 104
25 54 104
54 67 104
67 47 104
22 2 105
2 45 105
60 22 105
45 99 105
99 60 105
77 56 106
84 95 106
10 9 107
9 59 107
59 61 107
61 83 107
83 10 107
71 77 108
80 71 108
101 80 108
95 101 108
106 95 108
77 106 108
39 38 109
52 39 109
88 52 109
38 70 109
70 88 109
36 35 110
35 69 110
69 46 110
27 26 111
62 27 111
47 98 111
98 62 111
26 104 111
104 47 111
44 43 112
43 91 112
76 99 112
99 44 112
37 36 113
46 70 113
70 37 113
36 110 113
110 46 113
71 57 114
91 71 114
57 76 114
76 112 114
112 91 114
66 50 115
50 84 115
56 66 115
106 56 115
84 106 115
58 53 116
46 69 116
69 58 116
53 74 116
74 90 116
90 46 116
4 3 117
3 30 117
30 29 117
29 100 117
79 4 117
100 79 117
57 64 118
64 67 118
67 82 118
82 89 118
89 57 118
73 63 119
77 48 119
63 56 119
56 77 119
48 97 119
97 73 119
47 67 120
67 92 120
49 98 120
98 47 120
92 102 120
102 49 120
19 18 121
75 51 121
18 55 121
55 75 121
51 86 121
86 19 121
14 13 122
68 14 122
13 50 122
50 94 122
94 68 122
12 11 123
50 12 123
84 50 123
11 83 123
83 84 123
