151
1 0 0
0 1 0
0 0 1
0.0500001 0.95 0
0.1 0.9 0
0.15 0.85 0
0.2 0.8 0
0.25 0.75 0
0.3 0.7 0
0.35 0.65 0
0.4 0.6 0
0.45 0.55 0
0.5 0.5 0
0.55 0.45 0
0.6 0.4 0
0.65 0.35 0
0.7 0.3 0
0.75 0.25 0
0.8 0.2 0
0.85 0.15 0
0.9 0.1 0
0.95 0.05 0
0 0.0588235 0.941176
0 0.117647 0.882353
0 0.176471 0.823529
0 0.235294 0.764706
0 0.294118 0.705882
0 0.352941 0.647059
0 0.411765 0.588235
0 0.470588 0.529412
0 0.529412 0.470588
0 0.588235 0.411765
0 0.647059 0.352941
0 0.705882 0.294118
0 0.764706 0.235294
0 0.823529 0.176471
0 0.882353 0.117647
0 0.941176 0.0588235
0.923077 0 0.0769231
0.846154 0 0.153846
0.769231 0 0.230769
0.692308 0 0.307692
0.615385 0 0.384615
0.538462 0 0.461538
0.461538 0 0.538462
0.384615 0 0.615385
0.307692 0 0.692308
0.230769 0 0.769231
0.153846 0 0.846154
0.0769232 0 0.923077
0.619388 0.109947 0.270665
0.106025 0.487368 0.406607
0.289699 0.140607 0.569694
0.148044 0.599465 0.25249
0.470519 0.401234 0.128247
0.790563 0.0608856 0.148551
0.413033 0.0592247 0.527742
0.6357 0.282494 0.0818064
0.758202 0.176053 0.0657454
0.746037 0.124985 0.128978
0.405018 0.253654 0.341328
0.660128 0.0520903 0.287782
0.181283 0.253155 0.565562
0.690408 0.233405 0.076187
0.275096 0.643945 0.0809591
0.0562221 0.144654 0.799124
0.320144 0.520571 0.159285
0.383558 0.136925 0.479518
0.176568 0.330567 0.492865
0.49712 0.231284 0.271596
0.159723 0.536419 0.303857
0.128043 0.401636 0.470321
0.338256 0.581917 0.0798277
0.58256 0.334294 0.0831459
0.496887 0.449037 0.0540763
0.874452 0.0522277 0.0733201
0.545844 0.0730965 0.381059
0.141967 0.195088 0.662945
0.250469 0.240766 0.508765
0.198587 0.678023 0.123389
0.224732 0.713005 0.062263
0.343504 0.0419192 0.614577
0.593609 0.238534 0.167856
0.0553634 0.322495 0.622142
0.538326 0.286282 0.175393
0.137641 0.130255 0.732103
0.573425 0.178959 0.247616
0.158088 0.778285 0.0636275
0.664199 0.173746 0.162055
0.0791976 0.841396 0.0794068
0.229106 0.378192 0.392702
0.0738216 0.784506 0.141672
0.443301 0.346943 0.209755
0.40151 0.512267 0.0862224
0.270405 0.0468076 0.682788
0.0759301 0.70128 0.22279
0.477569 0.128798 0.393633
0.72706 0.0427208 0.230219
0.300874 0.197196 0.50193
0.181746 0.480586 0.337669
0.115493 0.291544 0.592963
0.29694 0.464538 0.238523
0.320233 0.270236 0.409532
0.431993 0.45512 0.112887
0.0510467 0.264253 0.6847
0.501329 0.173379 0.325292
0.389979 0.387787 0.222234
0.13585 0.727006 0.137144
0.126813 0.0649261 0.808261
0.431881 0.190486 0.377633
0.0474577 0.898901 0.0536411
0.461642 0.292588 0.24577
0.314253 0.343219 0.342528
0.234532 0.102939 0.662529
0.191999 0.0589323 0.749069
0.0643616 0.0920723 0.843566
0.823305 0.111053 0.0656413
0.0565781 0.440472 0.502949
0.0665854 0.198099 0.735315
0.0541495 0.663082 0.282768
0.209019 0.568957 0.222024
0.510139 0.344813 0.145048
0.0911996 0.564211 0.34459
0.314158 0.405823 0.28002
0.0729862 0.616749 0.310264
0.215128 0.176003 0.608869
0.540301 0.398831 0.0608684
0.0698931 0.0368152 0.893292
0.240442 0.510245 0.249313
0.325365 0.0891129 0.585522
0.492784 0.0393486 0.467868
0.268631 0.574575 0.156795
0.130003 0.660022 0.209975
0.382939 0.3156 0.301461
0.702194 0.097966 0.19984
0.0492497 0.541341 0.40941
0.244806 0.305562 0.449633
0.169742 0.432791 0.397466
0.0431073 0.49537 0.461523
0.361503 0.209902 0.428595
0.0552054 0.381577 0.563217
0.362176 0.458051 0.179772
0.106365 0.239693 0.653942
0.599164 0.0457625 0.355073
0.11072 0.347223 0.542056
0.549637 0.128215 0.322148
0.208717 0.624798 0.166484
0.0557466 0.741701 0.202552
0.24205 0.440653 0.317297
0.392355 0.55723 0.0504145
0.466972 0.0871737 0.445855


3 1 37
0 21 38
40 39 55
45 44 56
16 15 57
18 17 58
19 18 58
42 41 61
17 16 63
16 57 63
58 17 63
9 8 64
24 23 65
10 9 72
9 64 72
15 14 73
57 15 73
13 12 74
21 20 75
38 21 75
39 38 75
55 39 75
8 7 80
64 8 80
79 64 80
46 45 81
45 56 81
63 57 82
27 26 83
57 73 84
82 57 84
69 82 84
82 69 86
6 5 87
7 6 87
80 7 87
59 58 88
58 63 88
86 50 88
63 82 88
82 86 88
5 4 89
36 35 89
87 5 89
71 68 90
35 34 91
89 35 91
87 89 91
12 11 93
47 46 94
46 81 94
41 40 97
61 41 97
40 55 97
52 67 98
70 51 99
62 68 100
78 98 102
74 12 103
12 93 103
54 74 103
26 25 104
83 26 104
100 83 104
86 69 105
92 54 106
54 103 106
79 80 107
80 87 107
87 91 107
67 96 109
96 105 109
69 60 109
105 69 109
4 3 110
3 37 110
37 36 110
36 89 110
89 4 110
60 69 111
69 84 111
48 47 114
108 48 114
47 94 114
85 108 114
113 85 114
94 113 114
23 22 115
65 23 115
85 65 115
108 85 115
20 19 116
59 55 116
19 58 116
58 59 116
55 75 116
75 20 116
29 28 117
71 51 117
25 24 118
24 65 118
65 85 118
85 77 118
104 25 118
33 32 119
95 33 119
53 70 120
54 92 121
84 73 121
92 111 121
111 84 121
51 70 122
70 53 122
90 112 123
112 106 123
32 31 124
119 32 124
122 53 124
31 122 124
62 77 125
78 62 125
52 98 125
98 78 125
113 52 125
77 85 125
85 113 125
14 13 126
13 74 126
74 54 126
54 121 126
73 14 126
121 73 126
22 2 127
2 49 127
49 48 127
48 108 127
115 22 127
108 115 127
70 99 128
120 70 128
101 66 128
56 67 129
81 56 129
67 52 129
94 81 129
52 113 129
113 94 129
44 43 130
43 76 130
56 44 130
72 64 131
66 72 131
120 128 131
128 66 131
79 107 132
107 95 132
95 119 132
119 124 132
124 53 132
102 60 133
112 102 133
92 106 133
106 112 133
60 111 133
111 92 133
50 61 134
59 88 134
88 50 134
55 59 134
97 55 134
61 97 134
31 30 135
122 31 135
51 122 135
68 62 136
62 78 136
78 102 136
90 68 136
112 90 136
102 112 136
51 71 137
99 51 137
71 90 137
30 29 138
29 117 138
117 51 138
51 135 138
135 30 138
60 102 139
102 98 139
109 60 139
98 67 139
67 109 139
28 27 140
27 83 140
71 117 140
117 28 140
93 66 141
66 101 141
103 93 141
106 103 141
101 123 141
123 106 141
77 62 142
62 100 142
100 104 142
104 118 142
118 77 142
43 42 143
76 43 143
42 61 143
61 50 143
50 76 143
83 100 144
100 68 144
68 71 144
71 140 144
140 83 144
76 50 145
96 76 145
50 86 145
86 105 145
105 96 145
64 79 146
53 120 146
120 131 146
131 64 146
79 132 146
132 53 146
34 33 147
33 95 147
91 34 147
95 107 147
107 91 147
90 123 148
123 101 148
101 128 148
128 99 148
137 90 148
99 137 148
11 10 149
93 11 149
10 72 149
72 66 149
66 93 149
67 56 150
96 67 150
76 96 150
130 76 150
56 130 150
