59
1 0 0
0 1 0
0 0 1
0.05 0.95 0
0.1 0.9 0
0.15 0.85 0
0.2 0.8 0
0.25 0.75 0
0.3 0.7 0
0.35 0.65 0
0.4 0.6 0
0.45 0.55 0
0.5 0.5 0
0.55 0.45 0
0.6 0.4 0
0.65 0.35 0
0.7 0.3 0
0.75 0.25 0
0.8 0.2 0
0.85 0.15 0
0.9 0.1 0
0.95 0.05 0
0 0.5 0.5
0.95 0 0.05
0.9 0 0.1
0.85 0 0.15
0.8 0 0.2
0.75 0 0.25
0.7 0 0.3
0.65 0 0.35
0.6 0 0.4
0.55 0 0.45
0.5 0 0.5
0.45 0 0.55
0.4 0 0.6
0.35 0 0.65
0.3 0 0.7
0.25 0 0.75
0.2 0 0.8
0.15 0 0.85
0.1 0 0.9
0.05 0 0.95
0.0903081 0.493232 0.41646
0.0420794 0.410699 0.547221
0.173656 0.376853 0.449491
0.27412 0.380863 0.345017
0.472381 0.250522 0.277096
0.224691 0.38701 0.3883
0.412781 0.292665 0.294554
0.321512 0.335247 0.343241
0.574714 0.214739 0.210547
0.524273 0.22002 0.255707
0.136076 0.571734 0.29219
0.368374 0.312897 0.318729
0.624248 0.197206 0.178546
0.0248905 0.725225 0.249884
0.129219 0.251017 0.619765
0.67473 0.15799 0.16728
0.0723245 0.215328 0.712348


0 21 23
21 20 24
23 21 24
20 19 25
24 20 25
19 18 26
25 19 26
18 17 27
26 18 27
17 16 28
27 17 28
4 3 42
22 2 43
2 41 43
42 3 43
6 5 44
39 38 44
8 7 45
37 36 45
12 11 46
11 33 46
32 12 46
33 32 46
7 6 47
38 37 47
6 44 47
44 38 47
37 45 47
45 7 47
11 10 48
33 11 48
34 33 48
9 8 49
36 35 49
8 45 49
45 36 49
14 13 50
13 31 50
30 14 50
31 30 50
13 12 51
12 32 51
31 13 51
32 31 51
5 4 52
4 42 52
44 5 52
10 9 53
48 10 53
35 34 53
34 48 53
9 49 53
49 35 53
15 14 54
14 30 54
29 15 54
30 29 54
3 1 55
1 22 55
22 43 55
43 3 55
40 39 56
42 40 56
52 42 56
39 44 56
44 52 56
16 15 57
15 29 57
28 16 57
29 28 57
41 40 58
40 42 58
42 43 58
43 41 58
