215
1 0 0
0 1 0
0 0 1
0.0500001 0.95 0
0.1 0.9 0
0.15 0.85 0
0.2 0.8 0
0.25 0.75 0
0.3 0.7 0
0.35 0.65 0
0.4 0.6 0
0.45 0.55 0
0.5 0.5 0
0.55 0.45 0
0.6 0.4 0
0.65 0.35 0
0.7 0.3 0
0.75 0.25 0
0.8 0.2 0
0.85 0.15 0
0.9 0.1 0
0.95 0.05 0
0 0.05 0.95
0 0.1 0.9
0 0.15 0.85
0 0.2 0.8
0 0.25 0.75
0 0.3 0.7
0 0.35 0.65
0 0.4 0.6
0 0.45 0.55
0 0.5 0.5
0 0.55 0.45
0 0.6 0.4
0 0.65 0.35
0 0.7 0.3
0 0.75 0.25
0 0.8 0.2
0 0.85 0.15
0 0.9 0.1
0 0.95 0.05
0.944444 0 0.0555556
0.888889 0 0.111111
0.833333 0 0.166667
0.777778 0 0.222222
0.722222 0 0.277778
0.666667 0 0.333333
0.611111 0 0.388889
0.555556 0 0.444444
0.5 0 0.5
0.444444 0 0.555556
0.388889 0 0.611111
0.333333 0 0.666667
0.277778 0 0.722222
0.222222 0 0.777778
0.166667 0 0.833333
0.111111 0 0.888889
0.0555556 0 0.944444
0.634961 0.119365 0.245674
0.102397 0.49799 0.399613
0.265557 0.142972 0.591471
0.165087 0.604979 0.229934
0.492065 0.402148 0.105787
0.793667 0.0617011 0.144632
0.415114 0.0733103 0.511576
0.908081 0.0450865 0.0468329
0.650263 0.278961 0.0707752
0.041823 0.354684 0.603493
0.678536 0.139015 0.182448
0.755602 0.184456 0.0599418
0.749646 0.124074 0.12628
0.387319 0.257291 0.355391
0.660953 0.0593268 0.27972
0.162913 0.247283 0.589804
0.701425 0.23714 0.0614356
0.0441246 0.303138 0.652737
0.275801 0.641273 0.0829254
0.0520902 0.149876 0.798034
0.328081 0.515053 0.156867
0.385768 0.127784 0.486449
0.175147 0.335668 0.489185
0.487639 0.226274 0.286087
0.269233 0.516034 0.214734
0.162384 0.545805 0.291811
0.120495 0.393507 0.485997
0.33659 0.573901 0.0895091
0.594354 0.327604 0.0780423
0.499939 0.45533 0.0447317
0.547556 0.0766534 0.375791
0.147881 0.189442 0.662677
0.252633 0.253817 0.49355
0.199619 0.681899 0.118482
0.244052 0.705395 0.0505535
0.349675 0.0456376 0.604688
0.584119 0.242694 0.173187
0.0816823 0.372239 0.546079
0.534086 0.286598 0.179315
0.116131 0.144562 0.739307
0.560603 0.172165 0.267232
0.343602 0.252399 0.403998
0.146039 0.782762 0.0711995
0.609613 0.18604 0.204347
0.654755 0.182896 0.162349
0.0920886 0.839732 0.0681797
0.22281 0.393686 0.383504
0.156005 0.433981 0.410015
0.0683362 0.802288 0.129376
0.430639 0.333718 0.235643
0.859763 0.0922518 0.0479851
0.0940888 0.309602 0.596309
0.391004 0.517154 0.0918418
0.257772 0.0387284 0.703499
0.80554 0.131448 0.0630114
0.429098 0.428685 0.142217
0.13613 0.692865 0.171005
0.0732953 0.711985 0.214719
0.492463 0.123894 0.383643
0.240663 0.2056 0.553737
0.413546 0.283439 0.303015
0.0932472 0.205647 0.701106
0.728442 0.0387617 0.232797
0.447226 0.203237 0.349537
0.295157 0.211058 0.493785
0.239973 0.100036 0.659991
0.225766 0.614229 0.160005
0.174846 0.480564 0.34459
0.43763 0.384667 0.177703
0.304736 0.464858 0.230407
0.506679 0.0532833 0.440038
0.0450661 0.252557 0.702377
0.574465 0.10979 0.315745
0.363719 0.089681 0.5466
0.0357015 0.403808 0.56049
0.600099 0.365112 0.0347892
0.0515267 0.898364 0.0501092
0.0991783 0.254239 0.646583
0.424901 0.152807 0.422293
0.134561 0.0714265 0.794013
0.389315 0.379885 0.2308
0.289059 0.581931 0.12901
0.334267 0.404399 0.261334
0.040003 0.0554135 0.904583
0.477691 0.283566 0.238743
0.854623 0.0437013 0.101675
0.294578 0.0568907 0.648531
0.329635 0.312339 0.358026
0.700102 0.182194 0.117704
0.64096 0.229628 0.129412
0.0428367 0.511319 0.445844
0.537499 0.338703 0.123798
0.10597 0.606016 0.288014
0.607552 0.0464432 0.346005
0.232784 0.310835 0.45638
0.590727 0.285653 0.123621
0.0501112 0.765889 0.184
0.278014 0.433525 0.288461
0.122311 0.739446 0.138243
0.201321 0.0614924 0.737187
0.0585886 0.0937492 0.847662
0.0548856 0.659367 0.285747
0.510334 0.166841 0.322824
0.213513 0.559573 0.226914
0.539671 0.231691 0.228637
0.548717 0.412009 0.0392739
0.0956219 0.557267 0.347111
0.36993 0.437759 0.192311
0.203869 0.168785 0.627345
0.137457 0.322176 0.540367
0.0505832 0.197958 0.751459
0.393895 0.206364 0.399741
0.718293 0.0829954 0.198712
0.231959 0.492726 0.275315
0.642947 0.320263 0.0367896
0.077426 0.461348 0.461226
0.44831 0.507571 0.0441182
0.393008 0.563394 0.0435986
0.200648 0.276792 0.522559
0.349207 0.193868 0.456926
0.362419 0.346582 0.290999
0.133277 0.831731 0.0349927
0.317275 0.151753 0.530972
0.487316 0.338307 0.174376
0.39001 0.474385 0.135605
0.0525126 0.435872 0.511616
0.95674 0.0209723 0.0222872
0.451103 0.0917162 0.457181
0.0467025 0.553935 0.399363
0.334137 0.624618 0.041245
0.115522 0.655447 0.22903
0.0932022 0.0381414 0.868656
0.263154 0.559395 0.177452
0.295619 0.269519 0.434862
0.0484009 0.605545 0.346054
0.457276 0.0377059 0.505018
0.177666 0.032191 0.790143
0.307971 0.0975156 0.594514
0.225825 0.436257 0.337917
0.186569 0.730286 0.0831447
0.173777 0.119735 0.706489
0.190804 0.37077 0.438426
0.814643 0.0888533 0.0965039
0.446681 0.46299 0.0903284
0.403225 0.0373031 0.559472
0.0341461 0.706962 0.258892
0.565063 0.0327399 0.402197
0.0410125 0.856825 0.102162
0.80574 0.165645 0.028615
0.134419 0.516463 0.349118
0.776688 0.0362826 0.187029
0.207918 0.757259 0.0348222
0.551256 0.375856 0.0728879
0.261506 0.340117 0.398377
0.0960661 0.111383 0.79255
0.172677 0.64927 0.178053
0.288343 0.380467 0.33119


3 1 40
22 2 57
21 20 65
42 41 65
29 28 67
18 17 69
46 45 72
17 16 74
16 66 74
69 17 74
28 27 75
67 28 75
25 24 77
13 12 87
8 7 92
76 8 92
91 76 92
52 51 93
58 68 101
98 58 101
101 68 102
38 37 106
100 103 106
20 19 108
65 20 108
67 75 109
95 67 109
85 78 110
53 52 111
54 53 111
108 19 112
69 70 112
97 89 119
45 44 120
72 45 120
81 118 121
118 71 121
90 117 122
76 91 124
59 105 125
62 113 126
78 82 127
49 48 128
88 116 128
27 26 129
75 27 129
72 58 130
58 98 130
116 88 130
64 79 131
30 29 132
29 67 132
67 95 132
15 14 133
4 3 134
3 40 134
40 39 134
103 4 134
89 73 135
119 89 135
73 109 135
129 119 135
109 75 135
75 129 135
116 121 136
107 126 138
85 76 139
76 124 139
78 85 139
23 22 141
22 57 141
107 118 142
118 81 142
43 42 143
63 43 143
42 65 143
65 108 143
52 93 144
111 52 144
123 111 144
99 71 145
71 118 145
68 70 146
102 68 146
70 69 146
69 74 146
74 66 147
94 101 147
101 102 147
102 146 147
146 74 147
32 31 148
83 61 150
47 46 151
46 72 151
72 130 151
130 88 151
66 86 153
96 94 153
94 147 153
147 66 153
86 149 153
149 96 153
37 36 154
36 115 154
106 37 154
140 127 155
114 91 156
100 106 156
106 154 156
115 114 156
154 115 156
54 111 157
111 123 157
24 23 158
77 24 158
23 141 158
35 34 159
98 81 160
81 121 160
121 116 160
116 130 160
130 98 160
61 83 161
124 61 161
94 96 162
81 98 162
98 101 162
101 94 162
96 142 162
142 81 162
13 87 163
87 62 163
14 13 163
133 14 163
83 150 164
78 127 165
126 113 165
138 126 165
127 140 165
140 138 165
73 89 166
117 73 166
60 117 166
123 60 166
80 84 167
84 95 167
109 73 167
95 109 167
26 25 168
25 77 168
77 97 168
97 119 168
119 129 168
129 26 168
71 99 169
121 71 169
136 121 169
63 70 170
70 68 170
68 58 170
58 72 170
72 120 170
83 125 171
127 82 171
155 127 171
82 161 171
161 83 171
16 15 172
66 16 172
86 66 172
15 133 172
133 86 172
84 105 173
105 59 173
148 31 173
59 148 173
12 11 174
87 12 174
11 10 175
85 110 175
110 174 175
174 11 175
73 117 176
117 90 176
90 152 176
152 80 176
167 73 176
80 167 176
169 99 177
79 136 177
136 169 177
118 107 178
107 138 178
145 118 178
138 140 178
6 5 179
100 6 179
5 4 179
4 103 179
103 100 179
117 60 180
122 117 180
131 79 180
79 177 180
177 122 180
126 107 181
107 142 181
142 96 181
62 126 181
149 62 181
96 149 181
110 78 182
78 165 182
165 113 182
95 84 183
132 95 183
30 132 183
84 173 183
31 30 183
173 31 183
0 21 184
41 0 184
21 65 184
65 41 184
79 64 185
136 79 185
128 116 185
116 136 185
33 32 186
32 148 186
148 59 186
59 164 186
9 8 187
8 76 187
10 9 187
76 85 187
85 175 187
175 10 187
114 115 188
115 159 188
150 61 188
159 150 188
56 55 189
55 137 189
57 56 189
141 57 189
137 158 189
158 141 189
82 78 190
78 139 190
161 82 190
139 124 190
124 161 190
90 122 191
152 90 191
99 145 191
122 177 191
177 99 191
150 159 192
159 34 192
34 33 192
164 150 192
33 186 192
186 164 192
50 49 193
49 128 193
128 185 193
185 64 193
55 54 194
137 55 194
54 157 194
157 137 194
60 123 195
123 144 195
93 131 195
144 93 195
131 180 195
180 60 195
105 104 196
125 105 196
155 171 196
171 125 196
91 92 197
100 156 197
156 91 197
89 97 198
157 123 198
97 137 198
137 157 198
123 166 198
166 89 198
84 80 199
105 84 199
104 105 199
80 152 199
70 63 200
112 70 200
108 112 200
63 143 200
143 108 200
62 87 201
113 62 201
87 174 201
182 113 201
174 110 201
110 182 201
51 50 202
93 51 202
64 131 202
131 93 202
50 193 202
193 64 202
36 35 203
115 36 203
35 159 203
159 115 203
48 47 204
88 128 204
128 48 204
47 151 204
151 88 204
39 38 205
38 106 205
106 103 205
103 134 205
134 39 205
19 18 206
112 19 206
18 69 206
69 112 206
59 125 207
164 59 207
125 83 207
83 164 207
44 43 208
43 63 208
120 44 208
63 170 208
170 120 208
7 6 209
6 100 209
100 197 209
92 7 209
197 92 209
86 133 210
149 86 210
62 149 210
163 62 210
133 163 210
152 191 211
191 145 211
104 199 211
199 152 211
97 77 212
137 97 212
77 158 212
158 137 212
91 114 213
124 91 213
61 124 213
114 188 213
188 61 213
140 155 214
178 140 214
155 196 214
196 104 214
104 211 214
145 178 214
211 145 214
