70
1 0 0
0 1 0
0 0 1
0.0500001 0.95 0
0.1 0.9 0
0.15 0.85 0
0.2 0.8 0
0.25 0.75 0
0.3 0.7 0
0.35 0.65 0
0.4 0.6 0
0.45 0.55 0
0.5 0.5 0
0.55 0.45 0
0.6 0.4 0
0.65 0.35 0
0.7 0.3 0
0.75 0.25 0
0.8 0.2 0
0.85 0.15 0
0.9 0.1 0
0.95 0.05 0
0 0.05 0.95
0 0.1 0.9
0 0.15 0.85
0 0.2 0.8
0 0.25 0.75
0 0.3 0.7
0 0.35 0.65
0 0.4 0.6
0 0.45 0.55
0 0.5 0.5
0 0.55 0.45
0 0.6 0.4
0 0.65 0.35
0 0.7 0.3
0 0.75 0.25
0 0.8 0.2
0 0.85 0.15
0 0.9 0.1
0 0.95 0.05
0.666667 0 0.333333
0.333333 0 0.666667
0.785338 0.0282885 0.186373
0.614409 0.114436 0.271155
0.298033 0.125459 0.576509
0.431901 0.0746368 0.493462
0.425761 0.27045 0.303789
0.246382 0.523046 0.230572
0.254737 0.325958 0.419305
0.555001 0.164864 0.280135
0.225178 0.383184 0.391637
0.245416 0.0362987 0.718285
0.385132 0.420851 0.194017
0.217868 0.22856 0.553572
0.195298 0.623008 0.181695
0.16817 0.666865 0.164965
0.476143 0.32223 0.201628
0.70803 0.0670217 0.224948
0.259346 0.470541 0.270112
0.494688 0.215315 0.289996
0.529846 0.0323938 0.43776
0.214212 0.573359 0.212429
0.190903 0.274764 0.534332
0.263827 0.179915 0.556258
0.123783 0.723976 0.152241
0.191165 0.0783797 0.730455
0.430588 0.369916 0.199496
0.106666 0.774566 0.118768
0.176307 0.42803 0.395663


6 5 38
37 6 38
5 4 39
38 5 39
3 1 40
4 3 40
39 4 40
0 21 43
41 0 43
20 19 44
24 23 45
44 45 46
17 16 47
12 11 48
32 31 48
28 27 49
19 18 50
44 19 50
45 44 50
29 28 51
28 49 51
22 2 52
2 42 52
14 13 53
26 25 54
10 9 55
34 33 55
9 8 56
8 35 56
35 34 56
34 55 56
55 9 56
16 15 57
47 16 57
49 47 57
21 20 58
20 44 58
44 46 58
43 21 58
13 12 59
31 30 59
12 48 59
48 31 59
53 13 59
18 17 60
17 47 60
47 54 60
50 18 60
41 43 61
42 41 61
52 42 61
46 52 61
43 58 61
58 46 61
11 10 62
33 32 62
32 48 62
48 11 62
10 55 62
55 33 62
27 26 63
47 49 63
49 27 63
26 54 63
54 47 63
25 24 64
24 45 64
45 50 64
54 25 64
50 60 64
60 54 64
8 7 65
7 36 65
35 8 65
36 35 65
45 23 66
46 45 66
23 22 66
22 52 66
52 46 66
15 14 67
14 53 67
53 51 67
57 15 67
51 49 67
49 57 67
7 6 68
6 37 68
36 7 68
37 36 68
30 29 69
29 51 69
51 53 69
53 59 69
59 30 69
