139
1 0 0
0 1 0
0 0 1
0.0499999 0.95 0
0.0999999 0.9 0
0.15 0.85 0
0.2 0.8 0
0.25 0.75 0
0.3 0.7 0
0.35 0.65 0
0.4 0.6 0
0.45 0.55 0
0.5 0.5 0
0.55 0.45 0
0.6 0.4 0
0.65 0.35 0
0.7 0.3 0
0.75 0.25 0
0.8 0.2 0
0.85 0.15 0
0.9 0.1 0
0.95 0.05 0
0 0.05 0.95
0 0.1 0.9
0 0.15 0.85
0 0.2 0.8
0 0.25 0.75
0 0.3 0.7
0 0.35 0.65
0 0.4 0.6
0 0.45 0.55
0 0.5 0.5
0 0.55 0.45
0 0.6 0.4
0 0.65 0.35
0 0.7 0.3
0 0.75 0.25
0 0.8 0.2
0 0.85 0.15
0 0.9 0.1
0 0.95 0.05
0.9 0 0.1
0.8 0 0.2
0.7 0 0.3
0.6 0 0.4
0.5 0 0.5
0.4 0 0.6
0.3 0 0.7
0.2 0 0.8
0.1 0 0.9
0.623251 0.119076 0.257672
0.0902466 0.505149 0.404604
0.282487 0.139798 0.577715
0.155204 0.617817 0.226979
0.479466 0.419766 0.100768
0.792104 0.0677847 0.140112
0.437395 0.0744049 0.4882
0.640685 0.274881 0.0844343
0.749568 0.175051 0.075381
0.743082 0.125822 0.131096
0.392453 0.25716 0.350387
0.646447 0.0669313 0.286622
0.162143 0.250241 0.587616
0.69645 0.222965 0.0805847
0.263222 0.625539 0.111239
0.304625 0.523399 0.171976
0.389384 0.128181 0.482435
0.189356 0.339014 0.47163
0.477907 0.234187 0.287906
0.177361 0.532651 0.289989
0.135408 0.393436 0.471155
0.337593 0.568553 0.0938531
0.571201 0.329467 0.0993325
0.881182 0.0518729 0.0669455
0.55071 0.0760753 0.373215
0.150609 0.656422 0.192968
0.138591 0.196195 0.665214
0.258338 0.248267 0.493395
0.189233 0.682058 0.12871
0.341928 0.0459957 0.612076
0.590226 0.233042 0.176732
0.282225 0.479303 0.238472
0.139984 0.132011 0.728005
0.553418 0.176312 0.270271
0.129424 0.781842 0.0887341
0.525289 0.286763 0.187948
0.656771 0.177106 0.166123
0.0833419 0.838403 0.078255
0.23915 0.391236 0.369614
0.461584 0.333334 0.205082
0.117115 0.446523 0.436362
0.0953795 0.309876 0.594745
0.242758 0.0413224 0.71592
0.0853183 0.705589 0.209093
0.499159 0.123272 0.377568
0.24618 0.199246 0.554574
0.35615 0.221538 0.422312
0.46943 0.467808 0.0627624
0.183962 0.479878 0.33616
0.458033 0.3751 0.166867
0.30085 0.285736 0.413415
0.729904 0.0358828 0.234213
0.153105 0.732973 0.113922
0.135863 0.0708439 0.793293
0.0794743 0.255445 0.665081
0.350447 0.417646 0.231907
0.300049 0.33566 0.364291
0.622979 0.0334988 0.343522
0.408319 0.51437 0.0773107
0.524266 0.0346638 0.44107
0.236496 0.0935731 0.669931
0.440417 0.17601 0.383573
0.0611971 0.212561 0.726242
0.217705 0.574904 0.207391
0.0767703 0.367149 0.556081
0.0928178 0.59693 0.310252
0.0691677 0.75806 0.172772
0.0672981 0.119021 0.813681
0.386689 0.466825 0.146486
0.830639 0.100848 0.0685131
0.0777007 0.0392418 0.883057
0.0700266 0.655025 0.274948
0.334515 0.0933626 0.572122
0.40844 0.29931 0.29225
0.439847 0.0299654 0.530188
0.195593 0.290028 0.514379
0.337074 0.173401 0.489525
0.240681 0.438738 0.320581
0.0733825 0.554342 0.372275
0.0694648 0.166313 0.764222
0.552658 0.374604 0.0727377
0.0399245 0.921495 0.0385805
0.713249 0.0824086 0.204342
0.825766 0.0272073 0.147026
0.270885 0.67162 0.0574954
0.229581 0.711185 0.0592342
0.362455 0.361276 0.27627
0.2038 0.152836 0.643364
0.0568205 0.415575 0.527604


3 1 40
0 21 41
32 31 51
14 13 54
17 16 57
19 18 58
19 58 59
18 17 63
58 18 63
17 57 63
10 9 64
11 10 71
10 64 71
16 15 72
57 16 72
21 20 73
41 21 73
61 50 74
53 64 75
75 64 78
47 46 79
63 57 80
65 69 81
80 68 83
7 6 84
57 72 85
80 57 85
68 80 85
58 63 86
63 80 86
50 59 86
83 50 86
59 58 86
80 83 86
5 4 87
4 39 87
39 38 87
6 5 87
84 6 87
38 37 87
37 84 87
70 67 88
85 72 89
31 30 90
51 31 90
70 88 90
28 27 91
48 47 92
47 79 92
36 35 93
75 78 93
66 56 94
56 74 94
74 50 94
50 83 94
62 76 95
77 62 95
68 60 96
77 95 96
13 12 97
54 13 97
69 51 98
81 69 98
51 90 98
89 72 99
77 96 100
96 60 100
43 42 101
7 84 102
93 78 102
48 92 103
27 26 104
76 62 104
62 91 104
91 27 104
99 54 105
88 67 106
67 100 106
44 43 107
61 74 107
43 101 107
101 61 107
12 11 108
11 71 108
71 65 108
97 12 108
45 44 109
74 56 109
44 107 109
107 74 109
92 79 110
82 103 110
103 92 110
66 94 111
83 68 111
68 96 111
94 83 111
26 25 112
76 104 112
104 26 112
69 65 113
64 53 113
71 64 113
65 71 113
29 28 114
67 70 114
91 67 114
28 91 114
34 33 115
69 113 115
113 53 115
37 36 116
84 37 116
102 84 116
36 93 116
93 102 116
24 23 117
23 103 117
103 82 117
54 97 118
105 54 118
81 105 118
65 81 118
108 65 118
97 108 118
20 19 119
19 59 119
59 55 119
55 73 119
73 20 119
22 2 120
2 49 120
23 22 120
103 23 120
49 48 120
48 103 120
35 34 121
53 75 121
75 93 121
93 35 121
34 115 121
115 53 121
56 66 122
79 56 122
66 52 122
52 110 122
110 79 122
60 68 123
68 85 123
85 89 123
100 60 123
106 100 123
46 45 124
56 79 124
79 46 124
45 109 124
109 56 124
62 77 125
67 91 125
91 62 125
77 100 125
100 67 125
52 66 126
95 52 126
96 95 126
66 111 126
111 96 126
90 88 127
98 90 127
81 98 127
105 81 127
88 105 127
32 51 128
51 69 128
33 32 128
115 33 128
69 115 128
25 24 129
112 25 129
82 76 129
76 112 129
24 117 129
117 82 129
15 14 130
72 15 130
14 54 130
54 99 130
99 72 130
4 3 131
3 40 131
39 4 131
40 39 131
55 59 132
59 50 132
50 61 132
61 101 132
101 55 132
42 41 133
41 73 133
73 55 133
55 101 133
101 42 133
9 8 134
64 9 134
78 64 134
8 7 135
7 102 135
102 78 135
78 134 135
134 8 135
105 88 136
88 106 136
89 99 136
99 105 136
106 123 136
123 89 136
76 82 137
52 95 137
95 76 137
82 110 137
110 52 137
30 29 138
70 90 138
90 30 138
29 114 138
114 70 138
