53
1 0 0
0 1 0
0 0 1
0.05 0.95 0
0.1 0.9 0
0.15 0.85 0
0.2 0.8 0
0.25 0.75 0
0.3 0.7 0
0.35 0.65 0
0.4 0.6 0
0.45 0.55 0
0.5 0.5 0
0.55 0.45 0
0.6 0.4 0
0.65 0.35 0
0.7 0.3 0
0.75 0.25 0
0.8 0.2 0
0.85 0.15 0
0.9 0.1 0
0.95 0.05 0
0 0.5 0.5
0.947368 0 0.0526316
0.894737 0 0.105263
0.842105 0 0.157895
0.789474 0 0.210526
0.736842 0 0.263158
0.684211 0 0.315789
0.631579 0 0.368421
0.578947 0 0.421053
0.526316 0 0.473684
0.473684 0 0.526316
0.421053 0 0.578947
0.368421 0 0.631579
0.31579 0 0.68421
0.263158 0 0.736842
0.210526 0 0.789474
0.157895 0 0.842105
0.105263 0 0.894737
0.0526316 0 0.947368
0.0986358 0.447297 0.454068
0.0474758 0.451937 0.500587
0.199621 0.38348 0.416899
0.255472 0.345414 0.399114
0.405962 0.281085 0.312952
0.510827 0.222153 0.26702
0.451324 0.262039 0.286637
0.3057 0.317302 0.376998
0.149206 0.42654 0.424254
0.614859 0.187105 0.198036
0.355887 0.305009 0.339104
0.562719 0.200228 0.237053


3 1 22
0 21 23
21 20 24
23 21 24
20 19 25
24 20 25
19 18 26
25 19 26
18 17 27
26 18 27
17 16 28
27 17 28
16 15 29
28 16 29
5 4 41
40 39 41
22 2 42
2 40 42
40 41 42
4 3 42
41 4 42
3 22 42
7 6 43
38 37 43
8 7 44
37 36 44
7 43 44
43 37 44
11 10 45
34 33 45
13 12 46
12 32 46
31 13 46
32 31 46
12 11 47
32 12 47
33 32 47
11 45 47
45 33 47
9 8 48
36 35 48
8 44 48
44 36 48
6 5 49
39 38 49
5 41 49
41 39 49
38 43 49
43 6 49
15 14 50
14 30 50
29 15 50
30 29 50
10 9 51
35 34 51
34 45 51
45 10 51
9 48 51
48 35 51
14 13 52
13 31 52
30 14 52
31 30 52
