176
1 0 0
0 1 0
0 0 1
0.05 0.95 0
0.1 0.9 0
0.15 0.85 0
0.2 0.8 0
0.25 0.75 0
0.3 0.7 0
0.35 0.65 0
0.4 0.6 0
0.45 0.55 0
0.5 0.5 0
0.55 0.45 0
0.6 0.4 0
0.65 0.35 0
0.7 0.3 0
0.75 0.25 0
0.8 0.2 0
0.85 0.15 0
0.9 0.1 0
0.95 0.05 0
0 0.05 0.95
0 0.1 0.9
0 0.15 0.85
0 0.2 0.8
0 0.25 0.75
0 0.3 0.7
0 0.35 0.65
0 0.4 0.6
0 0.45 0.55
0 0.5 0.5
0 0.55 0.45
0 0.6 0.4
0 0.65 0.35
0 0.7 0.3
0 0.75 0.25
0 0.8 0.2
0 0.85 0.15
0 0.9 0.1
0 0.95 0.05
0.928571 0 0.0714286
0.857143 0 0.142857
0.785714 0 0.214286
0.714286 0 0.285714
0.642857 0 0.357143
0.571429 0 0.428571
0.5 0 0.5
0.428571 0 0.571429
0.357143 0 0.642857
0.285714 0 0.714286
0.214286 0 0.785714
0.142857 0 0.857143
0.0714286 0 0.928571
0.810068 0.0349194 0.155013
0.63303 0.111523 0.255447
0.113745 0.503405 0.382851
0.285351 0.138133 0.576516
0.149177 0.599283 0.251541
0.483431 0.410923 0.105646
0.407337 0.0635803 0.529083
0.661512 0.267766 0.0707221
0.745505 0.177167 0.0773283
0.730286 0.132934 0.136781
0.400919 0.257787 0.341295
0.65641 0.055013 0.288577
0.16953 0.244914 0.585555
0.720001 0.225608 0.0543904
0.275472 0.623673 0.100855
0.0567217 0.151928 0.79135
0.318251 0.525845 0.155904
0.390007 0.124206 0.485787
0.187559 0.340836 0.471606
0.484057 0.235315 0.280627
0.162362 0.539963 0.297675
0.132835 0.394028 0.473137
0.342037 0.572117 0.0858464
0.592169 0.337251 0.0705806
0.485862 0.458758 0.0553799
0.878537 0.0485314 0.0729311
0.539366 0.0744022 0.386232
0.13282 0.658453 0.208728
0.144409 0.200456 0.655135
0.263696 0.24496 0.491344
0.206392 0.67372 0.119888
0.22328 0.71795 0.0587702
0.349071 0.0431934 0.607736
0.597069 0.244902 0.158029
0.287149 0.481063 0.231789
0.0649622 0.377134 0.557904
0.0571755 0.324003 0.618822
0.786538 0.0791898 0.134272
0.133232 0.132078 0.73469
0.588226 0.160001 0.251773
0.157896 0.780504 0.0615999
0.518876 0.2835 0.197624
0.650199 0.184871 0.16493
0.0778316 0.84142 0.0807484
0.22751 0.383941 0.388549
0.0760683 0.791506 0.132425
0.449314 0.331739 0.218947
0.101208 0.453292 0.4455
0.409461 0.511117 0.0794225
0.274301 0.03307 0.692629
0.795281 0.129041 0.0756776
0.0698555 0.705387 0.224758
0.48622 0.121692 0.392089
0.235956 0.199106 0.564938
0.737994 0.0428172 0.219189
0.439781 0.209046 0.351173
0.360611 0.22337 0.416019
0.447682 0.282627 0.26969
0.218056 0.113968 0.667975
0.21157 0.620041 0.168389
0.200011 0.48384 0.316149
0.426891 0.391387 0.181722
0.115429 0.288987 0.595584
0.319287 0.283474 0.397239
0.42503 0.449589 0.125382
0.137337 0.726179 0.136483
0.0607688 0.894597 0.0446338
0.666222 0.220038 0.11374
0.12534 0.0647648 0.809895
0.0756196 0.258305 0.666075
0.345738 0.406158 0.248103
0.311742 0.34126 0.346999
0.0500691 0.501968 0.447963
0.594605 0.0424226 0.362972
0.526634 0.0349372 0.438428
0.200796 0.065112 0.734092
0.37328 0.361388 0.265332
0.0647976 0.101521 0.833681
0.06927 0.199553 0.731177
0.0582569 0.661612 0.280131
0.50858 0.171701 0.319719
0.207911 0.571341 0.220748
0.52012 0.353687 0.126194
0.105877 0.563023 0.3311
0.0515013 0.439041 0.509458
0.0734575 0.613791 0.312752
0.355574 0.440527 0.203898
0.201305 0.160587 0.638107
0.539492 0.407284 0.0532244
0.422191 0.168092 0.409718
0.573615 0.105711 0.320674
0.256676 0.33055 0.412775
0.0676869 0.0482306 0.884083
0.328272 0.183689 0.488039
0.38228 0.311604 0.306116
0.703314 0.0901739 0.206512
0.337754 0.0929052 0.569341
0.266662 0.434553 0.298785
0.640923 0.311734 0.0473433
0.470734 0.0779423 0.451324
0.553652 0.215417 0.230931
0.271529 0.572247 0.156224
0.845761 0.0983357 0.0559036
0.182142 0.289258 0.5286
0.664995 0.139132 0.195873
0.274723 0.0792818 0.645995
0.944132 0.0227988 0.0330693
0.0593136 0.752953 0.187733
0.122765 0.336135 0.5411
0.46363 0.0339351 0.502434
0.173819 0.438831 0.38735
0.0525115 0.559079 0.388409
0.280905 0.666316 0.0527791
0.333831 0.621095 0.0450739
0.23982 0.525693 0.234487
0.170761 0.0309529 0.798286
0.397984 0.556707 0.0453095
0.30083 0.385085 0.314085
0.241895 0.294309 0.463796
0.584624 0.298359 0.117017
0.360882 0.482985 0.156133
0.582044 0.371002 0.0469539


3 1 40
22 2 53
43 42 54
17 16 61
19 18 62
45 44 65
18 17 67
62 18 67
17 61 67
25 24 69
13 12 78
21 20 79
42 41 79
54 42 79
8 7 85
49 48 86
48 60 86
29 28 89
28 27 90
89 28 90
54 79 91
6 5 94
7 6 94
85 7 94
63 62 96
39 38 97
94 5 97
75 72 98
38 37 99
97 38 99
94 97 99
76 70 102
12 11 102
78 12 102
50 49 103
49 86 103
51 50 103
19 62 104
62 63 104
63 91 104
36 35 105
66 82 107
83 66 107
44 43 108
65 44 108
43 54 108
54 91 108
73 64 109
109 64 110
64 73 111
73 95 111
95 100 111
81 58 113
68 84 113
84 81 113
74 56 114
83 110 117
110 64 117
59 78 118
78 102 118
115 59 118
84 85 119
85 94 119
81 84 119
105 81 119
94 99 119
4 3 120
3 40 120
40 39 120
5 4 120
97 5 120
39 97 120
67 61 121
61 87 121
62 67 121
96 62 121
87 96 121
27 26 123
82 66 123
66 116 123
90 27 123
116 90 123
32 31 126
101 56 126
46 45 127
45 65 127
47 46 128
46 127 128
127 80 128
112 92 129
92 122 129
51 103 129
100 115 130
115 124 130
24 23 131
69 24 131
92 69 131
122 92 131
26 25 132
25 69 132
69 92 132
92 82 132
82 123 132
123 26 132
35 34 133
105 35 133
81 105 133
73 109 134
58 74 135
113 58 135
100 95 136
59 115 136
115 100 136
56 74 137
74 58 137
30 29 138
29 89 138
89 75 138
31 30 138
75 101 138
101 126 138
126 31 138
58 81 139
81 133 139
34 33 139
133 34 139
137 58 139
115 118 140
124 115 140
82 92 141
92 112 141
57 107 141
112 57 141
107 82 141
14 13 142
13 78 142
78 59 142
59 136 142
71 106 143
109 110 143
106 134 143
134 109 143
106 80 144
65 55 144
127 65 144
80 127 144
55 93 144
93 134 144
134 106 144
98 72 145
125 98 145
117 125 145
22 53 146
53 52 146
52 122 146
23 22 146
131 23 146
122 131 146
57 71 147
107 57 147
83 107 147
110 83 147
71 143 147
143 110 147
64 111 148
117 64 148
125 117 148
111 100 148
100 130 148
130 125 148
91 63 149
108 91 149
55 65 149
65 108 149
60 71 150
71 57 150
86 60 150
88 114 151
124 140 151
140 88 151
16 15 152
15 77 152
61 16 152
71 60 153
106 71 153
80 106 153
128 80 153
87 95 154
95 73 154
93 96 154
96 87 154
73 134 154
134 93 154
70 76 155
76 68 155
68 113 155
113 135 155
20 19 156
19 104 156
79 20 156
91 79 156
104 91 156
66 83 157
116 66 157
63 96 158
93 55 158
96 93 158
55 149 158
149 63 158
112 129 159
129 103 159
57 112 159
150 57 159
103 86 159
86 150 159
0 21 160
41 0 160
21 79 160
79 41 160
37 36 161
99 37 161
36 105 161
105 119 161
119 99 161
72 75 162
75 89 162
89 90 162
90 116 162
116 157 162
157 72 162
48 47 163
60 48 163
153 60 163
47 128 163
128 153 163
75 98 164
101 75 164
56 101 164
114 56 164
98 151 164
151 114 164
32 126 165
126 56 165
33 32 165
56 137 165
137 139 165
139 33 165
9 8 166
84 68 166
8 85 166
85 84 166
10 9 167
76 10 167
68 76 167
9 166 167
166 68 167
74 114 168
114 88 168
135 74 168
88 70 168
70 155 168
155 135 168
52 51 169
122 52 169
51 129 169
129 122 169
11 10 170
10 76 170
76 102 170
102 11 170
125 130 171
130 124 171
98 125 171
151 98 171
124 151 171
83 117 172
117 145 172
157 83 172
145 72 172
72 157 172
95 87 173
77 136 173
136 95 173
152 77 173
87 61 173
61 152 173
102 70 174
118 102 174
70 88 174
88 140 174
140 118 174
15 14 175
77 15 175
14 142 175
136 77 175
142 136 175
