75
1 0 0
0 1 0
0 0 1
0.05 0.95 0
0.1 0.9 0
0.15 0.85 0
0.2 0.8 0
0.25 0.75 0
0.3 0.7 0
0.35 0.65 0
0.4 0.6 0
0.45 0.55 0
0.5 0.5 0
0.55 0.45 0
0.6 0.4 0
0.65 0.35 0
0.7 0.3 0
0.75 0.25 0
0.8 0.2 0
0.85 0.15 0
0.9 0.1 0
0.95 0.05 0
0 0.25 0.75
0 0.5 0.5
0 0.75 0.25
0.947368 0 0.0526316
0.894737 0 0.105263
0.842105 0 0.157895
0.789474 0 0.210526
0.736842 0 0.263158
0.684211 0 0.315789
0.631579 0 0.368421
0.578947 0 0.421053
0.526316 0 0.473684
0.473684 0 0.526316
0.421053 0 0.578947
0.368421 0 0.631579
0.315789 0 0.684211
0.263158 0 0.736842
0.210526 0 0.789474
0.157895 0 0.842105
0.105263 0 0.894737
0.0526316 0 0.947368
0.0949393 0.495153 0.409908
0.156877 0.61001 0.233114
0.0451064 0.382832 0.572062
0.393551 0.227983 0.378466
0.172383 0.235326 0.592291
0.0401399 0.167225 0.792635
0.309591 0.45362 0.236789
0.0437213 0.629495 0.326784
0.499235 0.23572 0.265046
0.449967 0.271834 0.2782
0.256973 0.540563 0.202464
0.256186 0.29681 0.447003
0.580111 0.24404 0.175849
0.132132 0.168293 0.699575
0.341256 0.233878 0.424866
0.661039 0.1644 0.174561
0.541581 0.211521 0.246898
0.203814 0.421089 0.375097
0.415233 0.422026 0.162741
0.0892794 0.23514 0.67558
0.100114 0.69719 0.202696
0.706169 0.144085 0.149745
0.767902 0.124955 0.107142
0.295568 0.205972 0.49846
0.367173 0.435696 0.197132
0.142655 0.386753 0.470593
0.819642 0.0902274 0.0901309
0.213436 0.164735 0.621829
0.212344 0.627459 0.160197
0.616079 0.172688 0.211233
0.0617958 0.801953 0.136251
0.0260935 0.839725 0.134182


0 21 25
21 20 26
25 21 26
20 19 27
26 20 27
6 5 44
23 22 45
36 35 46
22 2 48
2 42 48
45 22 48
9 8 49
24 23 50
23 45 50
45 43 50
13 12 51
34 33 51
12 11 52
51 12 52
35 34 52
34 51 52
46 35 52
8 7 53
49 8 53
49 53 54
14 13 55
41 40 56
40 47 56
37 36 57
36 46 57
16 15 58
31 30 58
33 32 59
32 55 59
13 51 59
55 13 59
51 33 59
54 53 60
11 10 61
46 52 61
52 11 61
42 41 62
48 42 62
43 45 62
45 48 62
41 56 62
5 4 63
43 44 63
44 5 63
50 43 63
17 16 64
29 17 64
30 29 64
16 58 64
58 30 64
18 17 65
17 29 65
28 18 65
29 28 65
38 37 66
37 57 66
54 38 66
49 54 66
57 49 66
10 9 67
9 49 67
49 57 67
61 10 67
57 46 67
46 61 67
44 43 68
56 47 68
47 60 68
60 44 68
43 62 68
62 56 68
19 18 69
18 28 69
27 19 69
28 27 69
40 39 70
47 40 70
39 38 70
38 54 70
54 60 70
60 47 70
7 6 71
53 7 71
60 53 71
6 44 71
44 60 71
15 14 72
14 55 72
32 31 72
55 32 72
31 58 72
58 15 72
4 3 73
50 63 73
63 4 73
3 1 74
1 24 74
73 3 74
24 50 74
50 73 74
