62
1 0 0
0 1 0
0 0 1
0.0500001 0.95 0
0.1 0.9 0
0.15 0.85 0
0.2 0.8 0
0.25 0.75 0
0.3 0.7 0
0.35 0.65 0
0.4 0.6 0
0.45 0.55 0
0.5 0.5 0
0.55 0.45 0
0.6 0.4 0
0.65 0.35 0
0.7 0.3 0
0.75 0.25 0
0.8 0.2 0
0.85 0.15 0
0.9 0.1 0
0.95 0.05 0
0 0.25 0.75
0 0.5 0.5
0 0.75 0.25
0.941176 0 0.0588235
0.882353 0 0.117647
0.823529 0 0.176471
0.764706 0 0.235294
0.705882 0 0.294118
0.647059 0 0.352941
0.588235 0 0.411765
0.529412 0 0.470588
0.470588 0 0.529412
0.411765 0 0.588235
0.352941 0 0.647059
0.294118 0 0.705882
0.235294 0 0.764706
0.176471 0 0.823529
0.117647 0 0.882353
0.0588236 0 0.941176
0.0994636 0.502408 0.398128
0.380533 0.274716 0.344751
0.169612 0.269552 0.560835
0.4855 0.238533 0.275967
0.434058 0.26004 0.305901
0.166501 0.51731 0.316189
0.69916 0.132495 0.168345
0.270298 0.293427 0.436276
0.323091 0.256416 0.420493
0.598823 0.18549 0.215688
0.0466778 0.727763 0.22556
0.108529 0.24863 0.642842
0.640637 0.167802 0.191561
0.533818 0.224374 0.241808
0.24732 0.429737 0.322943
0.0882226 0.692345 0.219432
0.334259 0.444969 0.220772
0.0503343 0.210705 0.73896
0.755158 0.115203 0.129639
0.215814 0.525438 0.258749
0.0424952 0.506682 0.450823


3 1 24
0 21 25
21 20 26
25 21 26
20 19 27
26 20 27
19 18 28
27 19 28
6 5 41
11 10 42
36 35 42
39 38 43
13 12 44
34 33 44
12 11 45
11 42 45
35 34 45
42 35 45
34 44 45
44 12 45
7 6 46
6 41 46
17 16 47
16 30 47
29 17 47
30 29 47
38 37 48
36 42 49
42 10 49
37 36 49
48 37 49
15 14 50
14 32 50
32 31 50
4 3 51
3 24 51
24 23 51
40 39 52
39 43 52
46 41 52
43 46 52
16 15 53
30 16 53
31 30 53
15 50 53
50 31 53
14 13 54
32 14 54
33 32 54
13 44 54
44 33 54
9 8 55
48 9 55
43 38 55
38 48 55
5 4 56
41 5 56
4 51 56
10 9 57
49 10 57
9 48 57
48 49 57
22 2 58
41 22 58
2 40 58
40 52 58
52 41 58
18 17 59
17 29 59
28 18 59
29 28 59
7 46 60
46 43 60
8 7 60
55 8 60
43 55 60
23 22 61
22 41 61
41 56 61
51 23 61
56 51 61
