90
1 0 0
0 1 0
0 0 1
0.0500001 0.95 0
0.1 0.9 0
0.15 0.85 0
0.2 0.8 0
0.25 0.75 0
0.3 0.7 0
0.35 0.65 0
0.4 0.6 0
0.45 0.55 0
0.5 0.5 0
0.55 0.45 0
0.6 0.4 0
0.65 0.35 0
0.7 0.3 0
0.75 0.25 0
0.8 0.2 0
0.85 0.15 0
0.9 0.1 0
0.95 0.05 0
0 0.2 0.8
0 0.4 0.6
0 0.6 0.4
0 0.8 0.2
0.95 0 0.05
0.9 0 0.1
0.85 0 0.15
0.8 0 0.2
0.75 0 0.25
0.7 0 0.3
0.65 0 0.35
0.6 0 0.4
0.55 0 0.45
0.5 0 0.5
0.45 0 0.55
0.4 0 0.6
0.35 0 0.65
0.3 0 0.7
0.25 0 0.75
0.2 0 0.8
0.15 0 0.85
0.1 0 0.9
0.0500001 0 0.95
0.623059 0.140016 0.236925
0.0966597 0.52402 0.37932
0.278199 0.175352 0.546449
0.152911 0.619061 0.228028
0.0395401 0.396251 0.564209
0.675141 0.160611 0.164248
0.740964 0.128277 0.130759
0.392433 0.273972 0.333595
0.177018 0.275978 0.547004
0.277167 0.610147 0.112686
0.0414997 0.168734 0.789766
0.313381 0.498574 0.188045
0.0422443 0.63473 0.323026
0.488857 0.234675 0.276469
0.443971 0.26037 0.295659
0.200064 0.662601 0.137334
0.582287 0.266578 0.151135
0.528514 0.294536 0.17695
0.128619 0.156092 0.715289
0.333856 0.279044 0.3871
0.233817 0.334142 0.432041
0.14982 0.441829 0.408351
0.823463 0.0861777 0.0903595
0.0763058 0.757219 0.166475
0.0837752 0.293619 0.622606
0.221713 0.158482 0.619805
0.421103 0.423276 0.155621
0.520225 0.122657 0.357118
0.370082 0.129369 0.500549
0.034178 0.831255 0.134567
0.118731 0.72561 0.155659
0.196016 0.476804 0.32718
0.250695 0.523026 0.226279
0.473584 0.384958 0.141457
0.569883 0.130931 0.299187
0.368151 0.447986 0.183863
0.626293 0.270993 0.102714
0.324144 0.115808 0.560048
0.285273 0.351474 0.363254
0.421509 0.12591 0.452581
0.47118 0.113737 0.415083
0.874498 0.0638693 0.061633
0.175565 0.114862 0.709573
0.0829166 0.125965 0.791118
0.126499 0.324327 0.549174


0 21 26
21 20 27
26 21 27
33 32 45
40 39 47
24 23 49
16 15 50
32 31 50
45 32 50
18 17 51
29 18 51
30 29 51
17 16 51
31 30 51
16 50 51
50 31 51
8 7 54
22 2 55
2 44 55
23 22 55
49 23 55
9 8 56
8 54 56
25 24 57
24 49 57
49 46 57
6 5 60
5 48 60
7 6 60
14 13 61
13 12 62
61 13 62
43 42 63
48 46 66
19 18 67
18 29 67
28 19 67
29 28 67
4 3 68
57 46 68
46 49 69
49 55 69
41 40 70
65 53 70
40 47 70
47 65 70
11 10 71
52 59 71
35 34 72
62 58 72
38 37 73
52 64 73
3 1 74
1 25 74
68 3 74
25 57 74
57 68 74
5 4 75
48 5 75
46 48 75
68 46 75
4 68 75
53 65 76
66 53 76
60 48 76
48 66 76
54 7 77
7 60 77
56 54 77
60 76 77
76 65 77
12 11 78
59 58 78
58 62 78
62 12 78
11 71 78
71 59 78
34 33 79
33 45 79
45 61 79
72 34 79
61 62 79
62 72 79
10 9 80
9 56 80
56 64 80
64 52 80
52 71 80
71 10 80
15 14 81
45 50 81
50 15 81
14 61 81
61 45 81
39 38 82
47 39 82
64 47 82
38 73 82
73 64 82
47 64 83
64 56 83
56 77 83
65 47 83
77 65 83
37 36 84
59 52 84
52 73 84
73 37 84
36 35 85
58 59 85
35 72 85
72 58 85
59 84 85
84 36 85
20 19 86
19 28 86
27 20 86
28 27 86
42 41 87
53 63 87
63 42 87
41 70 87
70 53 87
44 43 88
55 44 88
69 55 88
43 63 88
63 69 88
63 53 89
53 66 89
69 63 89
66 46 89
46 69 89
