40
1 0 0
0 1 0
0 0 1
0.0500001 0.95 0
0.1 0.9 0
0.15 0.85 0
0.2 0.8 0
0.25 0.75 0
0.3 0.7 0
0.35 0.65 0
0.4 0.6 0
0.45 0.55 0
0.5 0.5 0
0.55 0.45 0
0.6 0.4 0
0.65 0.35 0
0.7 0.3 0
0.75 0.25 0
0.8 0.2 0
0.85 0.15 0
0.9 0.1 0
0.95 0.05 0
0 0.2 0.8
0 0.4 0.6
0 0.6 0.4
0 0.8 0.2
0.933333 0 0.0666667
0.866667 0 0.133333
0.8 0 0.2
0.733333 0 0.266667
0.666667 0 0.333333
0.6 0 0.4
0.533333 0 0.466667
0.466667 0 0.533333
0.4 0 0.6
0.333333 0 0.666667
0.266667 0 0.733333
0.2 0 0.8
0.133333 0 0.866667
0.0666667 0 0.933333


2 7 22
7 6 22
6 5 23
22 6 23
5 4 24
23 5 24
3 1 25
4 3 25
24 4 25
0 21 26
21 20 26
20 19 27
26 20 27
19 18 28
27 19 28
18 17 29
28 18 29
17 16 30
29 17 30
16 15 31
30 16 31
15 14 32
31 15 32
14 13 33
32 14 33
13 12 34
33 13 34
12 11 35
34 12 35
11 10 36
35 11 36
10 9 37
36 10 37
9 8 38
37 9 38
7 2 39
8 7 39
38 8 39
