87
1 0 0
0 1 0
0 0 1
0.05 0.95 0
0.1 0.9 0
0.15 0.85 0
0.2 0.8 0
0.25 0.75 0
0.3 0.7 0
0.35 0.65 0
0.4 0.6 0
0.45 0.55 0
0.5 0.5 0
0.55 0.45 0
0.6 0.4 0
0.65 0.35 0
0.7 0.3 0
0.75 0.25 0
0.8 0.2 0
0.85 0.15 0
0.9 0.1 0
0.95 0.05 0
0 0.2 0.8
0 0.4 0.6
0 0.6 0.4
0 0.8 0.2
0.947368 0 0.0526316
0.894737 0 0.105263
0.842105 0 0.157895
0.789474 0 0.210526
0.736842 0 0.263158
0.684211 0 0.315789
0.631579 0 0.368421
0.578947 0 0.421053
0.526316 0 0.473684
0.473684 0 0.526316
0.421053 0 0.578947
0.368421 0 0.631579
0.315789 0 0.684211
0.263158 0 0.736842
0.210526 0 0.789474
0.157895 0 0.842105
0.105263 0 0.894737
0.0526316 0 0.947368
0.0945352 0.532305 0.373159
0.285163 0.160984 0.553853
0.154798 0.635508 0.209695
0.0436457 0.371653 0.584701
0.672541 0.152039 0.17542
0.735699 0.12732 0.136981
0.391609 0.270858 0.337533
0.181166 0.25746 0.561373
0.0440514 0.164441 0.791507
0.31597 0.523659 0.16037
0.0375418 0.608977 0.353481
0.491162 0.211298 0.297541
0.450555 0.305324 0.244121
0.258996 0.579109 0.161895
0.610842 0.273157 0.116001
0.543388 0.298902 0.15771
0.134144 0.172775 0.693081
0.570714 0.179131 0.250155
0.335667 0.228253 0.436079
0.219845 0.395773 0.384382
0.152652 0.410595 0.436753
0.0732423 0.755074 0.171684
0.817876 0.081468 0.100656
0.092153 0.302494 0.605353
0.425647 0.424028 0.150325
0.22845 0.168713 0.602837
0.366005 0.412826 0.221169
0.621561 0.149049 0.22939
0.115832 0.725298 0.158871
0.205221 0.587397 0.207383
0.359928 0.128744 0.511328
0.307151 0.347914 0.344935
0.448404 0.122835 0.428761
0.0322866 0.824158 0.143556
0.521181 0.140757 0.338062
0.503881 0.368627 0.127492
0.27123 0.446477 0.282292
0.871104 0.0623238 0.0665725
0.181862 0.109099 0.709039
0.0859967 0.124541 0.789463
0.361884 0.54004 0.0980759
0.40579 0.130854 0.463356
0.260571 0.293827 0.445602


0 21 26
21 20 27
26 21 27
39 38 45
6 5 46
23 22 47
16 15 48
32 31 48
18 17 49
29 18 49
30 29 49
17 16 49
16 48 49
31 30 49
48 31 49
22 2 52
2 43 52
47 22 52
9 8 53
25 24 54
24 23 54
23 47 54
47 44 54
12 11 56
8 7 57
53 8 57
15 14 58
14 13 59
42 41 60
58 14 61
14 59 61
34 33 61
45 38 62
46 44 64
60 51 64
51 63 64
4 3 65
54 44 65
19 18 66
18 29 66
28 19 66
29 28 66
44 47 67
47 52 67
60 64 67
64 44 67
11 10 68
50 56 68
56 11 68
40 39 69
39 45 69
63 51 69
62 50 70
50 68 70
68 10 70
33 32 71
32 48 71
48 15 71
15 58 71
58 61 71
61 33 71
5 4 72
4 65 72
46 5 72
44 46 72
65 44 72
7 6 73
57 7 73
6 46 73
63 57 73
46 64 73
64 63 73
38 37 74
62 38 74
50 62 74
45 62 75
62 70 75
70 53 75
36 35 76
35 55 76
55 56 76
3 1 77
1 25 77
65 3 77
25 54 77
54 65 77
35 34 78
55 35 78
59 55 78
34 61 78
61 59 78
12 56 79
56 55 79
13 12 79
59 13 79
55 59 79
53 57 80
75 53 80
57 63 80
20 19 81
19 28 81
27 20 81
28 27 81
41 40 82
51 60 82
60 41 82
40 69 82
69 51 82
43 42 83
52 43 83
67 52 83
42 60 83
60 67 83
10 9 84
70 10 84
9 53 84
53 70 84
37 36 85
74 37 85
50 74 85
36 76 85
56 50 85
76 56 85
63 69 86
80 63 86
69 45 86
45 75 86
75 80 86
