97
1 0 0
0 1 0
0 0 1
0.0500001 0.95 0
0.1 0.9 0
0.15 0.85 0
0.2 0.8 0
0.25 0.75 0
0.3 0.7 0
0.35 0.65 0
0.4 0.6 0
0.45 0.55 0
0.5 0.5 0
0.55 0.45 0
0.6 0.4 0
0.65 0.35 0
0.7 0.3 0
0.75 0.25 0
0.8 0.2 0
0.85 0.15 0
0.9 0.1 0
0.95 0.05 0
0 0.166667 0.833333
0 0.333333 0.666667
0 0.5 0.5
0 0.666667 0.333333
0 0.833333 0.166667
0.95 0 0.05
0.9 0 0.1
0.85 0 0.15
0.8 0 0.2
0.75 0 0.25
0.7 0 0.3
0.65 0 0.35
0.6 0 0.4
0.55 0 0.45
0.5 0 0.5
0.45 0 0.55
0.4 0 0.6
0.35 0 0.65
0.3 0 0.7
0.25 0 0.75
0.2 0 0.8
0.15 0 0.85
0.1 0 0.9
0.0500001 0 0.95
0.628174 0.135964 0.235862
0.0922083 0.485334 0.422458
0.276357 0.126803 0.596839
0.154697 0.600933 0.24437
0.479629 0.386684 0.133688
0.421494 0.122273 0.456233
0.0342172 0.358718 0.607065
0.681463 0.133162 0.185375
0.728774 0.132376 0.13885
0.395113 0.266493 0.338393
0.175195 0.278816 0.545989
0.271648 0.610204 0.118148
0.0428497 0.199896 0.757254
0.318042 0.53233 0.149628
0.0471069 0.661444 0.291449
0.373777 0.129334 0.496889
0.502329 0.237196 0.260475
0.445584 0.264415 0.290001
0.189248 0.681745 0.129007
0.609494 0.270336 0.12017
0.545044 0.331904 0.123052
0.0737289 0.329816 0.596455
0.132722 0.139593 0.727685
0.566051 0.16532 0.268629
0.340611 0.262773 0.396616
0.22787 0.367968 0.404163
0.143286 0.448865 0.407849
0.824774 0.0870105 0.0882154
0.0780813 0.780865 0.141054
0.418716 0.424007 0.157277
0.227261 0.171281 0.601458
0.107049 0.61955 0.2734
0.117833 0.299592 0.582575
0.468548 0.123814 0.407638
0.517524 0.11276 0.369716
0.0341931 0.839802 0.126005
0.131009 0.7472 0.121791
0.361664 0.397518 0.240818
0.18948 0.480813 0.329706
0.268594 0.463868 0.267538
0.280392 0.27641 0.443198
0.0850787 0.15211 0.762811
0.659008 0.240297 0.100696
0.323292 0.131987 0.544721
0.370496 0.517612 0.111892
0.777731 0.112112 0.110157
0.17817 0.113911 0.707919
0.0441744 0.498214 0.457612
0.866504 0.0651562 0.0683395
0.310912 0.390618 0.29847
0.228847 0.569113 0.20204


0 21 27
21 20 28
27 21 28
22 2 45
34 33 46
41 40 48
12 11 50
38 37 51
24 23 52
33 32 53
46 33 53
17 16 54
16 53 54
32 31 54
53 32 54
8 7 57
23 22 58
52 23 58
22 45 58
9 8 59
8 57 59
26 25 60
39 38 61
38 51 61
51 55 61
55 51 63
62 50 63
6 5 64
7 6 64
15 14 65
13 12 66
12 50 66
50 62 66
14 13 66
65 14 66
52 58 67
44 43 68
34 46 69
46 65 69
35 34 69
65 66 69
66 62 69
61 55 70
19 18 73
30 29 73
4 3 74
11 10 75
55 63 75
50 11 75
63 50 75
42 41 76
41 48 76
71 56 76
47 72 77
72 49 77
60 47 77
74 60 77
47 67 78
72 47 78
68 56 78
56 72 78
37 36 79
62 63 79
51 37 79
63 51 79
36 35 80
35 69 80
69 62 80
62 79 80
79 36 80
3 1 81
1 26 81
74 3 81
26 60 81
60 74 81
49 64 82
64 5 82
5 4 82
4 74 82
77 49 82
74 77 82
70 55 83
55 75 83
64 49 84
56 71 84
72 56 84
49 72 84
59 57 85
71 76 86
76 48 86
85 71 86
45 44 87
58 45 87
44 68 87
67 58 87
68 78 87
78 67 87
16 15 88
53 16 88
46 53 88
15 65 88
65 46 88
40 39 89
48 40 89
39 61 89
61 70 89
70 86 89
86 48 89
10 9 90
9 59 90
59 83 90
75 10 90
83 75 90
18 17 91
17 54 91
31 30 91
54 31 91
30 73 91
73 18 91
43 42 92
68 43 92
56 68 92
42 76 92
76 56 92
24 52 93
25 24 93
60 25 93
47 60 93
52 67 93
67 47 93
20 19 94
28 20 94
29 28 94
19 73 94
73 29 94
70 83 95
83 59 95
59 85 95
85 86 95
86 70 95
57 7 96
7 64 96
85 57 96
64 84 96
84 71 96
71 85 96
