80
1 0 0
0 1 0
0 0 1
0.0500001 0.95 0
0.1 0.9 0
0.15 0.85 0
0.2 0.8 0
0.25 0.75 0
0.3 0.7 0
0.35 0.65 0
0.4 0.6 0
0.45 0.55 0
0.5 0.5 0
0.55 0.45 0
0.6 0.4 0
0.65 0.35 0
0.7 0.3 0
0.75 0.25 0
0.8 0.2 0
0.85 0.15 0
0.9 0.1 0
0.95 0.05 0
0 0.166667 0.833333
0 0.333333 0.666667
0 0.5 0.5
0 0.666667 0.333333
0 0.833333 0.166667
0.9375 0 0.0625
0.875 0 0.125
0.8125 0 0.1875
0.75 0 0.25
0.6875 0 0.3125
0.625 0 0.375
0.5625 0 0.4375
0.5 0 0.5
0.4375 0 0.5625
0.375 0 0.625
0.3125 0 0.6875
0.25 0 0.75
0.1875 0 0.8125
0.125 0 0.875
0.0625 0 0.9375
0.627044 0.157331 0.215625
0.101424 0.473557 0.425019
0.272762 0.141472 0.585766
0.744024 0.113636 0.14234
0.384718 0.212137 0.403144
0.176522 0.264952 0.558526
0.0522016 0.328764 0.619035
0.0549857 0.158199 0.786815
0.300699 0.507805 0.191496
0.0491932 0.684443 0.266364
0.482247 0.205 0.312752
0.162342 0.528487 0.309171
0.489232 0.352885 0.157883
0.239491 0.576974 0.183535
0.558228 0.10574 0.336032
0.254154 0.262046 0.4838
0.582375 0.239638 0.177987
0.792097 0.0921136 0.115789
0.172594 0.129555 0.697851
0.237097 0.406386 0.356518
0.428856 0.378799 0.192344
0.135903 0.661647 0.20245
0.688286 0.131592 0.180123
0.11673 0.320713 0.562556
0.0426624 0.810691 0.146647
0.43313 0.201304 0.365566
0.336538 0.428388 0.235074
0.0968698 0.729367 0.173763
0.513497 0.140286 0.346217
0.185328 0.421661 0.393011
0.540336 0.307749 0.151915
0.112972 0.139444 0.747584
0.0589383 0.528558 0.412503
0.329445 0.115584 0.554971
0.858599 0.0626419 0.0787593
0.34283 0.288717 0.368452
0.196907 0.663638 0.139456
0.393294 0.454964 0.151741


3 1 26
0 21 27
21 20 28
27 21 28
16 15 42
33 32 42
39 38 44
18 17 45
31 30 45
23 22 48
22 2 49
48 22 49
2 41 49
9 8 50
25 24 51
13 12 54
50 8 55
8 7 55
34 33 56
33 42 56
39 44 57
15 14 58
42 15 58
56 42 58
19 18 59
29 19 59
30 29 59
18 45 59
45 30 59
40 39 60
39 57 60
57 47 60
50 55 61
47 57 61
57 50 61
12 11 62
54 12 62
6 5 63
43 53 63
17 16 64
32 31 64
16 42 64
42 32 64
31 45 64
45 17 64
43 48 65
48 49 65
53 43 65
4 3 66
3 26 66
26 25 66
25 51 66
51 4 66
36 35 67
35 52 67
46 36 67
52 54 67
54 62 67
62 46 67
10 9 68
9 50 68
50 57 68
5 4 69
4 51 69
63 5 69
35 34 70
52 35 70
34 56 70
56 58 70
47 61 71
61 55 71
65 47 71
55 53 71
53 65 71
14 13 72
13 54 72
54 52 72
52 70 72
58 14 72
70 58 72
41 40 73
40 60 73
60 47 73
47 65 73
49 41 73
65 49 73
24 23 74
23 48 74
48 43 74
43 63 74
63 69 74
51 24 74
69 51 74
38 37 75
44 38 75
37 36 75
36 46 75
20 19 76
19 29 76
28 20 76
29 28 76
57 44 77
68 57 77
46 62 77
75 46 77
44 75 77
7 6 78
53 55 78
55 7 78
6 63 78
63 53 78
11 10 79
10 68 79
62 11 79
77 62 79
68 77 79
