40
1 0 0
0 1 0
0 0 1
0.05 0.95 0
0.0999999 0.9 0
0.15 0.85 0
0.2 0.8 0
0.25 0.75 0
0.3 0.7 0
0.35 0.65 0
0.4 0.6 0
0.45 0.55 0
0.5 0.5 0
0.55 0.45 0
0.6 0.4 0
0.65 0.35 0
0.7 0.3 0
0.75 0.25 0
0.8 0.2 0
0.85 0.15 0
0.9 0.1 0
0.95 0.05 0
0 0.166667 0.833333
0 0.333333 0.666667
0 0.5 0.5
0 0.666667 0.333333
0 0.833333 0.166667
0.928571 0 0.0714286
0.857143 0 0.142857
0.785714 0 0.214286
0.714286 0 0.285714
0.642857 0 0.357143
0.571429 0 0.428571
0.5 0 0.5
0.428571 0 0.571429
0.357143 0 0.642857
0.285714 0 0.714286
0.214286 0 0.785714
0.142857 0 0.857143
0.0714285 0 0.928571


2 8 22
8 7 22
7 6 23
22 7 23
6 5 24
23 6 24
5 4 25
24 5 25
3 1 26
4 3 26
25 4 26
0 21 27
21 20 27
20 19 28
27 20 28
19 18 29
28 19 29
18 17 30
29 18 30
17 16 31
30 17 31
16 15 32
31 16 32
15 14 33
32 15 33
14 13 34
33 14 34
13 12 35
34 13 35
12 11 36
35 12 36
11 10 37
36 11 37
10 9 38
37 10 38
8 2 39
9 8 39
38 9 39
