103
1 0 0
0 1 0
0 0 1
0.0500001 0.95 0
0.1 0.9 0
0.15 0.85 0
0.2 0.8 0
0.25 0.75 0
0.3 0.7 0
0.35 0.65 0
0.4 0.6 0
0.45 0.55 0
0.5 0.5 0
0.55 0.45 0
0.6 0.4 0
0.65 0.35 0
0.7 0.3 0
0.75 0.25 0
0.8 0.2 0
0.85 0.15 0
0.9 0.1 0
0.95 0.05 0
0 0.142857 0.857143
0 0.285714 0.714286
0 0.428571 0.571429
0 0.571429 0.428571
0 0.714286 0.285714
0 0.857143 0.142857
0.947368 0 0.0526316
0.894737 0 0.105263
0.842105 0 0.157895
0.789474 0 0.210526
0.736842 0 0.263158
0.684211 0 0.315789
0.631579 0 0.368421
0.578947 0 0.421053
0.526316 0 0.473684
0.473684 0 0.526316
0.421053 0 0.578947
0.368421 0 0.631579
0.315789 0 0.684211
0.263158 0 0.736842
0.210526 0 0.789474
0.157895 0 0.842105
0.105263 0 0.894737
0.0526316 0 0.947368
0.62305 0.12596 0.250989
0.0978335 0.48374 0.418427
0.286749 0.132826 0.580426
0.15033 0.577327 0.272343
0.489215 0.389736 0.121049
0.0442736 0.332226 0.6235
0.672391 0.112898 0.214711
0.756884 0.116789 0.126327
0.39685 0.232859 0.370291
0.173838 0.239388 0.586774
0.272228 0.616951 0.110821
0.0402411 0.152239 0.80752
0.310575 0.537529 0.151896
0.0493694 0.632009 0.318621
0.435974 0.119411 0.444615
0.382443 0.124045 0.493512
0.508865 0.233523 0.257611
0.447393 0.266703 0.285904
0.659547 0.23054 0.109913
0.537671 0.105986 0.356343
0.262693 0.257803 0.479504
0.813414 0.0866621 0.0999236
0.194274 0.66622 0.139506
0.60847 0.269408 0.122122
0.551078 0.319379 0.129543
0.13341 0.137088 0.729502
0.56984 0.174845 0.255315
0.334084 0.253445 0.412471
0.236309 0.382208 0.381483
0.157219 0.410959 0.431822
0.0795349 0.762216 0.15825
0.0831065 0.35189 0.565003
0.396461 0.487438 0.116101
0.435448 0.414927 0.149625
0.0433764 0.872689 0.0839344
0.228028 0.145314 0.626658
0.102589 0.635608 0.261803
0.335729 0.107137 0.557134
0.139093 0.742378 0.11853
0.709071 0.189551 0.101378
0.390356 0.354332 0.255312
0.486949 0.119284 0.393767
0.344958 0.418601 0.236442
0.198493 0.4905 0.311007
0.255977 0.494505 0.249518
0.0435124 0.486563 0.469924
0.0855877 0.0936745 0.820738
0.860718 0.0654705 0.0738119
0.125937 0.308524 0.565539
0.183678 0.103717 0.712605
0.289736 0.378609 0.331655
0.230522 0.605209 0.164269
0.0331701 0.763898 0.202932
0.71208 0.0787504 0.20917
0.359115 0.542443 0.0984414
0.205737 0.311424 0.482838
0.0855014 0.218386 0.696113


0 21 28
21 20 29
28 21 29
35 34 46
41 40 48
13 12 50
12 11 50
24 23 51
34 33 52
46 34 52
18 17 53
32 31 53
8 7 56
22 2 57
2 45 57
23 22 57
51 23 57
9 8 58
8 56 58
26 25 59
38 37 60
39 38 61
38 60 61
60 54 61
62 50 63
54 60 63
16 15 64
46 52 64
36 35 65
19 18 67
31 30 67
18 53 67
53 31 67
7 6 68
15 14 69
64 15 69
46 64 69
13 50 70
50 62 70
14 13 70
69 14 70
44 43 71
35 46 72
65 35 72
46 69 72
62 65 72
70 62 72
69 70 72
61 54 73
66 48 73
49 47 75
11 10 78
50 11 79
11 78 79
63 50 79
3 1 80
1 27 80
4 3 80
76 4 80
42 41 81
41 48 81
48 66 81
47 49 82
59 47 82
76 59 82
40 39 83
39 61 83
48 40 83
61 73 83
73 48 83
6 5 84
68 6 84
49 68 84
5 4 84
4 76 84
82 49 84
76 82 84
17 16 85
53 17 85
16 64 85
64 52 85
73 54 86
54 63 86
63 79 86
79 78 86
60 37 87
62 63 87
63 60 87
37 36 87
36 65 87
65 62 87
73 86 88
86 78 88
68 49 89
49 75 89
58 56 90
89 74 90
24 51 91
25 24 91
59 25 91
47 59 91
51 77 91
77 47 91
45 44 92
57 45 92
44 71 92
20 19 93
29 20 93
30 29 93
19 67 93
67 30 93
75 47 94
47 77 94
71 55 94
55 75 94
55 71 95
71 43 95
43 42 95
42 81 95
81 55 95
66 73 96
73 88 96
88 58 96
58 90 96
74 66 96
90 74 96
56 7 97
7 68 97
90 56 97
68 89 97
89 90 97
26 59 98
59 76 98
27 26 98
80 27 98
76 80 98
33 32 99
52 33 99
85 52 99
32 53 99
53 85 99
10 9 100
78 10 100
9 58 100
58 88 100
88 78 100
66 74 101
75 55 101
55 81 101
81 66 101
74 89 101
89 75 101
51 57 102
77 51 102
57 92 102
94 77 102
92 71 102
71 94 102
