99
1 0 0
0 1 0
0 0 1
0.05 0.95 0
0.1 0.9 0
0.15 0.85 0
0.2 0.8 0
0.25 0.75 0
0.3 0.7 0
0.35 0.65 0
0.4 0.6 0
0.45 0.55 0
0.5 0.5 0
0.55 0.45 0
0.6 0.4 0
0.65 0.35 0
0.7 0.3 0
0.75 0.25 0
0.8 0.2 0
0.85 0.15 0
0.9 0.1 0
0.95 0.05 0
0 0.142857 0.857143
0 0.285714 0.714286
0 0.428571 0.571429
0 0.571429 0.428571
0 0.714286 0.285714
0 0.857143 0.142857
0.944444 0 0.0555556
0.888889 0 0.111111
0.833333 0 0.166667
0.777778 0 0.222222
0.722222 0 0.277778
0.666667 0 0.333333
0.611111 0 0.388889
0.555556 0 0.444444
0.5 0 0.5
0.444444 0 0.555556
0.388889 0 0.611111
0.333333 0 0.666667
0.277778 0 0.722222
0.222222 0 0.777778
0.166667 0 0.833333
0.111111 0 0.888889
0.0555555 0 0.944444
0.627724 0.127568 0.244707
0.0978054 0.477549 0.424646
0.280967 0.145449 0.573584
0.155082 0.592162 0.252756
0.487707 0.385681 0.126612
0.423739 0.101628 0.474633
0.0453182 0.359875 0.594807
0.686325 0.113687 0.199988
0.746673 0.120341 0.132985
0.394169 0.272796 0.333035
0.18308 0.244196 0.572724
0.271677 0.620576 0.107747
0.0488209 0.173382 0.777797
0.311323 0.538521 0.150155
0.0433809 0.644364 0.312255
0.377215 0.13647 0.486314
0.504219 0.235428 0.260353
0.441728 0.242309 0.315963
0.659978 0.229192 0.11083
0.25444 0.252946 0.492615
0.607356 0.267313 0.125331
0.549551 0.318227 0.132222
0.13793 0.120258 0.741812
0.564989 0.171352 0.263659
0.330006 0.254252 0.415742
0.799936 0.0935673 0.106497
0.220748 0.375153 0.404098
0.151356 0.40292 0.445724
0.0702047 0.755068 0.174727
0.0891461 0.327609 0.583245
0.395553 0.489738 0.114709
0.431288 0.399788 0.168925
0.231448 0.126022 0.64253
0.22127 0.616543 0.162187
0.320753 0.102199 0.577048
0.0949091 0.62647 0.278621
0.521766 0.108947 0.369287
0.0440511 0.834086 0.121863
0.342376 0.422131 0.235493
0.127303 0.747369 0.125328
0.255658 0.497556 0.246786
0.0466948 0.515537 0.437768
0.0894727 0.104866 0.805662
0.471363 0.116755 0.411882
0.18443 0.71958 0.0959891
0.863843 0.0628693 0.0732879
0.587887 0.0777426 0.33437
0.199657 0.501252 0.299091
0.708359 0.204086 0.0875545
0.185018 0.101187 0.713796
0.286946 0.376303 0.33675
0.379256 0.370802 0.249942
0.115518 0.239347 0.645135
0.359745 0.54359 0.0966651


3 1 27
0 21 28
21 20 29
28 21 29
34 33 45
13 12 49
38 37 50
24 23 51
33 32 52
45 33 52
18 17 53
32 31 53
52 32 53
8 7 56
22 2 57
2 44 57
23 22 57
51 23 57
9 8 58
8 56 58
26 25 59
39 38 60
38 50 60
54 60 62
60 50 62
61 49 62
16 15 63
45 52 63
15 14 65
45 63 65
63 15 65
14 13 66
13 49 66
49 61 66
65 14 66
43 42 67
45 65 68
65 66 68
66 61 68
60 54 69
64 47 69
19 18 70
30 19 70
31 30 70
18 53 70
53 31 70
55 64 71
48 46 72
55 71 72
26 59 73
46 51 74
72 46 74
51 57 74
11 10 75
12 11 76
49 12 76
54 62 76
62 49 76
11 75 76
41 40 77
40 47 77
47 64 77
64 55 77
56 7 78
40 39 79
47 40 79
39 60 79
60 69 79
69 47 79
46 48 80
73 59 80
36 35 81
35 68 81
68 61 81
4 3 82
73 4 82
3 27 82
27 26 82
26 73 82
5 4 84
4 73 84
80 48 84
73 80 84
58 56 85
56 78 85
24 51 86
51 46 86
25 24 86
59 25 86
46 80 86
80 59 86
44 43 87
57 44 87
43 67 87
61 62 88
62 50 88
37 36 88
36 81 88
50 37 88
81 61 88
7 6 89
78 7 89
48 78 89
6 5 89
5 84 89
84 48 89
20 19 90
19 30 90
29 20 90
30 29 90
35 34 91
68 35 91
34 45 91
45 68 91
48 72 92
78 48 92
72 71 92
71 85 92
85 78 92
17 16 93
52 53 93
53 17 93
16 63 93
63 52 93
42 41 94
41 77 94
55 67 94
77 55 94
67 42 94
64 69 95
69 83 95
71 64 95
85 71 95
83 58 95
58 85 95
54 76 96
76 75 96
69 54 96
83 69 96
75 83 96
67 55 97
55 72 97
72 74 97
87 67 97
74 57 97
57 87 97
10 9 98
75 10 98
9 58 98
58 83 98
83 75 98
