80
1 0 0
0 1 0
0 0 1
0.05 0.95 0
0.1 0.9 0
0.15 0.85 0
0.2 0.8 0
0.25 0.75 0
0.3 0.7 0
0.35 0.65 0
0.4 0.6 0
0.45 0.55 0
0.5 0.5 0
0.55 0.45 0
0.6 0.4 0
0.65 0.35 0
0.7 0.3 0
0.75 0.25 0
0.8 0.2 0
0.85 0.15 0
0.9 0.1 0
0.95 0.05 0
0 0.142857 0.857143
0 0.285714 0.714286
0 0.428571 0.571429
0 0.571429 0.428571
0 0.714286 0.285714
0 0.857143 0.142857
0.933333 0 0.0666667
0.866667 0 0.133333
0.8 0 0.2
0.733333 0 0.266667
0.666667 0 0.333333
0.6 0 0.4
0.533333 0 0.466667
0.466667 0 0.533333
0.4 0 0.6
0.333333 0 0.666667
0.266667 0 0.733333
0.2 0 0.8
0.133333 0 0.866667
0.0666667 0 0.933333
0.643088 0.126419 0.230492
0.0802522 0.481375 0.438373
0.281532 0.149057 0.569411
0.739159 0.11521 0.145631
0.379345 0.248624 0.372031
0.181874 0.261466 0.556661
0.060695 0.149887 0.789418
0.311593 0.52652 0.161886
0.483524 0.204844 0.311632
0.165357 0.540934 0.293709
0.47214 0.335625 0.192235
0.252766 0.573982 0.173251
0.147946 0.649383 0.202671
0.255751 0.265471 0.478778
0.571192 0.24903 0.179778
0.0779546 0.337837 0.584208
0.787254 0.0918225 0.120924
0.243685 0.404462 0.351853
0.0682088 0.749686 0.182105
0.387175 0.463977 0.148848
0.422711 0.401328 0.17596
0.403792 0.153459 0.442748
0.118059 0.266767 0.615174
0.338081 0.312729 0.34919
0.577898 0.116894 0.305209
0.0426652 0.837103 0.120232
0.505008 0.11164 0.383353
0.12541 0.130345 0.744245
0.123261 0.733283 0.143456
0.0666236 0.600824 0.332552
0.695528 0.152634 0.151838
0.330671 0.108345 0.560984
0.172006 0.413063 0.414931
0.198636 0.128277 0.673088
0.63281 0.234322 0.132868
0.31983 0.421491 0.258679
0.85232 0.0613597 0.0863205
0.538468 0.330109 0.131422


3 1 27
0 21 28
21 20 29
28 21 29
33 32 42
24 23 43
39 38 44
18 17 45
32 31 45
22 2 48
2 41 48
10 9 49
13 12 52
9 8 53
49 9 53
8 7 53
7 51 53
7 6 54
51 7 54
43 51 54
15 14 56
23 22 57
22 48 57
43 23 57
51 43 57
19 18 58
30 19 58
31 30 58
18 45 58
45 31 58
49 53 59
47 55 59
5 4 60
26 25 60
11 10 61
12 11 62
46 52 62
52 12 62
11 61 62
37 36 63
36 50 63
50 52 63
52 46 63
57 48 64
44 46 65
55 44 65
46 62 65
62 61 65
34 33 66
33 42 66
4 3 67
3 27 67
27 26 67
26 60 67
60 4 67
36 35 68
50 36 68
56 50 68
35 34 68
34 66 68
66 56 68
41 40 69
47 64 69
48 41 69
64 48 69
6 5 70
54 6 70
5 60 70
25 24 71
24 43 71
43 54 71
54 70 71
60 25 71
70 60 71
17 16 72
16 42 72
45 17 72
42 32 72
32 45 72
38 37 73
44 38 73
46 44 73
37 63 73
63 46 73
51 57 74
57 64 74
47 59 74
64 47 74
53 51 74
59 53 74
40 39 75
55 47 75
39 44 75
44 55 75
47 69 75
69 40 75
16 15 76
42 16 76
66 42 76
15 56 76
56 66 76
49 59 77
59 55 77
10 49 77
61 10 77
55 65 77
65 61 77
20 19 78
19 30 78
29 20 78
30 29 78
14 13 79
13 52 79
52 50 79
50 56 79
56 14 79
