113
1 0 0
0 1 0
0 0 1
0.0500001 0.95 0
0.1 0.9 0
0.15 0.85 0
0.2 0.8 0
0.25 0.75 0
0.3 0.7 0
0.35 0.65 0
0.4 0.6 0
0.45 0.55 0
0.5 0.5 0
0.55 0.45 0
0.6 0.4 0
0.65 0.35 0
0.7 0.3 0
0.75 0.25 0
0.8 0.2 0
0.85 0.15 0
0.9 0.1 0
0.95 0.05 0
0 0.125 0.875
0 0.25 0.75
0 0.375 0.625
0 0.5 0.5
0 0.625 0.375
0 0.75 0.25
0 0.875 0.125
0.944444 0 0.0555556
0.888889 0 0.111111
0.833333 0 0.166667
0.777778 0 0.222222
0.722222 0 0.277778
0.666667 0 0.333333
0.611111 0 0.388889
0.555556 0 0.444444
0.5 0 0.5
0.444444 0 0.555556
0.388889 0 0.611111
0.333333 0 0.666667
0.277778 0 0.722222
0.222222 0 0.777778
0.166667 0 0.833333
0.111111 0 0.888889
0.0555556 0 0.944444
0.617347 0.1223 0.260354
0.0914729 0.479293 0.429234
0.283461 0.145665 0.570874
0.156711 0.6294 0.213889
0.491704 0.383791 0.124505
0.798919 0.0881755 0.112905
0.428684 0.0785002 0.492815
0.651362 0.239104 0.109534
0.0420568 0.365288 0.592655
0.67506 0.12847 0.19647
0.757243 0.158563 0.0841943
0.387977 0.236179 0.375843
0.186983 0.257135 0.555881
0.262368 0.6211 0.116532
0.0450783 0.113162 0.841759
0.309446 0.543878 0.146676
0.0345495 0.640935 0.324515
0.382958 0.113736 0.503305
0.494214 0.246443 0.259343
0.441544 0.301239 0.257217
0.127151 0.402501 0.470348
0.554742 0.0800098 0.365248
0.257815 0.249632 0.492553
0.206461 0.680661 0.112878
0.594117 0.233132 0.172751
0.550393 0.320365 0.129242
0.135476 0.137907 0.726617
0.329373 0.265401 0.405225
0.164069 0.743094 0.092837
0.08718 0.828059 0.0847614
0.237111 0.362255 0.400634
0.083466 0.330443 0.586091
0.396027 0.488461 0.115512
0.4403 0.428565 0.131136
0.0671958 0.713611 0.219193
0.184989 0.410381 0.40463
0.488201 0.110741 0.401058
0.0896794 0.200948 0.709373
0.549478 0.18181 0.268712
0.225879 0.161156 0.612965
0.30836 0.0706658 0.620974
0.110551 0.61273 0.276719
0.0406203 0.824587 0.134793
0.708998 0.198854 0.0921481
0.388625 0.360143 0.251233
0.341545 0.417908 0.240547
0.247832 0.493307 0.258861
0.03563 0.504586 0.459784
0.0886002 0.0863227 0.825077
0.286769 0.426464 0.286767
0.203635 0.070788 0.725577
0.854761 0.0674155 0.0778236
0.206045 0.558551 0.235404
0.150529 0.510552 0.338919
0.728729 0.0851454 0.186125
0.293269 0.331847 0.374883
0.608468 0.314888 0.0766436
0.0416721 0.233815 0.724513
0.34049 0.145356 0.514154
0.358371 0.542663 0.0989657
0.438174 0.178204 0.383623
0.247537 0.0700606 0.682402
0.121595 0.73436 0.144045
0.135097 0.287818 0.577085
0.919966 0.0379792 0.0420554
0.0701808 0.588124 0.341696
0.176368 0.13306 0.690573


3 1 28
0 21 29
35 34 46
13 12 50
19 18 51
32 31 51
39 38 52
16 15 53
24 23 54
46 34 55
53 46 55
18 17 56
51 18 56
8 7 59
22 2 60
2 45 60
9 8 61
8 59 61
27 26 62
40 39 63
39 52 63
64 50 65
36 35 67
35 46 67
37 36 67
7 6 69
59 7 69
46 53 70
13 50 71
50 64 71
14 13 71
44 43 72
68 48 73
6 5 74
49 69 74
69 6 74
4 3 75
5 4 75
58 68 76
47 54 77
66 47 77
11 10 78
12 11 79
50 12 79
11 78 79
65 50 79
27 62 80
58 76 81
38 37 82
52 38 82
37 67 82
67 46 84
46 70 84
70 71 84
71 64 84
64 82 84
82 67 84
48 68 85
68 58 85
41 40 86
3 28 88
75 3 88
28 27 88
27 80 88
80 75 88
17 16 89
16 53 89
53 55 89
56 17 89
73 57 90
57 65 90
65 79 90
79 78 90
73 90 91
90 78 91
61 59 92
81 76 92
25 24 93
24 54 93
54 47 93
26 25 93
62 26 93
45 44 94
60 45 94
83 60 94
44 72 94
72 83 94
92 76 95
91 61 95
61 92 95
43 42 96
20 19 97
30 20 97
31 30 97
19 51 97
51 31 97
59 69 98
92 59 98
69 49 98
81 92 98
47 66 99
66 81 99
49 87 99
87 47 99
81 98 99
98 49 99
34 33 100
55 34 100
33 32 100
32 51 100
51 56 100
89 55 100
56 89 100
68 73 101
76 68 101
95 76 101
73 91 101
91 95 101
15 14 102
53 15 102
70 53 102
14 71 102
71 70 102
23 22 103
22 60 103
54 23 103
77 54 103
60 83 103
83 77 103
63 57 104
57 73 104
40 63 104
86 40 104
73 48 104
48 86 104
10 9 105
78 10 105
9 61 105
61 91 105
91 78 105
57 63 106
63 52 106
65 57 106
64 65 106
52 82 106
82 64 106
42 41 107
48 85 107
41 86 107
86 48 107
85 96 107
96 42 107
74 5 108
5 75 108
75 80 108
49 74 108
87 49 108
80 87 108
58 81 109
81 66 109
66 77 109
77 83 109
72 58 109
83 72 109
21 20 110
20 30 110
29 21 110
30 29 110
80 62 111
87 80 111
47 87 111
93 47 111
62 93 111
58 72 112
85 58 112
96 85 112
72 43 112
43 96 112
