29
1 0 0
0 1 0
0 0 1
0.5 0.5 0
0 0.0999999 0.9
0 0.2 0.8
0 0.3 0.7
0 0.4 0.6
0 0.5 0.5
0 0.6 0.4
0 0.7 0.3
0 0.8 0.2
0 0.9 0.1
0.909091 0 0.0909091
0.818182 0 0.181818
0.727273 0 0.272727
0.636364 0 0.363636
0.545455 0 0.454545
0.454545 0 0.545455
0.363636 0 0.636364
0.272727 0 0.727273
0.181818 0 0.818182
0.090909 0 0.909091
0.445596 0.459866 0.0945388
0.35793 0.360368 0.281703
0.415505 0.394724 0.18977
0.286976 0.340698 0.372326
0.253266 0.290529 0.456205
0.192321 0.240172 0.567507


0 3 13
7 6 20
19 7 20
6 5 21
20 6 21
4 2 22
5 4 22
21 5 22
3 1 23
13 3 23
14 13 23
1 12 23
11 10 24
16 15 24
12 11 25
15 14 25
14 23 25
23 12 25
11 24 25
24 15 25
10 9 26
17 16 26
16 24 26
24 10 26
9 8 27
8 18 27
18 17 27
17 26 27
26 9 27
8 7 28
7 19 28
18 8 28
19 18 28
