33
1 0 0
0 1 0
0 0 1
0.5 0.5 0
0 0.090909 0.909091
0 0.181818 0.818182
0 0.272727 0.727273
0 0.363636 0.636364
0 0.454545 0.545455
0 0.545455 0.454545
0 0.636364 0.363636
0 0.727273 0.272727
0 0.818182 0.181818
0 0.909091 0.0909091
0.909091 0 0.0909091
0.818182 0 0.181818
0.727273 0 0.272727
0.636364 0 0.363636
0.545455 0 0.454545
0.454545 0 0.545455
0.363636 0 0.636364
0.272727 0 0.727273
0.181818 0 0.818182
0.0909091 0 0.909091
0.443295 0.435615 0.12109
0.379356 0.403295 0.217349
0.258496 0.256454 0.485049
0.304661 0.646992 0.0483472
0.303508 0.292692 0.4038
0.349384 0.339052 0.311564
0.197711 0.213776 0.588514
0.668658 0.28244 0.0489025
0.159325 0.159503 0.681172


6 5 22
21 6 22
4 2 23
5 4 23
22 5 23
13 12 24
15 14 24
12 11 25
16 15 25
15 24 25
24 12 25
9 8 26
8 19 26
19 18 26
3 1 27
1 13 27
13 24 27
10 9 28
18 17 28
9 26 28
26 18 28
11 10 29
17 16 29
16 25 29
25 11 29
10 28 29
28 17 29
8 7 30
7 20 30
19 8 30
20 19 30
0 3 31
14 0 31
3 27 31
24 14 31
27 24 31
7 6 32
6 21 32
20 7 32
21 20 32
