28
1 0 0
0 1 0
0 0 1
0.5 0.5 0
0 0.0833335 0.916667
0 0.166667 0.833333
0 0.25 0.75
0 0.333333 0.666667
0 0.416667 0.583333
0 0.5 0.5
0 0.583333 0.416667
0 0.666667 0.333333
0 0.75 0.25
0 0.833333 0.166667
0 0.916667 0.0833333
0.928571 0 0.0714286
0.857143 0 0.142857
0.785714 0 0.214286
0.714286 0 0.285714
0.642857 0 0.357143
0.571429 0 0.428571
0.5 0 0.5
0.428571 0 0.571429
0.357143 0 0.642857
0.285714 0 0.714286
0.214286 0 0.785714
0.142857 0 0.857143
0.0714286 0 0.928571


0 3 15
3 1 16
15 3 16
1 14 16
14 13 17
16 14 17
13 12 18
17 13 18
12 11 19
18 12 19
11 10 20
19 11 20
10 9 21
20 10 21
9 8 22
21 9 22
8 7 23
22 8 23
7 6 24
23 7 24
6 5 25
24 6 25
5 4 26
25 5 26
4 2 27
26 4 27
