30
1 0 0
0 1 0
0 0 1
0.5 0.5 0
0 0.0769234 0.923077
0 0.153846 0.846154
0 0.230769 0.769231
0 0.307693 0.692308
0 0.384615 0.615385
0 0.461539 0.538462
0 0.538461 0.461538
0 0.615385 0.384615
0 0.692308 0.307692
0 0.769231 0.230769
0 0.846154 0.153846
0 0.923077 0.0769231
0.933333 0 0.0666667
0.866667 0 0.133333
0.8 0 0.2
0.733333 0 0.266667
0.666667 0 0.333333
0.6 0 0.4
0.533333 0 0.466667
0.466667 0 0.533333
0.4 0 0.6
0.333333 0 0.666667
0.266667 0 0.733333
0.2 0 0.8
0.133333 0 0.866667
0.0666667 0 0.933333


0 3 16
3 1 17
16 3 17
1 15 17
15 14 18
17 15 18
14 13 19
18 14 19
13 12 20
19 13 20
12 11 21
20 12 21
11 10 22
21 11 22
10 9 23
22 10 23
9 8 24
23 9 24
8 7 25
24 8 25
7 6 26
25 7 26
6 5 27
26 6 27
5 4 28
27 5 28
4 2 29
28 4 29
