40
1 0 0
0 1 0
0 0 1
0.5 0.5 0
0 0.0714283 0.928571
0 0.142857 0.857143
0 0.214285 0.785714
0 0.285714 0.714286
0 0.357143 0.642857
0 0.428571 0.571429
0 0.5 0.5
0 0.571429 0.428571
0 0.642857 0.357143
0 0.714286 0.285714
0 0.785714 0.214286
0 0.857143 0.142857
0 0.928571 0.0714286
0.933333 0 0.0666667
0.866667 0 0.133333
0.8 0 0.2
0.733333 0 0.266667
0.666667 0 0.333333
0.6 0 0.4
0.533333 0 0.466667
0.466667 0 0.533333
0.4 0 0.6
0.333333 0 0.666667
0.266667 0 0.733333
0.2 0 0.8
0.133333 0 0.866667
0.0666667 0 0.933333
0.430932 0.441771 0.127296
0.32716 0.329521 0.343319
0.364516 0.361182 0.274302
0.254675 0.26341 0.481915
0.403901 0.394673 0.201426
0.27043 0.327824 0.401746
0.227367 0.221705 0.550928
0.467043 0.472894 0.0600628
0.17195 0.209158 0.618893


0 3 17
8 7 27
26 8 27
7 6 28
27 7 28
6 5 29
28 6 29
4 2 30
5 4 30
29 5 30
16 15 31
19 18 31
13 12 32
22 21 32
14 13 33
21 20 33
13 32 33
32 21 33
11 10 34
10 24 34
23 11 34
24 23 34
15 14 35
20 19 35
19 31 35
31 15 35
14 33 35
33 20 35
12 11 36
11 23 36
23 22 36
22 32 36
32 12 36
10 9 37
9 25 37
24 10 37
25 24 37
3 1 38
17 3 38
18 17 38
31 18 38
1 16 38
16 31 38
9 8 39
8 26 39
25 9 39
26 25 39
