45
1 0 0
0 1 0
0 0 1
0.5 0.5 0
0 0.0666667 0.933333
0 0.133333 0.866667
0 0.2 0.8
0 0.266667 0.733333
0 0.333333 0.666667
0 0.4 0.6
0 0.466667 0.533333
0 0.533333 0.466667
0 0.6 0.4
0 0.666667 0.333333
0 0.733333 0.266667
0 0.8 0.2
0 0.866667 0.133333
0 0.933333 0.0666667
0.933333 0 0.0666667
0.866667 0 0.133333
0.8 0 0.2
0.733333 0 0.266667
0.666667 0 0.333333
0.6 0 0.4
0.533333 0 0.466667
0.466667 0 0.533333
0.4 0 0.6
0.333333 0 0.666667
0.266667 0 0.733333
0.2 0 0.8
0.133333 0 0.866667
0.0666667 0 0.933333
0.241737 0.528825 0.229438
0.451225 0.451611 0.0971638
0.335654 0.311898 0.352448
0.402484 0.42767 0.169846
0.367613 0.345274 0.287113
0.254905 0.253278 0.491817
0.296645 0.661914 0.0414411
0.177182 0.19055 0.632268
0.2044 0.230426 0.565174
0.653814 0.304167 0.0420191
0.281384 0.278741 0.439874
0.517227 0.254729 0.228044
0.149418 0.150888 0.699695


7 6 29
28 7 29
6 5 30
29 6 30
4 2 31
5 4 31
30 5 31
15 14 32
17 16 33
19 18 33
13 12 34
12 23 34
23 22 34
16 15 35
20 19 35
15 32 35
19 33 35
33 16 35
32 14 36
14 13 36
13 34 36
22 21 36
34 22 36
11 10 37
10 25 37
25 24 37
3 1 38
1 17 38
17 33 38
9 8 39
8 27 39
26 9 39
27 26 39
10 9 40
9 26 40
25 10 40
26 25 40
0 3 41
18 0 41
3 38 41
33 18 41
38 33 41
12 11 42
23 12 42
24 23 42
11 37 42
37 24 42
21 20 43
20 35 43
35 32 43
32 36 43
36 21 43
8 7 44
7 28 44
27 8 44
28 27 44
