42
1 0 0
0 1 0
0 0 1
0.5 0.5 0
0 0.0666666 0.933333
0 0.133333 0.866667
0 0.2 0.8
0 0.266666 0.733333
0 0.333333 0.666667
0 0.4 0.6
0 0.466667 0.533333
0 0.533333 0.466667
0 0.6 0.4
0 0.666667 0.333333
0 0.733333 0.266667
0 0.8 0.2
0 0.866667 0.133333
0 0.933333 0.0666667
0.9375 0 0.0625
0.875 0 0.125
0.8125 0 0.1875
0.75 0 0.25
0.6875 0 0.3125
0.625 0 0.375
0.5625 0 0.4375
0.5 0 0.5
0.4375 0 0.5625
0.375 0 0.625
0.3125 0 0.6875
0.25 0 0.75
0.1875 0 0.8125
0.125 0 0.875
0.0624999 0 0.9375
0.42828 0.453643 0.118077
0.383225 0.435285 0.18149
0.288928 0.326112 0.38496
0.46318 0.479527 0.0572928
0.355129 0.401967 0.242904
0.264829 0.295166 0.440005
0.235234 0.250472 0.514295
0.337492 0.332744 0.329764
0.211057 0.208664 0.580279


0 3 18
9 8 28
27 9 28
8 7 29
28 8 29
7 6 30
29 7 30
6 5 31
30 6 31
4 2 32
5 4 32
31 5 32
17 16 33
20 19 33
16 15 34
21 20 34
20 33 34
33 16 34
13 12 35
24 23 35
3 1 36
18 3 36
19 18 36
33 19 36
1 17 36
17 33 36
15 14 37
14 22 37
22 21 37
21 34 37
34 15 37
12 11 38
11 25 38
25 24 38
24 35 38
35 12 38
11 10 39
10 26 39
25 11 39
26 25 39
14 13 40
22 14 40
23 22 40
13 35 40
35 23 40
10 9 41
9 27 41
26 10 41
27 26 41
