45
1 0 0
0 1 0
0 0 1
0.5 0.5 0
0 0.0625 0.9375
0 0.125 0.875
0 0.1875 0.8125
0 0.25 0.75
0 0.3125 0.6875
0 0.375 0.625
0 0.4375 0.5625
0 0.5 0.5
0 0.5625 0.4375
0 0.625 0.375
0 0.6875 0.3125
0 0.75 0.25
0 0.8125 0.1875
0 0.875 0.125
0 0.9375 0.0625
0.941176 0 0.0588235
0.882353 0 0.117647
0.823529 0 0.176471
0.764706 0 0.235294
0.705882 0 0.294118
0.647059 0 0.352941
0.588235 0 0.411765
0.529412 0 0.470588
0.470588 0 0.529412
0.411765 0 0.588235
0.352941 0 0.647059
0.294118 0 0.705882
0.235294 0 0.764706
0.176471 0 0.823529
0.117647 0 0.882353
0.0588235 0 0.941176
0.433093 0.453209 0.113699
0.387948 0.437732 0.17432
0.230242 0.287454 0.482304
0.359124 0.403743 0.237134
0.322525 0.316434 0.36104
0.346495 0.352858 0.300647
0.464586 0.480246 0.0551679
0.281499 0.305474 0.413027
0.218292 0.237675 0.544033
0.190051 0.204693 0.605256


0 3 19
9 8 30
29 9 30
8 7 31
30 8 31
7 6 32
31 7 32
6 5 33
32 6 33
4 2 34
5 4 34
33 5 34
18 17 35
21 20 35
17 16 36
22 21 36
21 35 36
35 17 36
12 11 37
11 27 37
26 12 37
27 26 37
16 15 38
23 22 38
22 36 38
36 16 38
14 13 39
25 24 39
15 14 40
24 23 40
23 38 40
38 15 40
14 39 40
39 24 40
3 1 41
19 3 41
20 19 41
35 20 41
1 18 41
18 35 41
13 12 42
12 26 42
26 25 42
25 39 42
39 13 42
11 10 43
10 28 43
27 11 43
28 27 43
10 9 44
9 29 44
28 10 44
29 28 44
