36
1 0 0
0 1 0
0 0 1
0.5 0.5 0
0 0.0625 0.9375
0 0.125 0.875
0 0.1875 0.8125
0 0.25 0.75
0 0.3125 0.6875
0 0.375 0.625
0 0.4375 0.5625
0 0.5 0.5
0 0.5625 0.4375
0 0.625 0.375
0 0.6875 0.3125
0 0.75 0.25
0 0.8125 0.1875
0 0.875 0.125
0 0.9375 0.0625
0.944444 0 0.0555556
0.888889 0 0.111111
0.833333 0 0.166667
0.777778 0 0.222222
0.722222 0 0.277778
0.666667 0 0.333333
0.611111 0 0.388889
0.555556 0 0.444444
0.5 0 0.5
0.444444 0 0.555556
0.388889 0 0.611111
0.333333 0 0.666667
0.277778 0 0.722222
0.222222 0 0.777778
0.166667 0 0.833333
0.111111 0 0.888889
0.0555556 0 0.944444


0 3 19
3 1 20
19 3 20
1 18 20
18 17 21
20 18 21
17 16 22
21 17 22
16 15 23
22 16 23
15 14 24
23 15 24
14 13 25
24 14 25
13 12 26
25 13 26
12 11 27
26 12 27
11 10 28
27 11 28
10 9 29
28 10 29
9 8 30
29 9 30
8 7 31
30 8 31
7 6 32
31 7 32
6 5 33
32 6 33
5 4 34
33 5 34
4 2 35
34 4 35
