34
1 0 0
0 1 0
0 0 1
0.5 0.5 0
0 0.0588236 0.941176
0 0.117647 0.882353
0 0.176471 0.823529
0 0.235294 0.764706
0 0.294118 0.705882
0 0.352941 0.647059
0 0.411765 0.588235
0 0.470588 0.529412
0 0.529412 0.470588
0 0.588235 0.411765
0 0.647059 0.352941
0 0.705882 0.294118
0 0.764706 0.235294
0 0.823529 0.176471
0 0.882353 0.117647
0 0.941176 0.0588235
0.933333 0 0.0666667
0.866667 0 0.133333
0.8 0 0.2
0.733333 0 0.266667
0.666667 0 0.333333
0.6 0 0.4
0.533333 0 0.466667
0.466667 0 0.533333
0.4 0 0.6
0.333333 0 0.666667
0.266667 0 0.733333
0.2 0 0.8
0.133333 0 0.866667
0.0666667 0 0.933333


0 3 18
3 1 19
18 3 19
0 18 20
18 17 20
17 16 21
20 17 21
16 15 22
21 16 22
15 14 23
22 15 23
14 13 24
23 14 24
13 12 25
24 13 25
12 11 26
25 12 26
11 10 27
26 11 27
10 9 28
27 10 28
9 8 29
28 9 29
8 7 30
29 8 30
7 6 31
30 7 31
6 5 32
31 6 32
4 2 33
5 4 33
32 5 33
