53
1 0 0
0 1 0
0 0 1
0.5 0.5 0
0 0.0555556 0.944444
0 0.111111 0.888889
0 0.166667 0.833333
0 0.222222 0.777778
0 0.277778 0.722222
0 0.333333 0.666667
0 0.388889 0.611111
0 0.444444 0.555556
0 0.5 0.5
0 0.555556 0.444444
0 0.611111 0.388889
0 0.666667 0.333333
0 0.722222 0.277778
0 0.777778 0.222222
0 0.833333 0.166667
0 0.888889 0.111111
0 0.944444 0.0555556
0.944444 0 0.0555556
0.888889 0 0.111111
0.833333 0 0.166667
0.777778 0 0.222222
0.722222 0 0.277778
0.666667 0 0.333333
0.611111 0 0.388889
0.555556 0 0.444444
0.5 0 0.5
0.444444 0 0.555556
0.388889 0 0.611111
0.333333 0 0.666667
0.277778 0 0.722222
0.222222 0 0.777778
0.166667 0 0.833333
0.111111 0 0.888889
0.0555556 0 0.944444
0.534356 0.355676 0.109968
0.679929 0.290795 0.0292761
0.333289 0.310626 0.356085
0.331914 0.505782 0.162304
0.413338 0.522749 0.0639132
0.371312 0.386624 0.242064
0.304658 0.289344 0.405998
0.357712 0.342099 0.30019
0.244696 0.285277 0.470027
0.23529 0.23791 0.526799
0.222334 0.195124 0.582542
0.181596 0.179768 0.638636
0.497007 0.305728 0.197264
0.148172 0.157614 0.694214
0.280426 0.693926 0.0256479


8 7 34
33 8 34
7 6 35
34 7 35
6 5 36
35 6 36
4 2 37
5 4 37
36 5 37
22 21 38
23 22 38
0 3 39
21 0 39
15 14 40
27 26 40
18 17 41
19 18 41
38 19 41
23 38 41
20 19 42
19 38 42
38 21 42
21 39 42
17 16 43
25 24 43
14 13 44
13 28 44
28 27 44
27 40 44
40 14 44
16 15 45
26 25 45
15 40 45
40 26 45
25 43 45
43 16 45
13 12 46
12 29 46
28 13 46
29 28 46
12 11 47
11 30 47
29 12 47
30 29 47
11 10 48
10 31 48
30 11 48
31 30 48
10 9 49
9 32 49
31 10 49
32 31 49
24 23 50
23 41 50
43 24 50
41 17 50
17 43 50
9 8 51
8 33 51
32 9 51
33 32 51
3 1 52
1 20 52
20 42 52
39 3 52
42 39 52
