51
1 0 0
0 1 0
0 0 1
0.5 0.5 0
0 0.0555553 0.944444
0 0.111111 0.888889
0 0.166667 0.833333
0 0.222223 0.777778
0 0.277778 0.722222
0 0.333333 0.666667
0 0.388889 0.611111
0 0.444444 0.555556
0 0.5 0.5
0 0.555556 0.444444
0 0.611111 0.388889
0 0.666667 0.333333
0 0.722222 0.277778
0 0.777778 0.222222
0 0.833333 0.166667
0 0.888889 0.111111
0 0.944444 0.0555556
0.947368 0 0.0526316
0.894737 0 0.105263
0.842105 0 0.157895
0.789474 0 0.210526
0.736842 0 0.263158
0.684211 0 0.315789
0.631579 0 0.368421
0.578947 0 0.421053
0.526316 0 0.473684
0.473684 0 0.526316
0.421053 0 0.578947
0.368421 0 0.631579
0.315789 0 0.684211
0.263158 0 0.736842
0.210526 0 0.789474
0.157895 0 0.842105
0.105263 0 0.894737
0.0526316 0 0.947368
0.436553 0.461589 0.101859
0.610876 0.328353 0.0607708
0.39576 0.443738 0.160502
0.238973 0.282304 0.478723
0.370745 0.358423 0.270833
0.368295 0.416072 0.215633
0.287968 0.342747 0.369285
0.340149 0.336467 0.323384
0.274512 0.286454 0.439034
0.225517 0.235488 0.538995
0.293326 0.664172 0.042502
0.181856 0.225063 0.593082


0 3 21
10 9 33
32 10 33
9 8 34
33 9 34
8 7 35
34 8 35
7 6 36
35 7 36
6 5 37
36 6 37
4 2 38
5 4 38
37 5 38
20 19 39
23 22 39
21 3 40
22 21 40
39 22 40
19 18 41
24 23 41
23 39 41
39 19 41
13 12 42
12 30 42
30 29 42
17 16 43
26 25 43
18 17 44
25 24 44
24 41 44
41 18 44
17 43 44
43 25 44
15 14 45
14 28 45
28 27 45
16 15 46
27 26 46
26 43 46
43 16 46
15 45 46
45 27 46
14 13 47
28 14 47
29 28 47
13 42 47
42 29 47
12 11 48
11 31 48
30 12 48
31 30 48
3 1 49
40 3 49
1 20 49
20 39 49
39 40 49
11 10 50
10 32 50
31 11 50
32 31 50
