55
1 0 0
0 1 0
0 0 1
0.5 0.5 0
0 0.0526316 0.947368
0 0.105263 0.894737
0 0.157895 0.842105
0 0.210526 0.789474
0 0.263158 0.736842
0 0.315789 0.684211
0 0.368421 0.631579
0 0.421053 0.578947
0 0.473684 0.526316
0 0.526316 0.473684
0 0.578947 0.421053
0 0.631579 0.368421
0 0.684211 0.315789
0 0.736842 0.263158
0 0.789474 0.210526
0 0.842105 0.157895
0 0.894737 0.105263
0 0.947368 0.0526316
0.947368 0 0.0526316
0.894737 0 0.105263
0.842105 0 0.157895
0.789474 0 0.210526
0.736842 0 0.263158
0.684211 0 0.315789
0.631579 0 0.368421
0.578947 0 0.421053
0.526316 0 0.473684
0.473684 0 0.526316
0.421053 0 0.578947
0.368421 0 0.631579
0.315789 0 0.684211
0.263158 0 0.736842
0.210526 0 0.789474
0.157895 0 0.842105
0.105263 0 0.894737
0.0526316 0 0.947368
0.534928 0.358953 0.106118
0.679325 0.29218 0.0284952
0.33723 0.319107 0.343663
0.336825 0.506917 0.156258
0.365113 0.347138 0.287749
0.252988 0.25451 0.492502
0.415624 0.522301 0.0620746
0.381304 0.386628 0.232068
0.306815 0.295864 0.397322
0.229495 0.218899 0.551606
0.265935 0.28634 0.447724
0.279288 0.69529 0.0254228
0.213516 0.181927 0.604557
0.164734 0.177868 0.657398
0.510008 0.300725 0.189267


9 8 35
34 9 35
8 7 36
35 8 36
7 6 37
36 7 37
6 5 38
37 6 38
4 2 39
5 4 39
38 5 39
23 22 40
24 23 40
0 3 41
22 0 41
16 15 42
28 27 42
19 18 43
20 19 43
40 20 43
24 40 43
17 16 44
27 26 44
16 42 44
42 27 44
13 12 45
12 31 45
31 30 45
21 20 46
20 40 46
40 22 46
22 41 46
18 17 47
26 25 47
17 44 47
44 26 47
15 14 48
29 28 48
28 42 48
42 15 48
12 11 49
11 32 49
31 12 49
32 31 49
14 13 50
30 29 50
13 45 50
45 30 50
29 48 50
48 14 50
3 1 51
1 21 51
21 46 51
41 3 51
46 41 51
11 10 52
10 33 52
32 11 52
33 32 52
10 9 53
9 34 53
33 10 53
34 33 53
25 24 54
24 43 54
47 25 54
43 18 54
18 47 54
