19
1 0 0
0 1 0
0 0 1
0.5 0.5 0
0 0.142857 0.857143
0 0.285714 0.714286
0 0.428571 0.571429
0 0.571429 0.428571
0 0.714286 0.285714
0 0.857143 0.142857
0.833333 0 0.166667
0.666667 0 0.333333
0.5 0 0.5
0.333333 0 0.666667
0.166667 0 0.833333
0.463396 0.397801 0.138802
0.393495 0.316454 0.290051
0.295543 0.273125 0.431333
0.199481 0.188888 0.611631


3 1 9
4 2 14
5 4 14
13 5 14
0 3 15
10 0 15
3 9 15
9 8 15
8 7 16
11 10 16
10 15 16
15 8 16
7 6 17
6 12 17
12 11 17
11 16 17
16 7 17
6 5 18
5 13 18
12 6 18
13 12 18
