29
1 0 0
0 1 0
0 0 1
0.333333 0.666667 0
0.666667 0.333333 0
0 0.0999999 0.9
0 0.2 0.8
0 0.3 0.7
0 0.4 0.6
0 0.5 0.5
0 0.6 0.4
0 0.7 0.3
0 0.8 0.2
0 0.9 0.1
0.875 0 0.125
0.75 0 0.25
0.625 0 0.375
0.5 0 0.5
0.375 0 0.625
0.25 0 0.75
0.125 0 0.875
0.43381 0.438312 0.127878
0.343624 0.280009 0.376367
0.281856 0.230193 0.487951
0.553271 0.267692 0.179036
0.272365 0.638436 0.0891994
0.333215 0.376295 0.29049
0.235697 0.178928 0.585375
0.155292 0.127 0.717709


3 1 13
5 2 20
6 5 20
19 6 20
0 4 21
12 11 21
10 9 22
16 15 22
9 8 23
17 16 23
16 22 23
22 9 23
15 14 24
14 0 24
0 21 24
21 11 24
4 3 25
3 13 25
13 12 25
12 21 25
21 4 25
11 10 26
24 11 26
10 22 26
22 15 26
15 24 26
8 7 27
7 18 27
18 17 27
17 23 27
23 8 27
7 6 28
6 19 28
18 7 28
19 18 28
