35
1 0 0
0 1 0
0 0 1
0.333333 0.666667 0
0.666667 0.333333 0
0 0.0999999 0.9
0 0.2 0.8
0 0.3 0.7
0 0.4 0.6
0 0.5 0.5
0 0.6 0.4
0 0.7 0.3
0 0.8 0.2
0 0.9 0.1
0.916667 0 0.0833333
0.833333 0 0.166667
0.75 0 0.25
0.666667 0 0.333333
0.583333 0 0.416667
0.5 0 0.5
0.416667 0 0.583333
0.333333 0 0.666667
0.25 0 0.75
0.166667 0 0.833333
0.0833333 0 0.916667
0.46893 0.420987 0.110083
0.191195 0.238549 0.570256
0.29931 0.547324 0.153366
0.227094 0.284745 0.488162
0.409998 0.340321 0.249681
0.283801 0.324416 0.391782
0.217213 0.495638 0.287149
0.662485 0.261413 0.0761022
0.138918 0.184977 0.676105
0.436416 0.229216 0.334368


0 4 14
7 6 23
22 7 23
5 2 24
6 5 24
23 6 24
3 1 25
16 15 25
9 8 26
8 21 26
21 20 26
13 12 27
1 13 27
25 1 27
16 25 27
10 9 28
20 19 28
9 26 28
26 20 28
27 12 29
17 16 29
16 27 29
11 10 30
19 18 30
10 28 30
28 19 30
12 11 31
29 12 31
11 30 31
4 3 32
14 4 32
15 14 32
3 25 32
25 15 32
8 7 33
7 22 33
21 8 33
22 21 33
18 17 34
17 29 34
29 31 34
30 18 34
31 30 34
