40
1 0 0
0 1 0
0 0 1
0.333333 0.666667 0
0.666667 0.333333 0
0 0.090909 0.909091
0 0.181818 0.818182
0 0.272727 0.727273
0 0.363636 0.636364
0 0.454545 0.545455
0 0.545455 0.454545
0 0.636364 0.363636
0 0.727273 0.272727
0 0.818182 0.181818
0 0.909091 0.0909091
0.909091 0 0.0909091
0.818182 0 0.181818
0.727273 0 0.272727
0.636364 0 0.363636
0.545455 0 0.454545
0.454545 0 0.545455
0.363636 0 0.636364
0.272727 0 0.727273
0.181818 0 0.818182
0.0909091 0 0.909091
0.222572 0.203397 0.574031
0.235665 0.54008 0.224255
0.584592 0.296865 0.118542
0.729248 0.21544 0.0553118
0.404589 0.231844 0.363567
0.242308 0.26718 0.490512
0.466244 0.251581 0.282175
0.261619 0.609668 0.128712
0.507845 0.295907 0.196248
0.158808 0.163099 0.678093
0.226387 0.37004 0.403573
0.189442 0.758263 0.0522945
0.211002 0.47579 0.313208
0.449922 0.496272 0.0538067
0.114898 0.113943 0.771159


5 2 24
6 5 24
23 6 24
9 8 25
8 21 25
21 20 25
13 12 26
16 15 27
0 4 28
15 0 28
27 15 28
19 18 29
10 9 30
20 19 30
9 25 30
25 20 30
18 17 31
29 18 31
14 13 32
13 26 32
16 27 33
17 16 33
31 17 33
26 31 33
27 32 33
32 26 33
8 7 34
7 22 34
21 8 34
22 21 34
11 10 35
19 29 35
30 19 35
10 30 35
3 1 36
1 14 36
14 32 36
12 11 37
29 31 37
26 12 37
31 26 37
11 35 37
35 29 37
4 3 38
28 4 38
27 28 38
3 36 38
32 27 38
36 32 38
7 6 39
6 23 39
22 7 39
23 22 39
