30
1 0 0
0 1 0
0 0 1
0.333333 0.666667 0
0.666667 0.333333 0
0 0.0833335 0.916667
0 0.166667 0.833333
0 0.25 0.75
0 0.333333 0.666667
0 0.416667 0.583333
0 0.5 0.5
0 0.583333 0.416667
0 0.666667 0.333333
0 0.75 0.25
0 0.833333 0.166667
0 0.916667 0.0833333
0.933333 0 0.0666667
0.866667 0 0.133333
0.8 0 0.2
0.733333 0 0.266667
0.666667 0 0.333333
0.6 0 0.4
0.533333 0 0.466667
0.466667 0 0.533333
0.4 0 0.6
0.333333 0 0.666667
0.266667 0 0.733333
0.2 0 0.8
0.133333 0 0.866667
0.0666667 0 0.933333


0 4 16
4 3 17
16 4 17
3 1 18
17 3 18
1 15 18
15 14 19
18 15 19
14 13 20
19 14 20
13 12 21
20 13 21
12 11 22
21 12 22
11 10 23
22 11 23
10 9 24
23 10 24
9 8 25
24 9 25
8 7 26
25 8 26
7 6 27
26 7 27
6 5 28
27 6 28
5 2 29
28 5 29
