44
1 0 0
0 1 0
0 0 1
0.333333 0.666667 0
0.666667 0.333333 0
0 0.0833333 0.916667
0 0.166667 0.833333
0 0.25 0.75
0 0.333333 0.666667
0 0.416667 0.583333
0 0.5 0.5
0 0.583333 0.416667
0 0.666667 0.333333
0 0.75 0.25
0 0.833333 0.166667
0 0.916667 0.0833333
0.916667 0 0.0833333
0.833333 0 0.166667
0.75 0 0.25
0.666667 0 0.333333
0.583333 0 0.416667
0.5 0 0.5
0.416667 0 0.583333
0.333333 0 0.666667
0.25 0 0.75
0.166667 0 0.833333
0.0833334 0 0.916667
0.555798 0.32872 0.115483
0.409676 0.239716 0.350608
0.74229 0.209158 0.0485513
0.218854 0.305899 0.475246
0.480809 0.25079 0.268402
0.289792 0.510411 0.199797
0.218721 0.486951 0.294328
0.245014 0.641692 0.113294
0.580379 0.233869 0.185752
0.189115 0.200464 0.610421
0.198711 0.754783 0.0465064
0.325464 0.250456 0.424079
0.23668 0.221797 0.541523
0.130973 0.16402 0.705008
0.457978 0.490672 0.0513501
0.174295 0.457631 0.368074
0.102032 0.107342 0.790627


5 2 26
6 5 26
25 6 26
17 16 27
20 19 28
0 4 29
16 0 29
27 16 29
11 10 30
19 18 31
28 19 31
14 13 32
13 12 33
28 31 33
31 32 33
32 13 33
15 14 34
14 32 34
32 27 34
18 17 35
31 18 35
17 27 35
27 32 35
32 31 35
9 8 36
8 23 36
23 22 36
3 1 37
1 15 37
15 34 37
21 20 38
30 21 38
20 28 38
11 30 38
10 9 39
30 10 39
22 21 39
21 30 39
9 36 39
36 22 39
8 7 40
7 24 40
23 8 40
24 23 40
4 3 41
29 4 41
27 29 41
3 37 41
34 27 41
37 34 41
12 11 42
28 33 42
33 12 42
11 38 42
38 28 42
7 6 43
6 25 43
24 7 43
25 24 43
