46
1 0 0
0 1 0
0 0 1
0.333333 0.666667 0
0.666667 0.333333 0
0 0.076923 0.923077
0 0.153846 0.846154
0 0.230769 0.769231
0 0.307692 0.692308
0 0.384615 0.615385
0 0.461538 0.538462
0 0.538462 0.461538
0 0.615385 0.384615
0 0.692308 0.307692
0 0.769231 0.230769
0 0.846154 0.153846
0 0.923077 0.0769231
0.923077 0 0.0769231
0.846154 0 0.153846
0.769231 0 0.230769
0.692308 0 0.307692
0.615385 0 0.384615
0.538462 0 0.461538
0.461538 0 0.538462
0.384615 0 0.615385
0.307692 0 0.692308
0.230769 0 0.769231
0.153846 0 0.846154
0.0769231 0 0.923077
0.524376 0.359035 0.116589
0.560963 0.246463 0.192574
0.422198 0.228812 0.34899
0.208264 0.218971 0.572766
0.723093 0.210929 0.0659776
0.280185 0.551378 0.168437
0.247008 0.267639 0.485354
0.489182 0.239191 0.271627
0.170902 0.177945 0.651153
0.268334 0.489704 0.241961
0.201215 0.396367 0.402418
0.1874 0.772428 0.0401724
0.231854 0.669373 0.0987729
0.219074 0.459635 0.32129
0.443373 0.507121 0.0495062
0.143308 0.139186 0.717507
0.401228 0.180881 0.417891


7 6 27
26 7 27
5 2 28
6 5 28
27 6 28
19 18 30
18 29 30
21 20 31
10 9 32
24 23 32
0 4 33
17 0 33
18 17 33
29 18 33
15 14 34
30 29 34
11 10 35
23 22 35
10 32 35
32 23 35
20 19 36
19 30 36
31 20 36
9 8 37
25 24 37
24 32 37
32 9 37
14 13 38
30 34 38
36 30 38
34 14 38
12 11 39
11 35 39
3 1 40
1 16 40
16 15 41
15 34 41
34 29 41
40 16 41
13 12 42
31 36 42
36 38 42
38 13 42
12 39 42
39 31 42
4 3 43
33 4 43
29 33 43
41 29 43
3 40 43
40 41 43
8 7 44
7 26 44
26 25 44
25 37 44
37 8 44
22 21 45
21 31 45
31 39 45
35 22 45
39 35 45
