43
1 0 0
0 1 0
0 0 1
0.333333 0.666667 0
0.666667 0.333333 0
0 0.076923 0.923077
0 0.153846 0.846154
0 0.230769 0.769231
0 0.307692 0.692308
0 0.384615 0.615385
0 0.461538 0.538462
0 0.538462 0.461538
0 0.615385 0.384615
0 0.692308 0.307692
0 0.769231 0.230769
0 0.846154 0.153846
0 0.923077 0.0769231
0.916667 0 0.0833333
0.833333 0 0.166667
0.75 0 0.25
0.666667 0 0.333333
0.583333 0 0.416667
0.5 0 0.5
0.416667 0 0.583333
0.333333 0 0.666667
0.25 0 0.75
0.166667 0 0.833333
0.0833333 0 0.916667
0.465297 0.412326 0.122377
0.64516 0.21701 0.13783
0.364007 0.278854 0.35714
0.254676 0.268244 0.47708
0.468275 0.251937 0.279788
0.694781 0.24378 0.0614391
0.31706 0.46606 0.21688
0.337327 0.588891 0.0737823
0.583588 0.208219 0.208194
0.230766 0.215518 0.553716
0.19147 0.18383 0.6247
0.215211 0.475065 0.309724
0.132465 0.149122 0.718413
0.234489 0.35152 0.413991
0.221569 0.623236 0.155195


3 1 16
7 6 26
25 7 26
5 2 27
6 5 27
26 6 27
18 17 29
21 20 30
11 10 31
22 21 31
20 19 32
30 20 32
0 4 33
17 0 33
28 29 33
29 17 33
29 28 34
14 13 34
4 3 35
3 16 35
16 15 35
28 33 35
33 4 35
19 18 36
32 19 36
18 29 36
29 34 36
34 32 36
10 9 37
23 22 37
22 31 37
31 10 37
9 8 38
8 24 38
24 23 38
23 37 38
37 9 38
13 12 39
12 30 39
30 32 39
32 34 39
34 13 39
8 7 40
7 25 40
24 8 40
25 24 40
12 11 41
30 12 41
21 30 41
31 21 41
11 31 41
15 14 42
14 34 42
34 28 42
28 35 42
35 15 42
