43
1 0 0
0 1 0
0 0 1
0.333333 0.666667 0
0.666667 0.333333 0
0 0.0769234 0.923077
0 0.153846 0.846154
0 0.230769 0.769231
0 0.307692 0.692308
0 0.384615 0.615385
0 0.461538 0.538462
0 0.538462 0.461538
0 0.615385 0.384615
0 0.692308 0.307692
0 0.769231 0.230769
0 0.846154 0.153846
0 0.923077 0.0769231
0.933333 0 0.0666667
0.866667 0 0.133333
0.8 0 0.2
0.733333 0 0.266667
0.666667 0 0.333333
0.6 0 0.4
0.533333 0 0.466667
0.466667 0 0.533333
0.4 0 0.6
0.333333 0 0.666667
0.266667 0 0.733333
0.2 0 0.8
0.133333 0 0.866667
0.0666667 0 0.933333
0.509179 0.38512 0.1057
0.645894 0.292301 0.0618054
0.36627 0.464584 0.169146
0.407715 0.330135 0.26215
0.29123 0.31701 0.391759
0.236078 0.305788 0.458133
0.341221 0.335324 0.323454
0.222602 0.254588 0.52281
0.177592 0.219852 0.602556
0.232212 0.698276 0.0695116
0.199504 0.590301 0.210195
0.156682 0.16648 0.676838


0 4 17
8 7 28
27 8 28
7 6 29
28 7 29
5 2 30
6 5 30
29 6 30
19 18 31
4 3 32
17 4 32
18 17 32
3 31 32
31 18 32
16 15 33
20 19 33
19 31 33
21 20 34
20 33 34
13 12 35
23 22 35
12 11 36
24 23 36
23 35 36
35 12 36
14 13 37
34 14 37
22 21 37
21 34 37
13 35 37
35 22 37
11 10 38
10 25 38
25 24 38
24 36 38
36 11 38
10 9 39
9 26 39
25 10 39
26 25 39
3 1 40
31 3 40
1 16 40
16 33 40
33 31 40
15 14 41
14 34 41
33 15 41
34 33 41
9 8 42
8 27 42
26 9 42
27 26 42
