48
1 0 0
0 1 0
0 0 1
0.333333 0.666667 0
0.666667 0.333333 0
0 0.0714285 0.928571
0 0.142857 0.857143
0 0.214286 0.785714
0 0.285714 0.714286
0 0.357143 0.642857
0 0.428571 0.571429
0 0.5 0.5
0 0.571429 0.428571
0 0.642857 0.357143
0 0.714286 0.285714
0 0.785714 0.214286
0 0.857143 0.142857
0 0.928571 0.0714286
0.928571 0 0.0714286
0.857143 0 0.142857
0.785714 0 0.214286
0.714286 0 0.285714
0.642857 0 0.357143
0.571429 0 0.428571
0.5 0 0.5
0.428571 0 0.571429
0.357143 0 0.642857
0.285714 0 0.714286
0.214286 0 0.785714
0.142857 0 0.857143
0.0714286 0 0.928571
0.528628 0.358962 0.11241
0.446142 0.205778 0.34808
0.725781 0.211374 0.0628453
0.290331 0.545026 0.164644
0.249751 0.281807 0.468442
0.480346 0.244105 0.275549
0.584717 0.239137 0.176146
0.334372 0.43016 0.235467
0.240608 0.363411 0.395982
0.228597 0.231126 0.540277
0.194387 0.196098 0.609515
0.191715 0.766952 0.0413327
0.163105 0.16661 0.670285
0.23554 0.66583 0.0986308
0.219904 0.4628 0.317297
0.443575 0.506675 0.0497498
0.120312 0.131357 0.748331


7 6 29
28 7 29
5 2 30
6 5 30
29 6 30
22 21 32
23 22 32
0 4 33
18 0 33
19 18 33
31 19 33
16 15 34
12 11 35
24 23 35
32 21 36
21 20 36
20 19 37
19 31 37
31 34 37
15 14 38
34 15 38
37 34 38
36 20 38
20 37 38
13 12 39
23 32 39
35 23 39
12 35 39
11 10 40
25 24 40
24 35 40
35 11 40
10 9 41
26 25 41
25 40 41
40 10 41
3 1 42
1 17 42
9 8 43
8 27 43
27 26 43
26 41 43
41 9 43
16 34 44
34 31 44
17 16 44
42 17 44
14 13 45
32 36 45
36 38 45
38 14 45
13 39 45
39 32 45
4 3 46
33 4 46
3 42 46
31 33 46
44 31 46
42 44 46
8 7 47
7 28 47
27 8 47
28 27 47
