45
1 0 0
0 1 0
0 0 1
0.333333 0.666667 0
0.666667 0.333333 0
0 0.0714287 0.928571
0 0.142857 0.857143
0 0.214286 0.785714
0 0.285714 0.714286
0 0.357143 0.642857
0 0.428571 0.571428
0 0.5 0.5
0 0.571429 0.428571
0 0.642857 0.357143
0 0.714286 0.285714
0 0.785714 0.214286
0 0.857143 0.142857
0 0.928571 0.0714286
0.923077 0 0.0769231
0.846154 0 0.153846
0.769231 0 0.230769
0.692308 0 0.307692
0.615385 0 0.384615
0.538462 0 0.461538
0.461538 0 0.538462
0.384615 0 0.615385
0.307692 0 0.692308
0.230769 0 0.769231
0.153846 0 0.846154
0.0769231 0 0.923077
0.222456 0.191253 0.58629
0.256442 0.515831 0.227726
0.538684 0.353776 0.10754
0.342159 0.30503 0.352811
0.478563 0.256924 0.264514
0.698518 0.251533 0.0499487
0.218079 0.484272 0.297649
0.254717 0.235055 0.510228
0.328382 0.602874 0.0687447
0.562404 0.263781 0.173815
0.13225 0.129135 0.738616
0.257957 0.587707 0.154336
0.303065 0.264217 0.432718
0.190222 0.157231 0.652547
0.150586 0.817689 0.0317251


7 6 28
27 7 28
5 2 29
6 5 29
28 6 29
10 9 30
25 24 30
15 14 31
13 12 33
22 21 33
21 20 34
33 21 34
0 4 35
18 0 35
32 18 35
14 13 36
13 33 36
33 34 36
31 14 36
34 31 36
11 10 37
24 23 37
10 30 37
30 24 37
17 16 38
4 3 38
35 4 38
32 35 38
19 18 39
18 32 39
20 19 39
34 20 39
31 34 39
8 7 40
7 27 40
26 8 40
27 26 40
16 15 41
15 31 41
32 38 41
38 16 41
31 39 41
39 32 41
12 11 42
23 22 42
22 33 42
33 12 42
11 37 42
37 23 42
9 8 43
8 26 43
26 25 43
25 30 43
30 9 43
3 1 44
1 17 44
17 38 44
38 3 44
