46
1 0 0
0 1 0
0 0 1
0.333333 0.666667 0
0.666667 0.333333 0
0 0.0714288 0.928571
0 0.142858 0.857143
0 0.214286 0.785714
0 0.285714 0.714286
0 0.357143 0.642857
0 0.428572 0.571429
0 0.5 0.5
0 0.571429 0.428571
0 0.642857 0.357143
0 0.714286 0.285714
0 0.785714 0.214286
0 0.857143 0.142857
0 0.928571 0.0714286
0.9375 0 0.0625
0.875 0 0.125
0.8125 0 0.1875
0.75 0 0.25
0.6875 0 0.3125
0.625 0 0.375
0.5625 0 0.4375
0.5 0 0.5
0.4375 0 0.5625
0.375 0 0.625
0.3125 0 0.6875
0.25 0 0.75
0.1875 0 0.8125
0.125 0 0.875
0.0625 0 0.9375
0.485747 0.404285 0.109968
0.613509 0.326244 0.0602478
0.380518 0.456381 0.163101
0.232413 0.284944 0.482643
0.43863 0.263928 0.297442
0.317409 0.33114 0.351451
0.1719 0.197742 0.630358
0.197439 0.239654 0.562907
0.264194 0.314571 0.421235
0.323451 0.450291 0.226259
0.281277 0.670951 0.0477716
0.139534 0.162503 0.697963
0.20465 0.521428 0.273922


0 4 18
8 7 30
29 8 30
7 6 31
30 7 31
5 2 32
6 5 32
31 6 32
20 19 33
4 3 34
18 4 34
19 18 34
33 19 34
17 16 35
33 17 35
21 20 35
20 33 35
12 11 36
11 26 36
26 25 36
23 22 37
14 13 38
24 23 38
23 37 38
10 9 39
9 28 39
27 10 39
28 27 39
11 10 40
10 27 40
26 11 40
27 26 40
13 12 41
25 24 41
12 36 41
36 25 41
24 38 41
38 13 41
16 15 42
35 16 42
22 21 42
37 22 42
21 35 42
3 1 43
1 17 43
17 33 43
33 34 43
34 3 43
9 8 44
8 29 44
28 9 44
29 28 44
15 14 45
14 38 45
38 37 45
37 42 45
42 15 45
