42
1 0 0
0 1 0
0 0 1
0.333333 0.666667 0
0.666667 0.333333 0
0 0.0666666 0.933333
0 0.133333 0.866667
0 0.2 0.8
0 0.266667 0.733333
0 0.333333 0.666667
0 0.4 0.6
0 0.466667 0.533333
0 0.533333 0.466667
0 0.6 0.4
0 0.666667 0.333333
0 0.733333 0.266667
0 0.8 0.2
0 0.866667 0.133333
0 0.933333 0.0666667
0.923077 0 0.0769231
0.846154 0 0.153846
0.769231 0 0.230769
0.692308 0 0.307692
0.615385 0 0.384615
0.538462 0 0.461538
0.461538 0 0.538462
0.384615 0 0.615385
0.307692 0 0.692308
0.230769 0 0.769231
0.153846 0 0.846154
0.076923 0 0.923077
0.479082 0.418748 0.10217
0.339319 0.283801 0.376881
0.392043 0.304771 0.303186
0.293894 0.507431 0.198675
0.316004 0.622256 0.06174
0.288764 0.264742 0.446495
0.450911 0.319744 0.229345
0.605653 0.247326 0.147021
0.252578 0.208359 0.539063
0.225575 0.180924 0.593501
0.173622 0.150527 0.675851


3 1 18
8 7 28
27 8 28
7 6 29
28 7 29
5 2 30
6 5 30
29 6 30
0 4 31
19 0 31
17 16 31
13 12 32
23 22 32
14 13 33
13 32 33
22 21 33
32 22 33
16 15 34
31 16 34
4 3 35
3 18 35
18 17 35
17 31 35
31 4 35
12 11 36
11 24 36
24 23 36
23 32 36
32 12 36
21 20 37
33 21 37
15 14 37
34 15 37
14 33 37
20 19 38
19 31 38
31 34 38
34 37 38
37 20 38
11 10 39
24 11 39
25 24 39
10 9 40
9 26 40
26 25 40
25 39 40
39 10 40
9 8 41
8 27 41
26 9 41
27 26 41
