53
1 0 0
0 1 0
0 0 1
0.333333 0.666667 0
0.666667 0.333333 0
0 0.0666667 0.933333
0 0.133333 0.866667
0 0.2 0.8
0 0.266667 0.733333
0 0.333333 0.666667
0 0.4 0.6
0 0.466667 0.533333
0 0.533333 0.466667
0 0.6 0.4
0 0.666667 0.333333
0 0.733333 0.266667
0 0.8 0.2
0 0.866667 0.133333
0 0.933333 0.0666667
0.933333 0 0.0666667
0.866667 0 0.133333
0.8 0 0.2
0.733333 0 0.266667
0.666667 0 0.333333
0.6 0 0.4
0.533333 0 0.466667
0.466667 0 0.533333
0.4 0 0.6
0.333333 0 0.666667
0.266667 0 0.733333
0.2 0 0.8
0.133333 0 0.866667
0.0666666 0 0.933333
0.19387 0.766349 0.039781
0.228252 0.535519 0.236228
0.521013 0.37171 0.107277
0.388024 0.254659 0.357316
0.210313 0.221225 0.568462
0.727395 0.213077 0.059528
0.287862 0.547471 0.164667
0.247107 0.268177 0.484716
0.449966 0.266256 0.283778
0.21292 0.484807 0.302273
0.589492 0.246977 0.16353
0.199335 0.383895 0.41677
0.496188 0.284151 0.219661
0.390404 0.185117 0.424479
0.239581 0.665688 0.0947309
0.154233 0.156989 0.688778
0.446775 0.506542 0.0466829
0.181802 0.185348 0.632849
0.12215 0.1125 0.76535
0.163836 0.475013 0.361152


7 6 31
30 7 31
5 2 32
6 5 32
31 6 32
3 1 33
1 18 33
16 15 34
24 23 36
11 10 37
27 26 37
0 4 38
19 0 38
20 19 38
35 20 38
17 16 39
16 34 39
12 11 40
26 25 40
11 37 40
37 26 40
23 22 41
36 23 41
15 14 42
34 15 42
41 34 42
36 41 42
21 20 43
20 35 43
35 39 43
13 12 44
12 40 44
22 21 45
41 22 45
34 41 45
21 43 45
39 34 45
43 39 45
24 36 46
36 44 46
25 24 46
40 25 46
44 40 46
18 17 47
33 18 47
17 39 47
39 35 47
9 8 48
8 29 48
29 28 48
4 3 49
38 4 49
3 33 49
35 38 49
33 47 49
47 35 49
10 9 50
28 27 50
27 37 50
37 10 50
9 48 50
48 28 50
8 7 51
7 30 51
29 8 51
30 29 51
14 13 52
36 42 52
42 14 52
13 44 52
44 36 52
