36
1 0 0
0 1 0
0 0 1
0.333333 0.666667 0
0.666667 0.333333 0
0 0.0666671 0.933333
0 0.133333 0.866667
0 0.2 0.8
0 0.266666 0.733333
0 0.333333 0.666667
0 0.4 0.6
0 0.466667 0.533333
0 0.533334 0.466667
0 0.6 0.4
0 0.666667 0.333333
0 0.733334 0.266667
0 0.8 0.2
0 0.866667 0.133333
0 0.933333 0.0666667
0.944444 0 0.0555556
0.888889 0 0.111111
0.833333 0 0.166667
0.777778 0 0.222222
0.722222 0 0.277778
0.666667 0 0.333333
0.611111 0 0.388889
0.555556 0 0.444444
0.5 0 0.5
0.444444 0 0.555556
0.388889 0 0.611111
0.333333 0 0.666667
0.277778 0 0.722222
0.222222 0 0.777778
0.166667 0 0.833333
0.111111 0 0.888889
0.0555556 0 0.944444


0 4 19
4 3 20
19 4 20
3 1 21
20 3 21
1 18 21
18 17 22
21 18 22
17 16 23
22 17 23
16 15 24
23 16 24
15 14 25
24 15 25
14 13 26
25 14 26
13 12 27
26 13 27
12 11 28
27 12 28
11 10 29
28 11 29
10 9 30
29 10 30
9 8 31
30 9 31
8 7 32
31 8 32
7 6 33
32 7 33
6 5 34
33 6 34
5 2 35
34 5 35
