49
1 0 0
0 1 0
0 0 1
0.333333 0.666667 0
0.666667 0.333333 0
0 0.0666664 0.933333
0 0.133333 0.866667
0 0.2 0.8
0 0.266666 0.733333
0 0.333333 0.666667
0 0.4 0.6
0 0.466667 0.533333
0 0.533334 0.466667
0 0.6 0.4
0 0.666667 0.333333
0 0.733333 0.266667
0 0.8 0.2
0 0.866667 0.133333
0 0.933333 0.0666667
0.941176 0 0.0588235
0.882353 0 0.117647
0.823529 0 0.176471
0.764706 0 0.235294
0.705882 0 0.294118
0.647059 0 0.352941
0.588235 0 0.411765
0.529412 0 0.470588
0.470588 0 0.529412
0.411765 0 0.588235
0.352941 0 0.647059
0.294118 0 0.705882
0.235294 0 0.764706
0.176471 0 0.823529
0.117647 0 0.882353
0.0588235 0 0.941177
0.491056 0.397979 0.110964
0.616688 0.323992 0.0593207
0.324024 0.335178 0.340798
0.345207 0.498045 0.156748
0.350432 0.370408 0.279159
0.353002 0.430314 0.216684
0.285105 0.666846 0.0480487
0.288449 0.309523 0.402028
0.246459 0.291982 0.461559
0.234993 0.245836 0.519171
0.189672 0.220526 0.589802
0.162907 0.183305 0.653787
0.604485 0.221663 0.173853
0.130382 0.152694 0.716923


0 4 19
8 7 32
31 8 32
7 6 33
32 7 33
5 2 34
6 5 34
33 6 34
21 20 35
4 3 36
19 4 36
20 19 36
35 20 36
15 14 37
25 24 37
18 17 38
35 18 38
16 15 39
24 23 39
15 37 39
37 24 39
17 16 40
38 17 40
23 22 40
22 38 40
39 23 40
16 39 40
3 1 41
1 18 41
18 35 41
35 36 41
36 3 41
14 13 42
26 25 42
25 37 42
37 14 42
13 12 43
27 26 43
26 42 43
42 13 43
12 11 44
11 28 44
28 27 44
27 43 44
43 12 44
11 10 45
10 29 45
28 11 45
29 28 45
10 9 46
9 30 46
29 10 46
30 29 46
22 21 47
38 22 47
21 35 47
35 38 47
9 8 48
8 31 48
30 9 48
31 30 48
