61
1 0 0
0 1 0
0 0 1
0.333333 0.666667 0
0.666667 0.333333 0
0 0.0555556 0.944444
0 0.111111 0.888889
0 0.166667 0.833333
0 0.222222 0.777778
0 0.277778 0.722222
0 0.333333 0.666667
0 0.388889 0.611111
0 0.444444 0.555556
0 0.5 0.5
0 0.555556 0.444444
0 0.611111 0.388889
0 0.666667 0.333333
0 0.722222 0.277778
0 0.777778 0.222222
0 0.833333 0.166667
0 0.888889 0.111111
0 0.944444 0.0555556
0.944444 0 0.0555556
0.888889 0 0.111111
0.833333 0 0.166667
0.777778 0 0.222222
0.722222 0 0.277778
0.666667 0 0.333333
0.611111 0 0.388889
0.555556 0 0.444444
0.5 0 0.5
0.444444 0 0.555556
0.388889 0 0.611111
0.333333 0 0.666667
0.277778 0 0.722222
0.222222 0 0.777778
0.166667 0 0.833333
0.111111 0 0.888889
0.0555556 0 0.944444
0.193624 0.774349 0.0320275
0.219632 0.199644 0.580724
0.457202 0.441192 0.101606
0.765633 0.20144 0.0329267
0.586977 0.22579 0.187234
0.650532 0.214424 0.135044
0.408088 0.247053 0.344859
0.362308 0.477777 0.159915
0.259279 0.269993 0.470728
0.486737 0.234205 0.279058
0.307566 0.466643 0.22579
0.228762 0.472135 0.299102
0.478711 0.477661 0.043628
0.211001 0.665533 0.123466
0.296038 0.296074 0.407888
0.184746 0.185832 0.629422
0.700192 0.220435 0.0793725
0.157353 0.150747 0.6919
0.248245 0.224729 0.527025
0.225566 0.699276 0.0751588
0.120066 0.131109 0.748825
0.185261 0.458306 0.356433


8 7 36
35 8 36
7 6 37
36 7 37
5 2 38
6 5 38
37 6 38
3 1 39
1 21 39
12 11 40
32 31 40
0 4 42
22 0 42
25 24 43
24 23 44
43 24 44
28 27 45
44 41 46
43 44 46
14 13 47
30 29 47
26 25 48
27 26 48
45 27 48
19 18 49
46 19 49
43 46 49
18 17 49
25 43 49
48 25 49
17 16 50
45 48 50
48 49 50
49 17 50
4 3 51
42 4 51
3 39 51
20 19 52
19 46 52
46 41 52
15 14 53
29 28 53
28 45 53
14 47 53
47 29 53
11 10 54
10 33 54
33 32 54
32 40 54
40 11 54
23 22 55
22 42 55
41 44 55
44 23 55
42 51 55
51 41 55
10 9 56
9 34 56
33 10 56
34 33 56
13 12 57
31 30 57
12 40 57
40 31 57
30 47 57
47 13 57
39 21 58
41 51 58
51 39 58
21 20 58
20 52 58
52 41 58
9 8 59
8 35 59
34 9 59
35 34 59
16 15 60
45 50 60
50 16 60
15 53 60
53 45 60
