64
1 0 0
0 1 0
0 0 1
0.333333 0.666667 0
0.666667 0.333333 0
0 0.0526316 0.947368
0 0.105263 0.894737
0 0.157895 0.842105
0 0.210526 0.789474
0 0.263158 0.736842
0 0.315789 0.684211
0 0.368421 0.631579
0 0.421053 0.578947
0 0.473684 0.526316
0 0.526316 0.473684
0 0.578947 0.421053
0 0.631579 0.368421
0 0.684211 0.315789
0 0.736842 0.263158
0 0.789474 0.210526
0 0.842105 0.157895
0 0.894737 0.105263
0 0.947369 0.0526316
0.947368 0 0.0526316
0.894737 0 0.105263
0.842105 0 0.157895
0.789474 0 0.210526
0.736842 0 0.263158
0.684211 0 0.315789
0.631579 0 0.368421
0.578947 0 0.421053
0.526316 0 0.473684
0.473684 0 0.526316
0.421053 0 0.578947
0.368421 0 0.631579
0.315789 0 0.684211
0.263158 0 0.736842
0.210526 0 0.789474
0.157895 0 0.842105
0.105263 0 0.894737
0.0526316 0 0.947368
0.196005 0.772434 0.0315607
0.227592 0.542553 0.229854
0.461664 0.430445 0.107891
0.768413 0.200149 0.0314377
0.381041 0.276671 0.342287
0.294715 0.534053 0.171232
0.244713 0.263548 0.491739
0.405116 0.316083 0.278801
0.480904 0.475408 0.0436889
0.172219 0.178532 0.649249
0.213864 0.663823 0.122314
0.570735 0.263239 0.166026
0.318322 0.28538 0.396298
0.48726 0.292437 0.220302
0.228128 0.22323 0.548641
0.705993 0.218743 0.0752643
0.206894 0.190367 0.602739
0.200251 0.487362 0.312388
0.233053 0.69263 0.0743162
0.306518 0.249106 0.444377
0.689017 0.187998 0.122986
0.129876 0.107669 0.762456
0.156014 0.134994 0.708992


8 7 38
37 8 38
7 6 39
38 7 39
5 2 40
6 5 40
39 6 40
3 1 41
1 22 41
19 18 42
0 4 44
23 0 44
29 28 45
20 19 46
19 42 46
14 13 47
32 31 47
42 18 48
28 27 48
45 28 48
4 3 49
44 4 49
3 41 49
11 10 50
10 35 50
35 34 50
21 20 51
20 46 51
46 43 51
26 25 52
43 46 52
16 15 53
45 16 53
30 29 53
29 45 53
27 26 54
42 48 54
48 27 54
26 52 54
46 42 54
52 46 54
13 12 55
33 32 55
32 47 55
47 13 55
24 23 56
23 44 56
44 49 56
49 43 56
12 11 57
34 33 57
11 50 57
50 34 57
33 55 57
55 12 57
17 16 58
16 45 58
18 17 58
48 18 58
45 48 58
22 21 59
41 22 59
21 51 59
43 49 59
51 43 59
49 41 59
15 14 60
14 47 60
31 30 60
47 31 60
53 15 60
30 53 60
25 24 61
52 25 61
43 52 61
24 56 61
56 43 61
9 8 62
8 37 62
36 9 62
37 36 62
10 9 63
9 36 63
35 10 63
36 35 63
