63
1 0 0
0 1 0
0 0 1
0.333333 0.666667 0
0.666667 0.333333 0
0 0.0526315 0.947368
0 0.105263 0.894737
0 0.157895 0.842105
0 0.210526 0.789474
0 0.263158 0.736842
0 0.315789 0.684211
0 0.368421 0.631579
0 0.421053 0.578947
0 0.473684 0.526316
0 0.526316 0.473684
0 0.578947 0.421053
0 0.631579 0.368421
0 0.68421 0.315789
0 0.736842 0.263158
0 0.789474 0.210526
0 0.842105 0.157895
0 0.894737 0.105263
0 0.947368 0.0526316
0.944444 0 0.0555556
0.888889 0 0.111111
0.833333 0 0.166667
0.777778 0 0.222222
0.722222 0 0.277778
0.666667 0 0.333333
0.611111 0 0.388889
0.555556 0 0.444444
0.5 0 0.5
0.444444 0 0.555556
0.388889 0 0.611111
0.333333 0 0.666667
0.277778 0 0.722222
0.222222 0 0.777778
0.166667 0 0.833333
0.111111 0 0.888889
0.0555556 0 0.944444
0.569865 0.175074 0.255061
0.219352 0.19056 0.590089
0.268402 0.517166 0.214431
0.528132 0.366145 0.105723
0.695904 0.257982 0.046113
0.386877 0.256097 0.357025
0.281152 0.557298 0.16155
0.259054 0.261152 0.479794
0.342924 0.601607 0.0554693
0.560316 0.27759 0.162094
0.298428 0.283094 0.418477
0.553519 0.234022 0.212459
0.403971 0.293453 0.302576
0.236898 0.649006 0.114096
0.298909 0.439672 0.261419
0.24303 0.221031 0.535939
0.187979 0.173536 0.638486
0.750189 0.166601 0.0832098
0.154638 0.143951 0.701411
0.132025 0.11244 0.755536
0.179567 0.482131 0.338302
0.16243 0.812173 0.0253969
0.167329 0.450269 0.382402


8 7 37
36 8 37
7 6 38
37 7 38
5 2 39
6 5 39
38 6 39
27 26 40
12 11 41
33 32 41
19 18 42
0 4 44
23 0 44
29 28 45
20 19 46
19 42 46
14 13 47
31 30 47
4 3 48
44 4 48
22 21 48
43 44 48
25 24 49
24 43 49
43 46 49
46 42 49
29 45 50
15 14 50
14 47 50
30 29 50
47 30 50
40 26 51
26 25 51
25 49 51
49 42 51
28 27 52
45 28 52
27 40 52
21 20 53
20 46 53
46 43 53
43 48 53
48 21 53
42 18 54
40 51 54
51 42 54
18 17 54
17 52 54
52 40 54
13 12 55
32 31 55
12 41 55
41 32 55
31 47 55
47 13 55
11 10 56
10 34 56
34 33 56
33 41 56
41 11 56
24 23 57
43 24 57
23 44 57
44 43 57
10 9 58
9 35 58
34 10 58
35 34 58
9 8 59
8 36 59
35 9 59
36 35 59
17 16 60
52 17 60
45 52 60
3 1 61
1 22 61
22 48 61
48 3 61
16 15 62
15 50 62
50 45 62
45 60 62
60 16 62
