65
1 0 0
0 1 0
0 0 1
0.333333 0.666667 0
0.666667 0.333333 0
0 0.0500001 0.95
0 0.1 0.9
0 0.15 0.85
0 0.2 0.8
0 0.25 0.75
0 0.3 0.7
0 0.35 0.65
0 0.4 0.6
0 0.45 0.55
0 0.5 0.5
0 0.55 0.45
0 0.6 0.4
0 0.65 0.35
0 0.7 0.3
0 0.75 0.25
0 0.8 0.2
0 0.85 0.15
0 0.9 0.1
0 0.95 0.05
0.947368 0 0.0526316
0.894737 0 0.105263
0.842105 0 0.157895
0.789474 0 0.210526
0.736842 0 0.263158
0.684211 0 0.315789
0.631579 0 0.368421
0.578947 0 0.421053
0.526316 0 0.473684
0.473684 0 0.526316
0.421053 0 0.578947
0.368421 0 0.631579
0.31579 0 0.68421
0.263158 0 0.736842
0.210526 0 0.789474
0.157895 0 0.842105
0.105263 0 0.894737
0.0526316 0 0.947368
0.50896 0.394429 0.0966108
0.721629 0.235571 0.0427995
0.633182 0.228773 0.138046
0.329223 0.313436 0.35734
0.33044 0.512069 0.157491
0.518151 0.215879 0.26597
0.255476 0.532516 0.212009
0.459259 0.494226 0.0465148
0.251746 0.241898 0.506356
0.533734 0.264844 0.201422
0.305035 0.288479 0.406485
0.220447 0.725661 0.0538917
0.193905 0.200464 0.605631
0.227099 0.214758 0.558143
0.268206 0.275577 0.456216
0.734459 0.178902 0.0866386
0.258488 0.638906 0.102606
0.275083 0.465797 0.25912
0.292903 0.395772 0.311325
0.146863 0.13604 0.717097
0.137139 0.840219 0.0226421
0.174671 0.160652 0.664676
0.12031 0.111125 0.768565


8 7 39
38 8 39
7 6 40
39 7 40
5 2 41
6 5 41
40 6 41
0 4 43
24 0 43
26 25 44
17 16 45
30 29 45
21 20 46
44 42 46
28 27 47
29 28 47
20 19 48
46 20 48
4 3 49
43 4 49
42 43 49
14 13 50
33 32 50
27 26 51
26 44 51
44 46 51
46 48 51
47 27 51
16 15 52
45 16 52
31 30 52
30 45 52
49 3 53
23 22 53
12 11 54
11 35 54
35 34 54
13 12 55
34 33 55
33 50 55
50 13 55
12 54 55
54 34 55
15 14 56
32 31 56
14 50 56
50 32 56
31 52 56
52 15 56
25 24 57
24 43 57
43 42 57
42 44 57
44 25 57
22 21 58
21 46 58
46 42 58
53 22 58
42 49 58
49 53 58
19 18 59
48 19 59
47 51 59
51 48 59
18 17 60
17 45 60
45 29 60
29 47 60
47 59 60
59 18 60
10 9 61
9 37 61
36 10 61
37 36 61
3 1 62
1 23 62
23 53 62
53 3 62
11 10 63
10 36 63
35 11 63
36 35 63
9 8 64
8 38 64
37 9 64
38 37 64
