58
1 0 0
0 1 0
0 0 1
0.333333 0.666667 0
0.666667 0.333333 0
0 0.05 0.95
0 0.1 0.9
0 0.15 0.85
0 0.2 0.8
0 0.25 0.75
0 0.3 0.7
0 0.35 0.65
0 0.4 0.6
0 0.45 0.55
0 0.5 0.5
0 0.55 0.45
0 0.6 0.4
0 0.65 0.35
0 0.7 0.3
0 0.75 0.25
0 0.8 0.2
0 0.85 0.15
0 0.9 0.1
0 0.95 0.05
0.944444 0 0.0555556
0.888889 0 0.111111
0.833333 0 0.166667
0.777778 0 0.222222
0.722222 0 0.277778
0.666667 0 0.333333
0.611111 0 0.388889
0.555556 0 0.444444
0.5 0 0.5
0.444444 0 0.555556
0.388889 0 0.611111
0.333333 0 0.666667
0.277778 0 0.722222
0.222222 0 0.777778
0.166667 0 0.833333
0.111111 0 0.888889
0.0555556 0 0.944444
0.52116 0.3747 0.104139
0.354975 0.302028 0.342996
0.374155 0.470505 0.15534
0.395725 0.318287 0.285987
0.261781 0.521599 0.216619
0.361532 0.562044 0.0764242
0.701361 0.252183 0.0464566
0.263799 0.237927 0.498274
0.32377 0.2794 0.396829
0.481706 0.291807 0.226488
0.590118 0.240076 0.169807
0.241093 0.215192 0.543715
0.280967 0.673739 0.0452942
0.296686 0.255594 0.44772
0.219916 0.178035 0.602049
0.18368 0.160856 0.655464
0.147658 0.142504 0.709837


3 1 23
9 8 37
36 9 37
8 7 38
37 8 38
7 6 39
38 7 39
5 2 40
6 5 40
39 6 40
25 24 41
17 16 42
29 28 42
21 20 43
41 21 43
25 41 43
18 17 44
28 27 44
17 42 44
42 28 44
19 18 45
20 19 45
43 20 45
22 21 46
21 41 46
24 0 47
41 24 47
0 4 47
4 46 47
46 41 47
14 13 48
32 31 48
16 15 49
30 29 49
29 42 49
42 16 49
27 26 50
18 44 50
45 18 50
44 27 50
26 25 51
25 43 51
43 45 51
45 50 51
50 26 51
13 12 52
12 33 52
33 32 52
32 48 52
48 13 52
4 3 53
3 23 53
23 22 53
22 46 53
46 4 53
15 14 54
31 30 54
14 48 54
48 31 54
30 49 54
49 15 54
12 11 55
11 34 55
33 12 55
34 33 55
11 10 56
10 35 56
34 11 56
35 34 56
10 9 57
9 36 57
35 10 57
36 35 57
