23
1 0 0
0 1 0
0 0 1
0.333333 0.666667 0
0.666667 0.333333 0
0 0.166667 0.833333
0 0.333333 0.666667
0 0.5 0.5
0 0.666667 0.333333
0 0.833333 0.166667
0.857143 0 0.142857
0.714286 0 0.285714
0.571429 0 0.428571
0.428571 0 0.571429
0.285714 0 0.714286
0.142857 0 0.857143
0.512574 0.360588 0.126838
0.362988 0.303388 0.333624
0.18786 0.232909 0.579231
0.30171 0.47351 0.224779
0.245606 0.30543 0.448964
0.210684 0.694498 0.0948181
0.106158 0.13068 0.763162


0 4 10
5 2 15
4 3 16
10 4 16
11 10 16
12 11 17
7 6 18
6 14 18
14 13 18
9 8 19
8 17 19
11 16 19
17 11 19
8 7 20
17 8 20
13 12 20
12 17 20
18 13 20
7 18 20
3 1 21
1 9 21
9 19 21
16 3 21
19 16 21
6 5 22
5 15 22
14 6 22
15 14 22
