26
1 0 0
0 1 0
0 0 1
0.333333 0.666667 0
0.666667 0.333333 0
0 0.142857 0.857143
0 0.285714 0.714286
0 0.428571 0.571429
0 0.571429 0.428571
0 0.714286 0.285714
0 0.857143 0.142857
0.875 0 0.125
0.75 0 0.25
0.625 0 0.375
0.5 0 0.5
0.375 0 0.625
0.25 0 0.75
0.125 0 0.875
0.202426 0.5585 0.239074
0.539086 0.345925 0.114989
0.369595 0.268838 0.361567
0.233604 0.285052 0.481344
0.158669 0.187756 0.653576
0.232983 0.65915 0.107867
0.44736 0.32117 0.23147
0.156463 0.484534 0.359003


0 4 11
5 2 17
6 5 17
16 6 17
10 9 18
4 3 19
11 4 19
12 11 19
14 13 20
8 7 21
7 15 21
15 14 21
14 20 21
7 6 22
6 16 22
15 7 22
16 15 22
3 1 23
1 10 23
19 3 23
10 18 23
12 19 24
13 12 24
20 13 24
18 20 24
19 23 24
23 18 24
9 8 25
18 9 25
20 18 25
8 21 25
21 20 25
