29
1 0 0
0 1 0
0 0 1
0.333333 0.666667 0
0.666667 0.333333 0
0 0.111111 0.888889
0 0.222222 0.777778
0 0.333333 0.666667
0 0.444444 0.555556
0 0.555556 0.444444
0 0.666667 0.333333
0 0.777778 0.222222
0 0.888889 0.111111
0.875 0 0.125
0.75 0 0.25
0.625 0 0.375
0.5 0 0.5
0.375 0 0.625
0.25 0 0.75
0.125 0 0.875
0.476718 0.421899 0.101383
0.582026 0.225713 0.192261
0.361147 0.308339 0.330514
0.213701 0.20654 0.579759
0.272332 0.263552 0.464116
0.285993 0.493662 0.220345
0.73756 0.181435 0.0810051
0.169035 0.150037 0.680928
0.226931 0.650254 0.122815


3 1 12
5 2 19
6 5 19
18 6 19
4 3 20
14 13 21
10 9 22
15 14 22
14 21 22
8 7 23
17 16 23
9 8 24
16 15 24
15 22 24
22 9 24
8 23 24
23 16 24
11 10 25
21 20 25
10 22 25
22 21 25
0 4 26
4 20 26
13 0 26
20 21 26
21 13 26
7 6 27
6 18 27
18 17 27
17 23 27
23 7 27
3 12 28
20 3 28
12 11 28
11 25 28
25 20 28
