40
1 0 0
0 1 0
0 0 1
0.25 0.75 0
0.5 0.5 0
0.75 0.25 0
0 0.1 0.9
0 0.2 0.8
0 0.3 0.7
0 0.4 0.6
0 0.5 0.5
0 0.6 0.4
0 0.7 0.3
0 0.8 0.2
0 0.9 0.1
0.916667 0 0.0833333
0.833333 0 0.166667
0.75 0 0.25
0.666667 0 0.333333
0.583333 0 0.416667
0.5 0 0.5
0.416667 0 0.583333
0.333333 0 0.666667
0.25 0 0.75
0.166667 0 0.833333
0.0833333 0 0.916667
0.199487 0.569346 0.231167
0.441362 0.470578 0.0880595
0.676467 0.240621 0.0829117
0.359412 0.306196 0.334391
0.186481 0.234676 0.578843
0.323927 0.514273 0.1618
0.233586 0.281328 0.485086
0.482321 0.26523 0.252448
0.601718 0.22642 0.171863
0.199676 0.727418 0.0729058
0.148186 0.19172 0.660094
0.195828 0.418766 0.385406
0.112815 0.118398 0.768788
0.386672 0.182844 0.430484


0 5 15
6 2 25
7 6 25
24 7 25
14 13 26
13 12 26
4 3 27
5 4 28
15 5 28
16 15 28
4 27 28
26 12 29
19 18 29
10 9 30
22 21 30
14 26 31
11 10 32
21 20 32
10 30 32
30 21 32
26 29 33
29 18 33
18 17 33
31 26 33
17 16 34
16 28 34
28 27 34
27 31 34
31 33 34
33 17 34
3 1 35
1 14 35
14 31 35
27 3 35
31 27 35
9 8 36
8 23 36
23 22 36
22 30 36
30 9 36
12 11 37
29 12 37
11 32 37
8 7 38
7 24 38
23 8 38
24 23 38
20 19 39
19 29 39
29 37 39
32 20 39
37 32 39
