39
1 0 0
0 1 0
0 0 1
0.25 0.75 0
0.5 0.5 0
0.75 0.25 0
0 0.0999999 0.9
0 0.2 0.8
0 0.3 0.7
0 0.4 0.6
0 0.5 0.5
0 0.6 0.4
0 0.7 0.3
0 0.8 0.2
0 0.9 0.1
0.923077 0 0.0769231
0.846154 0 0.153846
0.769231 0 0.230769
0.692308 0 0.307692
0.615385 0 0.384615
0.538462 0 0.461538
0.461538 0 0.538462
0.384615 0 0.615385
0.307692 0 0.692308
0.230769 0 0.769231
0.153846 0 0.846154
0.0769231 0 0.923077
0.508951 0.378649 0.1124
0.727305 0.207118 0.0655779
0.306966 0.368411 0.324623
0.17974 0.239536 0.580724
0.317009 0.52336 0.159631
0.211978 0.288826 0.499196
0.456721 0.271936 0.271344
0.251278 0.338152 0.41057
0.550206 0.237844 0.21195
0.140261 0.1723 0.687439
0.211829 0.573051 0.21512
0.216141 0.709866 0.0739934


0 5 15
8 7 25
24 8 25
6 2 26
7 6 26
25 7 26
4 3 27
17 16 27
5 4 28
15 5 28
16 15 28
4 27 28
27 16 28
13 12 29
20 19 29
10 9 30
9 23 30
23 22 30
11 10 32
22 21 32
10 30 32
30 22 32
19 18 33
29 19 33
12 11 34
21 20 34
20 29 34
29 12 34
11 32 34
32 21 34
18 17 35
17 27 35
27 31 35
31 33 35
33 18 35
9 8 36
8 24 36
23 9 36
24 23 36
14 13 37
31 14 37
33 31 37
13 29 37
29 33 37
3 1 38
27 3 38
31 27 38
1 14 38
14 31 38
