34
1 0 0
0 1 0
0 0 1
0.25 0.75 0
0.5 0.5 0
0.75 0.25 0
0 0.0909092 0.909091
0 0.181818 0.818182
0 0.272727 0.727273
0 0.363636 0.636364
0 0.454546 0.545455
0 0.545455 0.454545
0 0.636364 0.363636
0 0.727273 0.272727
0 0.818182 0.181818
0 0.909091 0.0909091
0.875 0 0.125
0.75 0 0.25
0.625 0 0.375
0.5 0 0.5
0.375 0 0.625
0.25 0 0.75
0.125 0 0.875
0.530159 0.370629 0.0992121
0.361716 0.258292 0.379992
0.297509 0.197821 0.504671
0.580776 0.252176 0.167048
0.25194 0.512596 0.235464
0.232393 0.163256 0.604351
0.21719 0.704567 0.0782427
0.279407 0.407691 0.312902
0.159206 0.114032 0.726762
0.248826 0.604142 0.147032
0.582031 0.175641 0.242328


3 1 15
6 2 22
7 6 22
21 7 22
5 4 23
0 5 23
11 10 24
18 17 24
10 9 25
19 18 25
18 24 25
24 10 25
16 0 26
0 23 26
13 12 27
26 23 27
9 8 28
8 20 28
20 19 28
19 25 28
25 9 28
4 3 29
3 15 29
15 14 29
12 11 30
11 24 30
26 27 30
27 12 30
8 7 31
7 21 31
20 8 31
21 20 31
14 13 32
13 27 32
27 23 32
29 14 32
23 4 32
4 29 32
17 16 33
16 26 33
26 30 33
24 17 33
30 24 33
