40
1 0 0
0 1 0
0 0 1
0.25 0.75 0
0.5 0.5 0
0.75 0.25 0
0 0.0909091 0.909091
0 0.181818 0.818182
0 0.272727 0.727273
0 0.363636 0.636364
0 0.454545 0.545455
0 0.545455 0.454545
0 0.636364 0.363636
0 0.727273 0.272727
0 0.818182 0.181818
0 0.909091 0.0909091
0.9 0 0.1
0.8 0 0.2
0.7 0 0.3
0.6 0 0.4
0.5 0 0.5
0.4 0 0.6
0.3 0 0.7
0.2 0 0.8
0.1 0 0.9
0.572765 0.170541 0.256694
0.210377 0.580222 0.209401
0.475111 0.413053 0.111836
0.743753 0.183991 0.072256
0.377684 0.26368 0.358636
0.217175 0.214937 0.567888
0.240178 0.665284 0.0945374
0.230278 0.293573 0.476149
0.62406 0.211174 0.164765
0.18208 0.15632 0.6616
0.176985 0.497739 0.325276
0.412831 0.152319 0.434849
0.384082 0.374549 0.241369
0.137536 0.117516 0.744949
0.11925 0.837533 0.0432169


6 2 24
7 6 24
23 7 24
18 17 25
14 13 26
5 4 27
0 5 28
16 0 28
5 27 28
19 18 29
18 25 29
10 9 30
21 20 30
4 3 31
27 4 31
15 14 31
14 26 31
26 27 31
11 10 32
29 11 32
30 20 32
10 30 32
17 16 33
16 28 33
25 17 33
28 27 33
9 8 34
22 21 34
21 30 34
30 9 34
13 12 35
26 13 35
12 11 35
11 29 35
20 19 36
32 20 36
19 29 36
29 32 36
25 33 37
27 26 37
33 27 37
26 35 37
29 25 37
35 29 37
8 7 38
7 23 38
23 22 38
22 34 38
34 8 38
3 1 39
1 15 39
15 31 39
31 3 39
