48
1 0 0
0 1 0
0 0 1
0.25 0.75 0
0.5 0.5 0
0.75 0.25 0
0 0.0833333 0.916667
0 0.166667 0.833333
0 0.25 0.75
0 0.333333 0.666667
0 0.416667 0.583333
0 0.5 0.5
0 0.583333 0.416667
0 0.666667 0.333333
0 0.75 0.25
0 0.833333 0.166667
0 0.916667 0.0833333
0.916667 0 0.0833333
0.833333 0 0.166667
0.75 0 0.25
0.666667 0 0.333333
0.583333 0 0.416667
0.5 0 0.5
0.416667 0 0.583333
0.333333 0 0.666667
0.25 0 0.75
0.166667 0 0.833333
0.0833333 0 0.916667
0.219352 0.549783 0.230865
0.508319 0.371619 0.120062
0.641496 0.177142 0.181362
0.74404 0.173959 0.0820012
0.41825 0.224668 0.357082
0.177764 0.261418 0.560818
0.327216 0.599846 0.0729373
0.270961 0.57157 0.157469
0.177959 0.347096 0.474945
0.47689 0.252859 0.270251
0.165926 0.179846 0.654228
0.33319 0.151993 0.514817
0.193711 0.41384 0.392449
0.380779 0.180289 0.438932
0.209756 0.481452 0.308791
0.110259 0.103379 0.786362
0.137903 0.81052 0.0515774
0.558479 0.39168 0.0498418
0.438003 0.363872 0.198125
0.132513 0.752653 0.114833


0 5 17
6 2 27
7 6 27
26 7 27
15 14 28
19 18 30
17 5 31
18 17 31
30 18 31
29 30 31
21 20 32
11 10 33
4 3 34
15 28 35
29 34 35
12 11 36
11 33 36
20 19 37
32 20 37
19 30 37
9 8 38
8 25 38
25 24 38
10 9 38
33 10 38
24 23 38
23 33 38
23 22 39
33 23 39
36 33 39
13 12 40
12 36 40
21 32 41
22 21 41
39 22 41
36 39 41
32 40 41
40 36 41
14 13 42
28 14 42
32 37 42
37 28 42
13 40 42
40 32 42
8 7 43
7 26 43
25 8 43
26 25 43
3 1 44
1 16 44
34 3 44
5 4 45
31 5 45
29 31 45
4 34 45
34 29 45
35 28 46
30 29 46
29 35 46
28 37 46
37 30 46
16 15 47
15 35 47
44 16 47
35 34 47
34 44 47
