24
1 0 0
0 1 0
0 0 1
0.25 0.75 0
0.5 0.5 0
0.75 0.25 0
0 0.0833333 0.916667
0 0.166667 0.833333
0 0.25 0.75
0 0.333333 0.666667
0 0.416667 0.583333
0 0.5 0.5
0 0.583333 0.416667
0 0.666667 0.333333
0 0.75 0.25
0 0.833333 0.166667
0 0.916667 0.0833333
0.875 0 0.125
0.75 0 0.25
0.625 0 0.375
0.5 0 0.5
0.375 0 0.625
0.25 0 0.75
0.125 0 0.875


0 5 13
5 4 14
13 5 14
4 3 15
14 4 15
3 1 16
15 3 16
0 13 17
13 12 17
12 11 18
17 12 18
11 10 19
18 11 19
10 9 20
19 10 20
9 8 21
20 9 21
8 7 22
21 8 22
6 2 23
7 6 23
22 7 23
