53
1 0 0
0 1 0
0 0 1
0.25 0.75 0
0.5 0.5 0
0.75 0.25 0
0 0.0769231 0.923077
0 0.153846 0.846154
0 0.230769 0.769231
0 0.307692 0.692308
0 0.384615 0.615385
0 0.461538 0.538462
0 0.538462 0.461538
0 0.615385 0.384615
0 0.692308 0.307692
0 0.769231 0.230769
0 0.846154 0.153846
0 0.923077 0.0769231
0.928571 0 0.0714286
0.857143 0 0.142857
0.785714 0 0.214286
0.714286 0 0.285714
0.642857 0 0.357143
0.571429 0 0.428571
0.5 0 0.5
0.428571 0 0.571429
0.357143 0 0.642857
0.285714 0 0.714286
0.214286 0 0.785714
0.142857 0 0.857143
0.0714286 0 0.928571
0.133859 0.827919 0.0382225
0.211884 0.21124 0.576876
0.195778 0.584106 0.220117
0.470816 0.419489 0.109694
0.675214 0.251719 0.0730676
0.400175 0.240498 0.359327
0.259909 0.657266 0.0828246
0.344743 0.482423 0.172834
0.220875 0.291108 0.488017
0.444183 0.284075 0.271743
0.184131 0.506103 0.309766
0.163855 0.177955 0.65819
0.605112 0.232572 0.162316
0.132158 0.141682 0.72616
0.18947 0.408039 0.402491
0.145183 0.722166 0.13265
0.378205 0.187204 0.434591
0.429169 0.522161 0.0486697
0.847647 0.118742 0.0336114
0.585298 0.187657 0.227045
0.339132 0.13275 0.528118
0.0894926 0.0982875 0.81222


6 2 30
7 6 30
29 7 30
3 1 31
1 17 31
11 10 32
26 25 32
16 15 33
5 4 35
19 18 35
23 22 36
3 31 37
31 17 37
34 37 38
12 11 39
11 32 39
22 21 40
36 22 40
38 33 40
15 14 41
33 15 41
14 13 41
40 33 41
36 40 41
10 9 42
27 26 42
26 32 42
32 10 42
20 19 43
19 35 43
35 34 43
34 38 43
9 8 44
8 28 44
28 27 44
27 42 44
42 9 44
13 12 45
12 39 45
36 41 45
41 13 45
17 16 46
37 17 46
16 33 46
33 38 46
38 37 46
24 23 47
39 24 47
45 39 47
23 36 47
36 45 47
34 35 48
35 4 48
4 3 48
3 37 48
37 34 48
0 5 49
18 0 49
5 35 49
35 18 49
21 20 50
40 21 50
38 40 50
43 38 50
20 43 50
25 24 51
24 39 51
32 25 51
39 32 51
8 7 52
7 29 52
28 8 52
29 28 52
