48
1 0 0
0 1 0
0 0 1
0.25 0.75 0
0.5 0.5 0
0.75 0.25 0
0 0.0769231 0.923077
0 0.153846 0.846154
0 0.230769 0.769231
0 0.307692 0.692308
0 0.384615 0.615385
0 0.461538 0.538462
0 0.538461 0.461538
0 0.615385 0.384615
0 0.692308 0.307692
0 0.769231 0.230769
0 0.846154 0.153846
0 0.923077 0.0769231
0.9375 0 0.0625
0.875 0 0.125
0.8125 0 0.1875
0.75 0 0.25
0.6875 0 0.3125
0.625 0 0.375
0.5625 0 0.4375
0.5 0 0.5
0.4375 0 0.5625
0.375 0 0.625
0.3125 0 0.6875
0.25 0 0.75
0.1875 0 0.8125
0.125 0 0.875
0.0624999 0 0.9375
0.223493 0.535265 0.241242
0.49024 0.405086 0.104674
0.653456 0.276891 0.0696526
0.570081 0.256034 0.173885
0.387296 0.273499 0.339205
0.333722 0.492234 0.174044
0.233201 0.292525 0.474274
0.471474 0.258019 0.270507
0.274834 0.327753 0.397413
0.237907 0.682953 0.0791401
0.164473 0.213192 0.622335
0.146743 0.176799 0.676457
0.220877 0.237198 0.541925
0.173244 0.522118 0.304638
0.106907 0.138265 0.754828


0 5 18
8 7 31
30 8 31
6 2 32
7 6 32
31 7 32
16 15 33
5 4 35
18 5 35
19 18 35
4 3 35
3 34 35
20 19 35
34 20 35
21 20 36
20 34 36
24 23 37
17 16 38
16 33 38
21 36 38
13 12 39
26 25 39
23 22 40
33 37 40
37 23 40
22 21 40
21 38 40
38 33 40
14 13 41
25 24 41
24 37 41
13 39 41
39 25 41
3 1 42
34 3 42
1 17 42
17 38 42
36 34 42
38 36 42
11 10 43
27 11 43
28 27 43
10 9 44
9 29 44
29 28 44
28 43 44
43 10 44
12 11 45
11 27 45
27 26 45
26 39 45
39 12 45
15 14 46
33 15 46
37 33 46
14 41 46
41 37 46
9 8 47
8 30 47
29 9 47
30 29 47
