37
1 0 0
0 1 0
0 0 1
0.25 0.75 0
0.5 0.5 0
0.75 0.25 0
0 0.0769231 0.923077
0 0.153846 0.846154
0 0.230769 0.769231
0 0.307692 0.692308
0 0.384615 0.615385
0 0.461538 0.538462
0 0.538462 0.461538
0 0.615385 0.384615
0 0.692308 0.307692
0 0.769231 0.230769
0 0.846154 0.153846
0 0.923077 0.0769231
0.9 0 0.1
0.8 0 0.2
0.7 0 0.3
0.6 0 0.4
0.5 0 0.5
0.4 0 0.6
0.3 0 0.7
0.2 0 0.8
0.1 0 0.9
0.243928 0.170697 0.585375
0.261786 0.520481 0.217732
0.48346 0.404443 0.112097
0.365601 0.291827 0.342572
0.283202 0.63228 0.084518
0.288232 0.202225 0.509543
0.606986 0.236477 0.156537
0.315395 0.254048 0.430558
0.173061 0.138549 0.68839
0.341318 0.387456 0.271225


3 1 17
8 7 25
24 8 25
6 2 26
7 6 26
25 7 26
10 9 27
9 23 27
23 22 27
15 14 28
0 5 29
15 28 29
13 12 30
20 19 30
4 3 31
3 17 31
17 16 31
5 4 31
29 5 31
16 15 31
15 29 31
11 10 32
22 21 32
10 27 32
27 22 32
19 18 33
18 0 33
0 29 33
29 28 33
12 11 34
30 12 34
21 20 34
20 30 34
11 32 34
32 21 34
9 8 35
8 24 35
23 9 35
24 23 35
14 13 36
28 14 36
30 19 36
19 33 36
33 28 36
13 30 36
