52
1 0 0
0 1 0
0 0 1
0.25 0.75 0
0.5 0.5 0
0.75 0.25 0
0 0.0714286 0.928571
0 0.142857 0.857143
0 0.214286 0.785714
0 0.285714 0.714286
0 0.357143 0.642857
0 0.428571 0.571429
0 0.5 0.5
0 0.571429 0.428571
0 0.642857 0.357143
0 0.714286 0.285714
0 0.785714 0.214286
0 0.857143 0.142857
0 0.928571 0.0714286
0.916667 0 0.0833333
0.833333 0 0.166667
0.75 0 0.25
0.666667 0 0.333333
0.583333 0 0.416667
0.5 0 0.5
0.416667 0 0.583333
0.333333 0 0.666667
0.25 0 0.75
0.166667 0 0.833333
0.0833334 0 0.916667
0.183601 0.592028 0.224371
0.457985 0.434389 0.107626
0.705803 0.219526 0.0746712
0.694476 0.166078 0.139446
0.444783 0.213883 0.341334
0.227511 0.199907 0.572582
0.305683 0.607726 0.0865911
0.328586 0.180054 0.49136
0.203446 0.317793 0.478761
0.446001 0.269569 0.28443
0.247819 0.47796 0.274221
0.183628 0.168147 0.648225
0.555445 0.229163 0.215392
0.426668 0.164396 0.408937
0.437995 0.389323 0.172683
0.207052 0.374472 0.418477
0.219317 0.621329 0.159354
0.152407 0.132892 0.714701
0.555007 0.399151 0.0458426
0.106744 0.0885279 0.804728
0.205482 0.441796 0.352722
0.207666 0.733582 0.0587517


3 1 18
6 2 29
7 6 29
28 7 29
16 15 30
0 5 32
19 0 32
20 19 33
19 32 33
22 21 34
11 10 35
25 24 35
24 23 37
11 35 37
35 24 37
12 11 38
11 37 38
34 21 39
15 14 40
30 15 40
10 9 41
26 25 41
25 35 41
35 10 41
21 20 42
39 21 42
20 33 42
40 39 42
23 22 43
22 34 43
37 23 43
38 37 43
32 31 44
33 32 44
42 33 44
30 40 44
40 42 44
13 12 45
12 38 45
43 34 45
38 43 45
16 30 46
17 16 46
36 17 46
31 36 46
30 44 46
44 31 46
9 8 47
8 27 47
27 26 47
26 41 47
41 9 47
31 32 48
32 5 48
5 4 48
4 36 48
36 31 48
8 7 49
7 28 49
27 8 49
28 27 49
14 13 50
34 39 50
39 40 50
40 14 50
13 45 50
45 34 50
4 3 51
36 4 51
3 18 51
18 17 51
17 36 51
