59
1 0 0
0 1 0
0 0 1
0.25 0.75 0
0.5 0.5 0
0.75 0.25 0
0 0.0666664 0.933333
0 0.133333 0.866667
0 0.2 0.8
0 0.266667 0.733333
0 0.333333 0.666667
0 0.4 0.6
0 0.466667 0.533333
0 0.533333 0.466667
0 0.6 0.4
0 0.666667 0.333333
0 0.733333 0.266667
0 0.8 0.2
0 0.866667 0.133333
0 0.933333 0.0666667
0.941176 0 0.0588235
0.882353 0 0.117647
0.823529 0 0.176471
0.764706 0 0.235294
0.705882 0 0.294118
0.647059 0 0.352941
0.588235 0 0.411765
0.529412 0 0.470588
0.470588 0 0.529412
0.411765 0 0.588235
0.352941 0 0.647059
0.294118 0 0.705882
0.235294 0 0.764706
0.176471 0 0.823529
0.117647 0 0.882353
0.0588235 0 0.941176
0.223209 0.538686 0.238105
0.481521 0.411296 0.107183
0.668185 0.266948 0.0648666
0.605509 0.220804 0.173687
0.390316 0.25884 0.350844
0.192584 0.218425 0.588991
0.35027 0.497396 0.152334
0.201128 0.31918 0.479692
0.44213 0.270794 0.287076
0.204082 0.489739 0.306179
0.161044 0.187012 0.651944
0.377146 0.213102 0.409751
0.227092 0.703541 0.0693672
0.480816 0.29688 0.222303
0.13146 0.161242 0.707298
0.101266 0.120246 0.778489
0.419801 0.532703 0.0474958
0.692709 0.179403 0.127889
0.234682 0.231876 0.533442
0.289782 0.260522 0.449696
0.184224 0.440029 0.375747
0.147235 0.734145 0.11862
0.182215 0.63931 0.178475


0 5 20
8 7 34
33 8 34
6 2 35
7 6 35
34 7 35
17 16 36
5 4 38
20 5 38
21 20 38
23 22 39
26 25 40
12 11 41
30 29 41
39 37 42
14 13 43
25 24 44
40 25 44
16 15 45
36 16 45
40 44 45
44 36 45
11 10 46
31 30 46
30 41 46
41 11 46
27 26 47
26 40 47
3 1 48
1 19 48
42 37 48
23 39 49
39 42 49
24 23 49
44 24 49
36 44 49
10 9 50
9 32 50
32 31 50
31 46 50
46 10 50
9 8 51
8 33 51
32 9 51
33 32 51
4 3 52
38 4 52
37 38 52
3 48 52
48 37 52
22 21 53
21 38 53
38 37 53
37 39 53
39 22 53
13 12 54
43 13 54
29 28 54
28 43 54
12 41 54
41 29 54
28 27 55
43 28 55
14 43 55
27 47 55
40 45 56
45 15 56
15 14 56
47 40 56
14 55 56
55 47 56
19 18 57
42 48 57
48 19 57
18 17 58
17 36 58
36 49 58
49 42 58
42 57 58
57 18 58
