45
1 0 0
0 1 0
0 0 1
0.25 0.75 0
0.5 0.5 0
0.75 0.25 0
0 0.0666666 0.933333
0 0.133333 0.866667
0 0.2 0.8
0 0.266667 0.733333
0 0.333333 0.666667
0 0.4 0.6
0 0.466667 0.533333
0 0.533333 0.466667
0 0.6 0.4
0 0.666667 0.333333
0 0.733333 0.266667
0 0.8 0.2
0 0.866667 0.133333
0 0.933333 0.0666667
0.916667 0 0.0833333
0.833333 0 0.166667
0.75 0 0.25
0.666667 0 0.333333
0.583333 0 0.416667
0.5 0 0.5
0.416667 0 0.583333
0.333333 0 0.666667
0.25 0 0.75
0.166667 0 0.833333
0.0833334 0 0.916667
0.428708 0.456486 0.114806
0.356113 0.289105 0.354782
0.315341 0.598427 0.0862323
0.287159 0.208077 0.504764
0.520291 0.214903 0.264805
0.298173 0.500531 0.201296
0.495854 0.295944 0.208202
0.202281 0.739577 0.0581425
0.67965 0.224199 0.0961512
0.323592 0.245187 0.431221
0.230399 0.194413 0.575188
0.197401 0.145278 0.657321
0.241067 0.441633 0.3173
0.145178 0.118593 0.736229


3 1 19
8 7 29
28 8 29
6 2 30
7 6 30
29 7 30
14 13 32
23 22 32
5 4 33
31 5 33
18 17 33
17 31 33
12 11 34
25 24 34
22 21 35
32 22 35
16 15 36
17 16 36
31 17 36
21 20 37
36 15 37
35 21 37
4 3 38
3 19 38
19 18 38
18 33 38
33 4 38
0 5 39
5 31 39
20 0 39
31 36 39
36 37 39
37 20 39
13 12 40
24 23 40
23 32 40
32 13 40
12 34 40
34 24 40
11 10 41
10 26 41
26 25 41
25 34 41
34 11 41
10 9 42
9 27 42
26 10 42
27 26 42
15 14 43
14 32 43
32 35 43
35 37 43
37 15 43
9 8 44
8 28 44
27 9 44
28 27 44
