54
1 0 0
0 1 0
0 0 1
0.25 0.75 0
0.5 0.5 0
0.75 0.25 0
0 0.0666668 0.933333
0 0.133333 0.866667
0 0.2 0.8
0 0.266667 0.733333
0 0.333333 0.666667
0 0.4 0.6
0 0.466667 0.533333
0 0.533333 0.466667
0 0.6 0.4
0 0.666667 0.333333
0 0.733333 0.266667
0 0.8 0.2
0 0.866667 0.133333
0 0.933333 0.0666667
0.923077 0 0.0769231
0.846154 0 0.153846
0.769231 0 0.230769
0.692308 0 0.307692
0.615385 0 0.384615
0.538462 0 0.461538
0.461538 0 0.538462
0.384615 0 0.615385
0.307692 0 0.692308
0.230769 0 0.769231
0.153846 0 0.846154
0.076923 0 0.923077
0.223151 0.184485 0.592364
0.471154 0.41348 0.115366
0.734148 0.202823 0.0630291
0.646002 0.215882 0.138115
0.40427 0.247894 0.347837
0.308768 0.605397 0.0858355
0.235867 0.289467 0.474666
0.474965 0.243978 0.281056
0.302048 0.500262 0.19769
0.541586 0.245958 0.212456
0.204564 0.737249 0.0581869
0.197849 0.392943 0.409207
0.328505 0.152276 0.519219
0.189795 0.149577 0.660628
0.213674 0.635264 0.151063
0.210657 0.450354 0.338989
0.23545 0.492602 0.271948
0.548889 0.401649 0.0494619
0.43251 0.164769 0.402721
0.129123 0.124478 0.746399
0.0965872 0.0836328 0.81978
0.14756 0.306696 0.545745


3 1 19
6 2 31
7 6 31
30 7 31
11 10 32
27 26 32
0 5 34
20 0 34
21 20 35
20 34 35
34 33 35
13 12 38
23 22 39
36 23 39
17 16 40
35 33 40
22 21 41
39 22 41
21 35 41
35 40 41
4 3 42
37 4 42
3 19 42
19 18 42
18 37 42
14 13 43
13 38 43
26 25 44
25 38 44
32 26 44
10 9 45
9 28 45
28 27 45
27 32 45
32 10 45
18 17 46
37 18 46
33 37 46
17 40 46
40 33 46
15 14 47
36 39 47
14 43 47
43 36 47
16 15 48
40 16 48
41 40 48
39 41 48
47 39 48
15 47 48
33 34 49
34 5 49
5 4 49
4 37 49
37 33 49
24 23 50
23 36 50
25 24 50
38 25 50
36 43 50
43 38 50
9 8 51
8 29 51
28 9 51
29 28 51
8 7 52
7 30 52
29 8 52
30 29 52
12 11 53
38 12 53
44 38 53
11 32 53
32 44 53
