55
1 0 0
0 1 0
0 0 1
0.25 0.75 0
0.5 0.5 0
0.75 0.25 0
0 0.0625 0.9375
0 0.125 0.875
0 0.1875 0.8125
0 0.25 0.75
0 0.3125 0.6875
0 0.375 0.625
0 0.4375 0.5625
0 0.5 0.5
0 0.5625 0.4375
0 0.625 0.375
0 0.6875 0.3125
0 0.75 0.25
0 0.8125 0.1875
0 0.875 0.125
0 0.9375 0.0625
0.928571 0 0.0714286
0.857143 0 0.142857
0.785714 0 0.214286
0.714286 0 0.285714
0.642857 0 0.357143
0.571429 0 0.428571
0.5 0 0.5
0.428571 0 0.571429
0.357143 0 0.642857
0.285714 0 0.714286
0.214286 0 0.785714
0.142857 0 0.857143
0.0714286 0 0.928571
0.465986 0.427719 0.106295
0.621488 0.182461 0.196051
0.717075 0.213031 0.0698938
0.390269 0.255857 0.353874
0.231447 0.204693 0.563859
0.298552 0.614928 0.0865205
0.318168 0.18976 0.492072
0.167926 0.354725 0.477349
0.505538 0.220161 0.274301
0.232796 0.543854 0.22335
0.206362 0.737597 0.0560417
0.730947 0.143107 0.125945
0.353081 0.226162 0.420756
0.200903 0.171436 0.627661
0.219274 0.620283 0.160443
0.212046 0.452558 0.335397
0.495784 0.343845 0.160371
0.544974 0.40621 0.0488164
0.168127 0.145805 0.686068
0.346251 0.403099 0.25065
0.13188 0.105648 0.762472


3 1 20
8 7 32
31 8 32
6 2 33
7 6 33
32 7 33
23 22 35
0 5 36
21 0 36
25 24 37
12 11 38
28 27 38
27 26 40
12 38 40
38 27 40
14 13 41
13 12 41
12 40 41
24 23 42
37 24 42
23 35 42
17 16 43
4 3 44
39 4 44
3 20 44
20 19 44
19 39 44
22 21 45
21 36 45
35 22 45
37 14 46
14 41 46
26 25 46
25 37 46
40 26 46
41 40 46
11 10 47
29 28 47
28 38 47
38 11 47
19 18 48
39 19 48
34 39 48
18 17 48
17 43 48
15 14 49
14 37 49
16 15 49
37 42 49
36 34 50
45 36 50
35 45 50
34 48 50
48 43 50
34 36 51
36 5 51
5 4 51
4 39 51
39 34 51
10 9 52
9 30 52
30 29 52
29 47 52
47 10 52
42 35 53
49 42 53
43 16 53
16 49 53
35 50 53
50 43 53
9 8 54
8 31 54
30 9 54
31 30 54
