68
1 0 0
0 1 0
0 0 1
0.25 0.75 0
0.5 0.5 0
0.75 0.25 0
0 0.0588236 0.941176
0 0.117647 0.882353
0 0.176471 0.823529
0 0.235294 0.764706
0 0.294118 0.705882
0 0.352941 0.647059
0 0.411765 0.588235
0 0.470588 0.529412
0 0.529412 0.470588
0 0.588235 0.411765
0 0.647059 0.352941
0 0.705882 0.294118
0 0.764706 0.235294
0 0.823529 0.176471
0 0.882353 0.117647
0 0.941176 0.0588235
0.944444 0 0.0555556
0.888889 0 0.111111
0.833333 0 0.166667
0.777778 0 0.222222
0.722222 0 0.277778
0.666667 0 0.333333
0.611111 0 0.388889
0.555556 0 0.444444
0.5 0 0.5
0.444444 0 0.555556
0.388889 0 0.611111
0.333333 0 0.666667
0.277778 0 0.722222
0.222222 0 0.777778
0.166667 0 0.833333
0.111111 0 0.888889
0.0555556 0 0.944444
0.178642 0.781725 0.0396329
0.217063 0.561186 0.221751
0.477799 0.414425 0.107776
0.696958 0.229613 0.0734285
0.649108 0.162541 0.188351
0.689399 0.178276 0.132325
0.402302 0.253366 0.344332
0.192018 0.228931 0.579051
0.232248 0.671589 0.0961626
0.32331 0.518076 0.158614
0.198974 0.322599 0.478427
0.453124 0.268532 0.278344
0.187509 0.513201 0.29929
0.167515 0.184143 0.648342
0.127481 0.134257 0.738262
0.373317 0.222657 0.404026
0.174135 0.396443 0.429422
0.444456 0.344069 0.211475
0.33916 0.151967 0.508874
0.153769 0.691743 0.154489
0.829311 0.139287 0.0314022
0.423906 0.526119 0.0499746
0.0978482 0.104346 0.797805
0.176549 0.453239 0.370212
0.363811 0.177226 0.458963
0.612298 0.149469 0.238233
0.640369 0.329241 0.0303896
0.516745 0.324292 0.158964
0.180652 0.293404 0.525944


8 7 37
36 8 37
6 2 38
7 6 38
37 7 38
3 1 39
1 21 39
19 18 40
23 22 42
25 24 43
24 23 44
23 42 44
42 41 44
43 24 44
28 27 45
13 12 46
32 31 46
21 20 47
39 21 47
41 47 48
27 26 50
45 27 50
18 17 51
40 18 51
17 16 51
50 40 51
45 50 51
11 10 52
10 34 52
34 33 52
12 11 52
46 12 52
33 32 52
32 46 52
10 9 53
9 35 53
34 10 53
35 34 53
29 28 54
28 45 54
15 14 55
14 49 55
48 40 56
40 50 56
31 30 57
20 19 58
47 20 58
48 47 58
19 40 58
40 48 58
0 5 59
22 0 59
42 22 59
4 3 60
3 39 60
41 42 60
39 47 60
47 41 60
9 8 61
8 36 61
35 9 61
36 35 61
45 51 62
51 16 62
54 45 62
16 15 62
15 55 62
55 54 62
30 29 63
55 49 63
29 54 63
54 55 63
49 57 63
57 30 63
26 25 64
25 43 64
43 56 64
50 26 64
56 50 64
5 4 65
42 59 65
59 5 65
4 60 65
60 42 65
43 44 66
44 41 66
41 48 66
48 56 66
56 43 66
14 13 67
49 14 67
13 46 67
57 49 67
46 31 67
31 57 67
