36
1 0 0
0 1 0
0 0 1
0.25 0.75 0
0.5 0.5 0
0.75 0.25 0
0 0.0555558 0.944444
0 0.111111 0.888889
0 0.166667 0.833333
0 0.222222 0.777778
0 0.277778 0.722222
0 0.333334 0.666667
0 0.388889 0.611111
0 0.444444 0.555556
0 0.5 0.5
0 0.555556 0.444444
0 0.611111 0.388889
0 0.666667 0.333333
0 0.722222 0.277778
0 0.777778 0.222222
0 0.833333 0.166667
0 0.888889 0.111111
0 0.944444 0.0555556
0.928571 0 0.0714286
0.857143 0 0.142857
0.785714 0 0.214286
0.714286 0 0.285714
0.642857 0 0.357143
0.571429 0 0.428571
0.5 0 0.5
0.428571 0 0.571429
0.357143 0 0.642857
0.285714 0 0.714286
0.214286 0 0.785714
0.142857 0 0.857143
0.0714286 0 0.928571


0 5 19
5 4 20
19 5 20
4 3 21
20 4 21
3 1 22
21 3 22
0 19 23
19 18 23
18 17 24
23 18 24
17 16 25
24 17 25
16 15 26
25 16 26
15 14 27
26 15 27
14 13 28
27 14 28
13 12 29
28 13 29
12 11 30
29 12 30
11 10 31
30 11 31
10 9 32
31 10 32
9 8 33
32 9 33
8 7 34
33 8 34
6 2 35
7 6 35
34 7 35
