38
1 0 0
0 1 0
0 0 1
0.25 0.75 0
0.5 0.5 0
0.75 0.25 0
0 0.0526316 0.947368
0 0.105263 0.894737
0 0.157895 0.842105
0 0.210526 0.789474
0 0.263158 0.736842
0 0.315789 0.68421
0 0.368421 0.631579
0 0.421053 0.578947
0 0.473684 0.526316
0 0.526316 0.473684
0 0.578947 0.421053
0 0.631579 0.368421
0 0.68421 0.315789
0 0.736842 0.263158
0 0.789474 0.210526
0 0.842105 0.157895
0 0.894737 0.105263
0 0.947369 0.0526316
0.933333 0 0.0666667
0.866667 0 0.133333
0.8 0 0.2
0.733333 0 0.266667
0.666667 0 0.333333
0.6 0 0.4
0.533333 0 0.466667
0.466667 0 0.533333
0.4 0 0.6
0.333333 0 0.666667
0.266667 0 0.733333
0.2 0 0.8
0.133333 0 0.866667
0.0666667 0 0.933333


0 5 20
5 4 21
20 5 21
4 3 22
21 4 22
3 1 23
22 3 23
0 20 24
20 19 24
19 18 25
24 19 25
18 17 26
25 18 26
17 16 27
26 17 27
16 15 28
27 16 28
15 14 29
28 15 29
14 13 30
29 14 30
13 12 31
30 13 31
12 11 32
31 12 32
11 10 33
32 11 33
10 9 34
33 10 34
9 8 35
34 9 35
8 7 36
35 8 36
6 2 37
7 6 37
36 7 37
