75
1 0 0
0 1 0
0 0 1
0.25 0.75 0
0.5 0.5 0
0.75 0.25 0
0 0.0526316 0.947368
0 0.105263 0.894737
0 0.157895 0.842105
0 0.210526 0.789474
0 0.263158 0.736842
0 0.315789 0.684211
0 0.368421 0.631579
0 0.421053 0.578947
0 0.473684 0.526316
0 0.526316 0.473684
0 0.578947 0.421053
0 0.631579 0.368421
0 0.684211 0.315789
0 0.736842 0.263158
0 0.789474 0.210526
0 0.842105 0.157895
0 0.894737 0.105263
0 0.947368 0.0526316
0.947368 0 0.0526316
0.894737 0 0.105263
0.842105 0 0.157895
0.789474 0 0.210526
0.736842 0 0.263158
0.684211 0 0.315789
0.631579 0 0.368421
0.578947 0 0.421053
0.526316 0 0.473684
0.473684 0 0.526316
0.421053 0 0.578947
0.368421 0 0.631579
0.315789 0 0.684211
0.263158 0 0.736842
0.210526 0 0.789474
0.157895 0 0.842105
0.105263 0 0.894737
0.0526316 0 0.947368
0.198298 0.763099 0.0386034
0.202107 0.578619 0.219275
0.469869 0.419491 0.110639
0.699846 0.222558 0.0775961
0.651739 0.16133 0.186931
0.690477 0.177356 0.132166
0.394466 0.262523 0.343011
0.192945 0.213625 0.59343
0.302397 0.613706 0.0838969
0.774654 0.19229 0.0330559
0.325997 0.508678 0.165325
0.338903 0.174769 0.486328
0.477446 0.242315 0.280239
0.221204 0.478644 0.300151
0.170505 0.176075 0.65342
0.378873 0.219645 0.401482
0.431994 0.351161 0.216845
0.192652 0.362753 0.444595
0.485093 0.471489 0.0434184
0.183629 0.688633 0.127738
0.241558 0.220752 0.537691
0.183612 0.427275 0.389114
0.159771 0.346894 0.493335
0.610319 0.155024 0.234657
0.51628 0.321436 0.162284
0.163758 0.492885 0.343356
0.397537 0.156927 0.445536
0.146594 0.144022 0.709385
0.14488 0.677047 0.178073
0.131139 0.78865 0.0802113
0.126645 0.11769 0.755664
0.092469 0.0927683 0.814763
0.272394 0.46883 0.258776


8 7 40
39 8 40
6 2 41
7 6 41
40 7 41
3 1 42
1 23 42
20 19 43
25 24 45
27 26 46
26 25 47
25 45 47
45 44 47
46 26 47
30 29 48
13 12 49
35 34 49
0 5 51
24 0 51
45 24 51
33 32 53
29 28 54
48 29 54
19 18 55
48 54 55
12 11 56
36 35 56
35 49 56
49 12 56
31 30 57
30 48 57
52 43 58
16 15 59
4 3 60
3 42 60
42 50 60
44 45 60
50 44 60
5 4 60
51 5 60
45 51 60
22 21 61
44 50 61
52 44 61
14 13 62
13 49 62
34 33 62
49 34 62
33 53 62
17 16 63
57 48 63
16 59 63
59 57 63
15 14 64
53 59 64
59 15 64
14 62 64
62 53 64
28 27 65
27 46 65
46 58 65
54 28 65
58 54 65
46 47 66
47 44 66
44 52 66
52 58 66
58 46 66
18 17 67
55 18 67
48 55 67
17 63 67
63 48 67
32 31 68
31 57 68
57 59 68
53 32 68
59 53 68
11 10 69
37 36 69
36 56 69
56 11 69
21 20 70
20 43 70
43 52 70
52 61 70
61 21 70
23 22 71
42 23 71
50 42 71
22 61 71
61 50 71
10 9 72
9 38 72
38 37 72
37 69 72
69 10 72
9 8 73
8 39 73
38 9 73
39 38 73
43 19 74
19 55 74
55 54 74
54 58 74
58 43 74
