62
1 0 0
0 1 0
0 0 1
0.25 0.75 0
0.5 0.5 0
0.75 0.25 0
0 0.05 0.95
0 0.0999997 0.9
0 0.15 0.85
0 0.2 0.8
0 0.25 0.75
0 0.3 0.7
0 0.35 0.65
0 0.4 0.6
0 0.45 0.55
0 0.5 0.5
0 0.55 0.45
0 0.6 0.4
0 0.65 0.35
0 0.7 0.3
0 0.75 0.25
0 0.8 0.2
0 0.85 0.15
0 0.9 0.1
0 0.95 0.05
0.941176 0 0.0588235
0.882353 0 0.117647
0.823529 0 0.176471
0.764706 0 0.235294
0.705882 0 0.294118
0.647059 0 0.352941
0.588235 0 0.411765
0.529412 0 0.470588
0.470588 0 0.529412
0.411765 0 0.588235
0.352941 0 0.647059
0.294118 0 0.705882
0.235294 0 0.764706
0.176471 0 0.823529
0.117647 0 0.882353
0.0588235 0 0.941177
0.471209 0.422601 0.10619
0.358256 0.284508 0.357235
0.33782 0.58718 0.0749997
0.507828 0.219442 0.272731
0.310549 0.479013 0.210438
0.248747 0.461996 0.289257
0.274836 0.237681 0.487484
0.230518 0.725654 0.0438278
0.618466 0.250459 0.131074
0.499757 0.289463 0.21078
0.31638 0.263923 0.419698
0.246885 0.211064 0.542051
0.274413 0.552636 0.172951
0.202664 0.15932 0.638016
0.220966 0.44288 0.336154
0.755525 0.180432 0.0640431
0.160218 0.139386 0.700397
0.220594 0.185966 0.59344
0.128217 0.116425 0.755358
0.64537 0.307524 0.0471067
0.205031 0.652957 0.142012


3 1 24
9 8 38
37 9 38
8 7 39
38 8 39
6 2 40
7 6 40
39 7 40
17 16 42
30 29 42
5 4 43
23 22 43
28 27 44
29 28 44
42 29 44
20 19 45
19 18 46
15 14 47
32 31 47
4 3 48
3 24 48
24 23 48
23 43 48
43 4 48
26 25 49
27 26 50
45 19 50
19 46 50
44 27 50
46 44 50
26 49 50
49 45 50
16 15 51
31 30 51
30 42 51
42 16 51
15 47 51
47 31 51
14 13 52
33 32 52
32 47 52
47 14 52
21 20 53
20 45 53
49 41 53
45 49 53
12 11 54
11 35 54
35 34 54
18 17 55
17 42 55
42 44 55
44 46 55
46 18 55
25 0 56
41 49 56
49 25 56
11 10 57
10 36 57
35 11 57
36 35 57
13 12 58
34 33 58
33 52 58
52 13 58
12 54 58
54 34 58
10 9 59
9 37 59
36 10 59
37 36 59
5 43 60
43 41 60
0 5 60
56 0 60
41 56 60
22 21 61
41 43 61
43 22 61
21 53 61
53 41 61
