31
1 0 0
0 1 0
0 0 1
0.25 0.75 0
0.5 0.5 0
0.75 0.25 0
0 0.142857 0.857143
0 0.285714 0.714286
0 0.428571 0.571429
0 0.571429 0.428571
0 0.714286 0.285714
0 0.857143 0.142857
0.875 0 0.125
0.75 0 0.25
0.625 0 0.375
0.5 0 0.5
0.375 0 0.625
0.25 0 0.75
0.125 0 0.875
0.182238 0.581815 0.235947
0.484883 0.388189 0.126929
0.380457 0.260824 0.358719
0.174428 0.229922 0.59565
0.302695 0.591739 0.105566
0.556728 0.199341 0.243931
0.663927 0.220004 0.116069
0.160718 0.418032 0.42125
0.321213 0.17954 0.499246
0.369877 0.409882 0.22024
0.094969 0.115451 0.78958
0.127572 0.78119 0.0912382


0 5 12
6 2 18
11 10 19
15 14 21
8 7 22
7 17 22
17 16 22
4 3 23
20 4 23
14 13 24
21 14 24
5 4 25
4 20 25
12 5 25
13 12 25
20 24 25
24 13 25
10 9 26
19 10 26
21 19 26
9 8 26
8 22 26
16 15 27
22 16 27
15 21 27
21 26 27
26 22 27
20 23 28
23 19 28
24 20 28
19 21 28
21 24 28
7 6 29
6 18 29
17 7 29
18 17 29
3 1 30
1 11 30
23 3 30
11 19 30
19 23 30
