36
1 0 0
0 1 0
0 0 1
0.25 0.75 0
0.5 0.5 0
0.75 0.25 0
0 0.125 0.875
0 0.25 0.75
0 0.375 0.625
0 0.5 0.5
0 0.625 0.375
0 0.75 0.25
0 0.875 0.125
0.888889 0 0.111111
0.777778 0 0.222222
0.666667 0 0.333333
0.555556 0 0.444444
0.444444 0 0.555556
0.333333 0 0.666667
0.222222 0 0.777778
0.111111 0 0.888889
0.58523 0.184742 0.230028
0.257906 0.178941 0.563153
0.185706 0.556766 0.257528
0.533474 0.358883 0.107643
0.710017 0.170074 0.119909
0.403559 0.255886 0.340554
0.278763 0.609743 0.111494
0.358315 0.172882 0.468804
0.186338 0.382789 0.430873
0.397366 0.392227 0.210407
0.15537 0.178784 0.665846
0.0880091 0.0933791 0.818612
0.115546 0.821823 0.0626312
0.845186 0.105657 0.0491571
0.122193 0.32041 0.557397


6 2 20
15 14 21
18 17 22
12 11 23
11 10 23
5 4 24
5 24 25
14 13 25
21 14 25
24 21 25
16 15 26
15 21 26
12 23 27
4 3 27
24 4 27
17 16 28
22 17 28
16 26 28
23 10 29
26 23 29
10 9 29
22 28 29
28 26 29
23 26 30
26 21 30
27 23 30
21 24 30
24 27 30
8 7 31
7 19 31
19 18 31
18 22 31
7 6 32
6 20 32
19 7 32
20 19 32
3 1 33
1 12 33
12 27 33
27 3 33
0 5 34
13 0 34
5 25 34
25 13 34
9 8 35
22 29 35
29 9 35
8 31 35
31 22 35
