40
1 0 0
0 1 0
0 0 1
0.25 0.75 0
0.5 0.5 0
0.75 0.25 0
0 0.111111 0.888889
0 0.222222 0.777778
0 0.333333 0.666667
0 0.444444 0.555556
0 0.555556 0.444444
0 0.666667 0.333333
0 0.777778 0.222222
0 0.888889 0.111111
0.9 0 0.1
0.8 0 0.2
0.7 0 0.3
0.6 0 0.4
0.5 0 0.5
0.4 0 0.6
0.3 0 0.7
0.2 0 0.8
0.1 0 0.9
0.174001 0.5943 0.231699
0.495929 0.392941 0.111131
0.700521 0.164991 0.134488
0.368981 0.306137 0.324882
0.189652 0.212922 0.597427
0.267407 0.629189 0.103404
0.178757 0.340072 0.481171
0.588399 0.205627 0.205973
0.134692 0.147707 0.7176
0.336904 0.138222 0.524874
0.185168 0.448106 0.366726
0.372636 0.419638 0.207726
0.684453 0.252017 0.0635299
0.368007 0.199921 0.432071
0.850201 0.108745 0.0410532
0.11569 0.828696 0.0556147
0.518185 0.190138 0.291677


6 2 22
7 6 22
21 7 22
13 12 23
12 11 23
15 14 25
9 8 27
20 19 27
4 3 28
24 4 28
13 23 28
10 9 29
9 27 29
16 15 30
15 25 30
25 24 30
8 7 31
7 21 31
21 20 31
20 27 31
27 8 31
19 18 32
27 19 32
29 27 32
23 11 33
26 23 33
11 10 33
10 29 33
23 26 34
24 28 34
30 24 34
28 23 34
5 4 35
4 24 35
24 25 35
25 14 35
18 17 36
17 26 36
29 32 36
32 18 36
26 33 36
33 29 36
0 5 37
14 0 37
5 35 37
35 14 37
3 1 38
28 3 38
1 13 38
13 28 38
17 16 39
26 17 39
16 30 39
30 34 39
34 26 39
