37
1 0 0
0 1 0
0 0 1
0.25 0.75 0
0.5 0.5 0
0.75 0.25 0
0 0.111111 0.888889
0 0.222222 0.777778
0 0.333333 0.666667
0 0.444444 0.555556
0 0.555556 0.444444
0 0.666667 0.333333
0 0.777778 0.222222
0 0.888889 0.111111
0.916667 0 0.0833333
0.833333 0 0.166667
0.75 0 0.25
0.666667 0 0.333333
0.583333 0 0.416667
0.5 0 0.5
0.416667 0 0.583333
0.333333 0 0.666667
0.25 0 0.75
0.166667 0 0.833333
0.0833333 0 0.916667
0.194011 0.562076 0.243912
0.52894 0.357532 0.113528
0.406052 0.269649 0.324299
0.699533 0.228052 0.072415
0.328463 0.472435 0.199101
0.220482 0.310098 0.46942
0.153075 0.201674 0.645251
0.252856 0.379931 0.367212
0.524922 0.266808 0.20827
0.251883 0.660509 0.0876081
0.190348 0.244716 0.564936
0.105023 0.139086 0.755891


0 5 14
6 2 24
7 6 24
23 7 24
13 12 25
4 3 26
16 15 26
18 17 27
5 4 28
14 5 28
15 14 28
4 26 28
26 15 28
13 25 29
25 27 29
27 17 29
11 10 30
20 19 30
9 8 31
8 22 31
22 21 31
12 11 32
25 12 32
27 25 32
19 18 32
18 27 32
11 30 32
30 19 32
17 16 33
29 17 33
16 26 33
3 1 34
1 13 34
13 29 34
26 3 34
33 26 34
29 33 34
10 9 35
21 20 35
20 30 35
30 10 35
9 31 35
31 21 35
8 7 36
7 23 36
22 8 36
23 22 36
