46
1 0 0
0 1 0
0 0 1
0.2 0.8 0
0.4 0.6 0
0.6 0.4 0
0.8 0.2 0
0 0.1 0.9
0 0.2 0.8
0 0.3 0.7
0 0.4 0.6
0 0.5 0.5
0 0.6 0.4
0 0.7 0.3
0 0.8 0.2
0 0.9 0.1
0.923077 0 0.0769231
0.846154 0 0.153846
0.769231 0 0.230769
0.692308 0 0.307692
0.615385 0 0.384615
0.538462 0 0.461538
0.461538 0 0.538462
0.384615 0 0.615385
0.307692 0 0.692308
0.230769 0 0.769231
0.153846 0 0.846154
0.0769231 0 0.923077
0.214907 0.529656 0.255437
0.484238 0.406522 0.10924
0.670412 0.259497 0.0700912
0.392331 0.250449 0.35722
0.186022 0.233691 0.580287
0.296654 0.616417 0.0869291
0.179966 0.346927 0.473107
0.469045 0.251716 0.279238
0.144823 0.18855 0.666627
0.572014 0.217742 0.210244
0.194327 0.436078 0.369595
0.178601 0.668538 0.152861
0.66632 0.181333 0.152347
0.105269 0.118675 0.776055
0.356313 0.191765 0.451922
0.371904 0.441693 0.186403
0.122208 0.812554 0.0652371
0.316833 0.15008 0.533087


0 6 16
7 2 27
8 7 27
26 8 27
14 13 28
6 5 30
16 6 30
17 16 30
5 4 30
4 29 30
21 20 31
11 10 32
24 23 32
4 3 33
29 4 33
12 11 34
11 32 34
20 19 35
31 20 35
28 31 35
10 9 36
9 25 36
25 24 36
24 32 36
32 10 36
19 18 37
35 19 37
28 13 38
31 28 38
13 12 38
12 34 38
15 14 39
14 28 39
18 17 40
17 30 40
30 29 40
29 37 40
37 18 40
9 8 41
8 26 41
25 9 41
26 25 41
22 21 42
21 31 42
31 38 42
38 34 42
29 33 43
37 29 43
35 37 43
28 35 43
39 28 43
33 39 43
3 1 44
33 3 44
1 15 44
15 39 44
39 33 44
23 22 45
32 23 45
34 32 45
22 42 45
42 34 45
