45
1 0 0
0 1 0
0 0 1
0.2 0.8 0
0.4 0.6 0
0.6 0.4 0
0.8 0.2 0
0 0.090909 0.909091
0 0.181818 0.818182
0 0.272727 0.727273
0 0.363636 0.636364
0 0.454545 0.545455
0 0.545455 0.454545
0 0.636364 0.363636
0 0.727273 0.272727
0 0.818182 0.181818
0 0.909091 0.0909091
0.933333 0 0.0666667
0.866667 0 0.133333
0.8 0 0.2
0.733333 0 0.266667
0.666667 0 0.333333
0.6 0 0.4
0.533333 0 0.466667
0.466667 0 0.533333
0.4 0 0.6
0.333333 0 0.666667
0.266667 0 0.733333
0.2 0 0.8
0.133333 0 0.866667
0.0666667 0 0.933333
0.487297 0.4094 0.103303
0.654445 0.262801 0.0827544
0.382488 0.287767 0.329745
0.180523 0.250441 0.569036
0.272692 0.608437 0.118871
0.208981 0.302956 0.488063
0.441004 0.299108 0.259889
0.218204 0.469216 0.31258
0.149816 0.203895 0.646288
0.555316 0.240243 0.204442
0.209257 0.584382 0.206361
0.233131 0.361116 0.405753
0.120193 0.16787 0.711937
0.775572 0.169645 0.0547839


0 6 17
9 8 29
28 9 29
7 2 30
8 7 30
29 8 30
4 3 31
5 4 32
19 18 32
4 31 32
31 19 32
23 22 33
12 11 34
26 25 34
3 1 35
31 3 35
1 16 35
13 12 36
25 24 36
12 34 36
34 25 36
22 21 37
33 22 37
15 14 38
23 33 38
11 10 39
27 26 39
26 34 39
34 11 39
20 19 40
19 31 40
31 35 40
21 20 40
37 21 40
35 37 40
16 15 41
33 37 41
35 16 41
37 35 41
15 38 41
38 33 41
13 36 42
36 24 42
14 13 42
38 14 42
24 23 42
23 38 42
10 9 43
9 28 43
28 27 43
27 39 43
39 10 43
6 5 44
17 6 44
18 17 44
5 32 44
32 18 44
