54
1 0 0
0 1 0
0 0 1
0.2 0.8 0
0.4 0.6 0
0.6 0.4 0
0.8 0.2 0
0 0.0909091 0.909091
0 0.181818 0.818182
0 0.272727 0.727273
0 0.363636 0.636364
0 0.454545 0.545455
0 0.545455 0.454545
0 0.636364 0.363636
0 0.727273 0.272727
0 0.818182 0.181818
0 0.909091 0.0909091
0.916667 0 0.0833333
0.833333 0 0.166667
0.75 0 0.25
0.666667 0 0.333333
0.583333 0 0.416667
0.5 0 0.5
0.416667 0 0.583333
0.333333 0 0.666667
0.25 0 0.75
0.166667 0 0.833333
0.0833333 0 0.916667
0.595328 0.146965 0.257708
0.130909 0.459872 0.409219
0.267496 0.155964 0.57654
0.178023 0.591332 0.230645
0.490243 0.391536 0.118221
0.646486 0.281857 0.0716565
0.395483 0.247083 0.357433
0.296592 0.62326 0.0801485
0.370807 0.140119 0.489074
0.175208 0.333112 0.491681
0.668313 0.167283 0.164404
0.159119 0.176923 0.663958
0.508603 0.298119 0.193278
0.119009 0.128618 0.752373
0.142526 0.720275 0.137199
0.198168 0.474446 0.327386
0.327663 0.49879 0.173547
0.781851 0.12899 0.0891588
0.114726 0.826959 0.0583155
0.393816 0.338793 0.267391
0.529266 0.137837 0.332897
0.879008 0.0838831 0.0371086
0.123407 0.300291 0.576302
0.0610662 0.071978 0.866956
0.311586 0.272528 0.415886
0.481928 0.468669 0.049403


7 2 27
20 19 28
13 12 29
24 23 30
15 14 31
6 5 33
4 3 35
23 22 36
30 23 36
22 21 36
12 11 37
29 12 37
30 36 37
19 18 38
28 19 38
33 32 38
10 9 39
25 24 39
24 30 39
28 38 40
38 32 40
9 8 41
8 26 41
26 25 41
25 39 41
39 9 41
16 15 42
15 31 42
14 13 43
31 14 43
13 29 43
32 35 44
40 32 44
42 31 44
35 42 44
6 33 45
18 17 45
33 38 45
38 18 45
3 1 46
1 16 46
35 3 46
16 42 46
42 35 46
28 40 47
31 43 47
43 34 47
44 31 47
40 44 47
21 20 48
34 21 48
20 28 48
28 47 48
47 34 48
0 6 49
17 0 49
6 45 49
45 17 49
11 10 50
30 37 50
37 11 50
10 39 50
39 30 50
8 7 51
7 27 51
26 8 51
27 26 51
21 34 52
36 21 52
29 37 52
37 36 52
34 43 52
43 29 52
5 4 53
32 33 53
33 5 53
4 35 53
35 32 53
