52
1 0 0
0 1 0
0 0 1
0.2 0.8 0
0.4 0.6 0
0.6 0.4 0
0.8 0.2 0
0 0.0833333 0.916667
0 0.166667 0.833333
0 0.25 0.75
0 0.333333 0.666667
0 0.416667 0.583333
0 0.5 0.5
0 0.583333 0.416667
0 0.666667 0.333333
0 0.75 0.25
0 0.833333 0.166667
0 0.916667 0.0833333
0.909091 0 0.0909091
0.818182 0 0.181818
0.727273 0 0.272727
0.636364 0 0.363636
0.545455 0 0.454545
0.454545 0 0.545455
0.363636 0 0.636364
0.272727 0 0.727273
0.181818 0 0.818182
0.0909091 0 0.909091
0.580948 0.17273 0.246322
0.284066 0.134835 0.5811
0.165959 0.591008 0.243033
0.522409 0.376981 0.10061
0.746424 0.193207 0.060369
0.691862 0.164288 0.14385
0.367553 0.286549 0.345898
0.312398 0.595495 0.0921077
0.331822 0.498513 0.169665
0.35258 0.149236 0.498184
0.240255 0.302062 0.457683
0.179029 0.495786 0.325185
0.163159 0.17401 0.662831
0.509315 0.306554 0.184131
0.128215 0.120336 0.751448
0.168769 0.424693 0.406538
0.44664 0.144557 0.408803
0.358196 0.387743 0.254061
0.166446 0.754698 0.0788552
0.454176 0.497838 0.0479855
0.150328 0.686191 0.163481
0.145499 0.292633 0.561868
0.0681071 0.0650083 0.866885
0.554081 0.119277 0.326642


3 1 17
7 2 27
20 19 28
24 23 29
15 14 30
0 6 32
18 0 32
6 5 32
5 31 32
19 18 33
18 32 33
28 19 33
32 31 33
31 35 36
23 22 37
29 23 37
14 13 39
30 14 39
10 9 40
25 24 40
24 29 40
28 33 41
33 31 41
31 36 41
9 8 42
8 26 42
26 25 42
25 40 42
40 9 42
13 12 43
12 38 43
38 34 43
34 39 43
39 13 43
22 21 44
34 38 44
37 22 44
38 37 44
34 28 45
28 41 45
39 34 45
36 30 45
41 36 45
30 39 45
4 3 46
35 4 46
3 17 46
17 16 46
5 4 47
4 35 47
31 5 47
35 31 47
16 15 48
15 30 48
30 36 48
36 35 48
35 46 48
46 16 48
11 10 49
29 37 49
12 11 49
38 12 49
37 38 49
10 40 49
40 29 49
8 7 50
7 27 50
26 8 50
27 26 50
21 20 51
20 28 51
28 34 51
34 44 51
44 21 51
