49
1 0 0
0 1 0
0 0 1
0.2 0.8 0
0.4 0.6 0
0.6 0.4 0
0.8 0.2 0
0 0.0833333 0.916667
0 0.166667 0.833333
0 0.25 0.75
0 0.333333 0.666667
0 0.416667 0.583333
0 0.5 0.5
0 0.583333 0.416667
0 0.666667 0.333333
0 0.75 0.25
0 0.833333 0.166667
0 0.916667 0.0833333
0.9 0 0.1
0.8 0 0.2
0.7 0 0.3
0.6 0 0.4
0.5 0 0.5
0.4 0 0.6
0.3 0 0.7
0.2 0 0.8
0.1 0 0.9
0.588582 0.161271 0.250147
0.267066 0.148547 0.584387
0.147051 0.609604 0.243345
0.535214 0.372957 0.0918291
0.744137 0.175627 0.0802361
0.715871 0.127432 0.156696
0.411095 0.236889 0.352015
0.323166 0.58286 0.0939743
0.370739 0.142784 0.486477
0.214925 0.314798 0.470277
0.181944 0.510315 0.307741
0.537819 0.284144 0.178037
0.17412 0.749648 0.076232
0.186509 0.419623 0.393869
0.178229 0.146622 0.675149
0.165376 0.273868 0.560756
0.455266 0.146372 0.398362
0.363067 0.35468 0.282253
0.135489 0.110093 0.754418
0.331657 0.477833 0.19051
0.16173 0.668961 0.169308
0.0725416 0.0663742 0.861084


3 1 17
7 2 26
20 19 27
23 22 28
15 14 29
6 5 30
0 6 31
18 0 31
6 30 31
19 18 32
27 19 32
18 31 32
20 27 33
5 4 34
30 5 34
22 21 35
28 22 35
12 11 36
14 13 37
29 14 37
27 32 38
31 30 38
32 31 38
4 3 39
34 4 39
3 17 39
17 16 39
13 12 40
12 36 40
36 33 40
37 13 40
10 9 41
28 10 41
24 23 41
23 28 41
11 10 42
10 28 42
28 35 42
35 36 42
36 11 42
21 20 43
20 33 43
35 21 43
33 36 43
36 35 43
33 27 44
27 38 44
37 40 44
40 33 44
9 8 45
8 25 45
25 24 45
24 41 45
41 9 45
30 34 46
38 30 46
29 37 46
37 44 46
44 38 46
16 15 47
15 29 47
34 39 47
39 16 47
29 46 47
46 34 47
8 7 48
7 26 48
25 8 48
26 25 48
