57
1 0 0
0 1 0
0 0 1
0.2 0.8 0
0.4 0.6 0
0.6 0.4 0
0.8 0.2 0
0 0.0833334 0.916667
0 0.166667 0.833333
0 0.25 0.75
0 0.333333 0.666667
0 0.416667 0.583333
0 0.5 0.5
0 0.583333 0.416667
0 0.666667 0.333333
0 0.75 0.25
0 0.833333 0.166667
0 0.916667 0.0833333
0.928571 0 0.0714286
0.857143 0 0.142857
0.785714 0 0.214286
0.714286 0 0.285714
0.642857 0 0.357143
0.571429 0 0.428571
0.5 0 0.5
0.428571 0 0.571429
0.357143 0 0.642857
0.285714 0 0.714286
0.214286 0 0.785714
0.142857 0 0.857143
0.0714286 0 0.928571
0.261233 0.171655 0.567113
0.163594 0.615942 0.220465
0.451967 0.450726 0.0973073
0.60959 0.315524 0.0748859
0.407592 0.241869 0.35054
0.283391 0.611228 0.105381
0.167515 0.357051 0.475435
0.50261 0.217234 0.280156
0.163504 0.194904 0.641592
0.583194 0.256642 0.160163
0.334433 0.175397 0.49017
0.120694 0.323147 0.556159
0.126902 0.146578 0.72652
0.257037 0.342138 0.400826
0.148157 0.713908 0.137936
0.368875 0.444893 0.186232
0.413786 0.156512 0.429702
0.774178 0.151479 0.0743427
0.174226 0.512805 0.312969
0.146257 0.795753 0.0579906
0.58747 0.186151 0.226379
0.723097 0.13787 0.139033
0.0945002 0.11141 0.79409
0.317359 0.413711 0.26893
0.309207 0.645389 0.0454043
0.112018 0.501718 0.386264


0 6 18
7 2 30
8 7 30
29 8 30
26 25 31
16 15 32
5 4 34
4 33 34
23 22 35
13 12 37
22 21 38
35 22 38
11 10 39
27 26 39
26 31 39
34 33 40
25 24 41
31 25 41
37 31 41
12 11 42
31 37 42
37 12 42
11 39 42
39 31 42
10 9 43
28 27 43
27 39 43
39 10 43
37 41 44
17 16 45
16 32 45
33 36 46
40 33 46
36 45 46
45 32 46
24 23 47
41 24 47
44 41 47
23 35 47
35 44 47
6 5 48
5 34 48
18 6 48
19 18 48
15 14 49
32 15 49
44 35 49
3 1 50
1 17 50
17 45 50
45 36 50
21 20 51
20 40 51
38 21 51
40 46 51
46 38 51
20 19 52
40 20 52
34 40 52
19 48 52
48 34 52
9 8 53
8 29 53
29 28 53
28 43 53
43 9 53
35 38 54
38 46 54
46 32 54
32 49 54
49 35 54
4 3 55
33 4 55
36 33 55
3 50 55
50 36 55
14 13 56
13 37 56
37 44 56
44 49 56
49 14 56
