47
1 0 0
0 1 0
0 0 1
0.2 0.8 0
0.4 0.6 0
0.6 0.4 0
0.8 0.2 0
0 0.0769231 0.923077
0 0.153846 0.846154
0 0.230769 0.769231
0 0.307692 0.692308
0 0.384615 0.615385
0 0.461538 0.538462
0 0.538462 0.461538
0 0.615385 0.384615
0 0.692308 0.307692
0 0.769231 0.230769
0 0.846154 0.153846
0 0.923077 0.0769231
0.9 0 0.1
0.8 0 0.2
0.7 0 0.3
0.6 0 0.4
0.5 0 0.5
0.4 0 0.6
0.3 0 0.7
0.2 0 0.8
0.1 0 0.9
0.601809 0.134826 0.263365
0.241188 0.164564 0.594248
0.211153 0.582107 0.206741
0.50134 0.393708 0.104952
0.753067 0.174055 0.072878
0.373964 0.267361 0.358676
0.272701 0.61966 0.107639
0.330061 0.171715 0.498224
0.201442 0.322891 0.475668
0.200736 0.512179 0.287084
0.612217 0.236467 0.151316
0.174531 0.758855 0.0666133
0.192382 0.126942 0.680676
0.452307 0.148709 0.398985
0.214898 0.434079 0.351024
0.138641 0.10209 0.759269
0.693381 0.121979 0.18464
0.384064 0.41345 0.202486
0.443771 0.299374 0.256856


3 1 18
7 2 27
8 7 27
26 8 27
21 20 28
11 10 29
24 23 29
16 15 30
6 5 31
0 6 32
19 0 32
6 31 32
21 28 33
17 16 34
16 30 34
5 4 34
31 5 34
30 31 34
23 22 35
11 29 35
29 23 35
13 12 36
33 13 36
12 11 36
11 35 36
15 14 37
30 15 37
19 32 38
32 31 38
4 3 39
3 18 39
18 17 39
17 34 39
34 4 39
10 9 40
25 24 40
24 29 40
29 10 40
22 21 41
21 33 41
33 36 41
35 22 41
36 35 41
14 13 42
13 33 42
37 14 42
9 8 43
8 26 43
26 25 43
25 40 43
40 9 43
20 19 44
19 38 44
28 20 44
31 30 45
38 31 45
30 37 45
33 28 46
42 33 46
28 44 46
44 38 46
38 45 46
37 42 46
45 37 46
