52
1 0 0
0 1 0
0 0 1
0.2 0.8 0
0.4 0.6 0
0.6 0.4 0
0.8 0.2 0
0 0.0769234 0.923077
0 0.153846 0.846154
0 0.230769 0.769231
0 0.307692 0.692308
0 0.384615 0.615385
0 0.461539 0.538462
0 0.538462 0.461538
0 0.615385 0.384615
0 0.692308 0.307692
0 0.769231 0.230769
0 0.846154 0.153846
0 0.923077 0.0769231
0.941176 0 0.0588235
0.882353 0 0.117647
0.823529 0 0.176471
0.764706 0 0.235294
0.705882 0 0.294118
0.647059 0 0.352941
0.588235 0 0.411765
0.529412 0 0.470588
0.470588 0 0.529412
0.411765 0 0.588235
0.352941 0 0.647059
0.294118 0 0.705882
0.235294 0 0.764706
0.176471 0 0.823529
0.117647 0 0.882353
0.0588236 0 0.941176
0.202185 0.237371 0.560445
0.211615 0.542701 0.245684
0.513021 0.376841 0.110139
0.659523 0.264287 0.07619
0.409707 0.241701 0.348593
0.255248 0.649468 0.0952843
0.212886 0.297759 0.489355
0.44726 0.286803 0.265937
0.493746 0.312617 0.193637
0.30831 0.290678 0.401012
0.162628 0.215062 0.62231
0.235574 0.593216 0.17121
0.781097 0.168837 0.0500663
0.201254 0.379568 0.419178
0.181891 0.50929 0.308819
0.140219 0.177272 0.682509
0.104364 0.13456 0.761077


0 6 19
9 8 33
32 9 33
7 2 34
8 7 34
33 8 34
13 12 35
29 28 35
17 16 36
4 3 37
22 21 37
5 4 38
21 20 38
4 37 38
37 21 38
26 25 39
25 24 39
3 1 40
37 3 40
1 18 40
14 13 41
28 27 41
13 35 41
35 28 41
24 23 42
36 39 42
39 24 42
23 22 43
22 37 43
37 40 43
42 23 43
27 26 44
26 39 44
12 11 45
30 29 45
29 35 45
35 12 45
18 17 46
17 36 46
36 42 46
40 18 46
42 43 46
43 40 46
6 5 47
19 6 47
20 19 47
5 38 47
38 20 47
15 14 48
44 15 48
14 41 48
41 27 48
27 44 48
36 16 49
39 36 49
16 15 49
15 44 49
44 39 49
11 10 50
10 31 50
31 30 50
30 45 50
45 11 50
10 9 51
9 32 51
31 10 51
32 31 51
