58
1 0 0
0 1 0
0 0 1
0.2 0.8 0
0.4 0.6 0
0.6 0.4 0
0.8 0.2 0
0 0.0769234 0.923077
0 0.153846 0.846154
0 0.230769 0.769231
0 0.307692 0.692308
0 0.384615 0.615385
0 0.461539 0.538462
0 0.538462 0.461538
0 0.615385 0.384615
0 0.692308 0.307692
0 0.769231 0.230769
0 0.846154 0.153846
0 0.923077 0.0769231
0.9375 0 0.0625
0.875 0 0.125
0.8125 0 0.1875
0.75 0 0.25
0.6875 0 0.3125
0.625 0 0.375
0.5625 0 0.4375
0.5 0 0.5
0.4375 0 0.5625
0.375 0 0.625
0.3125 0 0.6875
0.25 0 0.75
0.1875 0 0.8125
0.125 0 0.875
0.0624999 0 0.9375
0.602125 0.156219 0.241656
0.214289 0.552204 0.233507
0.526355 0.366701 0.106943
0.653019 0.266823 0.0801585
0.643796 0.170013 0.186191
0.39466 0.266988 0.338352
0.162792 0.260582 0.576625
0.294332 0.607051 0.0986167
0.319101 0.49918 0.181719
0.156323 0.365816 0.477861
0.463738 0.268493 0.267769
0.18494 0.499077 0.315983
0.149848 0.187453 0.662699
0.348918 0.240506 0.410576
0.111722 0.139281 0.748997
0.776796 0.170631 0.0525735
0.327024 0.18753 0.485445
0.172753 0.429626 0.397621
0.154698 0.708027 0.137275
0.287977 0.163454 0.548569
0.351551 0.599921 0.0485283
0.072947 0.104286 0.822767
0.127244 0.811028 0.061728
0.472051 0.350349 0.1776


0 6 19
7 2 33
8 7 33
32 8 33
23 22 34
17 16 35
5 4 37
4 36 37
21 20 37
36 21 37
22 21 38
21 36 38
34 22 38
25 24 39
13 12 40
12 11 40
29 28 40
14 13 43
13 40 43
24 23 44
39 24 44
23 34 44
35 39 44
42 35 44
16 15 45
35 16 45
39 35 45
11 10 46
10 30 46
30 29 46
29 40 46
40 11 46
26 25 47
25 39 47
39 45 47
10 9 48
9 31 48
30 10 48
31 30 48
6 5 49
5 37 49
19 6 49
20 19 49
37 20 49
27 26 50
26 47 50
15 14 51
45 15 51
47 45 51
14 43 51
43 50 51
50 47 51
18 17 52
42 41 52
17 35 52
35 42 52
28 27 53
40 28 53
43 40 53
27 50 53
50 43 53
4 3 54
36 4 54
3 41 54
41 36 54
9 8 55
8 32 55
31 9 55
32 31 55
3 1 56
41 3 56
1 18 56
18 52 56
52 41 56
38 36 57
36 41 57
34 38 57
41 42 57
42 44 57
44 34 57
