58
1 0 0
0 1 0
0 0 1
0.2 0.8 0
0.4 0.6 0
0.6 0.4 0
0.8 0.2 0
0 0.0714286 0.928571
0 0.142857 0.857143
0 0.214286 0.785714
0 0.285714 0.714286
0 0.357143 0.642857
0 0.428571 0.571429
0 0.5 0.5
0 0.571429 0.428571
0 0.642857 0.357143
0 0.714286 0.285714
0 0.785714 0.214286
0 0.857143 0.142857
0 0.928571 0.0714286
0.916667 0 0.0833333
0.833333 0 0.166667
0.75 0 0.25
0.666667 0 0.333333
0.583333 0 0.416667
0.5 0 0.5
0.416667 0 0.583333
0.333333 0 0.666667
0.25 0 0.75
0.166667 0 0.833333
0.0833333 0 0.916667
0.2711 0.154716 0.574184
0.170349 0.600526 0.229125
0.490481 0.405711 0.103808
0.660185 0.138245 0.20157
0.7336 0.192301 0.0740993
0.366841 0.265692 0.367468
0.273222 0.618768 0.10801
0.368598 0.1459 0.485502
0.223051 0.306452 0.470497
0.492798 0.237527 0.269675
0.157341 0.5493 0.293359
0.465244 0.137048 0.397708
0.187239 0.160544 0.652217
0.217248 0.724443 0.0583084
0.144174 0.128546 0.72728
0.540212 0.289063 0.170724
0.169617 0.410105 0.420279
0.159634 0.67313 0.167236
0.227285 0.432486 0.340228
0.167959 0.278995 0.553046
0.560842 0.121233 0.317925
0.742487 0.125288 0.132226
0.339515 0.491829 0.168656
0.614294 0.341159 0.0445473
0.106499 0.0993199 0.794181
0.342671 0.412099 0.245231
0.431042 0.519697 0.0492615


3 1 19
7 2 30
8 7 30
29 8 30
26 25 31
17 16 32
22 21 34
0 6 35
20 0 35
25 24 38
31 25 38
13 12 39
22 34 40
16 15 41
32 16 41
24 23 42
36 39 42
38 24 42
39 38 42
11 10 43
31 11 43
27 26 43
26 31 43
4 3 44
3 19 44
19 18 44
18 37 44
10 9 45
28 27 45
27 43 45
43 10 45
35 33 46
40 34 46
14 13 47
13 39 47
39 36 47
18 17 48
37 18 48
17 32 48
36 40 49
15 14 49
14 47 49
47 36 49
41 15 49
12 11 50
11 31 50
31 38 50
38 39 50
39 12 50
23 22 51
22 40 51
40 36 51
36 42 51
42 23 51
21 20 52
34 21 52
46 34 52
20 35 52
35 46 52
46 33 53
48 32 53
33 37 53
37 48 53
6 5 54
33 35 54
35 6 54
9 8 55
8 29 55
29 28 55
28 45 55
45 9 55
40 46 56
41 49 56
49 40 56
32 41 56
53 32 56
46 53 56
5 4 57
4 44 57
44 37 57
54 5 57
37 33 57
33 54 57
