66
1 0 0
0 1 0
0 0 1
0.2 0.8 0
0.4 0.6 0
0.6 0.4 0
0.8 0.2 0
0 0.0714285 0.928571
0 0.142857 0.857143
0 0.214286 0.785714
0 0.285714 0.714286
0 0.357143 0.642857
0 0.428571 0.571429
0 0.5 0.5
0 0.571429 0.428571
0 0.642857 0.357143
0 0.714286 0.285714
0 0.785714 0.214286
0 0.857143 0.142857
0 0.928571 0.0714286
0.9375 0 0.0625
0.875 0 0.125
0.8125 0 0.1875
0.75 0 0.25
0.6875 0 0.3125
0.625 0 0.375
0.5625 0 0.4375
0.5 0 0.5
0.4375 0 0.5625
0.375 0 0.625
0.3125 0 0.6875
0.25 0 0.75
0.1875 0 0.8125
0.125 0 0.875
0.0624999 0 0.9375
0.155014 0.796889 0.0480972
0.611057 0.143904 0.245039
0.138857 0.449553 0.41159
0.262654 0.161567 0.575779
0.160787 0.595801 0.243412
0.498899 0.387446 0.113655
0.665546 0.259689 0.0747657
0.645854 0.168863 0.185283
0.702747 0.163423 0.13383
0.393846 0.24949 0.356664
0.290085 0.616063 0.093852
0.317516 0.530139 0.152345
0.204083 0.304663 0.491253
0.493984 0.236277 0.26974
0.194481 0.501322 0.304197
0.164419 0.197809 0.637772
0.356995 0.152862 0.490143
0.132271 0.143427 0.724301
0.331953 0.24403 0.424018
0.15344 0.66832 0.17824
0.777507 0.170395 0.0520981
0.130385 0.311422 0.558193
0.083986 0.0852268 0.830787
0.483358 0.322671 0.193972
0.329308 0.449698 0.220994
0.349808 0.601501 0.0486911
0.338959 0.374258 0.286783
0.167122 0.479524 0.353355
0.139933 0.748369 0.111698
0.529924 0.144454 0.325621
0.51212 0.444899 0.0429813


0 6 20
7 2 34
8 7 34
33 8 34
3 1 35
1 19 35
24 23 36
15 14 37
29 28 38
17 16 39
23 22 42
36 23 42
22 21 43
21 41 43
42 22 43
41 40 43
40 42 43
26 25 44
40 45 46
14 13 47
37 14 47
38 28 47
24 36 48
39 16 49
12 11 50
30 29 50
29 38 50
28 27 51
47 28 51
10 9 52
9 32 52
32 31 52
11 10 52
50 11 52
31 30 52
30 50 52
27 26 53
51 27 53
26 44 53
37 47 53
47 51 53
18 17 54
17 39 54
6 5 55
5 41 55
20 6 55
21 20 55
41 21 55
13 12 56
38 47 56
47 13 56
12 50 56
50 38 56
9 8 57
8 33 57
32 9 57
33 32 57
36 42 58
42 40 58
40 46 58
48 36 58
54 39 59
46 54 59
58 46 59
48 58 59
4 3 60
3 35 60
35 45 60
45 40 60
49 44 61
39 49 61
59 39 61
48 59 61
16 15 62
49 16 62
15 37 62
44 49 62
53 44 62
37 53 62
35 19 63
45 35 63
19 18 63
18 54 63
46 45 63
54 46 63
25 24 64
24 48 64
44 25 64
48 61 64
61 44 64
5 4 65
41 5 65
40 41 65
60 40 65
4 60 65
