64
1 0 0
0 1 0
0 0 1
0.2 0.8 0
0.4 0.6 0
0.6 0.4 0
0.8 0.2 0
0 0.0714283 0.928571
0 0.142857 0.857143
0 0.214285 0.785714
0 0.285714 0.714286
0 0.357143 0.642857
0 0.428571 0.571429
0 0.5 0.5
0 0.571428 0.428571
0 0.642857 0.357143
0 0.714286 0.285714
0 0.785714 0.214286
0 0.857143 0.142857
0 0.928571 0.0714286
0.941176 0 0.0588235
0.882353 0 0.117647
0.823529 0 0.176471
0.764706 0 0.235294
0.705882 0 0.294118
0.647059 0 0.352941
0.588235 0 0.411765
0.529412 0 0.470588
0.470588 0 0.529412
0.411765 0 0.588235
0.352941 0 0.647059
0.294118 0 0.705882
0.235294 0 0.764706
0.176471 0 0.823529
0.117647 0 0.882353
0.0588236 0 0.941176
0.159581 0.423433 0.416986
0.247799 0.176008 0.576193
0.165423 0.614679 0.219898
0.481046 0.402595 0.116359
0.636278 0.281776 0.081946
0.413778 0.235069 0.351153
0.267629 0.645329 0.0870421
0.356716 0.487338 0.155946
0.173837 0.332294 0.493868
0.509997 0.216592 0.273411
0.190461 0.507586 0.301952
0.657514 0.181435 0.161051
0.164946 0.199762 0.635291
0.542392 0.251224 0.206384
0.124436 0.317759 0.557805
0.334325 0.267549 0.398126
0.33614 0.193642 0.470217
0.775746 0.173126 0.0511276
0.164109 0.697616 0.138275
0.135024 0.513237 0.351738
0.103045 0.135523 0.761433
0.134681 0.158543 0.706776
0.376683 0.571777 0.0515404
0.327164 0.142167 0.530669
0.125288 0.815686 0.0590259
0.335222 0.448926 0.215852
0.364548 0.345719 0.289733
0.0688631 0.0960069 0.83513


0 6 20
7 2 35
8 7 35
34 8 35
15 14 36
30 29 37
18 17 38
5 4 40
22 21 40
26 25 41
39 42 43
14 13 44
36 14 44
25 24 45
17 16 46
38 17 46
23 22 47
22 40 47
40 39 47
12 11 48
31 30 48
30 37 48
24 23 49
45 24 49
39 43 49
47 39 49
23 47 49
13 12 50
37 44 50
44 13 50
12 48 50
48 37 50
27 26 51
26 41 51
41 46 51
28 27 52
36 44 52
27 51 52
51 36 52
6 5 53
20 6 53
21 20 53
5 40 53
40 21 53
19 18 54
43 42 54
18 38 54
16 15 55
46 16 55
15 36 55
36 51 55
51 46 55
10 9 56
9 33 56
33 32 56
11 10 57
32 31 57
31 48 57
48 11 57
10 56 57
56 32 57
4 3 58
39 40 58
40 4 58
3 42 58
42 39 58
29 28 59
37 29 59
44 37 59
28 52 59
52 44 59
3 1 60
42 3 60
1 19 60
19 54 60
54 42 60
45 49 61
49 43 61
43 54 61
54 38 61
41 25 62
25 45 62
38 46 62
46 41 62
61 38 62
45 61 62
9 8 63
8 34 63
33 9 63
34 33 63
