54
1 0 0
0 1 0
0 0 1
0.2 0.8 0
0.4 0.6 0
0.6 0.4 0
0.8 0.2 0
0 0.0666668 0.933333
0 0.133333 0.866667
0 0.2 0.8
0 0.266667 0.733333
0 0.333333 0.666667
0 0.4 0.6
0 0.466667 0.533333
0 0.533333 0.466667
0 0.6 0.4
0 0.666667 0.333333
0 0.733333 0.266667
0 0.8 0.2
0 0.866667 0.133333
0 0.933333 0.0666667
0.916667 0 0.0833333
0.833333 0 0.166667
0.75 0 0.25
0.666667 0 0.333333
0.583333 0 0.416667
0.5 0 0.5
0.416667 0 0.583333
0.333333 0 0.666667
0.25 0 0.75
0.166667 0 0.833333
0.0833333 0 0.916667
0.166143 0.434369 0.399489
0.239998 0.179707 0.580296
0.479728 0.41814 0.102132
0.748953 0.179283 0.0717643
0.719436 0.143083 0.137481
0.354566 0.285336 0.360098
0.27169 0.631429 0.0968813
0.360913 0.154276 0.484811
0.219292 0.324491 0.456217
0.532273 0.199208 0.268519
0.275375 0.500917 0.223708
0.15025 0.123619 0.726131
0.176805 0.762956 0.0602391
0.510981 0.273808 0.215211
0.451705 0.151171 0.397124
0.195339 0.145627 0.659034
0.196867 0.62301 0.180124
0.251526 0.435733 0.31274
0.56758 0.115852 0.316568
0.536625 0.314453 0.148922
0.10794 0.0832088 0.808851
0.167859 0.295848 0.536293


3 1 20
7 2 31
8 7 31
30 8 31
15 14 32
12 11 33
27 26 33
6 5 34
0 6 35
21 0 35
6 34 35
22 21 36
21 35 36
5 4 38
34 5 38
19 18 38
26 25 39
33 26 39
14 13 40
32 14 40
37 32 40
23 22 41
17 16 42
10 9 43
9 29 43
29 28 43
4 3 44
3 20 44
20 19 44
19 38 44
38 4 44
22 36 45
41 22 45
25 24 46
37 40 46
39 25 46
40 39 46
11 10 47
28 27 47
27 33 47
33 11 47
10 43 47
43 28 47
34 38 48
38 18 48
18 17 48
17 42 48
42 34 48
15 32 49
32 37 49
37 41 49
16 15 49
41 45 49
42 16 49
45 42 49
24 23 50
23 41 50
41 37 50
37 46 50
46 24 50
35 34 51
36 35 51
34 42 51
42 45 51
45 36 51
9 8 52
8 30 52
29 9 52
30 29 52
13 12 53
12 33 53
33 39 53
39 40 53
40 13 53
