68
1 0 0
0 1 0
0 0 1
0.2 0.8 0
0.4 0.6 0
0.6 0.4 0
0.8 0.2 0
0 0.0666666 0.933333
0 0.133333 0.866667
0 0.2 0.8
0 0.266667 0.733333
0 0.333333 0.666667
0 0.4 0.6
0 0.466667 0.533333
0 0.533333 0.466667
0 0.6 0.4
0 0.666667 0.333333
0 0.733333 0.266667
0 0.8 0.2
0 0.866667 0.133333
0 0.933333 0.0666667
0.941176 0 0.0588235
0.882353 0 0.117647
0.823529 0 0.176471
0.764706 0 0.235294
0.705882 0 0.294118
0.647059 0 0.352941
0.588235 0 0.411765
0.529412 0 0.470588
0.470588 0 0.529412
0.411765 0 0.588235
0.352941 0 0.647059
0.294118 0 0.705882
0.235294 0 0.764706
0.176471 0 0.823529
0.117647 0 0.882353
0.0588235 0 0.941177
0.148881 0.803297 0.0478216
0.589654 0.172473 0.237873
0.257852 0.148478 0.59367
0.168125 0.59627 0.235605
0.494392 0.393903 0.111705
0.663381 0.262522 0.0740978
0.648858 0.170571 0.180571
0.702915 0.166444 0.130641
0.392818 0.26244 0.344741
0.282475 0.62401 0.0935151
0.318527 0.531196 0.150276
0.342087 0.180999 0.476914
0.16596 0.336066 0.497974
0.505193 0.20632 0.288487
0.172058 0.525463 0.302479
0.5036 0.451739 0.0446615
0.161191 0.191503 0.647307
0.124306 0.140062 0.735632
0.359626 0.228365 0.412009
0.171214 0.397161 0.431625
0.162987 0.661892 0.17512
0.13781 0.296252 0.565939
0.778023 0.171676 0.0503001
0.369483 0.410934 0.219582
0.490878 0.32884 0.180282
0.172724 0.461638 0.365637
0.321613 0.402732 0.275654
0.296784 0.166001 0.537215
0.33684 0.615265 0.0478955
0.137678 0.752577 0.109744
0.078342 0.0799223 0.841736


0 6 21
7 2 36
8 7 36
35 8 36
3 1 37
1 20 37
25 24 38
31 30 39
18 17 40
24 23 43
38 24 43
23 22 44
22 42 44
43 23 44
42 41 44
41 43 44
27 26 45
41 46 47
29 28 48
14 13 49
26 25 50
25 38 50
45 26 50
17 16 51
40 17 51
5 4 52
42 5 52
41 42 52
12 11 53
32 31 53
31 39 53
11 10 54
33 32 54
10 9 54
9 34 54
34 33 54
32 53 54
53 11 54
28 27 55
27 45 55
48 28 55
15 14 56
14 49 56
49 48 56
48 55 56
19 18 57
18 40 57
13 12 58
49 13 58
12 53 58
53 39 58
6 5 59
5 42 59
21 6 59
22 21 59
42 22 59
50 38 60
47 57 60
57 40 60
38 43 61
43 41 61
41 47 61
47 60 61
60 38 61
45 51 62
55 45 62
51 16 62
16 15 62
15 56 62
56 55 62
45 50 63
51 45 63
40 51 63
50 60 63
60 40 63
30 29 64
29 48 64
48 49 64
39 30 64
49 58 64
58 39 64
4 3 65
3 37 65
37 46 65
52 4 65
46 41 65
41 52 65
20 19 66
37 20 66
46 37 66
19 57 66
47 46 66
57 47 66
9 8 67
8 35 67
34 9 67
35 34 67
