70
1 0 0
0 1 0
0 0 1
0.2 0.8 0
0.4 0.6 0
0.6 0.4 0
0.8 0.2 0
0 0.0666667 0.933333
0 0.133333 0.866667
0 0.2 0.8
0 0.266667 0.733333
0 0.333333 0.666667
0 0.4 0.6
0 0.466667 0.533333
0 0.533333 0.466667
0 0.6 0.4
0 0.666667 0.333333
0 0.733333 0.266667
0 0.8 0.2
0 0.866667 0.133333
0 0.933333 0.0666667
0.9375 0 0.0625
0.875 0 0.125
0.8125 0 0.1875
0.75 0 0.25
0.6875 0 0.3125
0.625 0 0.375
0.5625 0 0.4375
0.5 0 0.5
0.4375 0 0.5625
0.375 0 0.625
0.3125 0 0.6875
0.25 0 0.75
0.1875 0 0.8125
0.125 0 0.875
0.0624999 0 0.9375
0.592172 0.146747 0.261082
0.267898 0.14336 0.588742
0.190876 0.582159 0.226965
0.491105 0.402251 0.106644
0.651915 0.286069 0.0620159
0.643259 0.157741 0.199
0.694677 0.174514 0.130809
0.358194 0.302375 0.339431
0.299801 0.611788 0.0884108
0.315953 0.52643 0.157617
0.376543 0.138383 0.485074
0.190146 0.331321 0.478533
0.448149 0.268352 0.283499
0.171575 0.52803 0.300395
0.466075 0.485349 0.0485768
0.168222 0.187724 0.644053
0.130529 0.139865 0.729607
0.338357 0.243642 0.418001
0.150587 0.424752 0.424662
0.430338 0.3504 0.219261
0.136498 0.694585 0.168917
0.125893 0.297789 0.576319
0.181246 0.452735 0.366019
0.520374 0.318745 0.160881
0.793977 0.134824 0.0711982
0.239554 0.228087 0.532359
0.294604 0.665821 0.039575
0.0820763 0.0818955 0.836028
0.142847 0.745823 0.11133
0.538955 0.13441 0.326635
0.876519 0.0927276 0.0307531
0.135462 0.814331 0.0502068
0.488371 0.126563 0.385065
0.308065 0.420177 0.271758


7 2 35
8 7 35
34 8 35
25 24 36
30 29 37
18 17 38
6 5 40
24 23 41
36 24 41
40 39 42
23 22 42
41 23 42
39 44 45
28 27 46
29 28 46
14 13 47
17 16 49
38 17 49
5 4 50
40 5 50
39 40 50
44 39 50
12 11 51
31 30 51
30 37 51
11 10 52
32 31 52
10 9 52
9 33 52
33 32 52
31 51 52
51 11 52
46 27 53
47 46 53
15 14 54
14 47 54
47 53 54
36 41 55
48 36 55
45 38 55
19 18 56
18 38 56
38 45 56
13 12 57
12 51 57
51 37 57
16 15 58
15 54 58
43 49 58
49 16 58
53 43 58
54 53 58
41 42 59
42 39 59
55 41 59
39 45 59
45 55 59
6 40 60
22 21 60
40 42 60
42 22 60
37 29 61
29 46 61
46 47 61
57 37 61
47 13 61
13 57 61
4 3 62
44 50 62
50 4 62
9 8 63
8 34 63
33 9 63
34 33 63
20 19 64
19 56 64
45 44 64
56 45 64
26 25 65
48 43 65
25 36 65
36 48 65
0 6 66
21 0 66
6 60 66
60 21 66
3 1 67
1 20 67
62 3 67
44 62 67
64 44 67
20 64 67
27 26 68
53 27 68
43 53 68
26 65 68
65 43 68
43 48 69
49 43 69
38 49 69
48 55 69
55 38 69
