63
1 0 0
0 1 0
0 0 1
0.2 0.8 0
0.4 0.6 0
0.6 0.4 0
0.8 0.2 0
0 0.0625002 0.9375
0 0.125 0.875
0 0.1875 0.8125
0 0.25 0.75
0 0.3125 0.6875
0 0.375 0.625
0 0.4375 0.5625
0 0.5 0.5
0 0.5625 0.4375
0 0.625 0.375
0 0.6875 0.3125
0 0.75 0.25
0 0.8125 0.1875
0 0.875 0.125
0 0.9375 0.0625
0.95 0 0.05
0.9 0 0.1
0.85 0 0.15
0.8 0 0.2
0.75 0 0.25
0.7 0 0.3
0.65 0 0.35
0.6 0 0.4
0.55 0 0.45
0.5 0 0.5
0.45 0 0.55
0.4 0 0.6
0.35 0 0.65
0.3 0 0.7
0.25 0 0.75
0.2 0 0.8
0.15 0 0.85
0.1 0 0.9
0.05 0 0.95
0.484245 0.404759 0.110996
0.655054 0.275781 0.0691654
0.367426 0.290832 0.341742
0.18623 0.234255 0.579515
0.266458 0.643994 0.0895486
0.273574 0.568737 0.157689
0.193201 0.33498 0.471819
0.449925 0.295001 0.255074
0.533034 0.272473 0.194493
0.350454 0.239783 0.409764
0.111998 0.142535 0.745467
0.16425 0.203554 0.632196
0.781279 0.173589 0.0451324
0.143891 0.175663 0.680446
0.261712 0.474809 0.263479
0.280757 0.268017 0.451226
0.200995 0.604142 0.194863
0.178944 0.486924 0.334132
0.145213 0.479341 0.375446
0.66711 0.208002 0.124889
0.208717 0.263627 0.527656
0.448198 0.498693 0.053109


0 6 22
10 9 38
37 10 38
9 8 39
38 9 39
7 2 40
8 7 40
39 8 40
5 4 42
24 23 42
29 28 43
30 29 43
14 13 44
34 33 44
3 1 45
41 3 45
1 21 45
21 20 46
45 21 46
16 15 47
28 27 48
26 25 49
25 41 49
41 45 49
27 26 49
45 46 49
46 48 49
48 27 49
31 30 50
30 43 50
11 10 51
10 37 51
36 11 51
37 36 51
13 12 52
35 34 52
34 44 52
44 13 52
6 5 53
22 6 53
23 22 53
5 42 53
42 23 53
12 11 54
11 36 54
36 35 54
35 52 54
52 12 54
19 18 55
18 43 55
43 28 55
28 48 55
32 31 56
47 32 56
16 47 56
31 50 56
46 20 57
48 46 57
20 19 57
19 55 57
55 48 57
18 17 58
43 18 58
50 43 58
17 16 59
16 56 59
56 50 59
50 58 59
58 17 59
25 24 60
41 25 60
24 42 60
14 44 61
44 33 61
15 14 61
47 15 61
33 32 61
32 47 61
4 3 62
3 41 62
41 60 62
42 4 62
60 42 62
