72
1 0 0
0 1 0
0 0 1
0.2 0.8 0
0.4 0.6 0
0.6 0.4 0
0.8 0.2 0
0 0.0625 0.9375
0 0.125 0.875
0 0.1875 0.8125
0 0.25 0.75
0 0.3125 0.6875
0 0.375 0.625
0 0.4375 0.5625
0 0.5 0.5
0 0.5625 0.4375
0 0.625 0.375
0 0.6875 0.3125
0 0.75 0.25
0 0.8125 0.1875
0 0.875 0.125
0 0.9375 0.0625
0.9375 0 0.0625
0.875 0 0.125
0.8125 0 0.1875
0.75 0 0.25
0.6875 0 0.3125
0.625 0 0.375
0.5625 0 0.4375
0.5 0 0.5
0.4375 0 0.5625
0.375 0 0.625
0.3125 0 0.6875
0.25 0 0.75
0.1875 0 0.8125
0.125 0 0.875
0.0625 0 0.9375
0.575982 0.176466 0.247552
0.146859 0.444795 0.408345
0.270057 0.138879 0.591064
0.175924 0.605415 0.218661
0.495956 0.392606 0.111438
0.659322 0.279347 0.0613315
0.673207 0.128438 0.198355
0.692588 0.17267 0.134742
0.395509 0.250196 0.354295
0.298799 0.602641 0.0985597
0.332278 0.503296 0.164425
0.370016 0.146811 0.483173
0.178792 0.349214 0.471994
0.434117 0.271343 0.29454
0.193309 0.521933 0.284758
0.461186 0.489571 0.049243
0.170377 0.180498 0.649124
0.266634 0.690115 0.0432511
0.834067 0.127275 0.0386574
0.139235 0.141007 0.719759
0.332077 0.251989 0.415934
0.523927 0.296787 0.179286
0.154373 0.694153 0.151475
0.219282 0.43322 0.347498
0.376935 0.391635 0.23143
0.7984 0.115092 0.086508
0.131451 0.781563 0.086986
0.541993 0.119183 0.338824
0.1283 0.287453 0.584246
0.261897 0.203808 0.534295
0.491439 0.117805 0.390755
0.110821 0.854602 0.0345774
0.0838075 0.0820695 0.834123
0.106455 0.364164 0.529381
0.108502 0.109626 0.781873


7 2 36
8 7 36
35 8 36
26 25 37
16 15 38
31 30 39
19 18 40
6 5 42
25 24 43
37 25 43
42 41 44
24 23 44
43 24 44
41 46 47
29 28 48
15 14 49
38 15 49
26 37 50
18 17 51
40 18 51
5 4 52
42 5 52
41 42 52
46 41 52
12 11 53
32 31 53
31 39 53
4 3 54
46 52 54
52 4 54
0 6 55
22 0 55
6 42 55
11 10 56
33 32 56
32 53 56
53 11 56
48 28 57
38 49 57
49 48 57
37 43 58
43 44 58
44 41 58
41 47 58
20 19 59
47 46 59
19 40 59
40 47 59
17 16 60
51 17 60
16 38 60
45 50 60
50 51 60
38 57 60
57 45 60
40 51 61
51 50 61
47 40 61
58 47 61
50 37 61
37 58 61
23 22 62
22 55 62
42 44 62
55 42 62
44 23 62
21 20 63
46 54 63
20 59 63
59 46 63
27 26 64
26 50 64
50 45 64
13 12 65
12 53 65
53 39 65
30 29 66
29 48 66
39 30 66
65 39 66
48 49 66
28 27 67
57 28 67
45 57 67
27 64 67
64 45 67
3 1 68
1 21 68
54 3 68
21 63 68
63 54 68
9 8 69
8 35 69
35 34 69
14 13 70
49 14 70
66 49 70
13 65 70
65 66 70
10 9 71
34 33 71
33 56 71
56 10 71
9 69 71
69 34 71
