69
1 0 0
0 1 0
0 0 1
0.2 0.8 0
0.4 0.6 0
0.6 0.4 0
0.8 0.2 0
0 0.0588235 0.941176
0 0.117647 0.882353
0 0.176471 0.823529
0 0.235294 0.764706
0 0.294118 0.705882
0 0.352941 0.647059
0 0.411765 0.588235
0 0.470588 0.529412
0 0.529412 0.470588
0 0.588235 0.411765
0 0.647059 0.352941
0 0.705882 0.294118
0 0.764706 0.235294
0 0.823529 0.176471
0 0.882353 0.117647
0 0.941176 0.0588235
0.933333 0 0.0666667
0.866667 0 0.133333
0.8 0 0.2
0.733333 0 0.266667
0.666667 0 0.333333
0.6 0 0.4
0.533333 0 0.466667
0.466667 0 0.533333
0.4 0 0.6
0.333333 0 0.666667
0.266667 0 0.733333
0.2 0 0.8
0.133333 0 0.866667
0.0666667 0 0.933333
0.613204 0.135179 0.251617
0.222547 0.184529 0.592924
0.167736 0.601538 0.230726
0.517764 0.377492 0.104745
0.668124 0.142955 0.188921
0.764184 0.175318 0.0604984
0.709256 0.166573 0.124171
0.372679 0.274469 0.352851
0.28785 0.607123 0.105027
0.331234 0.505467 0.163298
0.348108 0.154627 0.497264
0.184659 0.331989 0.483353
0.216779 0.496674 0.286548
0.181063 0.165456 0.65348
0.216393 0.726294 0.0573134
0.51647 0.311776 0.171754
0.216791 0.368849 0.41436
0.120512 0.753073 0.126416
0.463529 0.156838 0.379633
0.464368 0.297598 0.238035
0.203626 0.445564 0.350809
0.44259 0.506288 0.0511221
0.410758 0.293344 0.295898
0.194755 0.259743 0.545503
0.555389 0.130822 0.313789
0.122237 0.107296 0.770467
0.1459 0.138525 0.715575
0.33616 0.442807 0.221034
0.632302 0.324734 0.0429633
0.155209 0.672403 0.172388
0.0835354 0.0750201 0.841444
0.386562 0.174643 0.438794


3 1 22
7 2 36
8 7 36
35 8 36
26 25 37
13 12 38
31 30 38
19 18 39
25 24 41
37 25 41
0 6 42
23 0 42
24 23 43
23 42 43
42 40 43
41 24 43
40 45 46
30 29 47
15 14 48
18 17 49
39 18 49
12 11 50
38 12 50
32 31 50
31 38 50
4 3 51
3 22 51
22 21 51
43 40 52
40 46 52
41 43 52
16 15 53
15 48 53
21 20 54
45 51 54
51 21 54
28 27 55
44 53 55
37 41 56
41 52 56
17 16 57
49 17 57
16 53 57
53 44 57
5 4 58
45 40 58
4 51 58
51 45 58
37 56 59
57 44 59
56 49 59
49 57 59
13 38 60
38 30 60
30 47 60
14 13 60
48 14 60
47 48 60
27 26 61
44 55 61
55 27 61
26 37 61
37 59 61
59 44 61
10 9 62
9 34 62
34 33 62
11 10 63
33 32 63
32 50 63
50 11 63
10 62 63
62 33 63
46 39 64
52 46 64
39 49 64
49 56 64
56 52 64
40 42 65
42 6 65
6 5 65
5 58 65
58 40 65
20 19 66
19 39 66
39 46 66
54 20 66
46 45 66
45 54 66
9 8 67
8 35 67
34 9 67
35 34 67
29 28 68
47 29 68
28 55 68
48 47 68
53 48 68
55 53 68
