34
1 0 0
0 1 0
0 0 1
0.2 0.8 0
0.4 0.6 0
0.6 0.4 0
0.8 0.2 0
0 0.0588236 0.941176
0 0.117647 0.882353
0 0.17647 0.823529
0 0.235294 0.764706
0 0.294118 0.705882
0 0.352941 0.647059
0 0.411765 0.588235
0 0.470588 0.529412
0 0.529412 0.470588
0 0.588235 0.411765
0 0.647059 0.352941
0 0.705882 0.294118
0 0.764706 0.235294
0 0.823529 0.176471
0 0.882353 0.117647
0 0.941176 0.0588235
0.916667 0 0.0833333
0.833333 0 0.166667
0.75 0 0.25
0.666667 0 0.333333
0.583333 0 0.416667
0.5 0 0.5
0.416667 0 0.583333
0.333333 0 0.666667
0.25 0 0.75
0.166667 0 0.833333
0.0833334 0 0.916667


0 6 18
6 5 19
18 6 19
5 4 20
19 5 20
4 3 21
20 4 21
3 1 22
21 3 22
0 18 23
18 17 23
17 16 24
23 17 24
16 15 25
24 16 25
15 14 26
25 15 26
14 13 27
26 14 27
13 12 28
27 13 28
12 11 29
28 12 29
11 10 30
29 11 30
10 9 31
30 10 31
9 8 32
31 9 32
7 2 33
8 7 33
32 8 33
