78
1 0 0
0 1 0
0 0 1
0.2 0.8 0
0.4 0.6 0
0.6 0.4 0
0.8 0.2 0
0 0.0588236 0.941176
0 0.117647 0.882353
0 0.176471 0.823529
0 0.235294 0.764706
0 0.294118 0.705882
0 0.352941 0.647059
0 0.411765 0.588235
0 0.470588 0.529412
0 0.529412 0.470588
0 0.588235 0.411765
0 0.647059 0.352941
0 0.705882 0.294118
0 0.764706 0.235294
0 0.823529 0.176471
0 0.882353 0.117647
0 0.941177 0.0588235
0.941176 0 0.0588235
0.882353 0 0.117647
0.823529 0 0.176471
0.764706 0 0.235294
0.705882 0 0.294118
0.647059 0 0.352941
0.588235 0 0.411765
0.529412 0 0.470588
0.470588 0 0.529412
0.411765 0 0.588235
0.352941 0 0.647059
0.294118 0 0.705882
0.235294 0 0.764706
0.176471 0 0.823529
0.117647 0 0.882353
0.0588235 0 0.941176
0.606105 0.135053 0.258842
0.252262 0.150202 0.597536
0.152407 0.606016 0.241577
0.493191 0.397814 0.108995
0.658147 0.281193 0.0606601
0.655753 0.145822 0.198425
0.690565 0.177177 0.132258
0.4017 0.249631 0.348669
0.263064 0.634932 0.102005
0.339918 0.507285 0.152797
0.364056 0.156578 0.479366
0.187339 0.327915 0.484746
0.429126 0.278791 0.292083
0.148107 0.551735 0.300158
0.45814 0.492115 0.0497442
0.500475 0.12101 0.378515
0.167118 0.170798 0.662084
0.266888 0.690798 0.0423145
0.832468 0.129553 0.0379791
0.134514 0.136287 0.729199
0.321069 0.26611 0.412821
0.509178 0.319236 0.171586
0.124378 0.800411 0.0752115
0.162855 0.418553 0.418593
0.152719 0.674954 0.172327
0.479436 0.288802 0.231763
0.241031 0.414758 0.344211
0.798023 0.117462 0.0845156
0.554947 0.126423 0.31863
0.138405 0.307023 0.554572
0.321059 0.471113 0.207828
0.10534 0.111166 0.783494
0.29821 0.164261 0.53753
0.455095 0.11276 0.432145
0.106118 0.51494 0.378941
0.112952 0.277378 0.60967
0.110068 0.858239 0.0316926
0.303356 0.427263 0.269381
0.0751785 0.0732923 0.851529


7 2 38
8 7 38
37 8 38
27 26 39
33 32 40
19 18 41
6 5 43
26 25 44
39 26 44
43 42 45
25 24 45
44 25 45
42 47 48
31 30 49
15 14 50
18 17 52
41 18 52
5 4 53
43 5 53
42 43 53
47 42 53
29 28 54
12 11 55
34 33 55
33 40 55
4 3 56
53 4 56
47 53 56
0 6 57
23 0 57
6 43 57
11 10 58
35 34 58
34 55 58
55 11 58
54 46 59
50 49 59
44 45 60
45 42 60
42 48 60
22 21 61
21 47 61
47 56 61
16 15 62
15 50 62
50 59 62
20 19 63
19 41 63
21 20 63
47 21 63
48 47 63
39 44 64
44 60 64
51 39 64
52 17 65
46 51 65
59 46 65
62 59 65
43 45 66
45 24 66
24 23 66
23 57 66
57 43 66
28 27 67
51 46 67
27 39 67
39 51 67
46 54 67
54 28 67
14 13 68
50 14 68
48 63 69
63 41 69
60 48 69
64 60 69
10 9 70
9 36 70
36 35 70
35 58 70
58 10 70
32 31 71
40 32 71
68 40 71
31 49 71
49 50 71
50 68 71
30 29 72
49 30 72
59 49 72
29 54 72
54 59 72
17 16 73
16 62 73
62 65 73
65 17 73
13 12 74
12 55 74
55 40 74
40 68 74
68 13 74
3 1 75
1 22 75
22 61 75
56 3 75
61 56 75
41 52 76
52 65 76
65 51 76
69 41 76
51 64 76
64 69 76
9 8 77
8 37 77
36 9 77
37 36 77
