76
1 0 0
0 1 0
0 0 1
0.2 0.8 0
0.4 0.6 0
0.6 0.4 0
0.8 0.2 0
0 0.0588235 0.941176
0 0.117647 0.882353
0 0.176471 0.823529
0 0.235294 0.764706
0 0.294118 0.705882
0 0.352941 0.647059
0 0.411765 0.588235
0 0.470588 0.529412
0 0.529412 0.470588
0 0.588235 0.411765
0 0.647059 0.352941
0 0.705882 0.294118
0 0.764706 0.235294
0 0.823529 0.176471
0 0.882353 0.117647
0 0.941177 0.0588235
0.9375 0 0.0625
0.875 0 0.125
0.8125 0 0.1875
0.75 0 0.25
0.6875 0 0.3125
0.625 0 0.375
0.5625 0 0.4375
0.5 0 0.5
0.4375 0 0.5625
0.375 0 0.625
0.3125 0 0.6875
0.25 0 0.75
0.1875 0 0.8125
0.125 0 0.875
0.0624999 0 0.9375
0.270188 0.135118 0.594694
0.180338 0.588108 0.231553
0.491398 0.39494 0.113662
0.644353 0.278558 0.0770899
0.619224 0.166785 0.213992
0.686169 0.175595 0.138236
0.390248 0.264462 0.345289
0.285576 0.612465 0.10196
0.816074 0.144983 0.0389429
0.330919 0.501786 0.167295
0.373776 0.156936 0.469288
0.187747 0.330492 0.481761
0.450674 0.264508 0.284819
0.208393 0.500256 0.291351
0.171178 0.172577 0.656245
0.263732 0.694258 0.0420107
0.119213 0.334073 0.546714
0.140568 0.135419 0.724012
0.331325 0.262272 0.406402
0.515586 0.313562 0.170852
0.124706 0.798254 0.0770391
0.160424 0.423125 0.416451
0.159456 0.66881 0.171734
0.238307 0.414518 0.347175
0.470889 0.477801 0.0513107
0.387629 0.383529 0.228842
0.470431 0.119845 0.409724
0.517744 0.137272 0.344984
0.109989 0.110817 0.779194
0.79172 0.120817 0.0874633
0.131197 0.270758 0.598044
0.279546 0.183482 0.536972
0.607424 0.110893 0.281683
0.106493 0.861931 0.0315757
0.0794657 0.0742335 0.846301
0.099235 0.5236 0.377165
0.118587 0.754481 0.126931
0.6648 0.304688 0.0305119


7 2 37
8 7 37
36 8 37
32 31 38
19 18 39
26 25 42
41 40 43
25 24 43
42 25 43
0 6 46
23 0 46
40 45 47
30 29 48
15 14 49
18 17 51
39 18 51
12 11 52
33 32 52
32 38 52
4 3 53
14 13 54
49 14 54
11 10 55
34 33 55
33 52 55
52 11 55
49 48 56
42 43 57
43 40 57
40 47 57
22 21 58
45 53 58
16 15 59
15 49 59
49 56 59
20 19 60
19 39 60
39 47 60
47 45 60
51 17 61
44 50 61
50 51 61
56 44 61
59 56 61
40 41 62
45 40 62
5 4 62
4 53 62
53 45 62
39 51 63
51 50 63
47 39 63
57 47 63
50 42 63
42 57 63
29 28 64
48 29 64
56 48 64
28 27 65
50 44 65
64 28 65
44 56 65
56 64 65
10 9 66
9 35 66
35 34 66
34 55 66
55 10 66
24 23 67
43 24 67
41 43 67
23 46 67
46 41 67
13 12 68
12 52 68
52 38 68
54 13 68
31 30 69
38 31 69
30 48 69
48 49 69
49 54 69
54 68 69
68 38 69
27 26 70
26 42 70
42 50 70
50 65 70
65 27 70
3 1 71
1 22 71
22 58 71
53 3 71
58 53 71
9 8 72
8 36 72
35 9 72
36 35 72
17 16 73
61 17 73
16 59 73
59 61 73
45 58 74
58 21 74
21 20 74
20 60 74
60 45 74
6 5 75
41 46 75
46 6 75
5 62 75
62 41 75
