53
1 0 0
0 1 0
0 0 1
0.2 0.8 0
0.4 0.6 0
0.6 0.4 0
0.8 0.2 0
0 0.0588235 0.941176
0 0.117647 0.882353
0 0.17647 0.823529
0 0.235294 0.764706
0 0.294117 0.705882
0 0.352941 0.647059
0 0.411765 0.588235
0 0.470588 0.529412
0 0.529412 0.470588
0 0.588235 0.411765
0 0.647059 0.352941
0 0.705882 0.294118
0 0.764706 0.235294
0 0.823529 0.176471
0 0.882353 0.117647
0 0.941176 0.0588235
0.923077 0 0.0769231
0.846154 0 0.153846
0.769231 0 0.230769
0.692308 0 0.307692
0.615385 0 0.384615
0.538462 0 0.461538
0.461538 0 0.538462
0.384615 0 0.615385
0.307692 0 0.692308
0.230769 0 0.769231
0.153846 0 0.846154
0.0769231 0 0.923077
0.43368 0.457751 0.108569
0.682181 0.226524 0.0912945
0.359878 0.284267 0.355855
0.240792 0.200027 0.559181
0.282175 0.634332 0.0834929
0.528548 0.214658 0.256794
0.322826 0.482066 0.195108
0.285449 0.229573 0.484978
0.545061 0.264203 0.190736
0.192248 0.653046 0.154706
0.434457 0.169378 0.396166
0.214072 0.162509 0.623419
0.269827 0.418467 0.311706
0.178188 0.139059 0.682753
0.22801 0.501433 0.270557
0.138997 0.10048 0.760524
0.175312 0.771006 0.0536814
0.205097 0.345136 0.449767


3 1 22
9 8 33
32 9 33
7 2 34
8 7 34
33 8 34
6 5 35
0 6 36
6 35 36
23 0 36
16 15 37
26 25 37
13 12 38
29 28 38
5 4 39
21 20 39
35 5 39
25 24 40
37 25 40
19 18 41
35 19 41
36 35 41
14 13 42
28 27 42
13 38 42
38 28 42
24 23 43
40 24 43
23 36 43
36 41 43
20 19 44
19 35 44
35 39 44
39 20 44
27 26 45
26 37 45
42 27 45
12 11 46
30 29 46
29 38 46
38 12 46
17 16 47
16 37 47
37 40 47
40 43 47
11 10 48
10 31 48
31 30 48
30 46 48
46 11 48
18 17 49
41 18 49
43 41 49
17 47 49
47 43 49
10 9 50
9 32 50
31 10 50
32 31 50
4 3 51
3 22 51
22 21 51
21 39 51
39 4 51
15 14 52
37 15 52
45 37 52
14 42 52
42 45 52
