81
1 0 0
0 1 0
0 0 1
0.2 0.8 0
0.4 0.6 0
0.6 0.4 0
0.8 0.2 0
0 0.0555555 0.944444
0 0.111111 0.888889
0 0.166667 0.833333
0 0.222222 0.777778
0 0.277778 0.722222
0 0.333333 0.666667
0 0.388889 0.611111
0 0.444444 0.555556
0 0.5 0.5
0 0.555556 0.444444
0 0.611111 0.388889
0 0.666667 0.333333
0 0.722222 0.277778
0 0.777778 0.222222
0 0.833333 0.166667
0 0.888889 0.111111
0 0.944445 0.0555556
0.947368 0 0.0526316
0.894737 0 0.105263
0.842105 0 0.157895
0.789474 0 0.210526
0.736842 0 0.263158
0.684211 0 0.315789
0.631579 0 0.368421
0.578947 0 0.421053
0.526316 0 0.473684
0.473684 0 0.526316
0.421053 0 0.578947
0.368421 0 0.631579
0.31579 0 0.68421
0.263158 0 0.736842
0.210526 0 0.789474
0.157895 0 0.842105
0.105263 0 0.894737
0.0526316 0 0.947368
0.151623 0.806954 0.0414231
0.142906 0.441595 0.415499
0.261573 0.16037 0.578057
0.196873 0.570819 0.232308
0.476615 0.422383 0.101001
0.674728 0.246547 0.0787254
0.651265 0.162822 0.185913
0.688474 0.181306 0.13022
0.36107 0.303259 0.335671
0.276421 0.630917 0.0926614
0.325082 0.514117 0.160801
0.370593 0.142366 0.487042
0.201595 0.328756 0.469649
0.511528 0.207988 0.280485
0.708868 0.259637 0.0314943
0.174035 0.524622 0.301343
0.523212 0.434863 0.041925
0.16144 0.184956 0.653604
0.135005 0.143588 0.721407
0.308222 0.286893 0.404885
0.116115 0.800745 0.0831397
0.435438 0.347828 0.216733
0.145932 0.672004 0.182064
0.178597 0.459186 0.362217
0.151353 0.252614 0.596033
0.476682 0.138846 0.384472
0.51806 0.322783 0.159158
0.297096 0.173038 0.529867
0.618813 0.147224 0.233963
0.139205 0.325677 0.535118
0.816166 0.123634 0.0602001
0.325368 0.401977 0.272655
0.527352 0.140058 0.332591
0.406125 0.154702 0.439173
0.0920338 0.101406 0.80656
0.869843 0.10496 0.0251968
0.153786 0.715556 0.130658
0.336921 0.617381 0.0456981
0.0679172 0.0683131 0.86377


7 2 41
8 7 41
40 8 41
3 1 42
1 23 42
17 16 43
35 34 44
20 19 45
27 26 48
26 25 49
25 47 49
48 26 49
47 46 49
46 51 52
33 32 53
16 15 54
43 16 54
29 28 55
6 5 56
19 18 57
45 19 57
5 4 58
46 47 58
47 56 58
56 5 58
13 12 59
36 35 59
11 10 60
10 38 60
38 37 60
12 11 60
59 12 60
37 36 60
36 59 60
43 54 61
23 22 62
42 23 62
51 42 62
52 45 63
21 20 64
20 45 64
45 52 64
18 17 65
17 43 65
50 57 65
57 18 65
43 61 65
61 50 65
14 13 66
35 44 66
59 35 66
13 59 66
31 30 67
50 61 67
48 49 68
49 46 68
46 52 68
52 63 68
63 48 68
34 33 69
44 34 69
33 53 69
53 54 69
28 27 70
27 48 70
48 63 70
55 28 70
63 55 70
14 66 71
66 44 71
15 14 71
44 69 71
54 15 71
69 54 71
25 24 72
47 25 72
56 47 72
50 55 73
57 50 73
45 57 73
55 63 73
63 45 73
30 29 74
29 55 74
55 50 74
50 67 74
67 30 74
32 31 75
53 32 75
54 53 75
61 54 75
31 67 75
67 61 75
10 9 76
9 39 76
38 10 76
39 38 76
0 6 77
24 0 77
72 24 77
6 56 77
56 72 77
62 22 78
52 51 78
51 62 78
22 21 78
21 64 78
64 52 78
4 3 79
3 42 79
42 51 79
58 4 79
51 46 79
46 58 79
9 8 80
8 40 80
39 9 80
40 39 80
