71
1 0 0
0 1 0
0 0 1
0.2 0.8 0
0.4 0.6 0
0.6 0.4 0
0.8 0.2 0
0 0.0526315 0.947369
0 0.105263 0.894737
0 0.157895 0.842105
0 0.210526 0.789474
0 0.263158 0.736842
0 0.31579 0.684211
0 0.368421 0.631579
0 0.421053 0.578947
0 0.473684 0.526316
0 0.526316 0.473684
0 0.578947 0.421053
0 0.631579 0.368421
0 0.684211 0.315789
0 0.736842 0.263158
0 0.789474 0.210526
0 0.842105 0.157895
0 0.894737 0.105263
0 0.947368 0.0526316
0.9375 0 0.0625
0.875 0 0.125
0.8125 0 0.1875
0.75 0 0.25
0.6875 0 0.3125
0.625 0 0.375
0.5625 0 0.4375
0.5 0 0.5
0.4375 0 0.5625
0.375 0 0.625
0.3125 0 0.6875
0.25 0 0.75
0.1875 0 0.8125
0.125 0 0.875
0.0624999 0 0.9375
0.273093 0.141596 0.585311
0.193123 0.578763 0.228114
0.461767 0.436804 0.101429
0.64073 0.16045 0.198821
0.715848 0.217932 0.0662198
0.382651 0.267219 0.35013
0.255476 0.648426 0.0960988
0.3481 0.162687 0.489213
0.20504 0.319695 0.475265
0.494391 0.234301 0.271308
0.212833 0.494875 0.292292
0.232692 0.611339 0.155969
0.606454 0.227854 0.165691
0.721588 0.166021 0.112392
0.143102 0.125929 0.73097
0.293791 0.290149 0.41606
0.189616 0.75715 0.0532337
0.459755 0.386882 0.153363
0.219148 0.432974 0.347877
0.430173 0.143411 0.426416
0.166179 0.152126 0.681695
0.4039 0.370314 0.225786
0.542019 0.407873 0.0501088
0.211918 0.232263 0.555819
0.512049 0.124871 0.36308
0.172974 0.421297 0.405729
0.10451 0.0979344 0.797556
0.570903 0.122381 0.306716
0.157806 0.203455 0.63874
0.143985 0.328135 0.52788
0.387374 0.572323 0.0403037


3 1 24
9 8 38
37 9 38
7 2 39
8 7 39
38 8 39
33 32 40
34 33 40
21 20 41
20 19 41
27 26 43
0 6 44
25 0 44
23 22 46
32 31 47
16 15 48
28 27 49
27 43 49
19 18 50
41 19 50
21 41 51
22 21 51
46 22 51
42 46 51
43 26 52
26 25 53
52 26 53
25 44 53
11 10 54
10 36 54
36 35 54
16 48 55
4 3 56
3 24 56
24 23 56
23 46 56
42 51 57
51 41 57
44 42 57
53 44 57
52 53 57
18 17 58
50 18 58
45 49 58
49 50 58
31 30 59
47 31 59
48 47 59
55 48 59
12 11 60
35 34 60
11 54 60
54 35 60
49 43 61
50 49 61
41 50 61
43 52 61
52 57 61
57 41 61
6 5 62
42 44 62
44 6 62
46 42 62
14 13 63
13 40 63
40 32 63
32 47 63
30 29 64
45 55 64
55 59 64
59 30 64
17 16 65
16 55 65
55 45 65
45 58 65
58 17 65
10 9 66
9 37 66
36 10 66
37 36 66
29 28 67
28 49 67
49 45 67
45 64 67
64 29 67
13 12 68
40 13 68
34 40 68
12 60 68
60 34 68
15 14 69
47 48 69
48 15 69
14 63 69
63 47 69
5 4 70
4 56 70
56 46 70
46 62 70
62 5 70
