85
1 0 0
0 1 0
0 0 1
0.2 0.8 0
0.4 0.6 0
0.6 0.4 0
0.8 0.2 0
0 0.0526316 0.947369
0 0.105263 0.894737
0 0.157895 0.842105
0 0.210526 0.789474
0 0.263158 0.736842
0 0.315789 0.684211
0 0.368421 0.631579
0 0.421053 0.578947
0 0.473684 0.526316
0 0.526316 0.473684
0 0.578947 0.421053
0 0.631579 0.368421
0 0.684211 0.315789
0 0.736842 0.263158
0 0.789474 0.210526
0 0.842105 0.157895
0 0.894737 0.105263
0 0.947369 0.0526316
0.947368 0 0.0526316
0.894737 0 0.105263
0.842105 0 0.157895
0.789474 0 0.210526
0.736842 0 0.263158
0.684211 0 0.315789
0.631579 0 0.368421
0.578947 0 0.421053
0.526316 0 0.473684
0.473684 0 0.526316
0.421053 0 0.578947
0.368421 0 0.631579
0.315789 0 0.684211
0.263158 0 0.736842
0.210526 0 0.789474
0.157895 0 0.842105
0.105263 0 0.894737
0.0526315 0 0.947369
0.13351 0.833219 0.0332713
0.251644 0.158022 0.590334
0.197534 0.575816 0.226651
0.47577 0.422096 0.102134
0.647824 0.286451 0.0657253
0.654621 0.156808 0.188571
0.692016 0.180554 0.127431
0.381977 0.264023 0.354
0.287077 0.613103 0.0998204
0.794588 0.171466 0.0339454
0.319792 0.519637 0.160572
0.37179 0.141593 0.486617
0.177038 0.332643 0.49032
0.483037 0.241079 0.275884
0.17101 0.539019 0.289971
0.494039 0.463234 0.0427264
0.171044 0.176797 0.652159
0.134773 0.315562 0.549665
0.136364 0.137163 0.726473
0.314622 0.287717 0.397661
0.519302 0.31751 0.163187
0.136985 0.786662 0.0763536
0.157743 0.409356 0.432901
0.436891 0.345124 0.217984
0.117044 0.282758 0.600198
0.14326 0.680806 0.175934
0.484336 0.129603 0.386061
0.198441 0.456872 0.344687
0.796709 0.123226 0.0800652
0.294545 0.170208 0.535248
0.146787 0.726395 0.126819
0.303577 0.248299 0.448124
0.528535 0.141675 0.329791
0.615978 0.144477 0.239545
0.321357 0.415188 0.263455
0.313821 0.637697 0.0484824
0.094601 0.0945333 0.810866
0.141644 0.472029 0.386328
0.356788 0.33327 0.309942
0.0657142 0.0669791 0.867307
0.612963 0.100436 0.286601
0.445533 0.117551 0.436916


7 2 42
8 7 42
41 8 42
3 1 43
1 24 43
36 35 44
21 20 45
28 27 48
27 26 49
47 46 49
48 27 49
0 6 52
25 0 52
6 5 52
5 47 52
46 51 53
34 33 54
16 15 55
20 19 57
45 20 57
5 4 58
47 5 58
46 47 58
13 12 59
37 36 59
36 44 59
15 14 60
55 15 60
12 11 61
38 37 61
11 10 61
10 39 61
39 38 61
37 59 61
59 12 61
48 49 63
49 46 63
46 53 63
24 23 64
43 24 64
17 16 65
16 55 65
53 45 66
63 53 66
48 63 66
14 13 67
13 59 67
59 44 67
44 60 67
60 14 67
22 21 68
21 45 68
45 53 68
32 31 69
50 62 69
19 18 70
57 19 70
62 50 70
47 49 71
49 26 71
26 25 71
25 52 71
52 47 71
35 34 72
44 35 72
60 44 72
34 54 72
54 55 72
55 60 72
23 22 73
51 64 73
64 23 73
22 68 73
53 51 73
68 53 73
55 54 74
65 55 74
62 65 74
31 30 75
50 69 75
69 31 75
29 28 76
28 48 76
48 66 76
66 56 76
45 57 77
66 45 77
56 66 77
4 3 78
3 43 78
58 4 78
51 46 78
46 58 78
64 51 78
43 64 78
10 9 79
9 40 79
39 10 79
40 39 79
18 17 80
17 65 80
70 18 80
65 62 80
62 70 80
50 75 81
75 56 81
56 77 81
70 50 81
57 70 81
77 57 81
9 8 82
8 41 82
40 9 82
41 40 82
30 29 83
56 75 83
75 30 83
29 76 83
76 56 83
33 32 84
54 33 84
74 54 84
32 69 84
69 62 84
62 74 84
