63
1 0 0
0 1 0
0 0 1
0.2 0.8 0
0.4 0.6 0
0.6 0.4 0
0.8 0.2 0
0 0.05 0.95
0 0.0999999 0.9
0 0.15 0.85
0 0.2 0.8
0 0.25 0.75
0 0.3 0.7
0 0.35 0.65
0 0.4 0.6
0 0.45 0.55
0 0.5 0.5
0 0.55 0.45
0 0.6 0.4
0 0.65 0.35
0 0.7 0.3
0 0.75 0.25
0 0.8 0.2
0 0.85 0.15
0 0.9 0.1
0 0.95 0.05
0.9375 0 0.0625
0.875 0 0.125
0.8125 0 0.1875
0.75 0 0.25
0.6875 0 0.3125
0.625 0 0.375
0.5625 0 0.4375
0.5 0 0.5
0.4375 0 0.5625
0.375 0 0.625
0.3125 0 0.6875
0.25 0 0.75
0.1875 0 0.8125
0.125 0 0.875
0.0625 0 0.9375
0.450719 0.444792 0.104488
0.359496 0.291692 0.348812
0.292678 0.611597 0.0957255
0.285159 0.251337 0.463505
0.492592 0.235731 0.271677
0.321894 0.475371 0.202734
0.590293 0.246054 0.163653
0.326805 0.265668 0.407526
0.589054 0.201748 0.209198
0.658117 0.247179 0.0947044
0.239054 0.192501 0.568444
0.213918 0.166216 0.619866
0.225594 0.443797 0.330609
0.171294 0.139736 0.688971
0.547283 0.403651 0.0490662
0.273631 0.553994 0.172375
0.294041 0.439902 0.266057
0.175658 0.781506 0.0428361
0.108766 0.0881904 0.803044
0.143317 0.11126 0.745423
0.267259 0.218685 0.514056
0.279347 0.663465 0.0571879


3 1 25
9 8 39
38 9 39
7 2 40
8 7 40
39 8 40
18 17 42
30 29 42
23 22 43
22 41 43
16 15 44
32 31 44
29 28 45
42 29 45
21 20 46
27 26 47
17 16 48
16 44 48
42 17 48
31 30 48
44 31 48
30 42 48
28 27 49
27 47 49
45 28 49
0 6 50
6 41 50
26 0 50
47 26 50
46 47 50
14 13 51
34 33 51
13 12 52
12 35 52
35 34 52
34 51 52
51 13 52
19 18 53
18 42 53
42 45 53
12 11 54
11 36 54
35 12 54
36 35 54
6 5 55
5 43 55
41 6 55
43 41 55
22 21 56
41 22 56
21 46 56
46 50 56
50 41 56
20 19 57
46 20 57
47 46 57
49 47 57
45 49 57
53 45 57
19 53 57
4 3 58
3 25 58
25 24 58
10 9 59
9 38 59
37 10 59
38 37 59
11 10 60
10 37 60
36 11 60
37 36 60
15 14 61
33 32 61
32 44 61
44 15 61
14 51 61
51 33 61
5 4 62
43 5 62
24 23 62
23 43 62
4 58 62
58 24 62
