22
1 0 0
0 1 0
0 0 1
0.2 0.8 0
0.4 0.6 0
0.6 0.4 0
0.8 0.2 0
0 0.25 0.75
0 0.5 0.5
0 0.75 0.25
0.833333 0 0.166667
0.666667 0 0.333333
0.5 0 0.5
0.333333 0 0.666667
0.166667 0 0.833333
0.163049 0.554472 0.282478
0.483793 0.364182 0.152026
0.354737 0.275189 0.370074
0.174815 0.268161 0.557024
0.664635 0.180043 0.155322
0.314682 0.528904 0.156414
0.538068 0.165187 0.296746


3 1 9
0 6 10
7 2 14
3 9 15
9 8 15
5 4 16
13 12 17
8 7 18
7 14 18
14 13 18
13 17 18
15 8 18
17 15 18
6 5 19
10 6 19
11 10 19
5 16 19
4 3 20
3 15 20
15 17 20
16 4 20
17 16 20
12 11 21
16 17 21
17 12 21
11 19 21
19 16 21
