21
1 0 0
0 1 0
0 0 1
0.2 0.8 0
0.4 0.6 0
0.6 0.4 0
0.8 0.2 0
0 0.2 0.8
0 0.4 0.6
0 0.6 0.4
0 0.8 0.2
0.75 0 0.25
0.5 0 0.5
0.25 0 0.75
0.223204 0.185693 0.591103
0.197349 0.600739 0.201912
0.613892 0.182991 0.203117
0.402665 0.229378 0.367956
0.414158 0.400786 0.185056
0.195902 0.404316 0.399782
0.110042 0.0856871 0.804271


3 1 10
0 6 11
8 7 14
13 12 14
4 3 15
3 10 15
10 9 15
6 5 16
11 6 16
12 11 16
14 12 17
12 16 17
5 4 18
4 15 18
16 5 18
17 16 18
9 8 19
15 9 19
8 14 19
14 17 19
18 15 19
17 18 19
7 2 20
2 13 20
13 14 20
14 7 20
