38
1 0 0
0 1 0
0 0 1
0.2 0.8 0
0.4 0.6 0
0.6 0.4 0
0.8 0.2 0
0 0.125 0.875
0 0.25 0.75
0 0.375 0.625
0 0.5 0.5
0 0.625 0.375
0 0.75 0.25
0 0.875 0.125
0.916667 0 0.0833333
0.833333 0 0.166667
0.75 0 0.25
0.666667 0 0.333333
0.583333 0 0.416667
0.5 0 0.5
0.416667 0 0.583333
0.333333 0 0.666667
0.25 0 0.75
0.166667 0 0.833333
0.0833334 0 0.916667
0.189441 0.571837 0.238722
0.479122 0.401303 0.119575
0.372306 0.296261 0.331434
0.159228 0.237629 0.603143
0.334998 0.487499 0.177503
0.19497 0.298386 0.506644
0.641613 0.256422 0.101965
0.237673 0.368223 0.394104
0.491803 0.217981 0.290216
0.764749 0.166569 0.0686822
0.111047 0.151186 0.737767
0.146313 0.74473 0.108957
0.554499 0.219839 0.225662


0 6 14
7 2 24
8 7 24
23 8 24
13 12 25
4 3 26
19 18 27
10 9 28
9 22 28
22 21 28
25 27 29
26 3 29
11 10 30
10 28 30
21 20 30
28 21 30
5 4 31
4 26 31
16 15 31
26 16 31
19 27 32
25 12 32
27 25 32
12 11 32
11 30 32
20 19 32
30 20 32
18 17 33
27 18 33
29 27 33
6 5 34
14 6 34
15 14 34
5 31 34
31 15 34
9 8 35
8 23 35
22 9 35
23 22 35
3 1 36
29 3 36
1 13 36
13 25 36
25 29 36
17 16 37
16 26 37
33 17 37
26 29 37
29 33 37
