40
1 0 0
0 1 0
0 0 1
0.2 0.8 0
0.4 0.6 0
0.6 0.4 0
0.8 0.2 0
0 0.111111 0.888889
0 0.222222 0.777778
0 0.333333 0.666667
0 0.444445 0.555556
0 0.555556 0.444444
0 0.666667 0.333333
0 0.777778 0.222222
0 0.888889 0.111111
0.923077 0 0.0769231
0.846154 0 0.153846
0.769231 0 0.230769
0.692308 0 0.307692
0.615385 0 0.384615
0.538462 0 0.461538
0.461538 0 0.538462
0.384615 0 0.615385
0.307692 0 0.692308
0.230769 0 0.769231
0.153846 0 0.846154
0.076923 0 0.923077
0.171817 0.583804 0.24438
0.495767 0.366749 0.137484
0.378903 0.298742 0.322356
0.173011 0.253339 0.57365
0.283244 0.60751 0.109246
0.208605 0.311468 0.479927
0.4575 0.29884 0.243659
0.644776 0.257127 0.0980963
0.248845 0.373201 0.377954
0.138114 0.208078 0.653808
0.21919 0.610514 0.170295
0.767957 0.166768 0.0652751
0.096216 0.141012 0.762772


0 6 15
7 2 26
8 7 26
25 8 26
14 13 27
4 3 28
18 17 28
20 19 29
11 10 30
23 22 30
3 1 31
28 3 31
12 11 32
22 21 32
11 30 32
30 22 32
19 18 33
29 19 33
18 28 33
28 31 33
5 4 34
17 16 34
4 28 34
28 17 34
13 12 35
27 13 35
21 20 35
20 29 35
29 27 35
12 32 35
32 21 35
10 9 36
9 24 36
24 23 36
23 30 36
30 10 36
1 14 37
31 1 37
14 27 37
27 29 37
29 33 37
33 31 37
6 5 38
15 6 38
16 15 38
5 34 38
34 16 38
9 8 39
8 25 39
24 9 39
25 24 39
