43
1 0 0
0 1 0
0 0 1
0.166667 0.833333 0
0.333333 0.666667 0
0.5 0.5 0
0.666667 0.333333 0
0.833333 0.166667 0
0 0.1 0.9
0 0.2 0.8
0 0.3 0.7
0 0.4 0.6
0 0.5 0.5
0 0.6 0.4
0 0.7 0.3
0 0.8 0.2
0 0.9 0.1
0.875 0 0.125
0.75 0 0.25
0.625 0 0.375
0.5 0 0.5
0.375 0 0.625
0.25 0 0.75
0.125 0 0.875
0.597859 0.12877 0.273371
0.134659 0.475173 0.390168
0.255619 0.144748 0.599633
0.176052 0.598195 0.225753
0.438223 0.43977 0.122007
0.642938 0.268074 0.0889884
0.746182 0.122132 0.131685
0.397234 0.249402 0.353364
0.268401 0.622684 0.108915
0.185155 0.348708 0.466137
0.496496 0.290292 0.213212
0.160522 0.127203 0.712275
0.154455 0.762895 0.0826506
0.490748 0.115894 0.393357
0.149232 0.273551 0.577218
0.257864 0.477139 0.264997
0.331259 0.188387 0.480354
0.294977 0.371765 0.333258
0.103453 0.0838649 0.812682


3 1 16
8 2 23
19 18 24
13 12 25
21 20 26
15 14 27
14 13 27
6 5 28
7 6 29
6 28 29
0 7 30
17 0 30
18 17 30
24 18 30
7 29 30
15 27 32
5 4 32
28 5 32
27 28 32
12 11 33
25 12 33
24 30 34
30 29 34
31 24 34
29 28 34
10 9 35
26 10 35
22 21 35
21 26 35
4 3 36
32 4 36
3 16 36
16 15 36
15 32 36
20 19 37
19 24 37
24 31 37
11 10 38
10 26 38
33 11 38
13 25 39
27 13 39
28 27 39
34 28 39
26 20 40
20 37 40
31 33 40
37 31 40
38 26 40
33 38 40
25 33 41
33 31 41
39 25 41
31 34 41
34 39 41
9 8 42
8 23 42
23 22 42
22 35 42
35 9 42
