32
1 0 0
0 1 0
0 0 1
0.166667 0.833333 0
0.333333 0.666667 0
0.5 0.5 0
0.666667 0.333333 0
0.833333 0.166667 0
0 0.1 0.9
0 0.2 0.8
0 0.3 0.7
0 0.4 0.6
0 0.5 0.5
0 0.6 0.4
0 0.7 0.3
0 0.8 0.2
0 0.9 0.1
0.8 0 0.2
0.6 0 0.4
0.4 0 0.6
0.2 0 0.8
0.28905 0.140817 0.570132
0.58407 0.185115 0.230815
0.23784 0.634359 0.1278
0.311865 0.504484 0.183651
0.286054 0.235681 0.478265
0.533443 0.319256 0.147301
0.3018 0.399953 0.298247
0.251873 0.334724 0.413403
0.151122 0.0787342 0.770144
0.126268 0.79849 0.0752426
0.521618 0.106729 0.371653


3 1 16
8 2 20
10 9 21
9 19 21
19 18 21
0 7 22
17 0 22
5 4 23
4 15 23
15 14 23
6 5 24
14 13 24
5 23 24
23 14 24
11 10 25
10 21 25
22 7 26
7 6 26
6 24 26
22 26 27
13 12 27
24 13 27
26 24 27
12 11 28
11 25 28
25 22 28
22 27 28
27 12 28
9 8 29
8 20 29
19 9 29
20 19 29
4 3 30
3 16 30
15 4 30
16 15 30
18 17 31
21 18 31
25 21 31
17 22 31
22 25 31
