42
1 0 0
0 1 0
0 0 1
0.166667 0.833333 0
0.333333 0.666667 0
0.5 0.5 0
0.666667 0.333333 0
0.833333 0.166667 0
0 0.0909091 0.909091
0 0.181818 0.818182
0 0.272727 0.727273
0 0.363636 0.636364
0 0.454545 0.545454
0 0.545455 0.454545
0 0.636364 0.363636
0 0.727273 0.272727
0 0.818182 0.181818
0 0.909091 0.0909091
0.857143 0 0.142857
0.714286 0 0.285714
0.571429 0 0.428571
0.428571 0 0.571429
0.285714 0 0.714286
0.142857 0 0.857143
0.616495 0.126487 0.257018
0.252427 0.159769 0.587803
0.198689 0.582398 0.218913
0.430885 0.454817 0.114298
0.738794 0.135163 0.126044
0.387832 0.243419 0.368749
0.240524 0.640947 0.118529
0.183128 0.330851 0.486021
0.591931 0.289558 0.118511
0.516614 0.109131 0.374254
0.151427 0.772348 0.0762254
0.212291 0.402306 0.385403
0.472534 0.27963 0.247836
0.313967 0.197158 0.488876
0.303731 0.4466 0.249669
0.179017 0.12858 0.692403
0.128902 0.512899 0.358199
0.103856 0.0761485 0.819996


3 1 17
8 2 23
19 18 24
11 10 25
21 20 25
15 14 26
6 5 27
0 7 28
18 0 28
24 18 28
5 4 30
16 15 30
15 26 30
26 27 30
27 5 30
12 11 31
7 6 32
6 27 32
28 7 32
20 19 33
19 24 33
24 29 33
4 3 34
3 17 34
17 16 34
16 30 34
30 4 34
13 12 35
12 31 35
31 29 35
24 28 36
29 24 36
35 29 36
28 32 36
11 25 37
31 11 37
25 20 37
20 33 37
29 31 37
33 29 37
27 26 38
32 27 38
26 14 38
36 32 38
35 36 38
10 9 39
25 10 39
9 22 39
22 21 39
21 25 39
14 13 40
38 14 40
13 35 40
35 38 40
9 8 41
8 23 41
22 9 41
23 22 41
