22
1 0 0
0 1 0
0 0 1
0.166667 0.833333 0
0.333333 0.666667 0
0.5 0.5 0
0.666667 0.333333 0
0.833333 0.166667 0
0 0.090909 0.909091
0 0.181818 0.818182
0 0.272727 0.727273
0 0.363636 0.636364
0 0.454545 0.545454
0 0.545455 0.454545
0 0.636364 0.363636
0 0.727273 0.272727
0 0.818182 0.181818
0 0.909091 0.0909091
0.8 0 0.2
0.6 0 0.4
0.4 0 0.6
0.2 0 0.8


0 7 12
7 6 13
12 7 13
6 5 14
13 6 14
5 4 15
14 5 15
4 3 16
15 4 16
3 1 17
16 3 17
0 12 18
12 11 18
11 10 19
18 11 19
10 9 20
19 10 20
8 2 21
9 8 21
20 9 21
