56
1 0 0
0 1 0
0 0 1
0.166667 0.833333 0
0.333333 0.666667 0
0.5 0.5 0
0.666667 0.333333 0
0.833333 0.166667 0
0 0.0909092 0.909091
0 0.181818 0.818182
0 0.272727 0.727273
0 0.363636 0.636364
0 0.454545 0.545455
0 0.545455 0.454545
0 0.636364 0.363636
0 0.727273 0.272727
0 0.818182 0.181818
0 0.909091 0.0909091
0.933333 0 0.0666667
0.866667 0 0.133333
0.8 0 0.2
0.733333 0 0.266667
0.666667 0 0.333333
0.6 0 0.4
0.533333 0 0.466667
0.466667 0 0.533333
0.4 0 0.6
0.333333 0 0.666667
0.266667 0 0.733333
0.2 0 0.8
0.133333 0 0.866667
0.0666666 0 0.933333
0.267974 0.164848 0.567179
0.180956 0.58082 0.238224
0.475826 0.42341 0.100764
0.669574 0.237318 0.0931084
0.643566 0.175693 0.180741
0.365194 0.29305 0.341756
0.282967 0.630941 0.0860922
0.161958 0.366294 0.471748
0.488161 0.232913 0.278926
0.308849 0.458674 0.232477
0.145238 0.208719 0.646042
0.517398 0.287969 0.194633
0.118921 0.156637 0.724442
0.224609 0.380872 0.394519
0.79248 0.146888 0.060632
0.321513 0.17702 0.501466
0.168121 0.685899 0.14598
0.144204 0.294075 0.561721
0.386606 0.173319 0.440075
0.0896216 0.119012 0.791366
0.12021 0.819177 0.0606136
0.368291 0.462691 0.169018
0.617719 0.126487 0.255794
0.13589 0.561123 0.302987


0 7 18
8 2 31
9 8 31
30 9 31
27 26 32
5 4 34
6 5 35
20 19 35
5 34 35
21 20 36
20 35 36
35 34 36
24 23 37
4 3 38
34 4 38
14 13 39
23 22 40
37 23 40
33 37 41
37 40 41
12 11 42
28 27 42
36 34 43
11 10 44
29 28 44
28 42 44
42 11 44
14 39 45
7 6 46
18 7 46
19 18 46
6 35 46
35 19 46
26 25 47
32 26 47
39 32 47
45 39 47
17 16 48
16 33 48
33 41 48
13 12 49
32 39 49
39 13 49
27 32 49
42 27 49
12 42 49
25 24 50
24 37 50
37 45 50
45 47 50
47 25 50
10 9 51
9 30 51
30 29 51
29 44 51
44 10 51
3 1 52
38 3 52
1 17 52
17 48 52
48 38 52
34 38 53
43 34 53
41 40 53
40 43 53
38 48 53
48 41 53
22 21 54
40 22 54
43 40 54
21 36 54
36 43 54
16 15 55
33 16 55
15 14 55
14 45 55
37 33 55
45 37 55
