64
1 0 0
0 1 0
0 0 1
0.166667 0.833333 0
0.333333 0.666667 0
0.5 0.5 0
0.666667 0.333333 0
0.833333 0.166667 0
0 0.0833333 0.916667
0 0.166667 0.833333
0 0.25 0.75
0 0.333333 0.666667
0 0.416667 0.583333
0 0.5 0.5
0 0.583333 0.416667
0 0.666667 0.333333
0 0.75 0.25
0 0.833333 0.166667
0 0.916667 0.0833333
0.923077 0 0.0769231
0.846154 0 0.153846
0.769231 0 0.230769
0.692308 0 0.307692
0.615385 0 0.384615
0.538462 0 0.461538
0.461538 0 0.538462
0.384615 0 0.615385
0.307692 0 0.692308
0.230769 0 0.769231
0.153846 0 0.846154
0.0769232 0 0.923077
0.614278 0.127329 0.258393
0.0993591 0.491983 0.408658
0.281895 0.162871 0.555234
0.159042 0.614072 0.226885
0.464202 0.428735 0.107063
0.624112 0.296995 0.0788932
0.723123 0.134819 0.142058
0.385868 0.254506 0.359626
0.272419 0.631081 0.0964998
0.295424 0.540443 0.164133
0.405944 0.104354 0.489702
0.179373 0.340655 0.479972
0.462743 0.267297 0.26996
0.163974 0.200583 0.635443
0.590975 0.22977 0.179255
0.119535 0.325385 0.55508
0.132702 0.14681 0.720488
0.236299 0.375331 0.38837
0.131295 0.733629 0.135076
0.789655 0.142262 0.0680824
0.436859 0.369027 0.194114
0.318112 0.442876 0.239012
0.541171 0.124272 0.334556
0.32048 0.226581 0.452939
0.465235 0.121466 0.4133
0.133889 0.548167 0.317943
0.121343 0.819263 0.0593936
0.385906 0.563518 0.0505757
0.0957833 0.10559 0.798627
0.900579 0.0689699 0.0304514
0.0642233 0.0693291 0.866448
0.282968 0.413963 0.303069
0.250806 0.708223 0.0409713


8 2 30
22 21 31
15 14 32
14 13 32
26 25 33
17 16 34
6 5 36
5 35 36
21 20 37
35 39 40
25 24 41
33 25 41
32 13 42
12 11 44
27 26 44
26 33 44
31 21 45
21 37 45
36 35 45
37 36 45
43 31 45
13 12 46
42 13 46
33 42 46
12 44 46
44 33 46
11 10 47
44 11 47
28 27 47
27 44 47
32 42 48
18 17 49
17 34 49
34 40 49
40 39 49
7 6 50
6 36 50
36 37 50
20 19 50
37 20 50
35 40 51
45 35 51
43 45 51
40 34 52
51 40 52
43 51 52
23 22 53
22 31 53
31 43 53
43 38 53
33 41 54
42 33 54
38 48 54
48 42 54
24 23 55
23 53 55
53 38 55
38 54 55
41 24 55
54 41 55
16 15 56
34 16 56
15 32 56
32 48 56
3 1 57
1 18 57
18 49 57
49 39 57
5 4 58
35 5 58
39 35 58
10 9 59
29 28 59
28 47 59
47 10 59
0 7 60
19 0 60
7 50 60
50 19 60
9 8 61
8 30 61
30 29 61
29 59 61
59 9 61
38 43 62
43 52 62
52 34 62
34 56 62
48 38 62
56 48 62
4 3 63
3 57 63
57 39 63
39 58 63
58 4 63
