68
1 0 0
0 1 0
0 0 1
0.166667 0.833333 0
0.333333 0.666667 0
0.5 0.5 0
0.666667 0.333333 0
0.833333 0.166667 0
0 0.076923 0.923077
0 0.153846 0.846154
0 0.230769 0.769231
0 0.307692 0.692308
0 0.384615 0.615385
0 0.461538 0.538462
0 0.538462 0.461538
0 0.615385 0.384615
0 0.692308 0.307692
0 0.769231 0.230769
0 0.846154 0.153846
0 0.923077 0.0769231
0.933333 0 0.0666667
0.866667 0 0.133333
0.8 0 0.2
0.733333 0 0.266667
0.666667 0 0.333333
0.6 0 0.4
0.533333 0 0.466667
0.466667 0 0.533333
0.4 0 0.6
0.333333 0 0.666667
0.266667 0 0.733333
0.2 0 0.8
0.133333 0 0.866667
0.0666667 0 0.933333
0.611773 0.133738 0.254489
0.111499 0.473208 0.415293
0.279492 0.148869 0.571639
0.137934 0.641651 0.220415
0.503412 0.378473 0.118115
0.645748 0.279208 0.0750449
0.651731 0.159069 0.1892
0.711661 0.156725 0.131614
0.367463 0.293977 0.33856
0.263095 0.653238 0.0836676
0.347304 0.493014 0.159683
0.362773 0.143044 0.494183
0.20056 0.3205 0.47894
0.490824 0.227869 0.281307
0.171873 0.531918 0.296209
0.161545 0.184157 0.654297
0.490567 0.308371 0.201063
0.123309 0.140282 0.73641
0.230681 0.38549 0.383829
0.78364 0.149679 0.0666807
0.481292 0.116291 0.402418
0.187357 0.649555 0.163088
0.358386 0.215001 0.426613
0.129695 0.303015 0.56729
0.316031 0.443204 0.240765
0.526557 0.125109 0.348333
0.104106 0.842831 0.0530627
0.0925976 0.105333 0.80207
0.404403 0.543744 0.0518524
0.0522969 0.0563009 0.891402
0.086268 0.404918 0.508814
0.54063 0.41146 0.0479096
0.099011 0.549365 0.351624
0.104227 0.785779 0.109994


0 7 20
8 2 33
24 23 34
15 14 35
29 28 36
28 27 36
18 17 37
23 22 40
34 23 40
22 21 41
40 22 41
39 38 41
38 40 41
4 3 43
38 43 44
27 26 45
36 27 45
35 14 46
36 45 46
24 34 47
17 16 48
37 17 48
12 11 49
30 29 49
29 36 49
34 40 50
40 38 50
38 44 50
47 34 50
11 10 51
31 30 51
30 49 51
49 11 51
35 46 52
42 48 52
7 6 53
6 39 53
20 7 53
21 20 53
39 41 53
41 21 53
26 25 54
18 37 55
44 43 55
46 45 56
52 46 56
42 52 56
54 42 56
45 26 56
26 54 56
36 46 57
13 12 57
12 49 57
49 36 57
42 47 58
48 42 58
37 48 58
47 50 58
50 44 58
44 55 58
55 37 58
25 24 59
24 47 59
54 25 59
47 42 59
42 54 59
3 1 60
1 19 60
43 3 60
10 9 61
9 32 61
32 31 61
31 51 61
51 10 61
5 4 62
4 43 62
43 38 62
9 8 63
8 33 63
32 9 63
33 32 63
14 13 64
46 14 64
13 57 64
57 46 64
6 5 65
39 6 65
38 39 65
62 38 65
5 62 65
16 15 66
15 35 66
35 52 66
48 16 66
52 48 66
19 18 67
18 55 67
60 19 67
55 43 67
43 60 67
