70
1 0 0
0 1 0
0 0 1
0.166667 0.833333 0
0.333333 0.666667 0
0.5 0.5 0
0.666667 0.333333 0
0.833333 0.166667 0
0 0.076923 0.923077
0 0.153846 0.846154
0 0.230769 0.769231
0 0.307692 0.692308
0 0.384615 0.615385
0 0.461539 0.538462
0 0.538462 0.461538
0 0.615385 0.384615
0 0.692308 0.307692
0 0.769231 0.230769
0 0.846154 0.153846
0 0.923077 0.0769231
0.928571 0 0.0714286
0.857143 0 0.142857
0.785714 0 0.214286
0.714286 0 0.285714
0.642857 0 0.357143
0.571429 0 0.428571
0.5 0 0.5
0.428571 0 0.571429
0.357143 0 0.642857
0.285714 0 0.714286
0.214286 0 0.785714
0.142857 0 0.857143
0.0714286 0 0.928571
0.620995 0.13148 0.247526
0.109757 0.47168 0.418563
0.266795 0.163349 0.569856
0.156513 0.61024 0.233247
0.468803 0.418829 0.112368
0.644448 0.277617 0.0779349
0.65952 0.151195 0.189285
0.736745 0.1273 0.135955
0.408589 0.244252 0.347158
0.275696 0.62915 0.0951544
0.318813 0.510861 0.170326
0.361253 0.139687 0.49906
0.209177 0.313515 0.477308
0.461125 0.265207 0.273668
0.174627 0.526521 0.298853
0.516004 0.106459 0.377536
0.164309 0.186465 0.649226
0.901417 0.0685577 0.0300255
0.494932 0.30954 0.195529
0.128482 0.139305 0.732213
0.153542 0.795791 0.0506669
0.237585 0.3847 0.377715
0.793236 0.141391 0.0653728
0.149125 0.684885 0.16599
0.386434 0.188043 0.425523
0.12456 0.311793 0.563647
0.319179 0.439401 0.24142
0.407294 0.53946 0.0532463
0.095258 0.105019 0.799723
0.565877 0.118933 0.31519
0.0978803 0.5504 0.35172
0.0551001 0.0586884 0.886212
0.312038 0.380092 0.307871
0.111268 0.777609 0.111123
0.0842174 0.417198 0.498585
0.601492 0.260284 0.138224
0.541846 0.410369 0.0477857


8 2 32
23 22 33
15 14 34
28 27 35
17 16 36
33 22 39
22 21 40
39 22 40
37 42 43
27 26 44
35 27 44
35 44 45
36 16 47
25 24 48
12 11 49
29 28 49
28 35 49
0 7 50
20 0 50
37 43 51
33 39 51
46 33 51
11 10 52
30 29 52
29 49 52
49 11 52
3 1 53
1 19 53
4 3 53
42 4 53
34 45 54
7 6 55
6 38 55
21 20 55
40 21 55
38 40 55
50 7 55
20 50 55
18 17 56
17 36 56
36 43 56
43 42 56
26 25 57
44 26 57
48 41 57
25 48 57
41 54 57
45 44 57
54 45 57
13 12 58
35 45 58
12 49 58
49 35 58
43 36 59
36 47 59
46 51 59
51 43 59
5 4 60
4 42 60
42 37 60
10 9 61
9 31 61
31 30 61
30 52 61
52 10 61
24 23 62
23 33 62
33 46 62
48 24 62
46 41 62
41 48 62
16 15 63
47 16 63
15 34 63
34 54 63
54 47 63
9 8 64
8 32 64
31 9 64
32 31 64
47 54 65
54 41 65
41 46 65
46 59 65
59 47 65
19 18 66
18 56 66
53 19 66
42 53 66
56 42 66
14 13 67
34 14 67
45 34 67
13 58 67
58 45 67
38 37 68
39 40 68
40 38 68
37 51 68
51 39 68
6 5 69
38 6 69
37 38 69
60 37 69
5 60 69
