69
1 0 0
0 1 0
0 0 1
0.166667 0.833333 0
0.333333 0.666667 0
0.5 0.5 0
0.666667 0.333333 0
0.833333 0.166667 0
0 0.0714287 0.928572
0 0.142857 0.857143
0 0.214286 0.785714
0 0.285714 0.714286
0 0.357143 0.642857
0 0.428571 0.571429
0 0.5 0.5
0 0.571429 0.428571
0 0.642857 0.357143
0 0.714286 0.285714
0 0.785714 0.214286
0 0.857143 0.142857
0 0.928571 0.0714286
0.941176 0 0.0588235
0.882353 0 0.117647
0.823529 0 0.176471
0.764706 0 0.235294
0.705882 0 0.294118
0.647059 0 0.352941
0.588235 0 0.411765
0.529412 0 0.470588
0.470588 0 0.529412
0.411765 0 0.588235
0.352941 0 0.647059
0.294118 0 0.705882
0.235294 0 0.764706
0.176471 0 0.823529
0.117647 0 0.882353
0.0588235 0 0.941177
0.625425 0.13389 0.240685
0.137452 0.45508 0.407468
0.251495 0.170633 0.577872
0.156074 0.625512 0.218415
0.500932 0.386045 0.113023
0.613917 0.323993 0.0620901
0.658036 0.162436 0.179528
0.714175 0.163524 0.122301
0.347779 0.301447 0.350774
0.277353 0.634134 0.0885128
0.361604 0.472346 0.16605
0.36075 0.158761 0.480489
0.185654 0.32882 0.485526
0.495465 0.239713 0.264822
0.296676 0.489747 0.213577
0.16634 0.539893 0.293767
0.161237 0.200093 0.638671
0.121066 0.322971 0.555963
0.511445 0.298057 0.190497
0.123978 0.148643 0.727379
0.321918 0.254764 0.423318
0.783677 0.153744 0.0625786
0.498848 0.157247 0.343905
0.159765 0.703734 0.1365
0.114321 0.828075 0.0576044
0.214474 0.421169 0.364358
0.466436 0.129787 0.403778
0.0788867 0.0866753 0.834438
0.385095 0.566461 0.0484437
0.335054 0.380761 0.284185
0.33114 0.134673 0.534187
0.0893668 0.571272 0.339361


0 7 21
8 2 36
9 8 36
35 9 36
25 24 37
16 15 38
31 30 39
19 18 40
6 5 42
24 23 43
37 24 43
23 22 44
43 23 44
42 41 44
41 43 44
41 46 47
29 28 48
15 14 49
38 15 49
26 25 50
25 37 50
50 47 51
18 17 52
40 18 52
13 12 53
32 31 53
31 39 53
14 13 54
39 49 54
49 14 54
13 53 54
53 39 54
37 43 55
43 41 55
41 47 55
47 50 55
50 37 55
11 10 56
10 34 56
34 33 56
12 11 56
53 12 56
33 32 56
32 53 56
48 28 57
38 49 57
49 48 57
7 6 58
21 7 58
22 21 58
6 42 58
42 44 58
44 22 58
27 26 59
26 50 59
20 19 60
47 46 60
19 40 60
40 51 60
51 47 60
3 1 61
1 20 61
46 3 61
20 60 61
60 46 61
45 52 62
38 57 62
57 45 62
28 27 63
45 57 63
57 28 63
27 59 63
59 45 63
10 9 64
9 35 64
34 10 64
35 34 64
5 4 65
41 42 65
42 5 65
4 3 65
3 46 65
46 41 65
50 51 66
52 45 66
51 40 66
40 52 66
45 59 66
59 50 66
30 29 67
29 48 67
39 30 67
49 39 67
48 49 67
17 16 68
52 17 68
62 52 68
16 38 68
38 62 68
