57
1 0 0
0 1 0
0 0 1
0.166667 0.833333 0
0.333333 0.666667 0
0.5 0.5 0
0.666667 0.333333 0
0.833333 0.166667 0
0 0.0714285 0.928571
0 0.142857 0.857143
0 0.214286 0.785714
0 0.285714 0.714286
0 0.357143 0.642857
0 0.428571 0.571429
0 0.5 0.5
0 0.571429 0.428571
0 0.642857 0.357143
0 0.714286 0.285714
0 0.785714 0.214286
0 0.857143 0.142857
0 0.928571 0.0714286
0.909091 0 0.0909091
0.818182 0 0.181818
0.727273 0 0.272727
0.636364 0 0.363636
0.545455 0 0.454545
0.454545 0 0.545455
0.363636 0 0.636364
0.272727 0 0.727273
0.181818 0 0.818182
0.090909 0 0.909091
0.573009 0.152421 0.27457
0.256797 0.15194 0.591263
0.1781 0.602493 0.219407
0.528636 0.377475 0.0938893
0.728025 0.198602 0.0733728
0.704386 0.155634 0.13998
0.364696 0.279563 0.35574
0.270632 0.644654 0.0847144
0.365358 0.139828 0.494815
0.224997 0.305744 0.46926
0.196659 0.524414 0.278927
0.590184 0.205549 0.204268
0.14876 0.129959 0.72128
0.15548 0.780341 0.0641788
0.165898 0.414007 0.420094
0.147219 0.690628 0.162152
0.484953 0.131357 0.38369
0.197748 0.453707 0.348545
0.448251 0.373663 0.178087
0.172025 0.271696 0.556279
0.393647 0.336417 0.269936
0.157512 0.182689 0.6598
0.117447 0.0948003 0.787753
0.457258 0.480842 0.0618999
0.324803 0.533384 0.141813
0.0687144 0.0546291 0.876656


3 1 20
8 2 30
23 22 31
27 26 32
18 17 33
0 7 35
21 0 35
7 6 35
6 34 35
22 21 36
21 35 36
5 4 38
26 25 39
32 26 39
14 13 40
17 16 41
33 17 41
31 22 42
22 36 42
11 10 43
28 27 43
4 3 44
3 20 44
20 19 44
19 38 44
38 4 44
15 14 45
14 40 45
40 37 45
19 18 46
38 19 46
18 33 46
24 23 47
23 31 47
31 37 47
25 24 47
39 25 47
37 40 47
40 39 47
16 15 48
41 16 48
45 37 48
15 45 48
35 34 49
36 35 49
33 41 49
42 36 49
13 12 50
12 32 50
32 39 50
39 40 50
40 13 50
37 31 51
31 42 51
48 37 51
41 48 51
49 41 51
42 49 51
12 11 52
32 12 52
27 32 52
43 27 52
11 43 52
10 9 53
9 29 53
29 28 53
28 43 53
43 10 53
6 5 54
34 6 54
5 38 54
33 49 55
49 34 55
34 54 55
46 33 55
38 46 55
54 38 55
9 8 56
8 30 56
29 9 56
30 29 56
