60
1 0 0
0 1 0
0 0 1
0.166667 0.833333 0
0.333333 0.666667 0
0.5 0.5 0
0.666667 0.333333 0
0.833333 0.166667 0
0 0.0714288 0.928571
0 0.142858 0.857143
0 0.214286 0.785714
0 0.285714 0.714286
0 0.357143 0.642857
0 0.428571 0.571429
0 0.5 0.5
0 0.571429 0.428571
0 0.642857 0.357143
0 0.714286 0.285714
0 0.785714 0.214286
0 0.857143 0.142857
0 0.928571 0.0714286
0.947368 0 0.0526316
0.894737 0 0.105263
0.842105 0 0.157895
0.789474 0 0.210526
0.736842 0 0.263158
0.684211 0 0.315789
0.631579 0 0.368421
0.578947 0 0.421053
0.526316 0 0.473684
0.473684 0 0.526316
0.421053 0 0.578947
0.368421 0 0.631579
0.315789 0 0.684211
0.263158 0 0.736842
0.210526 0 0.789474
0.157895 0 0.842105
0.105263 0 0.894737
0.0526316 0 0.947368
0.180501 0.57728 0.242219
0.483866 0.416291 0.0998431
0.627496 0.303949 0.0685549
0.392394 0.271872 0.335734
0.175313 0.232266 0.592421
0.298873 0.602874 0.0982525
0.209563 0.313025 0.477412
0.46971 0.247053 0.283237
0.249357 0.545978 0.204664
0.182494 0.514556 0.30295
0.150176 0.20266 0.647164
0.190078 0.694153 0.115769
0.561051 0.244086 0.194864
0.315395 0.288516 0.396089
0.204132 0.385006 0.410862
0.67286 0.194465 0.132675
0.11731 0.164249 0.718441
0.837562 0.117989 0.0444497
0.213686 0.244709 0.541605
0.418505 0.379623 0.201873
0.0969871 0.119694 0.783319


0 7 21
10 9 37
36 10 37
8 2 38
9 8 38
37 9 38
19 18 39
4 3 40
6 5 41
22 6 41
23 22 41
5 4 41
4 40 41
28 27 42
14 13 43
33 32 43
3 1 44
40 3 44
16 15 45
31 30 45
27 26 46
42 27 46
20 19 47
19 39 47
39 42 47
42 46 47
18 17 48
39 18 48
42 39 48
13 12 49
12 34 49
34 33 49
33 43 49
43 13 49
1 20 50
44 1 50
20 47 50
25 24 51
24 40 51
26 25 51
40 44 51
30 29 52
29 28 52
28 42 52
48 17 52
42 48 52
17 16 53
52 17 53
16 45 53
45 30 53
30 52 53
24 23 54
23 41 54
40 24 54
41 40 54
12 11 55
11 35 55
34 12 55
35 34 55
7 6 56
6 22 56
21 7 56
22 21 56
14 43 57
43 32 57
15 14 57
45 15 57
32 31 57
31 45 57
47 46 58
50 47 58
46 26 58
26 51 58
44 50 58
51 44 58
11 10 59
10 36 59
35 11 59
36 35 59
