28
1 0 0
0 1 0
0 0 1
0.166667 0.833333 0
0.333333 0.666667 0
0.5 0.5 0
0.666667 0.333333 0
0.833333 0.166667 0
0 0.0714287 0.928571
0 0.142857 0.857143
0 0.214286 0.785714
0 0.285714 0.714286
0 0.357143 0.642857
0 0.428571 0.571428
0 0.5 0.5
0 0.571429 0.428571
0 0.642857 0.357143
0 0.714286 0.285714
0 0.785714 0.214286
0 0.857143 0.142857
0 0.928571 0.0714286
0.875 0 0.125
0.75 0 0.25
0.625 0 0.375
0.5 0 0.5
0.375 0 0.625
0.25 0 0.75
0.125 0 0.875


0 7 15
7 6 16
15 7 16
6 5 17
16 6 17
5 4 18
17 5 18
4 3 19
18 4 19
3 1 20
19 3 20
0 15 21
15 14 21
14 13 22
21 14 22
13 12 23
22 13 23
12 11 24
23 12 24
11 10 25
24 11 25
10 9 26
25 10 26
8 2 27
9 8 27
26 9 27
