76
1 0 0
0 1 0
0 0 1
0.166667 0.833333 0
0.333333 0.666667 0
0.5 0.5 0
0.666667 0.333333 0
0.833333 0.166667 0
0 0.0666666 0.933333
0 0.133333 0.866667
0 0.2 0.8
0 0.266667 0.733333
0 0.333333 0.666667
0 0.4 0.6
0 0.466667 0.533333
0 0.533333 0.466667
0 0.6 0.4
0 0.666667 0.333333
0 0.733333 0.266667
0 0.8 0.2
0 0.866667 0.133333
0 0.933333 0.0666667
0.944444 0 0.0555556
0.888889 0 0.111111
0.833333 0 0.166667
0.777778 0 0.222222
0.722222 0 0.277778
0.666667 0 0.333333
0.611111 0 0.388889
0.555556 0 0.444444
0.5 0 0.5
0.444444 0 0.555556
0.388889 0 0.611111
0.333333 0 0.666667
0.277778 0 0.722222
0.222222 0 0.777778
0.166667 0 0.833333
0.111111 0 0.888889
0.0555556 0 0.944444
0.249007 0.155024 0.595969
0.154056 0.60738 0.238564
0.493361 0.392603 0.114036
0.622639 0.313399 0.0639625
0.664659 0.146648 0.188693
0.715419 0.162861 0.12172
0.346164 0.30733 0.346506
0.285958 0.617549 0.0964923
0.323863 0.52084 0.155297
0.345452 0.175175 0.479373
0.191614 0.32614 0.482247
0.504288 0.212138 0.283574
0.277125 0.510661 0.212215
0.173715 0.522959 0.303326
0.159094 0.188785 0.652121
0.505479 0.313068 0.181453
0.126675 0.149836 0.723489
0.327922 0.261478 0.4106
0.156339 0.423196 0.420466
0.784698 0.153877 0.0614246
0.145502 0.682446 0.172052
0.114429 0.30293 0.582641
0.461742 0.48879 0.0494683
0.499085 0.162229 0.338686
0.144288 0.74394 0.111772
0.195856 0.441541 0.362603
0.30722 0.642462 0.0503188
0.139404 0.810135 0.0504616
0.0688807 0.0946385 0.836481
0.340425 0.381293 0.278283
0.0967666 0.117936 0.785298
0.592521 0.157983 0.249496
0.308971 0.150268 0.540761
0.14923 0.32035 0.53042
0.446673 0.104016 0.449311
0.471153 0.131497 0.39735
0.424481 0.351754 0.223766


0 7 22
8 2 38
9 8 38
37 9 38
33 32 39
19 18 40
6 5 42
25 24 43
26 25 43
24 23 44
43 24 44
42 41 44
41 43 44
41 46 47
31 30 48
18 17 52
40 18 52
13 12 53
34 33 53
33 39 53
43 41 54
41 47 54
12 11 55
35 34 55
34 53 55
53 12 55
16 15 57
15 49 57
17 16 57
49 48 57
48 56 57
7 6 58
22 7 58
23 22 58
6 42 58
42 44 58
44 23 58
20 19 59
19 40 59
40 51 59
51 47 59
14 13 60
13 53 60
53 39 60
5 4 61
41 42 61
42 5 61
28 27 62
27 50 62
21 20 63
20 59 63
47 46 63
59 47 63
45 52 64
56 45 64
52 17 64
17 57 64
57 56 64
4 3 65
61 4 65
46 41 65
41 61 65
3 1 66
1 21 66
21 63 66
63 46 66
46 65 66
65 3 66
10 9 67
9 37 67
37 36 67
51 40 68
40 52 68
52 45 68
45 62 68
62 50 68
11 10 69
36 35 69
35 55 69
55 11 69
10 67 69
67 36 69
27 26 70
50 27 70
26 43 70
43 54 70
32 31 71
39 32 71
31 48 71
48 49 71
15 14 72
49 15 72
14 60 72
71 49 72
60 39 72
39 71 72
30 29 73
48 30 73
56 48 73
29 28 74
28 62 74
62 45 74
73 29 74
45 56 74
56 73 74
47 51 75
54 47 75
51 68 75
68 50 75
50 70 75
70 54 75
