30
1 0 0
0 1 0
0 0 1
0.166667 0.833333 0
0.333333 0.666667 0
0.5 0.5 0
0.666667 0.333333 0
0.833333 0.166667 0
0 0.0666666 0.933333
0 0.133333 0.866667
0 0.2 0.8
0 0.266667 0.733333
0 0.333333 0.666667
0 0.4 0.6
0 0.466667 0.533333
0 0.533333 0.466667
0 0.6 0.4
0 0.666667 0.333333
0 0.733333 0.266667
0 0.8 0.2
0 0.866667 0.133333
0 0.933333 0.0666667
0.888889 0 0.111111
0.777778 0 0.222222
0.666667 0 0.333333
0.555556 0 0.444444
0.444444 0 0.555556
0.333333 0 0.666667
0.222222 0 0.777778
0.111111 0 0.888889


0 7 16
7 6 17
16 7 17
6 5 18
17 6 18
5 4 19
18 5 19
4 3 20
19 4 20
3 1 21
20 3 21
0 16 22
16 15 22
15 14 23
22 15 23
14 13 24
23 14 24
13 12 25
24 13 25
12 11 26
25 12 26
11 10 27
26 11 27
10 9 28
27 10 28
8 2 29
9 8 29
28 9 29
