48
1 0 0
0 1 0
0 0 1
0.166667 0.833333 0
0.333333 0.666667 0
0.5 0.5 0
0.666667 0.333333 0
0.833333 0.166667 0
0 0.0666667 0.933333
0 0.133333 0.866667
0 0.2 0.8
0 0.266667 0.733333
0 0.333333 0.666667
0 0.4 0.6
0 0.466667 0.533333
0 0.533333 0.466667
0 0.6 0.4
0 0.666667 0.333333
0 0.733333 0.266667
0 0.8 0.2
0 0.866667 0.133333
0 0.933333 0.0666667
0.9 0 0.1
0.8 0 0.2
0.7 0 0.3
0.6 0 0.4
0.5 0 0.5
0.4 0 0.6
0.3 0 0.7
0.2 0 0.8
0.1 0 0.9
0.245197 0.153424 0.601379
0.511832 0.38546 0.102708
0.599894 0.178883 0.221224
0.387747 0.249889 0.362364
0.285267 0.627316 0.0874174
0.301969 0.180218 0.517813
0.638265 0.253556 0.108179
0.264832 0.504684 0.230484
0.416617 0.350456 0.232927
0.281203 0.384953 0.333844
0.230294 0.288225 0.48148
0.46012 0.135797 0.404083
0.74069 0.139838 0.119472
0.270115 0.576812 0.153073
0.170169 0.122604 0.707226
0.136264 0.077104 0.786632
0.131323 0.818067 0.0506106


3 1 21
8 2 30
9 8 30
29 9 30
12 11 31
11 27 31
27 26 31
7 6 32
23 22 33
15 14 34
24 23 34
23 33 34
5 4 35
4 20 35
20 19 35
6 5 35
13 12 36
12 31 36
26 25 36
31 26 36
0 7 37
7 32 37
18 17 38
17 16 38
37 32 38
38 16 39
37 38 39
15 34 40
34 33 40
16 15 40
39 16 40
33 39 40
14 13 41
13 36 41
34 14 41
25 24 42
36 25 42
41 36 42
24 34 42
34 41 42
22 0 43
0 37 43
33 22 43
39 33 43
37 39 43
32 6 44
6 35 44
19 18 44
35 19 44
18 38 44
38 32 44
11 10 45
10 28 45
27 11 45
28 27 45
10 9 46
9 29 46
28 10 46
29 28 46
4 3 47
3 21 47
20 4 47
21 20 47
