69
1 0 0
0 1 0
0 0 1
0.166667 0.833333 0
0.333333 0.666667 0
0.5 0.5 0
0.666667 0.333333 0
0.833333 0.166667 0
0 0.0666667 0.933333
0 0.133333 0.866667
0 0.2 0.8
0 0.266667 0.733333
0 0.333333 0.666667
0 0.4 0.6
0 0.466667 0.533333
0 0.533333 0.466667
0 0.6 0.4
0 0.666667 0.333333
0 0.733333 0.266667
0 0.8 0.2
0 0.866667 0.133333
0 0.933333 0.0666667
0.923077 0 0.0769231
0.846154 0 0.153846
0.769231 0 0.230769
0.692308 0 0.307692
0.615385 0 0.384615
0.538462 0 0.461538
0.461538 0 0.538462
0.384615 0 0.615385
0.307692 0 0.692308
0.230769 0 0.769231
0.153846 0 0.846154
0.0769231 0 0.923077
0.623498 0.118898 0.257604
0.120899 0.472669 0.406432
0.284351 0.126197 0.589452
0.207803 0.565611 0.226586
0.464529 0.42461 0.110861
0.665426 0.267951 0.0666232
0.738201 0.135414 0.126385
0.388555 0.259669 0.351776
0.270919 0.62552 0.103561
0.304863 0.536955 0.158182
0.314377 0.171328 0.514295
0.178262 0.339069 0.482669
0.448798 0.265107 0.286095
0.139596 0.557413 0.302991
0.139298 0.199989 0.660713
0.55739 0.236924 0.205686
0.129205 0.328172 0.542623
0.143302 0.124336 0.732361
0.177126 0.761002 0.0618723
0.832193 0.113531 0.0542767
0.134871 0.690072 0.175057
0.458779 0.14544 0.395781
0.2373 0.421446 0.341253
0.488946 0.456569 0.0544857
0.414844 0.401079 0.184077
0.146334 0.261741 0.591925
0.337569 0.40696 0.255471
0.249931 0.335972 0.414098
0.103775 0.0907482 0.805476
0.585731 0.278329 0.135939
0.364456 0.189371 0.446173
0.714801 0.0913476 0.193851
0.550337 0.123423 0.326239
0.25383 0.0885264 0.657644
0.35341 0.604702 0.0418877


3 1 21
8 2 33
9 8 33
32 9 33
25 24 34
16 15 35
29 28 36
7 6 39
23 22 40
38 42 43
28 27 44
36 28 44
15 14 45
17 16 47
18 17 47
37 18 47
12 11 48
46 34 49
14 13 50
45 14 50
44 45 50
11 10 51
31 30 51
48 11 51
4 3 52
3 21 52
21 20 52
20 42 52
0 7 53
22 0 53
7 39 53
39 40 53
40 22 53
19 18 54
18 37 54
20 19 54
42 20 54
37 43 54
43 42 54
27 26 55
16 35 56
47 16 56
41 46 56
6 5 57
38 39 57
39 6 57
42 38 57
38 43 58
43 37 58
13 12 59
12 48 59
48 36 59
50 13 59
36 44 59
44 50 59
47 56 60
56 46 60
37 47 60
58 37 60
46 49 60
49 58 60
35 15 61
15 45 61
55 41 61
41 56 61
56 35 61
10 9 62
9 32 62
32 31 62
31 51 62
51 10 62
39 38 63
38 58 63
40 39 63
49 40 63
58 49 63
44 27 64
27 55 64
45 44 64
55 61 64
61 45 64
24 23 65
34 24 65
49 34 65
23 40 65
40 49 65
25 34 66
34 46 66
46 41 66
26 25 66
55 26 66
41 55 66
30 29 67
29 36 67
36 48 67
48 51 67
51 30 67
5 4 68
4 52 68
52 42 68
42 57 68
57 5 68
