78
1 0 0
0 1 0
0 0 1
0.166667 0.833333 0
0.333333 0.666667 0
0.5 0.5 0
0.666667 0.333333 0
0.833333 0.166667 0
0 0.0666667 0.933333
0 0.133333 0.866667
0 0.2 0.8
0 0.266667 0.733333
0 0.333333 0.666667
0 0.4 0.6
0 0.466667 0.533333
0 0.533333 0.466667
0 0.6 0.4
0 0.666667 0.333333
0 0.733333 0.266667
0 0.8 0.2
0 0.866667 0.133333
0 0.933333 0.0666667
0.941176 0 0.0588235
0.882353 0 0.117647
0.823529 0 0.176471
0.764706 0 0.235294
0.705882 0 0.294118
0.647059 0 0.352941
0.588235 0 0.411765
0.529412 0 0.470588
0.470588 0 0.529412
0.411765 0 0.588235
0.352941 0 0.647059
0.294118 0 0.705882
0.235294 0 0.764706
0.176471 0 0.823529
0.117647 0 0.882353
0.0588236 0 0.941176
0.60399 0.150548 0.245461
0.141305 0.446433 0.412262
0.262864 0.147646 0.58949
0.133147 0.632329 0.234525
0.467821 0.418866 0.113314
0.616114 0.315041 0.0688452
0.677185 0.134623 0.188192
0.736163 0.136936 0.126901
0.391646 0.259162 0.349192
0.29278 0.618191 0.0890284
0.321926 0.519179 0.158894
0.41291 0.114589 0.472501
0.178118 0.342172 0.47971
0.462859 0.255893 0.281248
0.163792 0.543315 0.292893
0.16285 0.190832 0.646318
0.27138 0.687585 0.0410351
0.513867 0.3034 0.182733
0.132032 0.149307 0.718661
0.331474 0.257018 0.411508
0.782912 0.154395 0.0626937
0.153834 0.670394 0.175772
0.114641 0.312092 0.573267
0.434539 0.512683 0.0527776
0.216388 0.428955 0.354657
0.287169 0.475867 0.236964
0.525375 0.125509 0.349116
0.328383 0.146069 0.525548
0.467902 0.123772 0.408326
0.14539 0.74341 0.1112
0.427156 0.353623 0.219221
0.129917 0.819608 0.0504752
0.101422 0.117141 0.781437
0.595981 0.0996217 0.304397
0.60364 0.260295 0.136064
0.0898567 0.397427 0.512716
0.316524 0.38101 0.302466
0.285009 0.255471 0.45952
0.201305 0.262523 0.536172
0.0769144 0.0886593 0.834426


0 7 22
8 2 37
9 8 37
36 9 37
26 25 38
17 16 39
16 15 39
32 31 40
19 18 41
6 5 43
25 24 44
38 25 44
24 23 45
44 24 45
42 47 48
30 29 49
39 15 50
18 17 52
41 18 52
13 12 53
33 32 53
32 40 53
4 3 54
38 44 55
42 48 55
12 11 56
34 33 56
33 53 56
53 12 56
7 6 58
6 43 58
22 7 58
23 22 58
43 45 58
45 23 58
20 19 59
19 41 59
14 13 60
13 53 60
53 40 60
5 4 61
42 43 61
43 5 61
4 54 61
47 42 61
54 47 61
17 39 62
52 17 62
57 46 62
39 57 62
41 52 63
48 59 63
59 41 63
28 27 64
51 46 64
31 30 65
40 31 65
30 49 65
29 28 66
49 29 66
57 49 66
46 57 66
28 64 66
64 46 66
21 20 67
20 59 67
48 47 67
59 48 67
51 38 68
38 55 68
63 51 68
55 48 68
48 63 68
3 1 69
1 21 69
21 67 69
54 3 69
47 54 69
67 47 69
11 10 70
35 34 70
34 56 70
56 11 70
27 26 71
26 38 71
38 51 71
51 64 71
64 27 71
43 42 72
45 43 72
44 45 72
42 55 72
55 44 72
15 14 73
50 15 73
14 60 73
52 62 74
62 46 74
46 51 74
51 63 74
63 52 74
39 50 75
57 39 75
49 57 75
50 65 75
65 49 75
65 50 76
50 73 76
60 40 76
73 60 76
40 65 76
10 9 77
9 36 77
36 35 77
35 70 77
70 10 77
