66
1 0 0
0 1 0
0 0 1
0.166667 0.833333 0
0.333333 0.666667 0
0.5 0.5 0
0.666667 0.333333 0
0.833333 0.166667 0
0 0.0666664 0.933333
0 0.133333 0.866667
0 0.2 0.8
0 0.266667 0.733333
0 0.333333 0.666667
0 0.4 0.6
0 0.466667 0.533333
0 0.533333 0.466667
0 0.6 0.4
0 0.666667 0.333333
0 0.733333 0.266667
0 0.8 0.2
0 0.866667 0.133333
0 0.933333 0.0666667
0.95 0 0.05
0.9 0 0.1
0.85 0 0.15
0.8 0 0.2
0.75 0 0.25
0.7 0 0.3
0.65 0 0.35
0.6 0 0.4
0.55 0 0.45
0.5 0 0.5
0.45 0 0.55
0.4 0 0.6
0.35 0 0.65
0.3 0 0.7
0.25 0 0.75
0.2 0 0.8
0.15 0 0.85
0.1 0 0.9
0.05 0 0.95
0.199505 0.239182 0.561313
0.188918 0.571855 0.239227
0.439136 0.464976 0.0958884
0.661619 0.271264 0.0671172
0.637245 0.187567 0.175188
0.373027 0.279514 0.34746
0.273471 0.638377 0.0881517
0.326782 0.51053 0.162688
0.337959 0.189988 0.472053
0.217052 0.290537 0.492411
0.468195 0.281287 0.250519
0.175825 0.523871 0.300304
0.517649 0.290574 0.191777
0.327284 0.269822 0.402895
0.162635 0.218994 0.618372
0.175461 0.415632 0.408907
0.207573 0.618054 0.174373
0.139891 0.182363 0.677746
0.834666 0.125404 0.0399299
0.140724 0.770439 0.088837
0.118124 0.153486 0.72839
0.619386 0.270899 0.109714
0.402126 0.306359 0.291516
0.129164 0.531282 0.339554
0.0854777 0.120218 0.794304


0 7 22
10 9 39
38 10 39
8 2 40
9 8 40
39 9 40
15 14 41
34 33 41
20 19 42
4 3 43
6 5 44
23 6 44
24 23 44
26 25 45
30 29 46
3 1 47
43 3 47
32 31 49
16 15 50
33 32 50
15 41 50
41 33 50
32 49 50
28 27 51
19 18 52
42 19 52
46 42 52
45 43 53
43 47 53
27 26 53
26 45 53
47 48 53
48 51 53
51 27 53
31 30 54
49 31 54
30 46 54
46 52 54
14 13 55
35 34 55
34 41 55
41 14 55
17 16 56
16 50 56
50 49 56
49 54 56
21 20 57
20 42 57
51 48 57
13 12 58
36 35 58
35 55 58
55 13 58
7 6 59
6 23 59
22 7 59
23 22 59
1 21 60
47 1 60
48 47 60
21 57 60
57 48 60
12 11 61
11 37 61
37 36 61
36 58 61
58 12 61
5 4 62
44 5 62
4 43 62
25 24 62
24 44 62
45 25 62
43 45 62
29 28 63
42 46 63
46 29 63
28 51 63
51 57 63
57 42 63
18 17 64
52 18 64
54 52 64
17 56 64
56 54 64
11 10 65
10 38 65
37 11 65
38 37 65
