79
1 0 0
0 1 0
0 0 1
0.166667 0.833333 0
0.333333 0.666667 0
0.5 0.5 0
0.666667 0.333333 0
0.833333 0.166667 0
0 0.0625 0.9375
0 0.125 0.875
0 0.1875 0.8125
0 0.25 0.75
0 0.3125 0.6875
0 0.375 0.625
0 0.4375 0.5625
0 0.5 0.5
0 0.5625 0.4375
0 0.625 0.375
0 0.6875 0.3125
0 0.75 0.25
0 0.8125 0.1875
0 0.875 0.125
0 0.9375 0.0625
0.9375 0 0.0625
0.875 0 0.125
0.8125 0 0.1875
0.75 0 0.25
0.6875 0 0.3125
0.625 0 0.375
0.5625 0 0.4375
0.5 0 0.5
0.4375 0 0.5625
0.375 0 0.625
0.3125 0 0.6875
0.25 0 0.75
0.1875 0 0.8125
0.125 0 0.875
0.0625001 0 0.9375
0.613313 0.130414 0.256273
0.140278 0.45241 0.407312
0.264423 0.13951 0.596067
0.161196 0.620111 0.218693
0.463505 0.430785 0.10571
0.634419 0.292008 0.0735735
0.668101 0.137696 0.194204
0.729667 0.138831 0.131502
0.402669 0.256226 0.341104
0.291134 0.610219 0.0986477
0.345096 0.488878 0.166026
0.351745 0.158299 0.489956
0.189979 0.334366 0.475654
0.468355 0.259283 0.272361
0.164234 0.547803 0.287962
0.149434 0.194081 0.656485
0.249365 0.706791 0.0438436
0.884017 0.0857918 0.0301909
0.500182 0.293906 0.205912
0.13013 0.133326 0.736543
0.315799 0.270987 0.413214
0.125418 0.787764 0.0868176
0.122169 0.288991 0.588841
0.801094 0.126184 0.0727219
0.152533 0.695938 0.151528
0.488762 0.125846 0.385392
0.241952 0.40838 0.349669
0.457464 0.495072 0.0474649
0.327341 0.435458 0.237201
0.555633 0.122729 0.321638
0.0837415 0.0810216 0.835237
0.563974 0.29186 0.144166
0.249993 0.211642 0.538365
0.750017 0.218291 0.0316918
0.105406 0.546887 0.347707
0.32701 0.377954 0.295035
0.108106 0.359466 0.532428
0.443796 0.112793 0.44341
0.0988207 0.865627 0.0355527
0.269875 0.0855176 0.644607
0.0868549 0.454962 0.458183


8 2 37
9 8 37
36 9 37
27 26 38
17 16 39
32 31 40
20 19 41
26 25 44
38 26 44
25 24 45
44 25 45
42 47 48
31 30 49
19 18 52
41 19 52
13 12 53
4 3 54
0 7 55
23 0 55
38 44 56
51 38 56
11 10 57
10 35 57
35 34 57
12 11 57
53 12 57
34 33 57
33 53 57
39 50 58
50 49 58
22 21 59
47 54 59
14 13 60
13 53 60
53 40 60
24 23 61
45 24 61
43 45 61
23 55 61
20 41 62
41 48 62
48 47 62
21 20 62
59 21 62
47 59 62
29 28 63
46 58 63
39 58 64
58 46 64
6 5 65
43 6 65
42 43 65
47 42 65
5 4 65
4 54 65
54 47 65
41 52 66
48 41 66
56 48 66
51 56 66
27 38 67
38 51 67
51 46 67
28 27 67
63 28 67
46 63 67
10 9 68
9 36 68
35 10 68
36 35 68
43 42 69
45 43 69
44 45 69
56 44 69
42 48 69
48 56 69
40 31 70
31 49 70
60 40 70
49 50 70
7 6 71
6 43 71
43 61 71
55 7 71
61 55 71
18 17 72
52 18 72
17 39 72
39 64 72
64 52 72
46 51 73
64 46 73
52 64 73
66 52 73
51 66 73
15 14 74
50 15 74
70 50 74
14 60 74
60 70 74
30 29 75
49 30 75
58 49 75
29 63 75
63 58 75
3 1 76
1 22 76
22 59 76
54 3 76
59 54 76
33 32 77
53 33 77
32 40 77
40 53 77
16 15 78
15 50 78
39 16 78
50 39 78
