82
1 0 0
0 1 0
0 0 1
0.166667 0.833333 0
0.333333 0.666667 0
0.5 0.5 0
0.666667 0.333333 0
0.833333 0.166667 0
0 0.0624999 0.9375
0 0.125 0.875
0 0.1875 0.8125
0 0.25 0.75
0 0.3125 0.6875
0 0.375 0.625
0 0.4375 0.5625
0 0.5 0.5
0 0.5625 0.4375
0 0.625 0.375
0 0.6875 0.3125
0 0.75 0.25
0 0.8125 0.1875
0 0.875 0.125
0 0.9375 0.0625
0.941176 0 0.0588235
0.882353 0 0.117647
0.823529 0 0.176471
0.764706 0 0.235294
0.705882 0 0.294118
0.647059 0 0.352941
0.588235 0 0.411765
0.529412 0 0.470588
0.470588 0 0.529412
0.411765 0 0.588235
0.352941 0 0.647059
0.294118 0 0.705882
0.235294 0 0.764706
0.176471 0 0.823529
0.117647 0 0.882353
0.0588236 0 0.941176
0.60429 0.155202 0.240508
0.15229 0.434386 0.413324
0.266737 0.14094 0.592323
0.158776 0.621636 0.219588
0.477269 0.409432 0.113299
0.765204 0.0998151 0.134981
0.622312 0.317066 0.0606225
0.681948 0.132078 0.185974
0.404893 0.247019 0.348088
0.292315 0.607731 0.0999537
0.325201 0.505192 0.169607
0.42018 0.0945429 0.485277
0.184956 0.336872 0.478171
0.485834 0.232999 0.281167
0.163601 0.547312 0.289087
0.164718 0.180721 0.654561
0.249676 0.705234 0.04509
0.522139 0.298076 0.179785
0.133012 0.142418 0.72457
0.312122 0.287485 0.400393
0.127631 0.784899 0.08747
0.123111 0.290027 0.586862
0.789899 0.13442 0.0756812
0.151544 0.696305 0.152151
0.0994086 0.374932 0.525659
0.241389 0.408561 0.35005
0.440351 0.508532 0.0511173
0.306233 0.450225 0.243543
0.543977 0.111113 0.34491
0.345259 0.122317 0.532424
0.64469 0.229896 0.125414
0.455912 0.131233 0.412854
0.316669 0.220468 0.462863
0.0816239 0.0795856 0.838791
0.430976 0.350381 0.218643
0.108628 0.543482 0.34789
0.102376 0.111384 0.78624
0.226782 0.241439 0.53178
0.330905 0.369061 0.300034
0.883362 0.0863595 0.030278
0.099669 0.864171 0.0361596
0.752175 0.216671 0.0311532
0.0825169 0.447664 0.469819


8 2 38
9 8 38
37 9 38
27 26 39
17 16 40
33 32 41
20 19 42
25 24 44
6 5 45
26 25 46
39 26 46
25 44 46
43 48 49
31 30 50
27 39 52
19 18 53
42 19 53
13 12 54
34 33 54
33 41 54
4 3 55
39 46 56
43 49 56
12 11 57
35 34 57
34 54 57
54 12 57
22 21 59
48 55 59
14 13 60
13 54 60
54 41 60
24 23 61
44 24 61
21 20 62
20 42 62
42 49 62
59 21 62
49 48 62
48 59 62
15 14 63
14 60 63
58 47 64
40 58 64
43 45 65
45 5 65
5 4 65
4 55 65
48 43 65
55 48 65
49 42 66
42 53 66
29 28 67
28 27 67
27 52 67
52 47 67
32 31 68
41 32 68
31 50 68
45 43 69
43 56 69
46 44 69
56 46 69
44 61 69
61 45 69
30 29 70
50 30 70
47 58 70
29 67 70
67 47 70
40 51 71
58 40 71
68 50 71
50 70 71
70 58 71
10 9 72
9 37 72
37 36 72
52 39 73
39 56 73
66 52 73
56 49 73
49 66 73
18 17 74
53 18 74
64 53 74
17 40 74
40 64 74
11 10 75
36 35 75
35 57 75
57 11 75
10 72 75
72 36 75
60 41 76
63 60 76
51 63 76
41 68 76
68 71 76
71 51 76
47 52 77
52 66 77
53 64 77
66 53 77
64 47 77
0 7 78
23 0 78
61 23 78
3 1 79
1 22 79
22 59 79
55 3 79
59 55 79
7 6 80
6 45 80
45 61 80
61 78 80
78 7 80
16 15 81
40 16 81
51 40 81
15 63 81
63 51 81
