74
1 0 0
0 1 0
0 0 1
0.166667 0.833333 0
0.333333 0.666667 0
0.5 0.5 0
0.666667 0.333333 0
0.833333 0.166667 0
0 0.0625 0.9375
0 0.125 0.875
0 0.1875 0.8125
0 0.25 0.75
0 0.3125 0.6875
0 0.375 0.625
0 0.4375 0.5625
0 0.5 0.5
0 0.5625 0.4375
0 0.625 0.375
0 0.6875 0.3125
0 0.75 0.25
0 0.8125 0.1875
0 0.875 0.125
0 0.9375 0.0625
0.933333 0 0.0666667
0.866667 0 0.133333
0.8 0 0.2
0.733333 0 0.266667
0.666667 0 0.333333
0.6 0 0.4
0.533333 0 0.466667
0.466667 0 0.533333
0.4 0 0.6
0.333333 0 0.666667
0.266667 0 0.733333
0.2 0 0.8
0.133333 0 0.866667
0.0666667 0 0.933333
0.61578 0.140724 0.243496
0.133451 0.46686 0.399689
0.276838 0.136631 0.586531
0.155415 0.606557 0.238028
0.464928 0.418591 0.116481
0.661919 0.272908 0.0651729
0.685473 0.136025 0.178502
0.76129 0.127621 0.111089
0.398646 0.254935 0.34642
0.254493 0.64018 0.105327
0.316945 0.51142 0.171635
0.366446 0.153563 0.479991
0.194233 0.322831 0.482936
0.437765 0.282438 0.279797
0.15141 0.545892 0.302698
0.154305 0.192628 0.653067
0.24651 0.710768 0.0427219
0.491173 0.311858 0.19697
0.136554 0.133509 0.729937
0.115818 0.805143 0.0790392
0.836586 0.113375 0.0500381
0.134198 0.694046 0.171756
0.494266 0.129035 0.376699
0.244134 0.418122 0.337744
0.453404 0.497054 0.0495424
0.126337 0.285844 0.587819
0.312879 0.437569 0.249552
0.56311 0.12628 0.31061
0.08771 0.0805677 0.831722
0.296952 0.288606 0.414441
0.258264 0.207667 0.534069
0.606179 0.258346 0.135476
0.45813 0.110647 0.431223
0.109468 0.357315 0.533217
0.283455 0.0835869 0.632958
0.115823 0.433484 0.450693
0.0983798 0.868421 0.0331988


8 2 36
9 8 36
35 9 36
26 25 37
17 16 38
31 30 39
19 18 40
7 6 42
25 24 43
37 25 43
24 23 44
43 24 44
41 46 47
30 29 48
18 17 51
40 18 51
13 12 52
4 3 53
41 47 54
37 43 54
50 37 54
11 10 55
10 34 55
34 33 55
12 11 55
52 12 55
33 32 55
32 52 55
22 21 56
21 46 56
46 53 56
0 7 57
23 0 57
7 42 57
42 44 57
44 23 57
20 19 58
19 40 58
21 20 58
46 21 58
40 47 58
47 46 58
28 27 59
17 38 60
51 17 60
45 50 60
6 5 61
42 6 61
41 42 61
46 41 61
5 4 61
4 53 61
53 46 61
14 13 62
13 52 62
52 39 62
40 51 63
47 40 63
54 47 63
50 54 63
51 60 63
60 50 63
27 26 64
26 37 64
37 50 64
50 45 64
45 59 64
59 27 64
10 9 65
9 35 65
34 10 65
35 34 65
59 45 66
49 48 66
45 60 66
60 38 66
39 30 67
30 48 67
62 39 67
48 49 67
42 41 68
44 42 68
43 44 68
54 43 68
41 54 68
29 28 69
48 29 69
28 59 69
59 66 69
66 48 69
15 14 70
49 15 70
67 49 70
14 62 70
62 67 70
32 31 71
52 32 71
31 39 71
39 52 71
16 15 72
15 49 72
38 16 72
49 66 72
66 38 72
3 1 73
1 22 73
22 56 73
53 3 73
56 53 73
