81
1 0 0
0 1 0
0 0 1
0.166667 0.833333 0
0.333333 0.666667 0
0.5 0.5 0
0.666667 0.333333 0
0.833333 0.166667 0
0 0.0625 0.9375
0 0.125 0.875
0 0.1875 0.8125
0 0.25 0.75
0 0.3125 0.6875
0 0.375 0.625
0 0.4375 0.5625
0 0.5 0.5
0 0.5625 0.4375
0 0.625 0.375
0 0.6875 0.3125
0 0.75 0.25
0 0.8125 0.1875
0 0.875 0.125
0 0.9375 0.0625
0.947368 0 0.0526316
0.894737 0 0.105263
0.842105 0 0.157895
0.789474 0 0.210526
0.736842 0 0.263158
0.684211 0 0.315789
0.631579 0 0.368421
0.578947 0 0.421053
0.526316 0 0.473684
0.473684 0 0.526316
0.421053 0 0.578947
0.368421 0 0.631579
0.315789 0 0.684211
0.263158 0 0.736842
0.210526 0 0.789474
0.157895 0 0.842105
0.105263 0 0.894737
0.0526316 0 0.947368
0.601864 0.153746 0.24439
0.114815 0.4689 0.416285
0.264933 0.151095 0.583971
0.15611 0.60958 0.23431
0.440708 0.449688 0.109604
0.643211 0.299054 0.0577354
0.679582 0.128531 0.191887
0.363188 0.286602 0.35021
0.277349 0.627681 0.0949698
0.32476 0.518751 0.156489
0.356595 0.164846 0.478559
0.170375 0.349685 0.47994
0.511907 0.209956 0.278137
0.281046 0.506598 0.212356
0.17796 0.521944 0.300096
0.516411 0.107575 0.376014
0.150295 0.180162 0.669543
0.302927 0.64881 0.0482635
0.520658 0.303699 0.175644
0.122742 0.144025 0.733233
0.354422 0.228068 0.417511
0.76624 0.131698 0.102062
0.432368 0.344054 0.223578
0.124375 0.274432 0.601193
0.147643 0.682814 0.169543
0.790539 0.160341 0.0491205
0.481051 0.46249 0.0564588
0.630973 0.244335 0.124692
0.145245 0.744787 0.109968
0.181247 0.451352 0.367401
0.138511 0.811872 0.0496165
0.344364 0.378642 0.276994
0.0966858 0.116962 0.786352
0.142177 0.315774 0.54205
0.304957 0.164741 0.530301
0.512196 0.161647 0.326157
0.464002 0.124005 0.411993
0.065842 0.0798198 0.854338
0.243777 0.123038 0.633185
0.242125 0.323926 0.433949


0 7 23
8 2 40
9 8 40
39 9 40
28 27 41
17 16 42
34 33 43
20 19 44
6 5 46
27 26 47
41 27 47
26 25 47
45 49 50
32 31 51
16 15 52
42 16 52
28 41 53
19 18 55
44 19 55
30 29 56
13 12 57
36 35 57
4 3 58
49 45 58
41 47 59
45 50 59
12 11 60
37 36 60
36 57 60
57 12 60
51 31 61
25 24 62
53 41 63
50 54 63
59 50 63
41 59 63
14 13 64
13 57 64
21 20 65
20 44 65
44 54 65
54 50 65
7 6 66
23 7 66
24 23 66
62 24 66
6 46 66
46 62 66
5 4 67
46 5 67
4 58 67
58 45 67
45 59 68
59 47 68
47 25 68
25 62 68
67 45 68
62 46 68
46 67 68
22 21 69
21 65 69
50 49 69
65 50 69
18 17 70
17 42 70
55 18 70
48 55 70
61 48 70
3 1 71
1 22 71
49 58 71
58 3 71
22 69 71
69 49 71
54 44 72
44 55 72
55 48 72
53 63 72
63 54 72
11 10 73
10 38 73
38 37 73
37 60 73
60 11 73
15 14 74
52 15 74
14 64 74
64 43 74
33 32 75
32 51 75
43 33 75
51 52 75
52 74 75
74 43 75
29 28 76
28 53 76
56 29 76
48 56 76
72 48 76
53 72 76
31 30 77
61 31 77
30 56 77
56 48 77
48 61 77
10 9 78
9 39 78
38 10 78
39 38 78
35 34 79
34 43 79
43 64 79
57 35 79
64 57 79
42 52 80
52 51 80
51 61 80
61 70 80
70 42 80
