76
1 0 0
0 1 0
0 0 1
0.166667 0.833333 0
0.333333 0.666667 0
0.5 0.5 0
0.666667 0.333333 0
0.833333 0.166667 0
0 0.0625 0.9375
0 0.125 0.875
0 0.1875 0.8125
0 0.25 0.75
0 0.3125 0.6875
0 0.375 0.625
0 0.4375 0.5625
0 0.5 0.5
0 0.5625 0.4375
0 0.625 0.375
0 0.6875 0.3125
0 0.75 0.25
0 0.8125 0.1875
0 0.875 0.125
0 0.9375 0.0625
0.95 0 0.05
0.9 0 0.1
0.85 0 0.15
0.8 0 0.2
0.75 0 0.25
0.7 0 0.3
0.65 0 0.35
0.6 0 0.4
0.55 0 0.45
0.5 0 0.5
0.45 0 0.55
0.4 0 0.6
0.35 0 0.65
0.3 0 0.7
0.25 0 0.75
0.2 0 0.8
0.15 0 0.85
0.1 0 0.9
0.05 0 0.95
0.172352 0.785583 0.0420649
0.601989 0.150984 0.247027
0.253998 0.171347 0.574655
0.150466 0.620133 0.229401
0.486635 0.398449 0.114916
0.80003 0.157805 0.042165
0.689538 0.242011 0.0684509
0.642695 0.178265 0.17904
0.410435 0.225409 0.364156
0.320724 0.574543 0.104733
0.322532 0.51219 0.165279
0.331553 0.185764 0.482682
0.174948 0.327389 0.497663
0.485621 0.251881 0.262498
0.250021 0.543293 0.206686
0.195389 0.492676 0.311935
0.139816 0.186919 0.673265
0.119063 0.332569 0.548369
0.506953 0.305922 0.187126
0.121342 0.148132 0.730527
0.33157 0.25843 0.41
0.170334 0.40264 0.427026
0.347126 0.364375 0.2885
0.498232 0.444775 0.0569922
0.141065 0.726276 0.132658
0.659254 0.214677 0.126069
0.324431 0.135375 0.540194
0.143438 0.493386 0.363177
0.0883744 0.110326 0.801299
0.327469 0.622186 0.0503443
0.176005 0.206264 0.617731
0.147115 0.770599 0.0822868
0.0598446 0.082134 0.858021
0.514934 0.147152 0.337915


0 7 23
8 2 41
9 8 41
40 9 41
3 1 42
28 27 43
35 34 44
20 19 45
21 20 45
7 6 47
23 7 47
24 23 47
6 5 48
47 6 48
25 24 48
24 47 48
27 26 49
31 30 50
33 32 53
16 15 54
29 28 55
28 43 55
21 45 56
55 52 56
19 18 57
45 19 57
13 12 58
37 36 58
15 14 59
44 54 59
54 15 59
43 27 60
27 49 60
49 46 60
46 51 60
51 52 60
52 55 60
55 43 60
12 11 61
11 38 61
38 37 61
37 58 61
58 12 61
32 31 62
53 32 62
31 50 62
50 57 62
17 16 63
16 54 63
54 53 63
53 62 63
55 56 64
56 45 64
45 57 64
57 50 64
5 4 65
48 5 65
22 21 66
21 56 66
56 52 66
26 25 67
49 26 67
25 48 67
48 65 67
46 49 67
65 46 67
34 33 68
44 34 68
54 44 68
33 53 68
53 54 68
57 18 69
62 57 69
18 17 69
17 63 69
63 62 69
11 10 70
10 39 70
38 11 70
39 38 70
4 3 71
3 42 71
42 51 71
51 46 71
46 65 71
65 4 71
14 13 72
13 58 72
36 35 72
58 36 72
59 14 72
35 44 72
44 59 72
1 22 73
42 1 73
22 66 73
51 42 73
52 51 73
66 52 73
10 9 74
9 40 74
39 10 74
40 39 74
30 29 75
50 30 75
64 50 75
29 55 75
55 64 75
