73
1 0 0
0 1 0
0 0 1
0.166667 0.833333 0
0.333333 0.666667 0
0.5 0.5 0
0.666667 0.333333 0
0.833333 0.166667 0
0 0.0625 0.9375
0 0.125 0.875
0 0.1875 0.8125
0 0.25 0.75
0 0.3125 0.6875
0 0.375 0.625
0 0.4375 0.5625
0 0.5 0.5
0 0.5625 0.4375
0 0.625 0.375
0 0.6875 0.3125
0 0.75 0.25
0 0.8125 0.1875
0 0.875 0.125
0 0.9375 0.0625
0.928571 0 0.0714286
0.857143 0 0.142857
0.785714 0 0.214286
0.714286 0 0.285714
0.642857 0 0.357143
0.571429 0 0.428571
0.5 0 0.5
0.428571 0 0.571429
0.357143 0 0.642857
0.285714 0 0.714286
0.214286 0 0.785714
0.142857 0 0.857143
0.0714286 0 0.928571
0.631516 0.112099 0.256385
0.301782 0.124896 0.573322
0.152601 0.610822 0.236577
0.452169 0.440906 0.106925
0.642163 0.280906 0.0769312
0.651445 0.151658 0.196897
0.390943 0.258197 0.35086
0.292067 0.607915 0.100018
0.3043 0.530898 0.164802
0.373476 0.146832 0.479692
0.178401 0.331055 0.490544
0.482196 0.241613 0.276191
0.150739 0.548271 0.30099
0.146015 0.19544 0.658546
0.592327 0.25209 0.155583
0.750583 0.134252 0.115165
0.131511 0.131556 0.736934
0.175099 0.762673 0.0622275
0.214392 0.39956 0.386048
0.452777 0.321458 0.225765
0.137479 0.417448 0.445073
0.834747 0.11574 0.0495127
0.148257 0.677095 0.174647
0.476039 0.130202 0.393759
0.491668 0.456063 0.0522688
0.127933 0.27856 0.593507
0.556752 0.123453 0.319795
0.0921273 0.0802544 0.827618
0.121729 0.752452 0.12582
0.208634 0.253797 0.537569
0.13179 0.506488 0.361722
0.308711 0.267183 0.424106
0.301125 0.392826 0.30605
0.355033 0.604329 0.0406376
0.304229 0.463402 0.23237
0.230573 0.0866283 0.682799
0.463552 0.376643 0.159806


3 1 22
8 2 35
9 8 35
34 9 35
26 25 36
30 29 37
31 30 37
19 18 38
7 6 40
25 24 41
36 25 41
39 43 44
29 28 45
37 29 45
15 14 46
36 41 47
18 17 48
38 18 48
12 11 49
13 12 49
31 37 49
24 23 51
40 50 51
41 24 51
50 41 51
11 10 52
10 33 52
33 32 52
49 11 52
4 3 53
3 22 53
22 21 53
47 41 55
41 50 55
16 15 56
54 16 56
15 46 56
0 7 57
23 0 57
51 23 57
7 40 57
40 51 57
20 19 58
19 38 58
38 44 58
44 43 58
28 27 59
45 28 59
6 5 60
39 40 60
40 6 60
43 39 60
14 13 61
13 49 61
49 37 61
27 26 62
26 36 62
36 47 62
47 42 62
42 59 62
59 27 62
10 9 63
9 34 63
33 10 63
34 33 63
43 53 64
53 21 64
21 20 64
20 58 64
58 43 64
46 14 65
14 61 65
37 45 65
61 37 65
45 46 65
17 16 66
16 54 66
48 17 66
42 54 67
54 56 67
46 45 67
45 59 67
59 42 67
56 46 67
47 55 68
42 47 68
54 42 68
66 54 68
48 66 68
5 4 69
4 53 69
53 43 69
43 60 69
60 5 69
38 48 70
44 38 70
48 68 70
68 55 70
32 31 71
52 32 71
31 49 71
49 52 71
40 39 72
50 40 72
39 44 72
44 70 72
55 50 72
70 55 72
