50
1 0 0
0 1 0
0 0 1
0.166667 0.833333 0
0.333333 0.666667 0
0.5 0.5 0
0.666667 0.333333 0
0.833333 0.166667 0
0 0.0625 0.9375
0 0.125 0.875
0 0.1875 0.8125
0 0.25 0.75
0 0.3125 0.6875
0 0.375 0.625
0 0.4375 0.5625
0 0.5 0.5
0 0.5625 0.4375
0 0.625 0.375
0 0.6875 0.3125
0 0.75 0.25
0 0.8125 0.1875
0 0.875 0.125
0 0.9375 0.0625
0.909091 0 0.0909091
0.818182 0 0.181818
0.727273 0 0.272727
0.636364 0 0.363636
0.545455 0 0.454545
0.454545 0 0.545455
0.363636 0 0.636364
0.272727 0 0.727273
0.181818 0 0.818182
0.090909 0 0.909091
0.207039 0.57596 0.217001
0.435413 0.445483 0.119104
0.605302 0.173901 0.220797
0.654817 0.247554 0.0976288
0.388426 0.262199 0.349376
0.275081 0.625983 0.0989362
0.237424 0.29725 0.465326
0.621424 0.21815 0.160425
0.151264 0.117921 0.730814
0.459302 0.149545 0.391152
0.336006 0.169722 0.494272
0.305324 0.389322 0.305354
0.237759 0.158754 0.603487
0.325692 0.447041 0.227268
0.146185 0.313911 0.539904
0.125449 0.82492 0.049631
0.110902 0.0806528 0.808445


3 1 22
8 2 32
9 8 32
31 9 32
19 18 33
7 6 34
19 33 34
24 23 35
0 7 36
7 34 36
16 15 37
25 24 37
24 35 37
5 4 38
4 21 38
21 20 38
6 5 38
34 6 38
20 19 38
19 34 38
15 14 39
37 15 39
23 0 40
0 36 40
35 23 40
11 10 41
10 30 41
29 11 41
30 29 41
26 25 42
25 37 42
37 39 42
27 26 43
26 42 43
42 39 43
17 16 44
16 37 44
37 35 44
35 40 44
12 11 45
11 29 45
29 28 45
13 12 45
43 13 45
28 27 45
27 43 45
18 17 46
33 18 46
34 33 46
36 34 46
40 36 46
17 44 46
44 40 46
14 13 47
13 43 47
39 14 47
43 39 47
4 3 48
3 22 48
21 4 48
22 21 48
10 9 49
9 31 49
30 10 49
31 30 49
