89
1 0 0
0 1 0
0 0 1
0.166667 0.833333 0
0.333333 0.666667 0
0.5 0.5 0
0.666667 0.333333 0
0.833333 0.166667 0
0 0.0588236 0.941177
0 0.117647 0.882353
0 0.176471 0.823529
0 0.235294 0.764706
0 0.294117 0.705882
0 0.352941 0.647059
0 0.411765 0.588235
0 0.470588 0.529412
0 0.529412 0.470588
0 0.588235 0.411765
0 0.647059 0.352941
0 0.705882 0.294118
0 0.764706 0.235294
0 0.823529 0.176471
0 0.882353 0.117647
0 0.941177 0.0588235
0.947368 0 0.0526316
0.894737 0 0.105263
0.842105 0 0.157895
0.789474 0 0.210526
0.736842 0 0.263158
0.684211 0 0.315789
0.631579 0 0.368421
0.578947 0 0.421053
0.526316 0 0.473684
0.473684 0 0.526316
0.421053 0 0.578947
0.368421 0 0.631579
0.315789 0 0.684211
0.263158 0 0.736842
0.210526 0 0.789474
0.157895 0 0.842105
0.105263 0 0.894737
0.0526315 0 0.947369
0.595082 0.150269 0.254649
0.141641 0.44031 0.41805
0.257212 0.149707 0.593081
0.148736 0.621047 0.230217
0.486875 0.41492 0.0982051
0.642857 0.280775 0.076368
0.683775 0.12337 0.192855
0.738985 0.132385 0.12863
0.369815 0.295779 0.334406
0.311114 0.592481 0.0964045
0.324642 0.509765 0.165593
0.41537 0.101666 0.482964
0.187256 0.330783 0.481961
0.466972 0.250705 0.282323
0.274534 0.512726 0.21274
0.170548 0.534447 0.295006
0.49104 0.130347 0.378613
0.150188 0.211288 0.638524
0.256361 0.698521 0.0451172
0.770759 0.189774 0.039467
0.514705 0.294493 0.190802
0.123909 0.133075 0.743016
0.328346 0.272616 0.399038
0.147865 0.680875 0.171261
0.121137 0.30646 0.572403
0.450332 0.499521 0.0501478
0.338925 0.142454 0.518621
0.194085 0.444701 0.361214
0.802493 0.116797 0.0807094
0.13231 0.786955 0.0807349
0.42417 0.349186 0.226644
0.157762 0.148154 0.694084
0.106797 0.375371 0.517833
0.303192 0.241254 0.455553
0.315661 0.414839 0.2695
0.0969266 0.111345 0.791728
0.548655 0.130461 0.320885
0.445211 0.121214 0.433575
0.590011 0.270467 0.139522
0.178375 0.69482 0.126804
0.0658489 0.076553 0.857598
0.107628 0.85741 0.0349628
0.264439 0.0965108 0.639051
0.237378 0.221082 0.54154
0.0897682 0.580161 0.330071
0.604743 0.363849 0.031408
0.435712 0.423263 0.141025


0 7 24
8 2 41
9 8 41
40 9 41
29 28 42
18 17 43
17 16 43
35 34 44
21 20 45
28 27 48
42 28 48
27 26 48
26 25 49
48 26 49
33 32 53
43 16 54
20 19 57
45 20 57
31 30 58
14 13 59
4 3 60
7 6 61
24 7 61
42 48 62
12 11 63
38 37 63
58 50 64
22 21 65
21 45 65
45 56 65
56 52 65
15 14 66
14 59 66
59 44 66
5 4 67
46 47 67
4 60 67
51 46 67
60 51 67
34 33 68
33 53 68
18 43 69
43 64 69
50 57 69
64 50 69
47 49 70
49 25 70
25 24 70
24 61 70
61 47 70
23 22 71
51 60 71
52 56 72
62 52 72
55 42 72
42 62 72
13 12 73
59 13 73
37 36 73
36 59 73
63 37 73
12 63 73
16 15 74
54 16 74
15 66 74
43 54 75
64 43 75
54 68 75
68 53 75
50 55 76
57 50 76
56 45 76
45 57 76
55 72 76
72 56 76
11 10 77
10 39 77
39 38 77
38 63 77
63 11 77
30 29 78
29 42 78
42 55 78
58 30 78
55 50 78
50 58 78
32 31 79
31 58 79
58 64 79
53 32 79
64 75 79
75 53 79
47 46 80
49 47 80
48 49 80
62 48 80
22 65 81
71 22 81
52 51 81
51 71 81
65 52 81
10 9 82
9 40 82
39 10 82
40 39 82
3 1 83
1 23 83
23 71 83
60 3 83
71 60 83
36 35 84
59 36 84
35 44 84
44 59 84
44 34 85
34 68 85
68 54 85
54 74 85
66 44 85
74 66 85
19 18 86
18 69 86
57 19 86
69 57 86
6 5 87
47 61 87
61 6 87
5 67 87
67 47 87
46 51 88
51 52 88
52 62 88
62 80 88
80 46 88
