77
1 0 0
0 1 0
0 0 1
0.166667 0.833333 0
0.333333 0.666667 0
0.5 0.5 0
0.666667 0.333333 0
0.833333 0.166667 0
0 0.0588235 0.941176
0 0.117647 0.882353
0 0.176471 0.823529
0 0.235294 0.764706
0 0.294118 0.705882
0 0.352941 0.647059
0 0.411765 0.588235
0 0.470588 0.529412
0 0.529412 0.470588
0 0.588235 0.411765
0 0.647059 0.352941
0 0.705882 0.294118
0 0.764706 0.235294
0 0.823529 0.176471
0 0.882353 0.117647
0 0.941176 0.0588235
0.933333 0 0.0666667
0.866667 0 0.133333
0.8 0 0.2
0.733333 0 0.266667
0.666667 0 0.333333
0.6 0 0.4
0.533333 0 0.466667
0.466667 0 0.533333
0.4 0 0.6
0.333333 0 0.666667
0.266667 0 0.733333
0.2 0 0.8
0.133333 0 0.866667
0.0666667 0 0.933333
0.614437 0.137716 0.247847
0.275136 0.136413 0.588451
0.156637 0.61049 0.232872
0.470837 0.415742 0.113421
0.655298 0.274951 0.0697507
0.676891 0.137521 0.185588
0.748147 0.136461 0.115392
0.388737 0.259261 0.352002
0.289201 0.608567 0.102231
0.302147 0.529512 0.168341
0.364262 0.149835 0.485903
0.175161 0.337568 0.487271
0.437019 0.279707 0.283274
0.152283 0.550905 0.296812
0.155489 0.186738 0.657773
0.825375 0.123937 0.050688
0.584733 0.265742 0.149525
0.137936 0.126426 0.735638
0.170541 0.767163 0.0622969
0.217874 0.397397 0.384729
0.118303 0.757173 0.124524
0.490771 0.288932 0.220297
0.125012 0.280081 0.594907
0.14873 0.679619 0.171651
0.497338 0.124184 0.378478
0.144195 0.4198 0.436005
0.489036 0.457362 0.053602
0.467491 0.0981425 0.434366
0.559716 0.128067 0.312218
0.0872492 0.0764909 0.83626
0.255657 0.208545 0.535798
0.13141 0.513841 0.354749
0.323662 0.250768 0.42557
0.428523 0.394795 0.176683
0.285285 0.39863 0.316086
0.344798 0.612087 0.0431149
0.310196 0.44718 0.242624
0.107636 0.348266 0.544099
0.285188 0.0809477 0.633864


3 1 23
8 2 37
9 8 37
36 9 37
27 26 38
32 31 39
20 19 40
7 6 42
26 25 43
38 26 43
25 24 44
43 25 44
41 46 47
31 30 48
16 15 49
19 18 51
40 19 51
13 12 52
0 7 53
24 0 53
7 42 53
42 44 53
44 24 53
42 41 54
44 42 54
43 44 54
11 10 55
10 35 55
35 34 55
12 11 55
52 12 55
34 33 55
33 52 55
4 3 56
3 23 56
23 22 56
22 21 58
46 56 58
56 22 58
38 43 59
50 38 59
43 54 59
14 13 60
13 52 60
52 39 60
21 20 61
20 40 61
40 47 61
58 21 61
47 46 61
46 58 61
29 28 62
17 16 63
57 17 63
16 49 63
6 5 64
41 42 64
42 6 64
46 41 64
30 29 65
48 30 65
29 62 65
28 27 66
27 38 66
38 50 66
50 45 66
45 62 66
62 28 66
10 9 67
9 36 67
35 10 67
36 35 67
39 31 68
31 48 68
60 39 68
48 49 68
18 17 69
17 57 69
51 18 69
45 57 70
57 63 70
62 45 70
49 48 70
48 65 70
65 62 70
63 49 70
41 47 71
54 41 71
59 54 71
45 50 72
57 45 72
51 69 72
69 57 72
5 4 73
4 56 73
56 46 73
46 64 73
64 5 73
47 40 74
71 47 74
40 51 74
59 71 74
50 59 74
72 50 74
51 72 74
15 14 75
49 15 75
68 49 75
14 60 75
60 68 75
33 32 76
52 33 76
32 39 76
39 52 76
