70
1 0 0
0 1 0
0 0 1
0.166667 0.833333 0
0.333333 0.666667 0
0.5 0.5 0
0.666667 0.333333 0
0.833333 0.166667 0
0 0.0588236 0.941176
0 0.117647 0.882353
0 0.176471 0.823529
0 0.235294 0.764706
0 0.294118 0.705882
0 0.352941 0.647059
0 0.411765 0.588235
0 0.470588 0.529412
0 0.529412 0.470588
0 0.588235 0.411765
0 0.647059 0.352941
0 0.705882 0.294118
0 0.764706 0.235294
0 0.823529 0.176471
0 0.882353 0.117647
0 0.941176 0.0588235
0.928571 0 0.0714286
0.857143 0 0.142857
0.785714 0 0.214286
0.714286 0 0.285714
0.642857 0 0.357143
0.571429 0 0.428571
0.5 0 0.5
0.428571 0 0.571429
0.357143 0 0.642857
0.285714 0 0.714286
0.214286 0 0.785714
0.142857 0 0.857143
0.0714286 0 0.928571
0.623015 0.117686 0.259299
0.294227 0.140642 0.565132
0.178503 0.593148 0.228349
0.491614 0.409514 0.0988718
0.635715 0.16287 0.201415
0.728793 0.194361 0.0768462
0.371906 0.27062 0.357474
0.300806 0.59731 0.101884
0.320676 0.516412 0.162912
0.363169 0.1581 0.478731
0.177139 0.346123 0.476738
0.431264 0.286891 0.281844
0.652743 0.30371 0.0435475
0.203973 0.508535 0.287492
0.179752 0.175101 0.645147
0.597372 0.244732 0.157897
0.146266 0.126185 0.727549
0.169208 0.771531 0.0592601
0.760146 0.114367 0.125486
0.172982 0.411924 0.415094
0.125004 0.276426 0.59857
0.153491 0.676804 0.169705
0.470789 0.135018 0.394193
0.206861 0.445716 0.347423
0.48726 0.462852 0.0498874
0.393563 0.387575 0.218863
0.54802 0.130905 0.321075
0.0910359 0.0759989 0.832965
0.176304 0.286742 0.536953
0.136383 0.746451 0.117166
0.495599 0.358003 0.146398
0.316523 0.259561 0.423916
0.336903 0.616773 0.0463237


3 1 23
8 2 36
9 8 36
35 9 36
27 26 37
31 30 38
20 19 39
26 25 41
37 26 41
0 7 42
24 0 42
40 44 45
30 29 46
38 30 46
16 15 47
37 41 48
7 6 49
42 7 49
40 42 49
19 18 50
39 19 50
13 12 51
32 31 51
31 38 51
11 10 53
10 34 53
34 33 53
12 11 53
51 12 53
33 32 53
32 51 53
4 3 54
3 23 54
23 22 54
25 24 55
24 42 55
42 52 55
41 25 55
52 41 55
17 16 56
16 47 56
14 13 57
13 51 57
51 38 57
21 20 58
45 44 58
20 39 58
39 45 58
29 28 59
46 29 59
18 17 60
50 18 60
43 48 60
56 43 60
48 50 60
17 56 60
6 5 61
44 40 61
40 49 61
49 6 61
45 39 62
39 50 62
48 41 62
41 52 62
50 48 62
27 37 63
37 48 63
48 43 63
28 27 63
59 28 63
43 59 63
10 9 64
9 35 64
34 10 64
35 34 64
15 14 65
47 15 65
46 47 65
38 46 65
57 38 65
14 57 65
22 21 66
54 22 66
21 58 66
58 44 66
42 40 67
52 42 67
40 45 67
45 62 67
62 52 67
43 56 68
56 47 68
59 43 68
47 46 68
46 59 68
5 4 69
4 54 69
44 61 69
61 5 69
54 66 69
66 44 69
