88
1 0 0
0 1 0
0 0 1
0.166667 0.833333 0
0.333333 0.666667 0
0.5 0.5 0
0.666667 0.333333 0
0.833333 0.166667 0
0 0.0588236 0.941176
0 0.117647 0.882353
0 0.176471 0.823529
0 0.235294 0.764706
0 0.294118 0.705882
0 0.352941 0.647059
0 0.411765 0.588235
0 0.470588 0.529412
0 0.529412 0.470588
0 0.588235 0.411765
0 0.647059 0.352941
0 0.705882 0.294118
0 0.764706 0.235294
0 0.823529 0.176471
0 0.882353 0.117647
0 0.941177 0.0588235
0.944444 0 0.0555556
0.888889 0 0.111111
0.833333 0 0.166667
0.777778 0 0.222222
0.722222 0 0.277778
0.666667 0 0.333333
0.611111 0 0.388889
0.555556 0 0.444444
0.5 0 0.5
0.444444 0 0.555556
0.388889 0 0.611111
0.333333 0 0.666667
0.277778 0 0.722222
0.222222 0 0.777778
0.166667 0 0.833333
0.111111 0 0.888889
0.0555556 0 0.944444
0.623531 0.132077 0.244392
0.110658 0.480713 0.408629
0.273154 0.146984 0.579862
0.151444 0.626318 0.222237
0.48591 0.41471 0.0993793
0.647077 0.280159 0.0727644
0.679906 0.133718 0.186377
0.735 0.13601 0.128991
0.401326 0.25236 0.346314
0.309495 0.5931 0.097404
0.279848 0.549932 0.17022
0.37151 0.159714 0.468776
0.174634 0.345584 0.479782
0.468723 0.257971 0.273305
0.176536 0.532784 0.29068
0.129183 0.204384 0.666433
0.253325 0.702927 0.0437487
0.795012 0.16717 0.0378179
0.132923 0.319756 0.547321
0.533211 0.265916 0.200874
0.132379 0.137138 0.730483
0.340382 0.255006 0.404611
0.128123 0.793281 0.0785959
0.125519 0.70834 0.166141
0.238238 0.404835 0.356927
0.464507 0.48868 0.0468132
0.299955 0.458924 0.24112
0.525719 0.130821 0.34346
0.800431 0.117782 0.0817871
0.108424 0.102517 0.789059
0.467031 0.128498 0.40447
0.293262 0.180334 0.526404
0.590378 0.27046 0.139162
0.065531 0.0806157 0.853853
0.406133 0.385663 0.208204
0.105515 0.552613 0.341872
0.326695 0.374986 0.29832
0.168056 0.707452 0.124493
0.13539 0.256298 0.608313
0.594868 0.107204 0.297929
0.0999317 0.865994 0.0340744
0.224339 0.0910614 0.6846
0.257699 0.107808 0.634494
0.0811451 0.65523 0.263625
0.236539 0.336855 0.426606
0.432825 0.417108 0.150067
0.0785582 0.416623 0.504819


0 7 24
8 2 40
9 8 40
39 9 40
28 27 41
18 17 42
17 16 42
34 33 43
21 20 44
27 26 47
41 27 47
26 25 48
47 26 48
32 31 52
42 16 53
13 12 56
4 3 57
7 6 58
6 46 58
24 7 58
15 14 59
41 47 60
54 41 60
12 11 61
37 36 61
56 12 61
23 22 63
50 57 63
22 21 64
21 44 64
44 51 64
62 49 65
5 4 66
6 5 66
46 6 66
45 46 66
4 57 66
50 45 66
57 50 66
51 44 67
44 55 67
30 29 68
54 49 68
25 24 69
24 58 69
46 48 69
58 46 69
48 25 69
11 10 70
10 38 70
38 37 70
37 61 70
61 11 70
31 30 71
52 31 71
62 52 71
49 62 71
68 49 71
30 68 71
33 32 72
32 52 72
43 33 72
52 53 72
53 59 72
59 43 72
46 45 73
48 46 73
47 48 73
60 47 73
10 9 74
9 39 74
38 10 74
39 38 74
54 60 75
67 54 75
51 67 75
19 18 76
55 19 76
18 42 76
42 65 76
65 55 76
49 54 77
55 65 77
65 49 77
54 67 77
67 55 77
63 22 78
22 64 78
51 50 78
64 51 78
50 63 78
14 13 79
13 56 79
43 59 79
59 14 79
29 28 80
28 41 80
41 54 80
54 68 80
68 29 80
3 1 81
1 23 81
23 63 81
57 3 81
63 57 81
36 35 82
56 61 82
61 36 82
35 34 83
34 43 83
43 79 83
79 56 83
56 82 83
82 35 83
20 19 84
19 55 84
44 20 84
55 44 84
42 53 85
53 52 85
52 62 85
62 65 85
65 42 85
45 50 86
50 51 86
51 75 86
73 45 86
60 73 86
75 60 86
16 15 87
53 16 87
15 59 87
59 53 87
