86
1 0 0
0 1 0
0 0 1
0.166667 0.833333 0
0.333333 0.666667 0
0.5 0.5 0
0.666667 0.333333 0
0.833333 0.166667 0
0 0.0588235 0.941177
0 0.117647 0.882353
0 0.176471 0.823529
0 0.235294 0.764706
0 0.294118 0.705882
0 0.352941 0.647059
0 0.411765 0.588235
0 0.470588 0.529412
0 0.529412 0.470588
0 0.588235 0.411765
0 0.647059 0.352941
0 0.705882 0.294118
0 0.764706 0.235294
0 0.823529 0.176471
0 0.882353 0.117647
0 0.941177 0.0588235
0.941176 0 0.0588235
0.882353 0 0.117647
0.823529 0 0.176471
0.764706 0 0.235294
0.705882 0 0.294118
0.647059 0 0.352941
0.588235 0 0.411765
0.529412 0 0.470588
0.470588 0 0.529412
0.411765 0 0.588235
0.352941 0 0.647059
0.294118 0 0.705882
0.235294 0 0.764706
0.176471 0 0.823529
0.117647 0 0.882353
0.0588235 0 0.941177
0.602993 0.147686 0.249321
0.136743 0.442496 0.420761
0.270026 0.136655 0.593319
0.159061 0.610275 0.230664
0.463476 0.430616 0.105908
0.644646 0.280834 0.0745195
0.671498 0.138898 0.189603
0.727826 0.140077 0.132097
0.398168 0.257731 0.344101
0.279834 0.618377 0.101789
0.353599 0.474642 0.171759
0.423066 0.0891139 0.48782
0.161162 0.359381 0.479457
0.47887 0.236512 0.284618
0.16097 0.541749 0.297281
0.500245 0.121134 0.378621
0.158682 0.187033 0.654285
0.249232 0.707383 0.0433844
0.812228 0.151593 0.0361785
0.101652 0.354292 0.544056
0.522868 0.282347 0.194785
0.137361 0.137768 0.72487
0.319076 0.266211 0.414713
0.119343 0.801102 0.0795552
0.245001 0.376869 0.37813
0.113306 0.75785 0.128844
0.458025 0.494135 0.0478398
0.1298 0.274794 0.595406
0.28816 0.47165 0.24019
0.455724 0.108624 0.435652
0.34848 0.117096 0.534424
0.797504 0.118264 0.0842319
0.56301 0.120125 0.316865
0.318168 0.206701 0.475131
0.0819834 0.0763654 0.841651
0.567885 0.289802 0.142313
0.176832 0.657247 0.165921
0.103498 0.10701 0.789492
0.226274 0.238683 0.535042
0.121929 0.516458 0.361613
0.34223 0.370138 0.287632
0.257783 0.410317 0.3319
0.0990288 0.867163 0.0338082
0.232169 0.0879587 0.679872
0.436464 0.330722 0.232814
0.0786528 0.720266 0.201082


8 2 39
9 8 39
38 9 39
28 27 40
17 16 41
34 33 42
20 19 43
27 26 46
40 27 46
26 25 47
46 26 47
44 49 50
32 31 51
16 15 52
41 16 52
19 18 54
43 19 54
30 29 55
13 12 56
34 42 56
4 3 57
0 7 58
24 0 58
7 6 58
6 45 58
15 14 59
52 15 59
40 46 60
12 11 61
36 35 61
56 12 61
55 48 62
41 52 62
23 22 63
49 57 63
41 62 64
62 48 64
22 21 65
49 63 65
63 22 65
6 5 66
45 6 66
44 45 66
5 4 66
4 57 66
49 44 66
57 49 66
14 13 67
13 56 67
56 42 67
59 14 67
50 43 68
43 54 68
31 30 69
51 31 69
30 55 69
55 62 69
33 32 70
42 33 70
32 51 70
25 24 71
24 58 71
47 25 71
45 47 71
58 45 71
29 28 72
53 48 72
28 40 72
40 53 72
48 55 72
55 29 72
62 52 73
51 69 73
69 62 73
70 51 73
10 9 74
9 38 74
38 37 74
45 44 75
47 45 75
46 47 75
60 46 75
44 50 75
50 60 75
65 21 76
43 50 76
50 49 76
49 65 76
11 10 77
37 36 77
36 61 77
61 11 77
10 74 77
74 37 77
59 67 78
67 42 78
42 70 78
52 59 78
73 52 78
70 73 78
18 17 79
17 41 79
41 64 79
54 18 79
48 53 80
68 54 80
54 79 81
79 64 81
80 54 81
64 48 81
48 80 81
3 1 82
1 23 82
23 63 82
57 3 82
63 57 82
35 34 83
34 56 83
56 61 83
61 35 83
53 40 84
40 60 84
60 50 84
50 68 84
68 80 84
80 53 84
21 20 85
76 21 85
20 43 85
43 76 85
