53
1 0 0
0 1 0
0 0 1
0.166667 0.833333 0
0.333333 0.666667 0
0.5 0.5 0
0.666667 0.333333 0
0.833333 0.166667 0
0 0.0588236 0.941177
0 0.117647 0.882353
0 0.176471 0.823529
0 0.235294 0.764706
0 0.294118 0.705882
0 0.352941 0.647059
0 0.411765 0.588235
0 0.470588 0.529412
0 0.529412 0.470588
0 0.588235 0.411765
0 0.647059 0.352941
0 0.705882 0.294118
0 0.764706 0.235294
0 0.823529 0.176471
0 0.882353 0.117647
0 0.941176 0.0588235
0.916667 0 0.0833333
0.833333 0 0.166667
0.75 0 0.25
0.666667 0 0.333333
0.583333 0 0.416667
0.5 0 0.5
0.416667 0 0.583333
0.333333 0 0.666667
0.25 0 0.75
0.166667 0 0.833333
0.0833333 0 0.916667
0.561518 0.164129 0.274353
0.240963 0.157885 0.601153
0.522998 0.380851 0.0961518
0.683773 0.220665 0.0955622
0.280644 0.636395 0.0829613
0.311019 0.484521 0.204459
0.662107 0.147249 0.190644
0.308334 0.222686 0.46898
0.357681 0.250937 0.391382
0.475748 0.319946 0.204306
0.255194 0.379438 0.365367
0.202024 0.133783 0.664192
0.283699 0.183061 0.533239
0.225414 0.455677 0.318909
0.129934 0.825244 0.044822
0.248153 0.595224 0.156623
0.143845 0.105725 0.75043
0.435437 0.292771 0.271792


3 1 23
10 9 33
32 10 33
8 2 34
9 8 34
33 9 34
26 25 35
13 12 36
30 29 36
7 6 37
0 7 38
7 37 38
24 0 38
6 5 39
5 4 39
4 22 39
22 21 39
19 18 40
38 37 40
25 24 41
35 25 41
15 14 42
28 27 42
16 15 43
27 26 43
26 35 43
42 27 43
15 42 43
24 38 44
41 24 44
38 40 44
40 18 44
17 16 45
16 43 45
43 35 45
12 11 46
11 31 46
31 30 46
30 36 46
36 12 46
13 36 47
36 29 47
14 13 47
42 14 47
29 28 47
28 42 47
18 17 48
44 18 48
17 45 48
4 3 49
3 23 49
22 4 49
23 22 49
21 20 50
39 21 50
37 6 50
6 39 50
20 19 50
19 40 50
40 37 50
11 10 51
10 32 51
31 11 51
32 31 51
35 41 52
45 35 52
48 45 52
41 44 52
44 48 52
