82
1 0 0
0 1 0
0 0 1
0.166667 0.833333 0
0.333333 0.666667 0
0.5 0.5 0
0.666667 0.333333 0
0.833333 0.166667 0
0 0.0588235 0.941176
0 0.117647 0.882353
0 0.176471 0.823529
0 0.235294 0.764706
0 0.294118 0.705882
0 0.352941 0.647059
0 0.411765 0.588235
0 0.470588 0.529412
0 0.529412 0.470588
0 0.588235 0.411765
0 0.647059 0.352941
0 0.705882 0.294118
0 0.764706 0.235294
0 0.823529 0.176471
0 0.882353 0.117647
0 0.941176 0.0588235
0.9375 0 0.0625
0.875 0 0.125
0.8125 0 0.1875
0.75 0 0.25
0.6875 0 0.3125
0.625 0 0.375
0.5625 0 0.4375
0.5 0 0.5
0.4375 0 0.5625
0.375 0 0.625
0.3125 0 0.6875
0.25 0 0.75
0.1875 0 0.8125
0.125 0 0.875
0.0625 0 0.9375
0.607114 0.134951 0.257935
0.270783 0.134512 0.594705
0.16401 0.608239 0.22775
0.465504 0.429862 0.104634
0.887028 0.0795853 0.0333868
0.654206 0.275323 0.0704715
0.666435 0.138306 0.195259
0.729513 0.13714 0.133347
0.391221 0.261622 0.347157
0.281759 0.619377 0.0988641
0.350769 0.482761 0.166471
0.377707 0.135798 0.486496
0.194707 0.323428 0.481865
0.449651 0.272077 0.278272
0.151092 0.553622 0.295286
0.137717 0.20798 0.654303
0.268945 0.688735 0.0423199
0.103772 0.351299 0.544929
0.495597 0.295857 0.208546
0.146426 0.135286 0.718288
0.313023 0.274018 0.412959
0.129267 0.802235 0.0684981
0.214405 0.405468 0.380127
0.113667 0.761712 0.124621
0.140272 0.424759 0.434968
0.1231 0.281011 0.59589
0.486987 0.12704 0.385973
0.18052 0.658771 0.160709
0.459601 0.493694 0.0467047
0.31913 0.438279 0.242591
0.552192 0.124936 0.322871
0.801415 0.124534 0.074051
0.567219 0.288255 0.144526
0.108765 0.10703 0.784205
0.234865 0.226856 0.538279
0.133509 0.513413 0.353078
0.0853694 0.0780812 0.836549
0.286165 0.400952 0.312883
0.365601 0.0975243 0.536875
0.399754 0.159606 0.44064
0.077116 0.89426 0.0286238
0.0868296 0.715533 0.197637
0.248763 0.0943035 0.656933


8 2 38
9 8 38
37 9 38
28 27 39
33 32 40
20 19 41
0 7 43
24 0 43
7 6 44
27 26 45
39 27 45
26 25 46
45 26 46
42 48 49
31 30 50
16 15 51
19 18 53
41 19 53
13 12 54
4 3 55
15 14 56
51 15 56
39 45 57
52 39 57
12 11 58
35 34 58
54 12 58
55 3 60
23 22 60
48 55 60
59 47 61
22 21 62
48 60 62
60 22 62
17 16 63
61 17 63
16 51 63
51 59 63
59 61 63
14 13 64
13 54 64
54 40 64
56 14 64
30 29 65
47 59 65
62 21 66
41 49 66
49 48 66
48 62 66
6 5 67
44 6 67
42 44 67
48 42 67
5 4 67
4 55 67
55 48 67
49 41 68
57 49 68
41 53 68
52 57 68
28 39 69
39 52 69
52 47 69
29 28 69
65 29 69
47 65 69
43 7 70
7 44 70
25 24 70
46 25 70
24 43 70
44 46 70
44 42 71
46 44 71
45 46 71
57 45 71
42 49 71
49 57 71
11 10 72
36 35 72
35 58 72
58 11 72
50 51 73
51 56 73
56 64 73
64 40 73
18 17 74
17 61 74
53 18 74
10 9 75
9 37 75
37 36 75
36 72 75
72 10 75
52 68 76
68 53 76
47 52 76
53 74 76
61 47 76
74 61 76
32 31 77
31 50 77
40 32 77
73 40 77
50 73 77
51 50 78
59 51 78
50 30 78
30 65 78
65 59 78
3 1 79
1 23 79
23 60 79
60 3 79
21 20 80
66 21 80
20 41 80
41 66 80
34 33 81
33 40 81
40 54 81
54 58 81
58 34 81
