74
1 0 0
0 1 0
0 0 1
0.166667 0.833333 0
0.333333 0.666667 0
0.5 0.5 0
0.666667 0.333333 0
0.833333 0.166667 0
0 0.0555556 0.944444
0 0.111111 0.888889
0 0.166667 0.833333
0 0.222222 0.777778
0 0.277778 0.722222
0 0.333333 0.666667
0 0.388889 0.611111
0 0.444445 0.555556
0 0.5 0.5
0 0.555556 0.444444
0 0.611111 0.388889
0 0.666667 0.333333
0 0.722222 0.277778
0 0.777778 0.222222
0 0.833333 0.166667
0 0.888889 0.111111
0 0.944444 0.0555556
0.933333 0 0.0666667
0.866667 0 0.133333
0.8 0 0.2
0.733333 0 0.266667
0.666667 0 0.333333
0.6 0 0.4
0.533333 0 0.466667
0.466667 0 0.533333
0.4 0 0.6
0.333333 0 0.666667
0.266667 0 0.733333
0.2 0 0.8
0.133333 0 0.866667
0.0666667 0 0.933333
0.602415 0.131827 0.265757
0.286508 0.13724 0.576251
0.182418 0.59077 0.226812
0.49578 0.399454 0.104765
0.662658 0.138167 0.199176
0.754674 0.17857 0.0667561
0.731607 0.137745 0.130647
0.407807 0.245414 0.346778
0.303267 0.594482 0.102252
0.308362 0.53558 0.156058
0.369359 0.139773 0.490868
0.187981 0.32532 0.486699
0.457699 0.271661 0.27064
0.653634 0.302861 0.0435045
0.143327 0.555887 0.300786
0.515202 0.112645 0.372153
0.180307 0.164928 0.654765
0.528895 0.273915 0.19719
0.148321 0.129023 0.722656
0.163116 0.779719 0.0571651
0.176979 0.407598 0.415423
0.15125 0.681851 0.166899
0.242978 0.421473 0.335549
0.367038 0.210071 0.422891
0.484305 0.464783 0.0509126
0.58178 0.100793 0.317428
0.323791 0.420618 0.255591
0.173238 0.272934 0.553828
0.113664 0.102025 0.784311
0.585781 0.280772 0.133448
0.396642 0.41954 0.183818
0.325102 0.626043 0.048855
0.0883873 0.075689 0.835924
0.139987 0.746785 0.113227
0.118094 0.265777 0.616128


3 1 24
8 2 38
9 8 38
37 9 38
28 27 39
33 32 40
21 20 41
27 26 43
39 27 43
0 7 44
25 0 44
26 25 45
25 44 45
43 26 45
42 47 48
31 30 49
32 31 49
40 32 49
16 15 50
39 43 51
46 39 51
7 6 52
44 7 52
42 44 52
20 19 53
41 20 53
19 18 53
30 29 54
13 12 55
34 33 55
33 40 55
43 45 56
51 43 56
12 11 57
35 34 57
34 55 57
55 12 57
4 3 58
3 24 58
24 23 58
18 17 59
17 16 59
16 50 59
22 21 60
48 47 60
21 41 60
41 48 60
46 51 61
53 18 61
18 59 61
59 46 61
49 30 62
30 54 62
50 49 62
59 50 62
54 46 62
46 59 62
6 5 63
52 6 63
47 42 63
42 52 63
29 28 64
28 39 64
39 46 64
46 54 64
54 29 64
41 53 65
51 56 65
53 61 65
61 51 65
15 14 66
40 49 66
49 50 66
50 15 66
11 10 67
36 35 67
35 57 67
57 11 67
44 42 68
45 44 68
56 45 68
48 41 69
41 65 69
65 56 69
42 48 69
68 42 69
56 68 69
5 4 70
4 58 70
47 63 70
63 5 70
10 9 71
9 37 71
37 36 71
36 67 71
67 10 71
23 22 72
58 23 72
22 60 72
60 47 72
47 70 72
70 58 72
14 13 73
13 55 73
55 40 73
40 66 73
66 14 73
