83
1 0 0
0 1 0
0 0 1
0.166667 0.833333 0
0.333333 0.666667 0
0.5 0.5 0
0.666667 0.333333 0
0.833333 0.166667 0
0 0.0555556 0.944445
0 0.111111 0.888889
0 0.166667 0.833333
0 0.222222 0.777778
0 0.277778 0.722222
0 0.333333 0.666667
0 0.388889 0.611111
0 0.444444 0.555556
0 0.5 0.5
0 0.555556 0.444444
0 0.611111 0.388889
0 0.666667 0.333333
0 0.722222 0.277778
0 0.777778 0.222222
0 0.833333 0.166667
0 0.888889 0.111111
0 0.944444 0.0555556
0.9375 0 0.0625
0.875 0 0.125
0.8125 0 0.1875
0.75 0 0.25
0.6875 0 0.3125
0.625 0 0.375
0.5625 0 0.4375
0.5 0 0.5
0.4375 0 0.5625
0.375 0 0.625
0.3125 0 0.6875
0.25 0 0.75
0.1875 0 0.8125
0.125 0 0.875
0.0624999 0 0.9375
0.616407 0.140409 0.243183
0.160238 0.446766 0.392996
0.256448 0.155913 0.587639
0.158839 0.616373 0.224788
0.454378 0.439655 0.105967
0.649788 0.270999 0.0792123
0.652611 0.154027 0.193362
0.726571 0.135273 0.138157
0.369248 0.279938 0.350814
0.289591 0.610854 0.099555
0.306652 0.533214 0.160134
0.38025 0.136904 0.482847
0.209185 0.310719 0.480095
0.437104 0.276659 0.286237
0.166021 0.546399 0.28758
0.162291 0.180588 0.657121
0.83808 0.120773 0.041147
0.594272 0.24935 0.156377
0.145355 0.131848 0.722797
0.310734 0.279972 0.409294
0.172713 0.767388 0.0598989
0.478828 0.301255 0.219917
0.151649 0.68174 0.166611
0.255135 0.414853 0.330012
0.119319 0.30593 0.574752
0.491746 0.456098 0.0521561
0.358599 0.106787 0.534615
0.433236 0.141931 0.424834
0.508125 0.130499 0.361376
0.134092 0.418962 0.446947
0.797409 0.113173 0.0894178
0.083389 0.0677327 0.848878
0.116258 0.10247 0.781272
0.125453 0.75518 0.119367
0.110813 0.539983 0.349204
0.216273 0.251481 0.532246
0.313624 0.467841 0.218535
0.10654 0.273937 0.619522
0.34521 0.612249 0.042541
0.321773 0.407667 0.27056
0.245064 0.0847822 0.670154
0.474676 0.369494 0.155831
0.561026 0.136738 0.302236


3 1 24
8 2 39
9 8 39
38 9 39
28 27 40
18 17 41
34 33 42
21 20 43
7 6 45
40 27 46
27 26 47
46 27 47
44 49 50
32 31 51
16 15 52
20 19 54
43 20 54
13 12 55
34 42 55
0 7 56
25 0 56
7 45 56
46 47 57
12 11 58
36 35 58
55 12 58
48 41 59
4 3 60
3 24 60
24 23 60
40 46 61
53 40 61
46 57 61
22 21 62
21 43 62
43 50 62
50 49 62
41 48 63
48 53 63
15 14 64
6 5 65
44 45 65
45 6 65
49 44 65
33 32 66
42 33 66
32 51 66
31 30 67
51 31 67
52 51 67
59 52 67
30 29 68
67 30 68
48 59 68
59 67 68
17 16 69
16 52 69
41 17 69
59 41 69
52 59 69
26 25 70
47 26 70
56 45 70
25 56 70
45 57 70
57 47 70
10 9 71
9 38 71
37 10 71
38 37 71
11 10 72
10 37 72
37 36 72
36 58 72
58 11 72
23 22 73
49 60 73
60 23 73
22 62 73
62 49 73
19 18 74
54 19 74
63 54 74
18 41 74
41 63 74
52 15 75
15 64 75
51 52 75
66 51 75
64 42 75
42 66 75
50 43 76
43 54 76
14 13 77
13 55 77
55 42 77
42 64 77
64 14 77
5 4 78
4 60 78
60 49 78
49 65 78
65 5 78
53 61 79
54 63 79
63 53 79
61 76 79
76 54 79
35 34 80
34 55 80
55 58 80
58 35 80
45 44 81
57 45 81
44 50 81
50 76 81
61 57 81
76 61 81
29 28 82
28 40 82
40 53 82
68 29 82
53 48 82
48 68 82
