88
1 0 0
0 1 0
0 0 1
0.166667 0.833333 0
0.333333 0.666667 0
0.5 0.5 0
0.666667 0.333333 0
0.833333 0.166667 0
0 0.0526316 0.947369
0 0.105263 0.894737
0 0.157895 0.842105
0 0.210526 0.789474
0 0.263158 0.736842
0 0.315789 0.684211
0 0.368421 0.631579
0 0.421053 0.578947
0 0.473684 0.526316
0 0.526316 0.473684
0 0.578947 0.421053
0 0.631579 0.368421
0 0.684211 0.315789
0 0.736842 0.263158
0 0.789474 0.210526
0 0.842105 0.157895
0 0.894737 0.105263
0 0.947369 0.0526316
0.941176 0 0.0588235
0.882353 0 0.117647
0.823529 0 0.176471
0.764706 0 0.235294
0.705882 0 0.294118
0.647059 0 0.352941
0.588235 0 0.411765
0.529412 0 0.470588
0.470588 0 0.529412
0.411765 0 0.588235
0.352941 0 0.647059
0.294118 0 0.705882
0.235294 0 0.764706
0.176471 0 0.823529
0.117647 0 0.882353
0.0588235 0 0.941177
0.603527 0.140392 0.256081
0.275918 0.139649 0.584432
0.170602 0.603616 0.225783
0.470009 0.425562 0.104429
0.647261 0.283099 0.0696402
0.665104 0.134917 0.199979
0.735742 0.122155 0.142103
0.384054 0.267089 0.348857
0.284437 0.619417 0.0961454
0.307668 0.534047 0.158284
0.363396 0.144125 0.492478
0.198265 0.322049 0.479686
0.428967 0.28335 0.287683
0.143965 0.553499 0.302536
0.495245 0.45705 0.0477052
0.499604 0.122987 0.377409
0.143061 0.213675 0.643264
0.295309 0.665608 0.0390836
0.823657 0.136517 0.0398251
0.587664 0.24375 0.168586
0.137327 0.120438 0.742234
0.31893 0.270274 0.410796
0.203425 0.408063 0.388512
0.478404 0.300671 0.220925
0.140587 0.421842 0.43757
0.124408 0.279582 0.596011
0.15348 0.682548 0.163971
0.225741 0.442407 0.331852
0.552558 0.130798 0.316643
0.783694 0.128083 0.0882232
0.418021 0.143507 0.438472
0.113483 0.0930796 0.793438
0.46656 0.373181 0.160259
0.123282 0.760239 0.116479
0.2285 0.231436 0.540064
0.13903 0.795429 0.0655417
0.336137 0.456205 0.207659
0.289757 0.44585 0.264393
0.185448 0.130608 0.683943
0.109065 0.35933 0.531605
0.285102 0.0868074 0.62809
0.622834 0.25864 0.118527
0.0971123 0.523163 0.379725
0.0731724 0.0686262 0.858201
0.10397 0.622884 0.273146
0.688594 0.280391 0.0310151


3 1 25
8 2 41
9 8 41
40 9 41
30 29 42
35 34 43
22 21 44
29 28 47
42 29 47
28 27 48
47 28 48
45 50 51
34 33 52
17 16 53
20 19 55
6 5 56
45 46 56
50 45 56
32 31 57
14 13 58
4 3 59
5 4 59
50 56 59
56 5 59
0 7 60
26 0 60
47 48 61
12 11 62
38 37 62
57 49 63
63 49 64
42 47 65
54 42 65
47 61 65
17 53 66
53 63 66
18 17 66
64 18 66
63 64 66
15 14 67
14 58 67
58 43 67
23 22 68
51 50 68
22 44 68
44 51 68
55 19 69
49 54 69
64 49 69
30 42 70
42 54 70
54 49 70
31 30 70
57 31 70
49 57 70
27 26 71
48 27 71
60 46 71
26 60 71
33 32 72
52 33 72
32 57 72
57 63 72
53 52 72
63 53 72
11 10 73
10 39 73
39 38 73
38 62 73
62 11 73
45 51 74
65 61 74
24 23 75
23 68 75
68 50 75
43 34 76
34 52 76
52 53 76
67 43 76
15 67 76
3 25 77
59 3 77
25 24 77
50 59 77
75 50 77
24 75 77
51 44 78
74 51 78
65 74 78
54 65 79
55 69 79
69 54 79
78 44 79
65 78 79
13 12 80
58 13 80
37 36 80
62 37 80
12 62 80
16 15 81
15 76 81
53 16 81
76 53 81
36 35 82
35 43 82
43 58 82
58 80 82
80 36 82
71 46 83
61 48 83
48 71 83
46 45 83
45 74 83
74 61 83
19 18 84
18 64 84
64 69 84
69 19 84
10 9 85
9 40 85
39 10 85
40 39 85
21 20 86
20 55 86
44 21 86
55 79 86
79 44 86
7 6 87
6 56 87
56 46 87
46 60 87
60 7 87
