77
1 0 0
0 1 0
0 0 1
0.166667 0.833333 0
0.333333 0.666667 0
0.5 0.5 0
0.666667 0.333333 0
0.833333 0.166667 0
0 0.0526315 0.947368
0 0.105263 0.894737
0 0.157895 0.842105
0 0.210526 0.789474
0 0.263158 0.736842
0 0.315789 0.684211
0 0.368421 0.631579
0 0.421053 0.578947
0 0.473684 0.526316
0 0.526316 0.473684
0 0.578947 0.421053
0 0.631579 0.368421
0 0.684211 0.315789
0 0.736842 0.263158
0 0.789474 0.210526
0 0.842105 0.157895
0 0.894737 0.105263
0 0.947369 0.0526316
0.9375 0 0.0625
0.875 0 0.125
0.8125 0 0.1875
0.75 0 0.25
0.6875 0 0.3125
0.625 0 0.375
0.5625 0 0.4375
0.5 0 0.5
0.4375 0 0.5625
0.375 0 0.625
0.3125 0 0.6875
0.25 0 0.75
0.1875 0 0.8125
0.125 0 0.875
0.0625 0 0.9375
0.601757 0.125963 0.27228
0.295473 0.137285 0.567242
0.170168 0.601107 0.228725
0.499554 0.401573 0.098873
0.661659 0.140923 0.197417
0.756766 0.179407 0.0638275
0.732734 0.140089 0.127177
0.389646 0.26694 0.343414
0.306329 0.594307 0.0993635
0.306992 0.538899 0.154109
0.354976 0.151045 0.493979
0.205469 0.322627 0.471904
0.423712 0.304032 0.272256
0.65275 0.30543 0.0418203
0.185811 0.518034 0.296155
0.487968 0.465015 0.0470173
0.173782 0.189551 0.636667
0.529763 0.278417 0.19182
0.14427 0.120243 0.735487
0.340637 0.25412 0.405242
0.16435 0.780781 0.0548689
0.181767 0.404687 0.413546
0.184618 0.133383 0.681999
0.151422 0.685389 0.163189
0.208434 0.441529 0.350036
0.128989 0.277148 0.593863
0.331582 0.430821 0.237597
0.434399 0.140254 0.425348
0.521528 0.125727 0.352745
0.595131 0.278842 0.126027
0.116349 0.097865 0.785786
0.174411 0.288471 0.537118
0.142922 0.748137 0.108942
0.408933 0.417732 0.173336
0.326481 0.626319 0.0471999
0.0748289 0.070529 0.854642


3 1 25
8 2 40
9 8 40
39 9 40
29 28 41
30 29 41
34 33 42
22 21 43
21 20 43
28 27 45
41 28 45
0 7 46
26 0 46
27 26 47
26 46 47
45 27 47
44 49 50
33 32 51
42 33 51
17 16 52
41 45 53
48 41 53
7 6 54
46 7 54
44 46 54
43 20 55
20 19 55
6 5 56
54 6 56
49 44 56
44 54 56
14 13 57
35 34 57
34 42 57
45 47 58
53 45 58
12 11 59
37 36 59
4 3 61
3 25 61
25 24 61
18 17 62
60 48 62
17 52 62
52 60 62
13 12 63
57 13 63
36 35 63
35 57 63
59 36 63
12 59 63
23 22 64
22 43 64
43 50 64
50 49 64
55 19 65
48 53 65
53 55 65
19 18 65
18 62 65
62 48 65
15 14 66
14 57 66
57 42 66
43 55 67
55 53 67
53 58 67
32 31 68
51 32 68
52 51 68
60 52 68
30 41 69
41 48 69
31 30 69
48 60 69
60 68 69
68 31 69
46 44 70
47 46 70
58 47 70
11 10 71
10 38 71
38 37 71
37 59 71
59 11 71
16 15 72
52 16 72
51 52 72
42 51 72
66 42 72
15 66 72
24 23 73
61 24 73
23 64 73
64 49 73
50 43 74
43 67 74
44 50 74
70 44 74
67 58 74
58 70 74
49 56 75
56 5 75
5 4 75
4 61 75
61 73 75
73 49 75
10 9 76
9 39 76
38 10 76
39 38 76
