101
1 0 0
0 1 0
0 0 1
0.166667 0.833333 0
0.333333 0.666667 0
0.5 0.5 0
0.666667 0.333333 0
0.833333 0.166667 0
0 0.05 0.95
0 0.1 0.9
0 0.15 0.85
0 0.2 0.8
0 0.25 0.75
0 0.3 0.7
0 0.35 0.65
0 0.4 0.6
0 0.45 0.55
0 0.5 0.5
0 0.55 0.45
0 0.6 0.4
0 0.65 0.35
0 0.7 0.3
0 0.75 0.25
0 0.8 0.2
0 0.85 0.15
0 0.9 0.1
0 0.95 0.05
0.95 0 0.05
0.9 0 0.1
0.85 0 0.15
0.8 0 0.2
0.75 0 0.25
0.7 0 0.3
0.65 0 0.35
0.6 0 0.4
0.55 0 0.45
0.5 0 0.5
0.45 0 0.55
0.4 0 0.6
0.35 0 0.65
0.3 0 0.7
0.25 0 0.75
0.2 0 0.8
0.15 0 0.85
0.1 0 0.9
0.05 0 0.95
0.616022 0.125957 0.258021
0.106206 0.484536 0.409258
0.280226 0.142855 0.576919
0.173547 0.608655 0.217798
0.456585 0.435826 0.107589
0.6194 0.31509 0.0655098
0.6733 0.133306 0.193394
0.75221 0.11421 0.13358
0.39582 0.251966 0.352214
0.278871 0.625922 0.0952069
0.807847 0.157511 0.0346421
0.29413 0.551584 0.154286
0.366831 0.144297 0.488871
0.216196 0.300931 0.482873
0.47528 0.243474 0.281246
0.185141 0.521174 0.293685
0.503183 0.46547 0.0313471
0.157771 0.185205 0.657024
0.243753 0.714266 0.0419803
0.538535 0.2771 0.184365
0.140579 0.129989 0.729432
0.356526 0.243389 0.400085
0.123618 0.80229 0.0740925
0.236244 0.387193 0.376564
0.138839 0.248304 0.612857
0.135493 0.692795 0.171712
0.47558 0.110205 0.414215
0.484093 0.282452 0.233455
0.121851 0.311213 0.566936
0.155231 0.508978 0.335791
0.285005 0.468936 0.246059
0.509091 0.123545 0.367364
0.364404 0.103354 0.532242
0.773824 0.141698 0.0844781
0.113956 0.109689 0.776355
0.461654 0.384724 0.153622
0.141023 0.73517 0.123807
0.353086 0.199272 0.447643
0.335116 0.344964 0.319919
0.107546 0.37386 0.518593
0.236052 0.233615 0.530334
0.0943487 0.0867986 0.818853
0.619389 0.250227 0.130384
0.537514 0.148277 0.314209
0.369345 0.431486 0.199169
0.413036 0.528504 0.0584608
0.062611 0.0641183 0.873271
0.189836 0.375545 0.434619
0.102162 0.866658 0.0311804
0.187631 0.124402 0.687967
0.272298 0.105004 0.622698
0.109785 0.624798 0.265416
0.0900864 0.435003 0.47491
0.0942702 0.533013 0.372717
0.349077 0.376106 0.274817


8 2 45
9 8 45
44 9 45
32 31 46
19 18 47
38 37 48
23 22 49
31 30 52
46 31 52
30 29 52
29 28 53
52 29 53
0 7 56
27 0 56
7 6 56
6 51 56
50 55 57
36 35 58
6 5 62
51 6 62
5 4 62
14 13 63
4 3 64
13 12 66
41 40 66
26 25 68
55 64 68
67 54 69
15 14 70
14 63 70
24 23 71
23 49 71
49 57 71
35 34 72
46 52 73
52 65 73
60 46 73
16 15 74
15 70 74
70 48 74
21 20 75
61 21 75
34 33 77
72 34 77
54 67 77
67 72 77
37 36 78
36 58 78
48 37 78
53 28 79
28 27 79
27 56 79
56 51 79
12 11 80
66 12 80
42 41 80
41 66 80
50 57 81
25 24 82
68 25 82
55 68 82
24 71 82
57 55 82
71 57 82
59 58 83
58 35 83
35 72 83
72 67 83
61 75 84
69 54 84
75 69 84
17 16 85
16 74 85
58 59 86
78 58 86
74 48 86
48 78 86
85 74 86
59 85 86
11 10 87
10 43 87
43 42 87
42 80 87
80 11 87
51 50 88
52 53 88
65 52 88
53 79 88
79 51 88
50 81 88
81 65 88
33 32 89
32 46 89
46 60 89
77 33 89
54 77 89
60 84 89
84 54 89
57 49 90
49 76 90
73 65 90
76 73 90
81 57 90
65 81 90
50 51 91
51 62 91
55 50 91
64 55 91
62 4 91
4 64 91
10 9 92
9 44 92
43 10 92
44 43 92
47 18 93
67 69 93
69 47 93
59 83 93
83 67 93
3 1 94
1 26 94
26 68 94
64 3 94
68 64 94
40 39 95
39 63 95
66 40 95
63 13 95
13 66 95
39 38 96
38 48 96
48 70 96
63 39 96
70 63 96
22 21 97
21 61 97
49 22 97
61 76 97
76 49 97
18 17 98
17 85 98
85 59 98
59 93 98
93 18 98
20 19 99
75 20 99
19 47 99
47 69 99
69 75 99
60 73 100
73 76 100
84 60 100
76 61 100
61 84 100
