36
1 0 0
0 1 0
0 0 1
0.166667 0.833333 0
0.333333 0.666667 0
0.5 0.5 0
0.666667 0.333333 0
0.833333 0.166667 0
0 0.166667 0.833333
0 0.333333 0.666667
0 0.5 0.5
0 0.666667 0.333333
0 0.833333 0.166667
0.9 0 0.1
0.8 0 0.2
0.7 0 0.3
0.6 0 0.4
0.5 0 0.5
0.4 0 0.6
0.3 0 0.7
0.2 0 0.8
0.1 0 0.9
0.121827 0.44424 0.433933
0.253988 0.200487 0.545525
0.165618 0.574305 0.260077
0.464858 0.416016 0.119126
0.632564 0.217418 0.150018
0.380227 0.285293 0.334479
0.30506 0.54329 0.151649
0.359021 0.165096 0.475883
0.508047 0.243028 0.248925
0.138552 0.230746 0.630702
0.244077 0.361819 0.394105
0.758944 0.149665 0.0913919
0.0890791 0.142166 0.768755
0.126959 0.763791 0.109249


0 7 13
8 2 21
11 10 22
19 18 23
12 11 24
11 22 24
5 4 25
6 5 26
15 14 26
5 25 26
17 16 27
4 3 28
25 4 28
24 27 28
18 17 29
17 27 29
23 18 29
16 15 30
15 26 30
26 25 30
27 16 30
25 28 30
28 27 30
10 9 31
20 19 31
19 23 31
22 10 31
23 22 31
22 23 32
23 29 32
24 22 32
27 24 32
29 27 32
7 6 33
13 7 33
14 13 33
6 26 33
26 14 33
9 8 34
8 21 34
21 20 34
20 31 34
31 9 34
3 1 35
1 12 35
12 24 35
24 28 35
28 3 35
