33
1 0 0
0 1 0
0 0 1
0.166667 0.833333 0
0.333333 0.666667 0
0.5 0.5 0
0.666667 0.333333 0
0.833333 0.166667 0
0 0.166667 0.833333
0 0.333333 0.666667
0 0.5 0.5
0 0.666667 0.333333
0 0.833333 0.166667
0.857143 0 0.142857
0.714286 0 0.285714
0.571429 0 0.428571
0.428571 0 0.571429
0.285714 0 0.714286
0.142857 0 0.857143
0.571843 0.157645 0.270512
0.119126 0.480998 0.399876
0.269686 0.153453 0.576862
0.14261 0.61845 0.23894
0.511108 0.348743 0.14015
0.400069 0.298851 0.301079
0.328411 0.518548 0.153041
0.686338 0.186008 0.127654
0.119107 0.324924 0.555969
0.134579 0.159878 0.705543
0.256017 0.298314 0.445668
0.171354 0.722719 0.105927
0.423116 0.142255 0.434628
0.252271 0.438497 0.309231


3 1 12
0 7 13
8 2 18
15 14 19
11 10 20
17 16 21
12 11 22
11 20 22
6 5 23
19 23 24
5 4 25
23 5 25
24 23 25
7 6 26
13 7 26
14 13 26
19 14 26
6 23 26
23 19 26
10 9 27
20 10 27
9 8 28
8 18 28
18 17 28
17 21 28
21 27 28
27 9 28
20 27 29
27 21 29
4 3 30
3 12 30
12 22 30
22 25 30
25 4 30
16 15 31
15 19 31
19 24 31
21 16 31
29 21 31
24 29 31
22 20 32
25 22 32
24 25 32
20 29 32
29 24 32
