40
1 0 0
0 1 0
0 0 1
0.166667 0.833333 0
0.333333 0.666667 0
0.5 0.5 0
0.666667 0.333333 0
0.833333 0.166667 0
0 0.125 0.875
0 0.25 0.75
0 0.375 0.625
0 0.5 0.5
0 0.625 0.375
0 0.75 0.25
0 0.875 0.125
0.923077 0 0.0769231
0.846154 0 0.153846
0.769231 0 0.230769
0.692308 0 0.307692
0.615385 0 0.384615
0.538462 0 0.461538
0.461538 0 0.538462
0.384615 0 0.615385
0.307692 0 0.692308
0.230769 0 0.769231
0.153846 0 0.846154
0.0769231 0 0.923077
0.162175 0.593085 0.24474
0.527697 0.334624 0.137679
0.659408 0.239868 0.100725
0.368533 0.300353 0.331114
0.17 0.275215 0.554785
0.366216 0.458011 0.175773
0.205422 0.336323 0.458255
0.245485 0.376099 0.378416
0.13268 0.21865 0.648671
0.524997 0.22899 0.246013
0.174941 0.685648 0.139411
0.816401 0.122392 0.0612065
0.0968038 0.173416 0.72978


0 7 15
8 2 26
9 8 26
25 9 26
14 13 27
5 4 28
18 17 28
6 5 29
16 6 29
17 16 29
5 28 29
28 17 29
20 19 30
21 20 30
12 11 31
23 22 31
4 3 32
28 4 32
30 19 32
13 12 33
22 21 33
12 31 33
31 22 33
21 30 34
30 27 34
33 21 34
27 13 34
13 33 34
11 10 35
24 23 35
23 31 35
31 11 35
19 18 36
32 19 36
18 28 36
28 32 36
1 14 37
14 27 37
3 1 37
32 3 37
27 30 37
30 32 37
7 6 38
6 16 38
15 7 38
16 15 38
10 9 39
9 25 39
25 24 39
24 35 39
35 10 39
