35
1 0 0
0 1 0
0 0 1
0.166667 0.833333 0
0.333333 0.666667 0
0.5 0.5 0
0.666667 0.333333 0
0.833333 0.166667 0
0 0.125 0.875
0 0.25 0.75
0 0.375 0.625
0 0.5 0.5
0 0.625 0.375
0 0.75 0.25
0 0.875 0.125
0.833333 0 0.166667
0.666667 0 0.333333
0.5 0 0.5
0.333333 0 0.666667
0.166667 0 0.833333
0.60764 0.140999 0.25136
0.304335 0.147888 0.547777
0.188403 0.584159 0.227438
0.43005 0.428159 0.141791
0.377266 0.246284 0.37645
0.184904 0.325012 0.490084
0.631555 0.248938 0.119507
0.321956 0.576817 0.101228
0.153653 0.124913 0.721435
0.785697 0.104755 0.109549
0.486257 0.105781 0.407961
0.229543 0.43883 0.331627
0.1593 0.719906 0.120794
0.127694 0.245634 0.626671
0.45239 0.310488 0.237122


3 1 14
8 2 19
16 15 20
18 17 21
13 12 22
6 5 23
11 10 25
21 24 25
7 6 26
6 23 26
5 4 27
22 23 27
23 5 27
9 8 28
8 19 28
19 18 28
18 21 28
0 7 29
15 0 29
7 26 29
20 15 29
26 20 29
17 16 30
21 17 30
24 21 30
16 20 30
20 24 30
12 11 31
22 12 31
23 22 31
11 25 31
25 24 31
4 3 32
3 14 32
14 13 32
27 4 32
13 22 32
22 27 32
10 9 33
21 25 33
25 10 33
9 28 33
28 21 33
26 23 34
24 20 34
20 26 34
23 31 34
31 24 34
