48
1 0 0
0 1 0
0 0 1
0.166667 0.833333 0
0.333333 0.666667 0
0.5 0.5 0
0.666667 0.333333 0
0.833333 0.166667 0
0 0.111111 0.888889
0 0.222222 0.777778
0 0.333333 0.666667
0 0.444444 0.555556
0 0.555556 0.444444
0 0.666667 0.333333
0 0.777778 0.222222
0 0.888889 0.111111
0.916667 0 0.0833333
0.833333 0 0.166667
0.75 0 0.25
0.666667 0 0.333333
0.583333 0 0.416667
0.5 0 0.5
0.416667 0 0.583333
0.333333 0 0.666667
0.25 0 0.75
0.166667 0 0.833333
0.0833333 0 0.916667
0.606083 0.16237 0.231547
0.108618 0.490013 0.401369
0.275261 0.152511 0.572228
0.183132 0.596231 0.220636
0.482181 0.39064 0.127179
0.653467 0.259782 0.0867508
0.376497 0.285463 0.33804
0.272536 0.622374 0.105091
0.345038 0.183359 0.471603
0.499899 0.225311 0.274789
0.668971 0.164206 0.166822
0.156028 0.208245 0.635727
0.121005 0.787149 0.0918458
0.234689 0.388041 0.37727
0.783429 0.146829 0.0697424
0.113476 0.150681 0.735843
0.167538 0.330506 0.501956
0.351419 0.441406 0.207175
0.109996 0.582861 0.307143
0.0613285 0.0916536 0.847018
0.458464 0.116413 0.425124


0 7 16
8 2 26
19 18 27
13 12 28
23 22 29
15 14 30
5 4 31
6 5 32
5 31 32
4 3 34
31 4 34
22 21 35
29 22 35
20 19 36
33 20 36
19 27 36
27 31 36
18 17 37
17 32 37
27 18 37
31 27 37
32 31 37
11 10 38
24 23 38
23 29 38
3 1 39
1 15 39
34 3 39
15 30 39
30 34 39
33 30 40
35 33 40
7 6 41
6 32 41
16 7 41
17 16 41
32 17 41
10 9 42
9 25 42
25 24 42
24 38 42
38 10 42
12 11 43
28 12 43
29 35 43
11 38 43
38 29 43
35 40 43
40 28 43
30 33 44
33 36 44
34 30 44
31 34 44
36 31 44
14 13 45
30 14 45
40 30 45
13 28 45
28 40 45
9 8 46
8 26 46
25 9 46
26 25 46
21 20 47
20 33 47
33 35 47
35 21 47
