44
1 0 0
0 1 0
0 0 1
0.166667 0.833333 0
0.333333 0.666667 0
0.5 0.5 0
0.666667 0.333333 0
0.833333 0.166667 0
0 0.111111 0.888889
0 0.222222 0.777778
0 0.333333 0.666667
0 0.444444 0.555556
0 0.555556 0.444444
0 0.666667 0.333333
0 0.777778 0.222222
0 0.888889 0.111111
0.928571 0 0.0714286
0.857143 0 0.142857
0.785714 0 0.214286
0.714286 0 0.285714
0.642857 0 0.357143
0.571429 0 0.428571
0.5 0 0.5
0.428571 0 0.571429
0.357143 0 0.642857
0.285714 0 0.714286
0.214286 0 0.785714
0.142857 0 0.857143
0.0714287 0 0.928571
0.188509 0.576328 0.235163
0.545497 0.325157 0.129346
0.665678 0.239825 0.0944972
0.363988 0.30236 0.333652
0.164292 0.255566 0.580142
0.308879 0.509748 0.181373
0.198414 0.314162 0.487423
0.512632 0.262302 0.225066
0.238536 0.377162 0.384302
0.13109 0.208774 0.660135
0.470248 0.228981 0.300771
0.145934 0.743226 0.11084
0.81845 0.12554 0.05601
0.0866323 0.146208 0.76716
0.359107 0.541197 0.0996964


0 7 16
8 2 28
9 8 28
27 9 28
15 14 29
5 4 30
19 18 30
6 5 31
17 6 31
18 17 31
5 30 31
30 18 31
22 21 32
12 11 33
25 24 33
29 32 34
13 12 35
24 23 35
12 33 35
33 24 35
20 19 36
19 30 36
22 32 37
29 14 37
32 29 37
14 13 37
13 35 37
23 22 37
35 23 37
11 10 38
10 26 38
26 25 38
25 33 38
33 11 38
21 20 39
32 21 39
34 32 39
20 36 39
36 34 39
3 1 40
34 3 40
1 15 40
15 29 40
29 34 40
7 6 41
6 17 41
16 7 41
17 16 41
10 9 42
9 27 42
26 10 42
27 26 42
4 3 43
3 34 43
34 36 43
30 4 43
36 30 43
