59
1 0 0
0 1 0
0 0 1
0.142857 0.857143 0
0.285714 0.714286 0
0.428572 0.571428 0
0.571429 0.428571 0
0.714286 0.285714 0
0.857143 0.142857 0
0 0.1 0.9
0 0.2 0.8
0 0.3 0.7
0 0.4 0.6
0 0.5 0.5
0 0.6 0.4
0 0.7 0.3
0 0.8 0.2
0 0.9 0.1
0.923077 0 0.0769231
0.846154 0 0.153846
0.769231 0 0.230769
0.692308 0 0.307692
0.615385 0 0.384615
0.538462 0 0.461538
0.461538 0 0.538462
0.384615 0 0.615385
0.307692 0 0.692308
0.230769 0 0.769231
0.153846 0 0.846154
0.0769231 0 0.923077
0.60741 0.118977 0.273613
0.0949659 0.503437 0.401597
0.253927 0.165131 0.580942
0.156541 0.620767 0.222693
0.506864 0.406499 0.0866363
0.647798 0.274471 0.0777316
0.727034 0.130458 0.142508
0.375875 0.261518 0.362606
0.288763 0.606387 0.10485
0.337818 0.178389 0.483792
0.178502 0.338676 0.482821
0.451512 0.286067 0.262421
0.303206 0.489183 0.207612
0.149381 0.191081 0.659538
0.591911 0.230362 0.177727
0.113211 0.326981 0.559808
0.109377 0.136873 0.75375
0.144815 0.790248 0.0649369
0.235974 0.376524 0.387502
0.0913745 0.765674 0.142951
0.789878 0.138526 0.0715954
0.424028 0.413106 0.162866
0.446207 0.117679 0.436113
0.0621338 0.0858709 0.851995
0.119932 0.578542 0.301526
0.382291 0.547854 0.0698554
0.275821 0.431805 0.292374
0.516213 0.125928 0.357858
0.19843 0.65379 0.14778


0 8 18
9 2 29
21 20 30
22 21 30
15 14 31
14 13 31
26 25 32
6 5 34
7 6 35
6 34 35
20 19 36
25 24 39
32 25 39
31 13 40
32 39 40
12 11 43
27 26 43
26 32 43
30 20 44
20 36 44
35 34 44
36 35 44
41 30 44
13 12 45
32 40 45
40 13 45
12 43 45
43 32 45
11 10 46
28 27 46
27 43 46
43 11 46
3 1 47
1 17 47
4 3 47
38 4 47
39 37 48
31 40 48
40 39 48
17 16 49
16 33 49
47 17 49
8 7 50
18 8 50
19 18 50
36 19 50
7 35 50
35 36 50
38 42 51
42 41 51
41 44 51
44 34 51
24 23 52
39 24 52
37 39 52
10 9 53
9 29 53
29 28 53
28 46 53
46 10 53
16 15 54
33 16 54
15 31 54
31 48 54
5 4 55
4 38 55
34 5 55
38 51 55
51 34 55
42 33 56
37 41 56
41 42 56
48 37 56
33 54 56
54 48 56
22 30 57
30 41 57
41 37 57
23 22 57
52 23 57
37 52 57
33 42 58
49 33 58
42 38 58
38 47 58
47 49 58
