59
1 0 0
0 1 0
0 0 1
0.142857 0.857143 0
0.285714 0.714286 0
0.428571 0.571429 0
0.571429 0.428571 0
0.714286 0.285714 0
0.857143 0.142857 0
0 0.1 0.9
0 0.2 0.8
0 0.3 0.7
0 0.4 0.6
0 0.5 0.5
0 0.6 0.4
0 0.7 0.3
0 0.8 0.2
0 0.9 0.1
0.909091 0 0.0909091
0.818182 0 0.181818
0.727273 0 0.272727
0.636364 0 0.363636
0.545455 0 0.454545
0.454545 0 0.545455
0.363636 0 0.636364
0.272727 0 0.727273
0.181818 0 0.818182
0.090909 0 0.909091
0.621209 0.115672 0.263119
0.108953 0.473013 0.418035
0.275221 0.158617 0.566162
0.140502 0.639732 0.219766
0.499287 0.392731 0.107982
0.648294 0.271656 0.0800506
0.725444 0.116938 0.157618
0.380329 0.27031 0.349361
0.251981 0.627409 0.12061
0.414227 0.118006 0.467766
0.172451 0.341799 0.485749
0.500695 0.224189 0.275117
0.516898 0.116376 0.366726
0.128581 0.222305 0.649115
0.576661 0.246907 0.176432
0.280638 0.471695 0.247667
0.114712 0.326912 0.558375
0.173658 0.763942 0.0624001
0.163052 0.098843 0.738105
0.243555 0.378384 0.378061
0.10555 0.762665 0.131784
0.304527 0.232223 0.46325
0.426291 0.355804 0.217905
0.0865476 0.0904482 0.823004
0.137141 0.540047 0.322812
0.400333 0.539328 0.060339
0.788138 0.142389 0.0694731
0.363307 0.488813 0.14788
0.246938 0.0898746 0.663187
0.0717227 0.873731 0.0545464
0.0723727 0.18542 0.742208


0 8 18
9 2 27
21 20 28
14 13 29
24 23 30
16 15 31
7 6 33
6 32 33
20 19 34
28 20 34
23 22 37
30 23 37
29 13 38
22 21 40
35 37 40
37 22 40
21 28 40
28 39 40
39 35 40
12 11 41
33 32 42
28 34 42
34 33 42
39 28 42
36 31 43
13 12 44
38 13 44
30 38 44
41 30 44
12 41 44
4 3 45
36 4 45
26 25 46
29 38 47
35 43 47
17 16 48
16 31 48
31 36 48
36 45 48
30 37 49
38 30 49
37 35 49
35 47 49
47 38 49
39 42 50
42 32 50
35 39 50
43 35 50
10 9 51
9 27 51
27 26 51
26 46 51
15 14 52
14 29 52
31 15 52
29 47 52
43 31 52
47 43 52
6 5 53
32 6 53
5 4 53
4 36 53
8 7 54
7 33 54
18 8 54
33 34 54
19 18 54
34 19 54
36 43 55
43 50 55
53 36 55
50 32 55
32 53 55
25 24 56
24 30 56
30 41 56
41 46 56
46 25 56
3 1 57
1 17 57
45 3 57
17 48 57
48 45 57
11 10 58
41 11 58
46 41 58
10 51 58
51 46 58
