60
1 0 0
0 1 0
0 0 1
0.142857 0.857143 0
0.285714 0.714286 0
0.428571 0.571429 0
0.571429 0.428571 0
0.714286 0.285714 0
0.857143 0.142857 0
0 0.1 0.9
0 0.2 0.8
0 0.3 0.7
0 0.4 0.6
0 0.5 0.5
0 0.6 0.4
0 0.7 0.3
0 0.8 0.2
0 0.9 0.1
0.916667 0 0.0833333
0.833333 0 0.166667
0.75 0 0.25
0.666667 0 0.333333
0.583333 0 0.416667
0.5 0 0.5
0.416667 0 0.583333
0.333333 0 0.666667
0.25 0 0.75
0.166667 0 0.833333
0.0833333 0 0.916667
0.626479 0.122789 0.250732
0.105617 0.479879 0.414504
0.258162 0.160765 0.581073
0.159526 0.627915 0.212559
0.491638 0.409101 0.0992605
0.644161 0.276335 0.0795036
0.711157 0.13171 0.157133
0.389827 0.261777 0.348396
0.249 0.637455 0.113544
0.352559 0.172408 0.475033
0.183796 0.332062 0.484141
0.498424 0.234107 0.267469
0.28252 0.517903 0.199577
0.126294 0.228113 0.645593
0.56628 0.260026 0.173694
0.113391 0.329137 0.557472
0.174362 0.762496 0.0631425
0.238416 0.374916 0.386668
0.108497 0.758384 0.133119
0.118794 0.132871 0.748335
0.78762 0.13891 0.0734707
0.539663 0.118948 0.341389
0.411353 0.367095 0.221552
0.0707988 0.0895277 0.839674
0.108713 0.581721 0.309565
0.265298 0.446015 0.288686
0.472653 0.106341 0.421006
0.369762 0.567178 0.0630601
0.370283 0.489565 0.140151
0.225416 0.0944642 0.68012
0.0709921 0.873177 0.0558306


0 8 18
9 2 28
21 20 29
14 13 30
25 24 31
6 5 33
7 6 34
6 33 34
20 19 35
29 20 35
24 23 38
31 24 38
30 13 39
31 38 39
37 32 41
12 11 42
29 35 43
34 33 43
35 34 43
40 29 43
13 12 44
39 13 44
31 39 44
42 31 44
12 42 44
4 3 45
37 4 45
30 39 46
38 36 46
39 38 46
17 16 47
16 32 47
32 37 47
37 45 47
11 10 48
27 26 48
42 11 48
8 7 49
18 8 49
19 18 49
35 19 49
7 34 49
34 35 49
22 21 50
40 36 50
21 29 50
29 40 50
36 40 51
40 43 51
43 33 51
10 9 52
9 28 52
28 27 52
27 48 52
48 10 52
15 14 53
14 30 53
16 15 53
32 16 53
30 46 53
46 36 54
36 51 54
51 41 54
41 32 54
32 53 54
53 46 54
23 22 55
36 38 55
38 23 55
22 50 55
50 36 55
5 4 56
4 37 56
33 5 56
37 41 57
56 37 57
41 51 57
51 33 57
33 56 57
26 25 58
25 31 58
31 42 58
42 48 58
48 26 58
3 1 59
1 17 59
45 3 59
17 47 59
47 45 59
