67
1 0 0
0 1 0
0 0 1
0.142857 0.857143 0
0.285714 0.714286 0
0.428572 0.571428 0
0.571429 0.428571 0
0.714286 0.285714 0
0.857143 0.142857 0
0 0.0909091 0.909091
0 0.181818 0.818182
0 0.272727 0.727273
0 0.363636 0.636364
0 0.454545 0.545455
0 0.545455 0.454545
0 0.636364 0.363636
0 0.727273 0.272727
0 0.818182 0.181818
0 0.909091 0.0909091
0.928571 0 0.0714286
0.857143 0 0.142857
0.785714 0 0.214286
0.714286 0 0.285714
0.642857 0 0.357143
0.571429 0 0.428571
0.5 0 0.5
0.428571 0 0.571429
0.357143 0 0.642857
0.285714 0 0.714286
0.214286 0 0.785714
0.142857 0 0.857143
0.0714287 0 0.928571
0.600925 0.13357 0.265505
0.108004 0.480597 0.411399
0.275452 0.16084 0.563707
0.146074 0.628136 0.22579
0.480322 0.410648 0.109029
0.388561 0.106417 0.505022
0.633958 0.288619 0.0774228
0.724214 0.137116 0.13867
0.381507 0.261313 0.357179
0.311467 0.582438 0.106094
0.195468 0.31932 0.485212
0.455404 0.283696 0.2609
0.305283 0.488185 0.206531
0.508397 0.444114 0.047489
0.160908 0.188893 0.650199
0.57718 0.25088 0.17194
0.125736 0.154933 0.719331
0.148978 0.7859 0.0651225
0.238553 0.376466 0.384981
0.093284 0.767409 0.139307
0.789467 0.141508 0.0690249
0.125303 0.30239 0.572307
0.429356 0.394832 0.175812
0.446909 0.126262 0.426829
0.523907 0.129965 0.346127
0.318599 0.226016 0.455385
0.285637 0.423246 0.291117
0.13365 0.547442 0.318908
0.392394 0.55276 0.0548461
0.0902278 0.113104 0.796669
0.258772 0.0988909 0.642337
0.20143 0.651005 0.147565
0.0842659 0.421325 0.494409
0.685567 0.106812 0.207621
0.0595386 0.0749271 0.865534


0 8 19
9 2 31
23 22 32
15 14 33
27 26 34
17 16 35
26 25 37
34 26 37
7 6 38
21 20 39
6 5 45
36 38 45
38 6 45
38 36 47
39 38 47
43 32 47
12 11 48
46 12 48
29 28 48
28 46 48
3 1 49
1 18 49
4 3 49
41 4 49
33 42 50
18 17 51
17 35 51
49 18 51
8 7 52
19 8 52
20 19 52
39 20 52
7 38 52
38 39 52
34 42 53
13 12 53
12 46 53
36 41 54
41 44 54
44 43 54
43 47 54
47 36 54
25 24 55
37 25 55
24 23 56
23 32 56
32 43 56
43 40 56
40 55 56
55 24 56
34 37 57
42 34 57
50 42 57
40 50 57
55 40 57
37 55 57
44 35 58
40 43 58
43 44 58
50 40 58
16 15 59
15 33 59
33 50 59
35 16 59
50 58 59
58 35 59
5 4 60
4 41 60
41 36 60
36 45 60
45 5 60
11 10 61
48 11 61
30 29 61
29 48 61
28 27 62
46 28 62
27 34 62
34 53 62
53 46 62
35 44 63
51 35 63
44 41 63
41 49 63
49 51 63
33 14 64
42 33 64
14 13 64
13 53 64
53 42 64
22 21 65
32 22 65
47 32 65
21 39 65
39 47 65
10 9 66
9 31 66
31 30 66
30 61 66
61 10 66
