36
1 0 0
0 1 0
0 0 1
0.142857 0.857143 0
0.285714 0.714286 0
0.428571 0.571429 0
0.571429 0.428571 0
0.714286 0.285714 0
0.857143 0.142857 0
0 0.0909092 0.909091
0 0.181818 0.818182
0 0.272727 0.727273
0 0.363636 0.636364
0 0.454546 0.545455
0 0.545455 0.454545
0 0.636364 0.363636
0 0.727273 0.272727
0 0.818182 0.181818
0 0.909091 0.0909091
0.944444 0 0.0555556
0.888889 0 0.111111
0.833333 0 0.166667
0.777778 0 0.222222
0.722222 0 0.277778
0.666667 0 0.333333
0.611111 0 0.388889
0.555556 0 0.444444
0.5 0 0.5
0.444444 0 0.555556
0.388889 0 0.611111
0.333333 0 0.666667
0.277778 0 0.722222
0.222222 0 0.777778
0.166667 0 0.833333
0.111111 0 0.888889
0.0555556 0 0.944444


0 8 19
8 7 20
19 8 20
7 6 21
20 7 21
6 5 22
21 6 22
5 4 23
22 5 23
4 3 24
23 4 24
3 1 25
24 3 25
1 18 25
18 17 26
25 18 26
17 16 27
26 17 27
16 15 28
27 16 28
15 14 29
28 15 29
14 13 30
29 14 30
13 12 31
30 13 31
12 11 32
31 12 32
11 10 33
32 11 33
10 9 34
33 10 34
9 2 35
34 9 35
