65
1 0 0
0 1 0
0 0 1
0.142857 0.857143 0
0.285714 0.714286 0
0.428571 0.571429 0
0.571429 0.428571 0
0.714286 0.285714 0
0.857143 0.142857 0
0 0.0909091 0.909091
0 0.181818 0.818182
0 0.272727 0.727273
0 0.363636 0.636364
0 0.454545 0.545455
0 0.545455 0.454545
0 0.636364 0.363636
0 0.727273 0.272727
0 0.818182 0.181818
0 0.909091 0.0909091
0.933333 0 0.0666667
0.866667 0 0.133333
0.8 0 0.2
0.733333 0 0.266667
0.666667 0 0.333333
0.6 0 0.4
0.533333 0 0.466667
0.466667 0 0.533333
0.4 0 0.6
0.333333 0 0.666667
0.266667 0 0.733333
0.2 0 0.8
0.133333 0 0.866667
0.0666666 0 0.933333
0.586972 0.183774 0.229254
0.122788 0.464944 0.412268
0.244822 0.175159 0.580019
0.157104 0.619523 0.223373
0.520467 0.357282 0.122251
0.650058 0.270847 0.079095
0.664635 0.162983 0.172382
0.377126 0.290285 0.332589
0.277658 0.625636 0.0967059
0.358476 0.153256 0.488268
0.481895 0.240811 0.277294
0.314803 0.464801 0.220396
0.15318 0.206747 0.640073
0.258094 0.248738 0.493168
0.754793 0.113989 0.131218
0.120192 0.157596 0.722212
0.114123 0.809835 0.0760424
0.262967 0.344978 0.392055
0.794312 0.140014 0.0656741
0.428582 0.39838 0.173038
0.519495 0.429755 0.0507499
0.108211 0.341102 0.550687
0.0896325 0.118813 0.791554
0.112406 0.581809 0.305786
0.250916 0.451779 0.297304
0.512911 0.120198 0.36689
0.0533652 0.0669619 0.879673
0.394264 0.53938 0.0663565
0.0892838 0.761946 0.14877
0.421858 0.148912 0.42923
0.198455 0.65122 0.150325
0.143069 0.360646 0.496284


0 8 19
9 2 32
23 22 33
15 14 34
28 27 35
7 6 38
22 21 39
33 22 39
37 33 39
38 37 39
4 3 41
27 26 42
23 33 43
40 43 44
13 12 45
29 28 45
28 35 45
35 27 46
27 42 46
21 20 47
38 39 47
39 21 47
12 11 48
45 12 48
30 29 48
29 45 48
3 1 49
1 18 49
41 3 49
34 46 50
46 42 50
8 7 51
19 8 51
20 19 51
47 20 51
7 38 51
38 47 51
33 37 52
43 33 52
41 44 52
44 43 52
6 5 53
37 38 53
38 6 53
14 13 54
13 45 54
45 35 54
11 10 55
10 31 55
31 30 55
30 48 55
48 11 55
16 15 56
15 34 56
17 16 56
36 17 56
34 50 56
40 44 57
44 36 57
36 56 57
50 40 57
56 50 57
25 24 58
24 23 58
23 43 58
43 40 58
10 9 59
9 32 59
31 10 59
32 31 59
5 4 60
4 41 60
41 52 60
52 37 60
37 53 60
53 5 60
18 17 61
17 36 61
49 18 61
26 25 62
42 26 62
40 50 62
50 42 62
25 58 62
58 40 62
44 41 63
41 49 63
36 44 63
61 36 63
49 61 63
34 14 64
14 54 64
46 34 64
35 46 64
54 35 64
