38
1 0 0
0 1 0
0 0 1
0.142857 0.857143 0
0.285714 0.714286 0
0.428571 0.571429 0
0.571429 0.428571 0
0.714286 0.285714 0
0.857143 0.142857 0
0 0.0833333 0.916667
0 0.166667 0.833333
0 0.25 0.75
0 0.333333 0.666667
0 0.416667 0.583333
0 0.5 0.5
0 0.583333 0.416667
0 0.666667 0.333333
0 0.75 0.25
0 0.833333 0.166667
0 0.916667 0.0833333
0.833333 0 0.166667
0.666667 0 0.333333
0.5 0 0.5
0.333333 0 0.666667
0.166667 0 0.833333
0.283995 0.1488 0.567205
0.433829 0.420718 0.145453
0.671727 0.144404 0.18387
0.266242 0.583412 0.150346
0.292629 0.224096 0.483275
0.538175 0.28325 0.178574
0.268138 0.422332 0.309529
0.310701 0.308107 0.381192
0.182014 0.700827 0.117158
0.138836 0.0693928 0.791771
0.537764 0.136381 0.325854
0.211649 0.528773 0.259578
0.206457 0.105948 0.687595


3 1 19
4 3 19
18 4 19
9 2 24
12 11 25
22 21 25
7 6 26
0 8 27
20 0 27
6 5 28
17 16 28
26 6 28
13 12 29
12 25 29
25 21 29
8 7 30
7 26 30
27 8 30
15 14 31
30 26 31
14 13 32
13 29 32
27 30 32
30 31 32
31 14 32
5 4 33
4 18 33
18 17 33
17 28 33
28 5 33
10 9 34
9 24 34
24 23 34
21 20 35
29 21 35
20 27 35
27 32 35
32 29 35
16 15 36
26 28 36
28 16 36
15 31 36
31 26 36
11 10 37
23 22 37
22 25 37
25 11 37
10 34 37
34 23 37
