71
1 0 0
0 1 0
0 0 1
0.142857 0.857143 0
0.285714 0.714286 0
0.428571 0.571429 0
0.571429 0.428571 0
0.714286 0.285714 0
0.857143 0.142857 0
0 0.0833333 0.916667
0 0.166667 0.833333
0 0.25 0.75
0 0.333333 0.666667
0 0.416667 0.583333
0 0.5 0.5
0 0.583333 0.416667
0 0.666667 0.333333
0 0.75 0.25
0 0.833333 0.166667
0 0.916667 0.0833333
0.9375 0 0.0625
0.875 0 0.125
0.8125 0 0.1875
0.75 0 0.25
0.6875 0 0.3125
0.625 0 0.375
0.5625 0 0.4375
0.5 0 0.5
0.4375 0 0.5625
0.375 0 0.625
0.3125 0 0.6875
0.25 0 0.75
0.1875 0 0.8125
0.125 0 0.875
0.0625 0 0.9375
0.610508 0.139986 0.249506
0.117017 0.487007 0.395976
0.269923 0.152819 0.577258
0.152134 0.615237 0.232628
0.488105 0.39585 0.116045
0.646586 0.275295 0.0781192
0.654894 0.174443 0.170663
0.385024 0.268194 0.346782
0.282281 0.632813 0.0849053
0.352285 0.158961 0.488754
0.200742 0.308247 0.491011
0.453646 0.277614 0.26874
0.294608 0.484697 0.220695
0.154372 0.195628 0.65
0.120099 0.326529 0.553372
0.517924 0.288745 0.193331
0.117149 0.14964 0.733211
0.3352 0.259053 0.405747
0.116241 0.807473 0.0762853
0.794749 0.142278 0.0629727
0.225822 0.435586 0.338593
0.515965 0.433082 0.050953
0.10721 0.585274 0.307515
0.303535 0.411912 0.284553
0.753955 0.119742 0.126303
0.370305 0.460901 0.168793
0.508734 0.129059 0.362207
0.0879664 0.112361 0.799672
0.0939032 0.758271 0.147826
0.44758 0.124938 0.427482
0.0850249 0.44194 0.473036
0.235822 0.342246 0.421933
0.394294 0.551924 0.0537818
0.580087 0.10663 0.313284
0.210238 0.637801 0.151961
0.0487735 0.0617338 0.889493


0 8 20
9 2 34
24 23 35
16 15 36
30 29 37
29 28 37
18 17 38
7 6 40
35 23 41
23 22 41
40 39 41
4 3 43
28 27 44
37 28 44
37 44 45
13 12 48
31 30 48
30 37 48
37 45 49
14 13 49
13 48 49
48 37 49
35 41 50
41 39 50
46 35 50
12 11 51
32 31 51
31 48 51
48 12 51
3 1 53
1 19 53
43 3 53
8 7 54
20 8 54
21 20 54
7 40 54
52 42 55
6 5 56
40 6 56
39 40 56
17 16 57
16 36 57
36 55 57
38 17 57
55 38 57
42 46 58
46 47 58
55 42 58
47 38 58
38 55 58
22 21 59
40 41 59
41 22 59
21 54 59
54 40 59
39 43 60
50 39 60
47 46 60
46 50 60
26 25 61
46 42 61
11 10 62
10 33 62
33 32 62
32 51 62
51 11 62
19 18 63
53 19 63
18 38 63
27 26 64
42 52 64
44 27 64
52 44 64
26 61 64
61 42 64
15 14 65
36 15 65
45 36 65
14 49 65
49 45 65
36 45 66
45 44 66
44 52 66
52 55 66
55 36 66
5 4 67
4 43 67
43 39 67
39 56 67
56 5 67
25 24 68
24 35 68
35 46 68
46 61 68
61 25 68
43 53 69
47 60 69
60 43 69
38 47 69
63 38 69
53 63 69
10 9 70
9 34 70
33 10 70
34 33 70
