66
1 0 0
0 1 0
0 0 1
0.142857 0.857143 0
0.285714 0.714286 0
0.428571 0.571429 0
0.571429 0.428571 0
0.714286 0.285714 0
0.857143 0.142857 0
0 0.0833334 0.916667
0 0.166667 0.833333
0 0.25 0.75
0 0.333333 0.666667
0 0.416667 0.583333
0 0.5 0.5
0 0.583333 0.416667
0 0.666667 0.333333
0 0.75 0.25
0 0.833333 0.166667
0 0.916667 0.0833333
0.941176 0 0.0588235
0.882353 0 0.117647
0.823529 0 0.176471
0.764706 0 0.235294
0.705882 0 0.294118
0.647059 0 0.352941
0.588235 0 0.411765
0.529412 0 0.470588
0.470588 0 0.529412
0.411765 0 0.588235
0.352941 0 0.647059
0.294118 0 0.705882
0.235294 0 0.764706
0.176471 0 0.823529
0.117647 0 0.882353
0.0588235 0 0.941176
0.118142 0.471788 0.410071
0.251089 0.17694 0.57197
0.166327 0.585814 0.247859
0.45986 0.439891 0.100249
0.682516 0.239195 0.0782881
0.369762 0.284235 0.346003
0.297935 0.619609 0.0824567
0.488723 0.248511 0.262766
0.308861 0.460857 0.230282
0.65181 0.197152 0.151038
0.141997 0.194415 0.663588
0.253504 0.248158 0.498338
0.217615 0.661957 0.120428
0.577052 0.213923 0.209025
0.11379 0.153085 0.733124
0.341748 0.251182 0.40707
0.802247 0.127683 0.0700698
0.119016 0.307872 0.573112
0.170801 0.494047 0.335152
0.396253 0.432188 0.171559
0.122741 0.38198 0.495278
0.0929159 0.838035 0.0690489
0.0805369 0.0995473 0.819916
0.372644 0.142217 0.485138
0.234556 0.131625 0.633819
0.602211 0.115762 0.282027
0.121332 0.725608 0.15306
0.479001 0.194048 0.326951
0.237391 0.340918 0.421691
0.551982 0.381837 0.066181


0 8 20
9 2 35
10 9 35
34 10 35
16 15 36
30 29 37
18 17 38
5 4 39
7 6 40
27 26 41
4 3 42
39 4 42
38 41 44
23 22 45
22 40 45
13 12 46
32 31 46
37 29 47
42 3 48
24 23 49
23 45 49
45 39 49
12 11 50
11 33 50
33 32 50
32 46 50
46 12 50
27 41 51
8 7 52
20 8 52
21 20 52
7 40 52
22 21 52
40 22 52
14 13 53
13 46 53
17 16 54
16 36 54
38 17 54
41 38 54
51 41 54
42 48 55
44 43 55
48 44 55
39 42 55
49 39 55
43 49 55
15 14 56
36 15 56
47 36 56
37 47 56
14 53 56
53 37 56
3 1 57
48 3 57
1 19 57
11 10 58
10 34 58
33 11 58
34 33 58
29 28 59
47 29 59
28 27 59
27 51 59
31 30 60
30 37 60
37 53 60
46 31 60
53 46 60
25 24 61
43 25 61
24 49 61
49 43 61
19 18 62
18 38 62
38 44 62
44 48 62
48 57 62
57 19 62
26 25 63
25 43 63
41 26 63
43 44 63
44 41 63
51 54 64
54 36 64
36 47 64
47 59 64
59 51 64
6 5 65
40 6 65
5 39 65
39 45 65
45 40 65
