49
1 0 0
0 1 0
0 0 1
0.142857 0.857143 0
0.285714 0.714286 0
0.428571 0.571429 0
0.571429 0.428571 0
0.714286 0.285714 0
0.857143 0.142857 0
0 0.0833333 0.916667
0 0.166667 0.833333
0 0.25 0.75
0 0.333333 0.666667
0 0.416667 0.583333
0 0.5 0.5
0 0.583333 0.416667
0 0.666667 0.333333
0 0.75 0.25
0 0.833333 0.166667
0 0.916667 0.0833333
0.875 0 0.125
0.75 0 0.25
0.625 0 0.375
0.5 0 0.5
0.375 0 0.625
0.25 0 0.75
0.125 0 0.875
0.632622 0.124737 0.242641
0.143555 0.459767 0.396678
0.24368 0.144484 0.611836
0.201606 0.600398 0.197996
0.447814 0.428728 0.123457
0.63394 0.268377 0.0976837
0.758445 0.128141 0.113414
0.422752 0.245564 0.331684
0.2064 0.248087 0.545513
0.274347 0.633495 0.092158
0.21298 0.334981 0.452039
0.207776 0.50839 0.283834
0.540401 0.249223 0.210376
0.161894 0.112796 0.72531
0.460004 0.150467 0.389529
0.418438 0.375977 0.205585
0.116044 0.806014 0.0779416
0.105012 0.0742899 0.820699
0.313548 0.366656 0.319796
0.392789 0.523549 0.0836625
0.4075 0.11005 0.48245
0.139799 0.722093 0.138107


3 1 19
9 2 26
21 20 27
15 14 28
12 11 29
24 23 29
17 16 30
7 6 31
8 7 32
7 31 32
0 8 33
20 0 33
8 32 33
27 20 33
13 12 35
12 29 35
5 4 36
14 13 37
28 14 37
13 35 37
16 15 38
30 16 38
15 28 38
31 30 38
27 33 39
33 32 39
34 27 39
11 10 40
29 11 40
25 24 40
24 29 40
22 21 41
21 27 41
27 34 41
34 37 41
37 35 41
32 31 42
39 32 42
31 38 42
4 3 43
3 19 43
19 18 43
10 9 44
9 26 44
26 25 44
25 40 44
40 10 44
28 37 45
37 34 45
34 39 45
39 42 45
38 28 45
42 38 45
6 5 46
5 36 46
31 6 46
30 31 46
36 30 46
29 23 47
35 29 47
23 22 47
22 41 47
41 35 47
18 17 48
17 30 48
30 36 48
43 18 48
36 4 48
4 43 48
