64
1 0 0
0 1 0
0 0 1
0.142857 0.857143 0
0.285714 0.714286 0
0.428571 0.571429 0
0.571429 0.428571 0
0.714286 0.285714 0
0.857143 0.142857 0
0 0.0833334 0.916667
0 0.166667 0.833333
0 0.25 0.75
0 0.333333 0.666667
0 0.416667 0.583333
0 0.5 0.5
0 0.583333 0.416667
0 0.666667 0.333333
0 0.75 0.25
0 0.833333 0.166667
0 0.916667 0.0833333
0.909091 0 0.0909091
0.818182 0 0.181818
0.727273 0 0.272727
0.636364 0 0.363636
0.545455 0 0.454545
0.454545 0 0.545455
0.363636 0 0.636364
0.272727 0 0.727273
0.181818 0 0.818182
0.0909091 0 0.909091
0.633004 0.111503 0.255493
0.110325 0.474257 0.415419
0.297336 0.12295 0.579714
0.153273 0.60716 0.239567
0.495646 0.391535 0.112819
0.640671 0.27917 0.0801599
0.728366 0.130407 0.141226
0.383385 0.263832 0.352783
0.288382 0.631413 0.0802046
0.321355 0.519965 0.15868
0.411879 0.106746 0.481375
0.176275 0.350867 0.472858
0.488879 0.233978 0.277142
0.156184 0.518925 0.324891
0.135847 0.208718 0.655435
0.577438 0.246728 0.175834
0.0777158 0.318978 0.603307
0.130142 0.118371 0.751487
0.146328 0.773885 0.079787
0.240385 0.37819 0.381425
0.895707 0.0637552 0.0405382
0.427555 0.362926 0.209518
0.241945 0.0898962 0.668158
0.497388 0.128184 0.374428
0.0862985 0.377237 0.536465
0.15367 0.685213 0.161117
0.287087 0.208496 0.504417
0.284408 0.472672 0.242921
0.0843187 0.073814 0.841867
0.422177 0.508624 0.0691997
0.783445 0.153046 0.063509
0.180226 0.259737 0.560036
0.328934 0.371452 0.299614
0.334832 0.236878 0.42829


3 1 19
9 2 29
22 21 30
23 22 30
15 14 31
26 25 32
17 16 33
7 6 35
6 34 35
21 20 36
30 21 36
5 4 38
25 24 40
32 25 40
31 14 41
16 15 43
15 31 43
33 16 43
12 11 44
35 34 45
36 35 45
30 36 45
42 30 45
13 12 46
12 44 46
11 10 47
28 27 47
44 11 47
4 3 48
38 4 48
3 19 48
19 18 48
31 41 49
43 31 49
0 8 50
20 0 50
34 39 51
45 34 51
42 45 51
27 26 52
26 32 52
32 44 52
44 47 52
47 27 52
24 23 53
40 24 53
23 30 53
30 42 53
42 37 53
14 13 54
41 14 54
13 46 54
18 17 55
17 33 55
33 39 55
39 38 55
48 18 55
38 48 55
32 40 56
39 33 57
51 39 57
33 43 57
10 9 58
9 29 58
29 28 58
28 47 58
47 10 58
6 5 59
34 6 59
5 38 59
38 39 59
39 34 59
8 7 60
7 35 60
35 36 60
50 8 60
36 20 60
20 50 60
44 32 61
46 44 61
41 54 61
56 41 61
32 56 61
54 46 61
37 42 62
42 51 62
43 49 62
57 43 62
49 37 62
51 57 62
37 49 63
49 41 63
40 53 63
53 37 63
56 40 63
41 56 63
