79
1 0 0
0 1 0
0 0 1
0.142857 0.857143 0
0.285714 0.714286 0
0.428572 0.571428 0
0.571429 0.428571 0
0.714286 0.285714 0
0.857143 0.142857 0
0 0.0769231 0.923077
0 0.153846 0.846154
0 0.230769 0.769231
0 0.307692 0.692308
0 0.384615 0.615385
0 0.461538 0.538462
0 0.538462 0.461538
0 0.615384 0.384615
0 0.692308 0.307692
0 0.769231 0.230769
0 0.846154 0.153846
0 0.923077 0.0769231
0.933333 0 0.0666667
0.866667 0 0.133333
0.8 0 0.2
0.733333 0 0.266667
0.666667 0 0.333333
0.6 0 0.4
0.533333 0 0.466667
0.466667 0 0.533333
0.4 0 0.6
0.333333 0 0.666667
0.266667 0 0.733333
0.2 0 0.8
0.133333 0 0.866667
0.0666667 0 0.933333
0.606192 0.129311 0.264497
0.10737 0.472051 0.420579
0.254328 0.14084 0.604832
0.162249 0.607161 0.23059
0.495939 0.394578 0.109483
0.638876 0.292857 0.068267
0.670457 0.132483 0.197059
0.73566 0.132421 0.131919
0.402626 0.246822 0.350552
0.27307 0.637002 0.0899286
0.359499 0.487724 0.152777
0.422205 0.102736 0.475059
0.202023 0.32225 0.475727
0.47977 0.242763 0.277468
0.194913 0.508907 0.29618
0.509503 0.444193 0.0463041
0.130006 0.219226 0.650768
0.275694 0.496726 0.22758
0.519289 0.289415 0.191296
0.130295 0.138658 0.731047
0.158944 0.768433 0.0726235
0.24148 0.377888 0.380631
0.0902012 0.780294 0.129505
0.104801 0.302794 0.592405
0.792711 0.140814 0.0664741
0.483217 0.106939 0.409844
0.369569 0.215115 0.415316
0.540992 0.119413 0.339595
0.402478 0.37268 0.224841
0.305301 0.233906 0.460794
0.387619 0.54547 0.0669114
0.0980476 0.559473 0.342479
0.610383 0.254044 0.135573
0.16697 0.285904 0.547126
0.0914347 0.106062 0.802503
0.332771 0.37228 0.294949
0.19811 0.643373 0.158517
0.0864174 0.420022 0.49356
0.322743 0.145656 0.531601
0.0786645 0.653358 0.267978
0.229304 0.0943287 0.676367
0.0526235 0.0583152 0.889061
0.0673296 0.893191 0.0394792
0.0806426 0.723093 0.196265


0 8 21
9 2 34
25 24 35
16 15 36
30 29 37
7 6 40
24 23 41
35 24 41
23 22 42
41 23 42
28 27 46
6 5 50
39 40 50
40 6 50
13 12 51
38 49 52
35 41 53
48 35 53
39 45 53
12 11 54
32 31 54
51 12 54
4 3 55
44 4 55
36 47 56
20 19 57
55 20 57
14 13 58
13 51 58
51 37 58
8 7 59
21 8 59
22 21 59
42 22 59
7 40 59
40 42 59
27 26 60
46 27 60
43 56 61
60 43 61
46 60 61
26 25 62
48 43 62
25 35 62
35 48 62
43 60 62
60 26 62
45 52 63
53 45 63
48 53 63
46 61 64
56 47 64
61 56 64
5 4 65
4 44 65
44 45 65
45 39 65
50 5 65
39 50 65
17 16 66
16 36 66
36 56 66
56 49 66
40 39 67
42 40 67
41 42 67
39 53 67
53 41 67
58 37 68
14 58 68
11 10 69
10 33 69
33 32 69
32 54 69
54 11 69
52 49 70
49 56 70
56 43 70
43 48 70
48 63 70
63 52 70
45 44 71
52 45 71
38 52 71
44 55 71
55 57 71
36 15 72
47 36 72
15 14 72
14 68 72
68 47 72
29 28 73
28 46 73
46 64 73
37 29 73
68 37 73
64 47 73
47 68 73
18 17 74
49 38 74
17 66 74
66 49 74
31 30 75
30 37 75
37 51 75
51 54 75
54 31 75
10 9 76
9 34 76
33 10 76
34 33 76
3 1 77
55 3 77
1 20 77
20 55 77
19 18 78
57 19 78
38 71 78
71 57 78
18 74 78
74 38 78
