66
1 0 0
0 1 0
0 0 1
0.142857 0.857143 0
0.285714 0.714286 0
0.428571 0.571429 0
0.571429 0.428571 0
0.714286 0.285714 0
0.857143 0.142857 0
0 0.0769231 0.923077
0 0.153846 0.846154
0 0.230769 0.769231
0 0.307692 0.692308
0 0.384615 0.615385
0 0.461538 0.538462
0 0.538462 0.461538
0 0.615385 0.384615
0 0.692308 0.307692
0 0.769231 0.230769
0 0.846154 0.153846
0 0.923077 0.0769231
0.909091 0 0.0909091
0.818182 0 0.181818
0.727273 0 0.272727
0.636364 0 0.363636
0.545455 0 0.454545
0.454545 0 0.545455
0.363636 0 0.636364
0.272727 0 0.727273
0.181818 0 0.818182
0.0909091 0 0.909091
0.652511 0.11549 0.231998
0.119905 0.485908 0.394187
0.292958 0.124124 0.582918
0.152634 0.614353 0.233013
0.497453 0.389824 0.112722
0.759285 0.0965789 0.144136
0.649345 0.282837 0.0678188
0.393188 0.253964 0.352848
0.284165 0.634126 0.081709
0.3203 0.521056 0.158644
0.415561 0.0919691 0.49247
0.197293 0.313467 0.489241
0.485143 0.239145 0.275712
0.142015 0.545187 0.312798
0.133951 0.196428 0.669621
0.591754 0.238774 0.169471
0.0890735 0.369158 0.541769
0.133249 0.11712 0.749631
0.145393 0.777061 0.0775462
0.421308 0.363831 0.214861
0.855143 0.0841785 0.0606786
0.244594 0.086722 0.668684
0.150373 0.692087 0.15754
0.469754 0.127255 0.402991
0.289563 0.39237 0.318067
0.307928 0.194823 0.497249
0.280769 0.474569 0.244662
0.421127 0.509431 0.0694416
0.147773 0.267519 0.584708
0.070059 0.0655647 0.864376
0.326625 0.245968 0.427407
0.732879 0.175515 0.091606
0.572649 0.108717 0.318633
0.0977085 0.42933 0.472961
0.22939 0.36251 0.408101


3 1 20
9 2 30
23 22 31
16 15 32
27 26 33
18 17 34
22 21 36
31 22 36
7 6 37
6 35 37
8 7 37
5 4 39
26 25 41
33 26 41
17 16 44
34 17 44
16 32 44
12 11 45
37 35 46
31 36 46
43 31 46
14 13 47
11 10 48
10 29 48
29 28 48
45 11 48
4 3 49
3 20 49
20 19 49
39 4 49
35 40 50
46 35 50
43 46 50
0 8 51
21 0 51
36 21 51
27 33 52
33 45 52
28 27 52
48 28 52
45 48 52
18 34 53
34 40 53
40 39 53
19 18 53
49 19 53
39 49 53
25 24 54
41 25 54
44 32 55
38 43 55
43 50 55
33 41 56
41 54 56
40 34 57
50 40 57
34 44 57
44 55 57
55 50 57
6 5 58
35 6 58
5 39 58
39 40 58
40 35 58
13 12 59
12 45 59
45 33 59
47 13 59
42 47 59
56 42 59
33 56 59
10 9 60
9 30 60
29 10 60
30 29 60
42 56 61
54 38 61
56 54 61
37 46 62
46 36 62
8 37 62
51 8 62
36 51 62
24 23 63
23 31 63
54 24 63
31 43 63
43 38 63
38 54 63
15 14 64
32 15 64
14 47 64
47 42 64
38 55 65
61 38 65
55 32 65
42 61 65
64 42 65
32 64 65
