53
1 0 0
0 1 0
0 0 1
0.142857 0.857143 0
0.285714 0.714286 0
0.428571 0.571429 0
0.571429 0.428571 0
0.714286 0.285714 0
0.857143 0.142857 0
0 0.0714285 0.928571
0 0.142857 0.857143
0 0.214286 0.785714
0 0.285714 0.714286
0 0.357143 0.642857
0 0.428571 0.571429
0 0.5 0.5
0 0.571429 0.428571
0 0.642857 0.357143
0 0.714286 0.285714
0 0.785714 0.214286
0 0.857143 0.142857
0 0.928572 0.0714286
0.888889 0 0.111111
0.777778 0 0.222222
0.666667 0 0.333333
0.555556 0 0.444444
0.444444 0 0.555556
0.333333 0 0.666667
0.222222 0 0.777778
0.111111 0 0.888889
0.63108 0.133184 0.235736
0.284603 0.136674 0.578723
0.197477 0.585632 0.216891
0.458219 0.436825 0.104956
0.623917 0.275783 0.1003
0.744047 0.138529 0.117424
0.402779 0.247038 0.350184
0.180343 0.257956 0.561701
0.280929 0.604254 0.114817
0.184361 0.339611 0.476028
0.170766 0.530894 0.29834
0.493201 0.277457 0.229343
0.159319 0.10104 0.739641
0.236632 0.385509 0.37786
0.440535 0.107304 0.452161
0.540892 0.115421 0.343687
0.339394 0.212847 0.447758
0.191224 0.718763 0.0900129
0.385922 0.415396 0.198681
0.13143 0.175436 0.693134
0.269652 0.425743 0.304605
0.280183 0.0778407 0.641976
0.0874867 0.0528561 0.859657


3 1 21
4 3 21
20 4 21
9 2 29
23 22 30
26 25 31
18 17 32
7 6 33
8 7 34
7 33 34
0 8 35
8 34 35
22 0 35
30 22 35
14 13 37
13 12 37
12 31 37
19 18 38
18 32 38
6 5 38
33 6 38
32 33 38
15 14 39
14 37 39
17 16 40
32 17 40
30 35 41
36 30 41
35 34 41
11 10 42
10 28 42
28 27 42
16 15 43
15 39 43
39 36 43
36 41 43
25 24 44
31 25 44
37 31 44
24 23 45
23 30 45
30 36 45
44 24 45
39 37 46
37 44 46
36 39 46
45 36 46
44 45 46
5 4 47
38 5 47
4 20 47
20 19 47
19 38 47
33 32 48
32 40 48
34 33 48
41 34 48
12 11 49
11 42 49
31 12 49
40 16 50
16 43 50
43 41 50
41 48 50
48 40 50
27 26 51
42 27 51
49 42 51
26 31 51
31 49 51
10 9 52
9 29 52
28 10 52
29 28 52
