82
1 0 0
0 1 0
0 0 1
0.142857 0.857143 0
0.285714 0.714286 0
0.428571 0.571429 0
0.571429 0.428571 0
0.714286 0.285714 0
0.857143 0.142857 0
0 0.0714284 0.928571
0 0.142857 0.857143
0 0.214286 0.785714
0 0.285714 0.714286
0 0.357143 0.642857
0 0.428571 0.571429
0 0.5 0.5
0 0.571429 0.428571
0 0.642857 0.357143
0 0.714286 0.285714
0 0.785714 0.214286
0 0.857143 0.142857
0 0.928571 0.0714286
0.944444 0 0.0555556
0.888889 0 0.111111
0.833333 0 0.166667
0.777778 0 0.222222
0.722222 0 0.277778
0.666667 0 0.333333
0.611111 0 0.388889
0.555556 0 0.444444
0.5 0 0.5
0.444444 0 0.555556
0.388889 0 0.611111
0.333333 0 0.666667
0.277778 0 0.722222
0.222222 0 0.777778
0.166667 0 0.833333
0.111111 0 0.888889
0.0555556 0 0.944444
0.593785 0.155663 0.250552
0.117256 0.468237 0.414507
0.244849 0.183632 0.571519
0.141599 0.639144 0.219257
0.491202 0.401754 0.107044
0.654879 0.281893 0.0632273
0.669378 0.134398 0.196224
0.743512 0.123568 0.13292
0.391936 0.258459 0.349605
0.293824 0.610991 0.0951852
0.294031 0.550435 0.155534
0.380054 0.139959 0.479987
0.195348 0.315639 0.489013
0.464105 0.255075 0.280821
0.785788 0.156203 0.0580093
0.286055 0.49846 0.215485
0.135183 0.576351 0.288466
0.129224 0.224784 0.645992
0.114525 0.318524 0.56695
0.539653 0.283841 0.176506
0.124299 0.158641 0.71706
0.337842 0.252838 0.409321
0.131979 0.719315 0.148706
0.226563 0.411696 0.36174
0.502634 0.110023 0.387344
0.0963077 0.858092 0.0456002
0.520683 0.426895 0.0524221
0.288312 0.421797 0.289891
0.167847 0.734796 0.0973568
0.529878 0.133267 0.336856
0.0936242 0.563356 0.34302
0.0968136 0.123626 0.77956
0.380888 0.560478 0.0586337
0.315282 0.158899 0.525819
0.445678 0.122692 0.43163
0.606045 0.271696 0.122259
0.407495 0.456996 0.135508
0.251639 0.305927 0.442434
0.107077 0.399223 0.4937
0.224386 0.140626 0.634988
0.437143 0.352742 0.210115
0.229456 0.725213 0.0453306
0.0736374 0.0932279 0.833135


0 8 22
9 2 38
10 9 38
37 10 38
27 26 39
17 16 40
33 32 41
20 19 42
7 6 44
26 25 45
39 26 45
24 23 46
25 24 46
45 25 46
31 30 50
27 39 52
8 7 53
22 8 53
23 22 53
7 44 53
44 46 53
46 23 53
19 18 55
42 19 55
14 13 56
15 14 57
14 56 57
39 45 58
13 12 59
56 13 59
35 34 59
34 56 59
21 20 61
20 42 61
42 54 61
54 49 61
60 47 62
29 28 63
3 1 64
1 21 64
6 5 65
44 6 65
54 42 66
47 52 66
52 54 66
42 55 66
55 62 66
62 47 66
21 61 67
64 21 67
49 48 67
61 49 67
28 27 68
27 52 68
63 28 68
52 47 68
47 63 68
18 17 69
55 18 69
62 55 69
17 40 69
40 62 69
12 11 70
36 35 70
35 59 70
59 12 70
5 4 71
43 65 71
65 5 71
32 31 72
41 32 72
51 41 72
31 50 72
30 29 73
50 30 73
60 50 73
47 60 73
63 47 73
29 63 73
45 46 74
43 58 74
58 45 74
65 43 74
46 44 74
44 65 74
58 43 75
48 49 75
43 71 75
71 48 75
40 51 76
50 60 76
60 62 76
62 40 76
51 72 76
72 50 76
16 15 77
40 16 77
51 40 77
41 51 77
57 41 77
15 57 77
34 33 78
56 34 78
33 41 78
41 57 78
57 56 78
49 54 79
54 52 79
52 39 79
39 58 79
75 49 79
58 75 79
4 3 80
3 64 80
64 67 80
67 48 80
48 71 80
71 4 80
11 10 81
10 37 81
37 36 81
36 70 81
70 11 81
