48
1 0 0
0 1 0
0 0 1
0.142857 0.857143 0
0.285714 0.714286 0
0.428572 0.571428 0
0.571429 0.428571 0
0.714286 0.285714 0
0.857143 0.142857 0
0 0.0666667 0.933333
0 0.133333 0.866667
0 0.2 0.8
0 0.266667 0.733333
0 0.333333 0.666667
0 0.4 0.6
0 0.466667 0.533333
0 0.533333 0.466667
0 0.6 0.4
0 0.666667 0.333333
0 0.733333 0.266667
0 0.8 0.2
0 0.866667 0.133333
0 0.933333 0.0666667
0.888889 0 0.111111
0.777778 0 0.222222
0.666667 0 0.333333
0.555556 0 0.444444
0.444444 0 0.555556
0.333333 0 0.666667
0.222222 0 0.777778
0.111111 0 0.888889
0.544276 0.16881 0.286914
0.258228 0.148258 0.593514
0.248425 0.566913 0.184663
0.46869 0.415631 0.11568
0.671163 0.165484 0.163353
0.251796 0.630488 0.117716
0.326752 0.170206 0.503042
0.248411 0.302933 0.448656
0.381632 0.310404 0.307964
0.620466 0.264854 0.114679
0.265266 0.48862 0.246114
0.43323 0.165594 0.401177
0.227486 0.362574 0.409939
0.199206 0.125965 0.674829
0.131966 0.089912 0.778122
0.340044 0.3842 0.275757
0.190666 0.722587 0.086747


3 1 22
4 3 22
21 4 22
9 2 30
10 9 30
29 10 30
24 23 31
13 12 32
27 26 32
19 18 33
7 6 34
6 33 34
23 0 35
31 23 35
6 5 36
33 6 36
20 19 36
19 33 36
14 13 37
26 25 37
13 32 37
32 26 37
15 14 38
31 35 39
8 7 40
7 34 40
0 8 40
35 0 40
18 17 41
33 18 41
34 33 41
40 34 41
25 24 42
24 31 42
31 38 42
37 25 42
14 37 42
38 14 42
16 15 43
39 16 43
15 38 43
38 31 43
31 39 43
12 11 44
11 28 44
28 27 44
27 32 44
32 12 44
11 10 45
10 29 45
28 11 45
29 28 45
17 16 46
16 39 46
39 35 46
35 40 46
41 17 46
40 41 46
5 4 47
4 21 47
21 20 47
20 36 47
36 5 47
