86
1 0 0
0 1 0
0 0 1
0.142857 0.857143 0
0.285714 0.714286 0
0.428571 0.571429 0
0.571429 0.428571 0
0.714286 0.285714 0
0.857143 0.142857 0
0 0.0666667 0.933333
0 0.133333 0.866667
0 0.2 0.8
0 0.266667 0.733333
0 0.333333 0.666667
0 0.4 0.6
0 0.466667 0.533333
0 0.533333 0.466667
0 0.6 0.4
0 0.666667 0.333333
0 0.733333 0.266667
0 0.8 0.2
0 0.866667 0.133333
0 0.933333 0.0666667
0.941176 0 0.0588235
0.882353 0 0.117647
0.823529 0 0.176471
0.764706 0 0.235294
0.705882 0 0.294118
0.647059 0 0.352941
0.588235 0 0.411765
0.529412 0 0.470588
0.470588 0 0.529412
0.411765 0 0.588235
0.352941 0 0.647059
0.294118 0 0.705882
0.235294 0 0.764706
0.176471 0 0.823529
0.117647 0 0.882353
0.0588235 0 0.941176
0.623632 0.126896 0.249472
0.110764 0.47648 0.412756
0.279664 0.132701 0.587635
0.146356 0.616469 0.237175
0.478061 0.425139 0.0967998
0.80375 0.156652 0.0395974
0.649205 0.283632 0.0671625
0.677412 0.133097 0.189491
0.73432 0.135297 0.130383
0.38702 0.265895 0.347085
0.286972 0.607006 0.106022
0.304873 0.530703 0.164423
0.422792 0.094252 0.482956
0.165343 0.361188 0.473469
0.478062 0.242936 0.279002
0.263304 0.521224 0.215472
0.154715 0.547933 0.297352
0.511054 0.44477 0.0441763
0.135955 0.201286 0.662759
0.532365 0.264376 0.203259
0.120407 0.137156 0.742437
0.327688 0.26897 0.403342
0.149804 0.786482 0.0637134
0.126678 0.284396 0.588926
0.154419 0.679742 0.165839
0.225496 0.415837 0.358668
0.446959 0.134043 0.418997
0.52186 0.125503 0.352637
0.5984 0.0958966 0.305703
0.393997 0.386446 0.219557
0.351651 0.11638 0.531969
0.798981 0.119299 0.0817203
0.314792 0.217006 0.468202
0.29936 0.417016 0.283624
0.0857911 0.0936385 0.82057
0.586081 0.275664 0.138256
0.381211 0.566562 0.0522273
0.102832 0.375919 0.521249
0.0874968 0.569261 0.343243
0.225059 0.243325 0.531615
0.1208 0.768322 0.110878
0.223444 0.352394 0.424163
0.237931 0.123081 0.638988
0.0665564 0.899748 0.0336952
0.911574 0.0632651 0.025161
0.255163 0.701905 0.0429321
0.432533 0.416509 0.150957


9 2 38
10 9 38
37 10 38
27 26 39
17 16 40
33 32 41
20 19 42
8 7 44
7 6 45
44 7 45
26 25 46
39 26 46
25 24 47
46 25 47
31 30 51
40 16 52
42 19 55
6 5 56
43 45 56
45 6 56
14 13 57
39 46 58
53 39 58
12 11 59
36 35 59
13 12 59
57 13 59
35 34 59
34 57 59
15 14 62
14 57 62
21 20 63
20 42 63
50 49 63
42 54 63
54 50 63
60 48 64
30 29 65
48 60 65
51 30 65
29 28 66
53 48 66
48 65 66
65 29 66
28 27 67
27 39 67
39 53 67
53 66 67
66 28 67
50 54 68
53 58 68
32 31 69
41 32 69
31 51 69
24 23 70
23 44 70
47 24 70
44 45 70
45 47 70
51 65 71
65 60 71
69 51 71
48 53 72
54 42 72
42 55 72
55 64 72
64 48 72
53 68 72
68 54 72
11 10 73
10 37 73
37 36 73
36 59 73
59 11 73
45 43 74
47 45 74
46 47 74
58 46 74
5 4 75
49 43 75
43 56 75
56 5 75
16 15 76
52 16 76
15 62 76
18 17 77
17 40 77
19 18 77
55 19 77
40 64 77
64 55 77
69 71 78
71 52 78
62 41 78
76 62 78
41 69 78
52 76 78
22 21 79
61 22 79
49 61 79
63 49 79
21 63 79
40 52 80
60 64 80
64 40 80
52 71 80
71 60 80
34 33 81
57 34 81
33 41 81
41 62 81
62 57 81
3 1 82
61 3 82
1 22 82
22 61 82
0 8 83
23 0 83
8 44 83
44 23 83
4 3 84
3 61 84
61 49 84
49 75 84
75 4 84
43 49 85
49 50 85
50 68 85
68 58 85
58 74 85
74 43 85
