89
1 0 0
0 1 0
0 0 1
0.142857 0.857143 0
0.285714 0.714286 0
0.428571 0.571429 0
0.571429 0.428571 0
0.714286 0.285714 0
0.857143 0.142857 0
0 0.0625 0.9375
0 0.125 0.875
0 0.1875 0.8125
0 0.25 0.75
0 0.3125 0.6875
0 0.375 0.625
0 0.4375 0.5625
0 0.5 0.5
0 0.5625 0.4375
0 0.625 0.375
0 0.6875 0.3125
0 0.75 0.25
0 0.8125 0.1875
0 0.875 0.125
0 0.9375 0.0625
0.947368 0 0.0526316
0.894737 0 0.105263
0.842105 0 0.157895
0.789474 0 0.210526
0.736842 0 0.263158
0.684211 0 0.315789
0.631579 0 0.368421
0.578947 0 0.421053
0.526316 0 0.473684
0.473684 0 0.526316
0.421053 0 0.578947
0.368421 0 0.631579
0.315789 0 0.684211
0.263158 0 0.736842
0.210526 0 0.789474
0.157895 0 0.842105
0.105263 0 0.894737
0.0526315 0 0.947369
0.599757 0.154043 0.2462
0.121394 0.461793 0.416813
0.26605 0.150786 0.583164
0.143824 0.621912 0.234264
0.491307 0.404819 0.103874
0.801871 0.153842 0.0442865
0.650802 0.282284 0.0669141
0.671452 0.133069 0.195479
0.728706 0.131704 0.13959
0.398845 0.258329 0.342825
0.310418 0.59197 0.0976121
0.300903 0.536243 0.162854
0.370566 0.154622 0.474812
0.204251 0.312041 0.483707
0.503799 0.211806 0.284395
0.277627 0.503156 0.219216
0.133947 0.567037 0.299016
0.51392 0.44014 0.0459405
0.518626 0.103671 0.377703
0.153547 0.175933 0.67052
0.198539 0.682497 0.118964
0.253205 0.705341 0.0414534
0.132734 0.328999 0.538268
0.538964 0.282468 0.178569
0.124071 0.141897 0.734032
0.348619 0.243052 0.408329
0.14128 0.800504 0.0582159
0.43585 0.347863 0.216287
0.142964 0.690362 0.166674
0.22953 0.406802 0.363669
0.458385 0.120758 0.420857
0.790668 0.116503 0.0928292
0.100259 0.10614 0.7936
0.299618 0.169433 0.530949
0.269544 0.440195 0.290261
0.384701 0.563758 0.0515409
0.609797 0.257532 0.13267
0.0944852 0.553061 0.352454
0.53973 0.130523 0.329747
0.0902892 0.805659 0.104052
0.417468 0.432646 0.149886
0.251559 0.31479 0.433651
0.134552 0.263269 0.602179
0.0698652 0.0835009 0.846634
0.251807 0.111932 0.636261
0.0880035 0.434907 0.477089
0.379852 0.350471 0.269677


0 8 24
9 2 41
10 9 41
40 10 41
29 28 42
18 17 43
35 34 44
21 20 45
8 7 47
24 8 47
25 24 47
7 6 48
47 7 48
28 27 49
42 28 49
27 26 50
49 27 50
33 32 54
29 42 56
20 19 58
45 20 58
6 5 59
48 6 59
46 48 59
31 30 60
14 13 61
37 36 61
53 52 62
4 3 63
16 15 64
42 49 65
13 12 66
38 37 66
37 61 66
61 13 66
3 1 68
1 23 68
63 3 68
62 52 68
52 63 68
53 57 69
56 42 69
42 65 69
22 21 70
21 45 70
45 57 70
57 53 70
53 62 70
67 51 71
32 31 72
31 60 72
60 51 72
51 67 72
54 32 72
67 54 72
25 47 73
47 48 73
26 25 73
50 26 73
48 50 73
12 11 74
39 38 74
38 66 74
66 12 74
34 33 75
33 54 75
44 34 75
54 55 75
55 64 75
64 44 75
57 45 76
45 58 76
58 71 76
71 51 76
52 46 77
63 52 77
5 4 77
4 63 77
59 5 77
46 59 77
48 46 78
50 48 78
49 50 78
65 49 78
46 65 78
19 18 79
58 19 79
71 58 79
18 43 79
43 71 79
30 29 80
29 56 80
60 30 80
56 51 80
51 60 80
23 22 81
62 68 81
68 23 81
22 70 81
70 62 81
46 52 82
65 46 82
52 53 82
53 69 82
69 65 82
43 55 83
55 54 83
54 67 83
67 71 83
71 43 83
15 14 84
14 61 84
44 64 84
64 15 84
11 10 85
10 40 85
40 39 85
39 74 85
74 11 85
36 35 86
35 44 86
44 84 86
61 36 86
84 61 86
17 16 87
43 17 87
55 43 87
16 64 87
64 55 87
56 69 88
69 57 88
51 56 88
76 51 88
57 76 88
