69
1 0 0
0 1 0
0 0 1
0.142857 0.857143 0
0.285714 0.714286 0
0.428572 0.571428 0
0.571429 0.428571 0
0.714286 0.285714 0
0.857143 0.142857 0
0 0.0625 0.9375
0 0.125 0.875
0 0.1875 0.8125
0 0.25 0.75
0 0.3125 0.6875
0 0.375 0.625
0 0.4375 0.5625
0 0.5 0.5
0 0.5625 0.4375
0 0.625 0.375
0 0.6875 0.3125
0 0.75 0.25
0 0.8125 0.1875
0 0.875 0.125
0 0.9375 0.0625
0.916667 0 0.0833333
0.833333 0 0.166667
0.75 0 0.25
0.666667 0 0.333333
0.583333 0 0.416667
0.5 0 0.5
0.416667 0 0.583333
0.333333 0 0.666667
0.25 0 0.75
0.166667 0 0.833333
0.0833334 0 0.916667
0.606464 0.13205 0.261486
0.30162 0.122439 0.575942
0.176924 0.595864 0.227212
0.510313 0.39494 0.0947467
0.762611 0.100727 0.136662
0.648617 0.266492 0.0848911
0.394238 0.254597 0.351165
0.158329 0.250588 0.591083
0.281691 0.628316 0.0899925
0.321744 0.532936 0.14532
0.348948 0.161349 0.489703
0.176806 0.33426 0.488934
0.431651 0.289265 0.279084
0.185476 0.533061 0.281463
0.506056 0.0971307 0.396813
0.583407 0.247662 0.168932
0.150889 0.112771 0.73634
0.178421 0.763322 0.0582578
0.233977 0.393551 0.372473
0.117199 0.757216 0.125585
0.802497 0.124217 0.0732861
0.149739 0.678649 0.171612
0.1329 0.212675 0.654425
0.359625 0.224713 0.415662
0.463561 0.477175 0.0592639
0.402179 0.416188 0.181633
0.11688 0.0824097 0.80071
0.364152 0.386471 0.249376
0.554672 0.115476 0.329852
0.224161 0.116277 0.659562
0.141365 0.312037 0.546599
0.20102 0.462726 0.336254
0.181858 0.385499 0.432643
0.637276 0.157238 0.205486


3 1 23
9 2 34
10 9 34
33 10 34
26 25 35
30 29 36
20 19 37
25 24 39
8 7 40
7 38 40
14 13 42
29 28 45
36 29 45
42 36 45
16 15 46
41 35 47
19 18 48
37 19 48
28 27 49
45 28 49
12 11 51
32 31 51
4 3 52
3 23 52
23 22 52
5 4 52
43 5 52
41 47 53
22 21 54
52 22 54
43 52 54
0 8 55
24 0 55
39 24 55
8 40 55
40 50 55
50 39 55
21 20 56
20 37 56
37 44 56
44 43 56
43 54 56
54 21 56
13 12 57
36 42 57
42 13 57
46 45 58
45 49 58
7 6 59
38 7 59
6 5 59
5 43 59
44 38 59
43 44 59
38 44 60
44 37 60
37 48 60
40 38 60
50 40 60
11 10 61
10 33 61
33 32 61
32 51 61
51 11 61
60 48 62
47 50 62
50 60 62
27 26 63
26 35 63
35 41 63
49 27 63
41 58 63
58 49 63
31 30 64
30 36 64
36 57 64
51 31 64
12 51 64
57 12 64
15 14 65
14 42 65
46 15 65
42 45 65
45 46 65
18 17 66
17 53 66
48 18 66
62 48 66
53 47 66
47 62 66
17 16 67
53 17 67
16 46 67
41 53 67
58 41 67
46 58 67
35 25 68
25 39 68
39 50 68
47 35 68
50 47 68
