91
1 0 0
0 1 0
0 0 1
0.142857 0.857143 0
0.285714 0.714286 0
0.428572 0.571428 0
0.571429 0.428571 0
0.714286 0.285714 0
0.857143 0.142857 0
0 0.0624999 0.9375
0 0.125 0.875
0 0.1875 0.8125
0 0.25 0.75
0 0.3125 0.6875
0 0.375 0.625
0 0.4375 0.5625
0 0.5 0.5
0 0.5625 0.4375
0 0.625 0.375
0 0.6875 0.3125
0 0.75 0.25
0 0.8125 0.1875
0 0.875 0.125
0 0.9375 0.0625
0.95 0 0.05
0.9 0 0.1
0.85 0 0.15
0.8 0 0.2
0.75 0 0.25
0.7 0 0.3
0.65 0 0.35
0.6 0 0.4
0.55 0 0.45
0.5 0 0.5
0.45 0 0.55
0.4 0 0.6
0.35 0 0.65
0.3 0 0.7
0.25 0 0.75
0.2 0 0.8
0.15 0 0.85
0.1 0 0.9
0.0500001 0 0.95
0.599428 0.156517 0.244054
0.117958 0.464604 0.417438
0.264472 0.150685 0.584844
0.144842 0.621105 0.234053
0.50553 0.376175 0.118295
0.649709 0.289018 0.0612725
0.652007 0.167043 0.18095
0.728222 0.139435 0.132343
0.349173 0.305122 0.345705
0.255517 0.651553 0.09293
0.832777 0.124937 0.0422863
0.284992 0.557765 0.157244
0.360454 0.155882 0.483664
0.214797 0.302609 0.482594
0.477577 0.252679 0.269743
0.30397 0.469759 0.226271
0.156083 0.539165 0.304753
0.143011 0.183669 0.67332
0.36162 0.570907 0.0674723
0.117388 0.319188 0.563424
0.529468 0.289056 0.181476
0.118422 0.145214 0.736364
0.34628 0.241929 0.411791
0.145055 0.683457 0.171488
0.394804 0.310457 0.294739
0.77235 0.149531 0.0781187
0.485349 0.465098 0.049553
0.21533 0.412237 0.372433
0.43489 0.358491 0.206619
0.514067 0.144964 0.34097
0.113125 0.837193 0.0496828
0.470266 0.131662 0.398072
0.134718 0.755635 0.109646
0.246002 0.319533 0.434464
0.318962 0.141324 0.539714
0.0603119 0.0836927 0.855995
0.093185 0.117433 0.789382
0.399317 0.464726 0.135957
0.606835 0.282507 0.110658
0.16956 0.303484 0.526955
0.213782 0.158727 0.627491
0.445558 0.104701 0.449741
0.592115 0.105922 0.301963
0.270551 0.448376 0.281073
0.0902485 0.435969 0.473783
0.0937262 0.552834 0.353439
0.225761 0.733692 0.0405472
0.0911726 0.301444 0.607383


0 8 24
9 2 42
10 9 42
41 10 42
29 28 43
18 17 44
36 35 45
21 20 46
7 6 48
28 27 49
43 28 49
27 26 50
49 27 50
8 7 53
24 8 53
25 24 53
34 33 55
20 19 59
46 20 59
14 13 60
38 37 60
16 15 62
43 49 63
49 47 63
13 12 64
39 38 64
38 60 64
60 13 64
22 21 66
21 46 66
46 58 66
58 54 66
57 58 67
26 25 68
50 26 68
48 50 68
7 48 68
53 7 68
25 53 68
6 5 69
48 6 69
5 4 69
4 61 69
61 47 69
51 59 70
65 51 70
54 58 71
58 57 71
57 43 71
43 63 71
31 30 72
57 67 72
67 51 72
3 1 73
1 23 73
32 31 74
51 65 74
31 72 74
72 51 74
23 22 75
22 66 75
73 23 75
54 52 75
52 73 75
66 54 75
44 56 76
56 55 76
55 65 76
65 70 76
70 44 76
35 34 77
45 35 77
34 55 77
55 56 77
11 10 78
10 41 78
40 11 78
41 40 78
12 11 79
11 40 79
40 39 79
39 64 79
64 12 79
47 61 80
61 52 80
63 47 80
52 54 80
54 71 80
71 63 80
50 48 81
47 49 81
49 50 81
48 69 81
69 47 81
62 45 82
16 62 82
45 77 82
77 56 82
37 36 83
60 37 83
36 45 83
45 62 83
33 32 84
55 33 84
65 55 84
32 74 84
74 65 84
30 29 85
29 43 85
43 57 85
57 72 85
72 30 85
46 59 86
59 51 86
51 67 86
58 46 86
67 58 86
44 17 87
56 44 87
17 16 87
16 82 87
82 56 87
19 18 88
18 44 88
44 70 88
59 19 88
70 59 88
4 3 89
61 4 89
52 61 89
3 73 89
73 52 89
15 14 90
62 15 90
83 62 90
14 60 90
60 83 90
