79
1 0 0
0 1 0
0 0 1
0.142857 0.857143 0
0.285714 0.714286 0
0.428572 0.571428 0
0.571429 0.428571 0
0.714286 0.285714 0
0.857143 0.142857 0
0 0.0588235 0.941176
0 0.117647 0.882353
0 0.176471 0.823529
0 0.235294 0.764706
0 0.294118 0.705882
0 0.352941 0.647059
0 0.411765 0.588235
0 0.470588 0.529412
0 0.529412 0.470588
0 0.588235 0.411765
0 0.647059 0.352941
0 0.705882 0.294118
0 0.764706 0.235294
0 0.823529 0.176471
0 0.882353 0.117647
0 0.941176 0.0588235
0.928571 0 0.0714286
0.857143 0 0.142857
0.785714 0 0.214286
0.714286 0 0.285714
0.642857 0 0.357143
0.571429 0 0.428571
0.5 0 0.5
0.428571 0 0.571429
0.357143 0 0.642857
0.285714 0 0.714286
0.214286 0 0.785714
0.142857 0 0.857143
0.0714286 0 0.928571
0.64159 0.102588 0.255821
0.111291 0.480083 0.408626
0.312768 0.11029 0.576942
0.152634 0.615648 0.231718
0.453098 0.440803 0.106099
0.648061 0.274652 0.0772865
0.658381 0.146032 0.195587
0.386631 0.26208 0.351289
0.17224 0.249596 0.578164
0.311787 0.596381 0.0918324
0.303891 0.533468 0.162641
0.379249 0.130236 0.490515
0.175395 0.34366 0.480945
0.501634 0.225893 0.272473
0.164019 0.538781 0.2972
0.167298 0.181253 0.651449
0.593218 0.25143 0.155352
0.303508 0.467224 0.229268
0.751527 0.133337 0.115136
0.126675 0.137872 0.735453
0.146513 0.793964 0.0595226
0.133223 0.749994 0.116783
0.467407 0.31211 0.220483
0.837288 0.112108 0.0506042
0.149391 0.68126 0.16935
0.477677 0.125598 0.396724
0.233628 0.420341 0.34603
0.508268 0.442298 0.0494345
0.558347 0.120945 0.320708
0.23507 0.355231 0.409699
0.457927 0.381207 0.160866
0.23678 0.0808253 0.682395
0.0934045 0.0776189 0.828977
0.332104 0.231341 0.436555
0.0970347 0.541583 0.361382
0.341416 0.37184 0.286744
0.279856 0.671927 0.0482171
0.107124 0.351097 0.541779
0.10223 0.435489 0.46228
0.242566 0.247427 0.510006
0.0525143 0.0459907 0.901495


3 1 24
9 2 37
28 27 38
18 17 39
32 31 40
33 32 40
21 20 41
8 7 43
27 26 44
38 27 44
15 14 46
42 47 48
31 30 49
40 31 49
46 40 49
38 44 51
20 19 52
41 20 52
33 40 53
14 13 53
46 14 53
40 46 53
48 41 55
41 52 55
26 25 56
44 26 56
54 44 56
43 54 56
12 11 57
11 35 57
35 34 57
13 12 57
53 13 57
4 3 58
3 24 58
24 23 58
23 22 59
58 23 59
51 44 60
44 54 60
0 8 61
25 0 61
56 25 61
8 43 61
43 56 61
21 41 62
41 48 62
22 21 62
59 22 62
48 47 62
47 59 62
30 29 63
49 30 63
7 6 65
42 43 65
43 7 65
6 5 65
5 47 65
47 42 65
28 38 66
38 51 66
51 45 66
29 28 66
63 29 66
45 63 66
45 64 67
64 39 67
43 42 68
54 43 68
42 48 68
48 55 68
55 60 68
60 54 68
34 33 69
57 34 69
33 53 69
53 57 69
11 10 70
10 36 70
35 11 70
36 35 70
49 63 71
67 50 71
63 45 71
45 67 71
19 18 72
52 19 72
64 52 72
18 39 72
39 64 72
45 51 73
64 45 73
51 60 73
55 52 73
52 64 73
60 55 73
5 4 74
47 5 74
4 58 74
58 59 74
59 47 74
16 15 75
50 16 75
15 46 75
17 16 76
16 50 76
39 17 76
67 39 76
50 67 76
49 71 77
71 50 77
46 49 77
75 46 77
50 75 77
10 9 78
9 37 78
36 10 78
37 36 78
