97
1 0 0
0 1 0
0 0 1
0.142857 0.857143 0
0.285714 0.714286 0
0.428571 0.571429 0
0.571429 0.428571 0
0.714286 0.285714 0
0.857143 0.142857 0
0 0.0588236 0.941176
0 0.117647 0.882353
0 0.176471 0.823529
0 0.235294 0.764706
0 0.294118 0.705882
0 0.352941 0.647059
0 0.411765 0.588235
0 0.470588 0.529412
0 0.529412 0.470588
0 0.588235 0.411765
0 0.647059 0.352941
0 0.705882 0.294118
0 0.764706 0.235294
0 0.823529 0.176471
0 0.882353 0.117647
0 0.941177 0.0588235
0.95 0 0.05
0.9 0 0.1
0.85 0 0.15
0.8 0 0.2
0.75 0 0.25
0.7 0 0.3
0.65 0 0.35
0.6 0 0.4
0.55 0 0.45
0.5 0 0.5
0.45 0 0.55
0.4 0 0.6
0.35 0 0.65
0.3 0 0.7
0.25 0 0.75
0.2 0 0.8
0.15 0 0.85
0.1 0 0.9
0.05 0 0.95
0.606144 0.144704 0.249152
0.115052 0.481115 0.403833
0.256532 0.160677 0.582791
0.142211 0.62715 0.230639
0.478841 0.425493 0.0956654
0.393686 0.0976121 0.508702
0.81016 0.148454 0.0413865
0.630419 0.286726 0.0828549
0.676969 0.128686 0.194345
0.727284 0.135008 0.137709
0.404634 0.230369 0.364998
0.309468 0.593067 0.0974643
0.307387 0.530858 0.161755
0.195562 0.333482 0.470955
0.480075 0.243599 0.276326
0.272273 0.517517 0.21021
0.16212 0.540462 0.297418
0.520792 0.435867 0.0433408
0.137697 0.216333 0.64597
0.374918 0.57517 0.0499119
0.198209 0.683662 0.118129
0.555687 0.250804 0.193509
0.119122 0.139241 0.741636
0.331463 0.263866 0.404671
0.140607 0.802248 0.0571452
0.447232 0.401212 0.151555
0.432256 0.348503 0.219241
0.142205 0.694532 0.163263
0.404456 0.286918 0.308626
0.77045 0.144499 0.0850512
0.118237 0.300791 0.580972
0.22405 0.412953 0.362998
0.244626 0.716195 0.0391793
0.452571 0.120103 0.427326
0.524493 0.136275 0.339231
0.596493 0.0995153 0.303992
0.0862806 0.227134 0.686585
0.340533 0.194595 0.464872
0.297701 0.172695 0.529604
0.0904208 0.807872 0.101707
0.130751 0.349088 0.520161
0.0935574 0.112294 0.794148
0.306814 0.42996 0.263226
0.592762 0.268478 0.13876
0.0632522 0.0754064 0.861341
0.0974853 0.560316 0.342199
0.229938 0.138269 0.631793
0.229393 0.349277 0.42133
0.0853225 0.457147 0.457531
0.666259 0.297237 0.0365038
0.190553 0.106275 0.703171
0.0738906 0.659502 0.266607
0.289979 0.391267 0.318754


0 8 25
9 2 43
10 9 43
42 10 43
30 29 44
19 18 45
37 36 46
22 21 47
35 34 49
8 7 50
25 8 50
26 25 50
29 28 52
44 29 52
28 27 53
52 28 53
6 5 61
48 51 61
15 14 62
5 4 63
55 48 63
48 61 63
61 5 63
56 55 64
44 52 65
13 12 66
40 39 66
3 1 68
1 24 68
64 55 68
48 55 69
55 56 69
56 59 70
58 44 70
44 65 70
65 69 70
69 56 70
22 47 71
47 59 71
23 22 71
59 56 71
56 64 71
26 50 73
27 26 73
53 27 73
51 53 73
16 15 74
15 62 74
67 54 75
4 3 76
3 68 76
55 63 76
68 55 76
63 4 76
33 32 77
32 54 77
34 33 77
54 67 77
32 31 78
54 32 78
72 54 78
58 72 78
31 30 79
30 44 79
44 58 79
58 78 79
78 31 79
14 13 80
62 14 80
13 66 80
49 34 81
34 77 81
77 67 81
36 35 82
46 36 82
35 49 82
49 81 82
81 57 82
24 23 83
64 68 83
68 24 83
23 71 83
71 64 83
17 16 84
16 74 84
82 57 84
74 46 84
46 82 84
12 11 85
11 41 85
41 40 85
40 66 85
66 12 85
58 70 86
70 59 86
59 47 86
47 60 86
72 58 86
51 48 87
53 51 87
52 53 87
65 52 87
48 69 87
69 65 87
11 10 88
10 42 88
41 11 88
42 41 88
20 19 89
60 20 89
19 45 89
45 75 89
75 60 89
38 37 90
62 38 90
37 46 90
46 74 90
74 62 90
67 75 91
75 45 91
45 57 91
57 81 91
81 67 91
18 17 92
45 18 92
57 45 92
17 84 92
84 57 92
7 6 93
6 61 93
61 51 93
50 7 93
73 50 93
51 73 93
39 38 94
38 62 94
62 80 94
66 39 94
80 66 94
21 20 95
20 60 95
47 21 95
60 47 95
54 72 96
75 54 96
60 75 96
72 86 96
86 60 96
