92
1 0 0
0 1 0
0 0 1
0.142857 0.857143 0
0.285714 0.714286 0
0.428572 0.571428 0
0.571429 0.428571 0
0.714286 0.285714 0
0.857143 0.142857 0
0 0.0555556 0.944444
0 0.111111 0.888889
0 0.166667 0.833333
0 0.222222 0.777778
0 0.277778 0.722222
0 0.333333 0.666667
0 0.388889 0.611111
0 0.444444 0.555556
0 0.5 0.5
0 0.555556 0.444444
0 0.611111 0.388889
0 0.666667 0.333333
0 0.722222 0.277778
0 0.777778 0.222222
0 0.833333 0.166667
0 0.888889 0.111111
0 0.944444 0.0555556
0.9375 0 0.0625
0.875 0 0.125
0.8125 0 0.1875
0.75 0 0.25
0.6875 0 0.3125
0.625 0 0.375
0.5625 0 0.4375
0.5 0 0.5
0.4375 0 0.5625
0.375 0 0.625
0.3125 0 0.6875
0.25 0 0.75
0.1875 0 0.8125
0.125 0 0.875
0.0625001 0 0.9375
0.647548 0.105527 0.246925
0.101611 0.49398 0.404409
0.285745 0.118355 0.5959
0.152045 0.620677 0.227278
0.4709 0.42614 0.10296
0.880087 0.0853801 0.0345328
0.642897 0.281926 0.0751772
0.629427 0.165317 0.205255
0.726034 0.131862 0.142105
0.40425 0.24942 0.34633
0.190997 0.226853 0.58215
0.283308 0.615506 0.101186
0.301015 0.536305 0.162681
0.398897 0.115788 0.485315
0.203917 0.323196 0.472887
0.483957 0.241216 0.274828
0.169465 0.540657 0.289878
0.141428 0.20433 0.654242
0.574868 0.254195 0.170936
0.299873 0.474806 0.225321
0.144856 0.132392 0.722752
0.318507 0.266987 0.414507
0.161321 0.776763 0.0619159
0.235242 0.382749 0.382009
0.117972 0.760553 0.121475
0.461462 0.317636 0.220902
0.246497 0.0946147 0.658888
0.145587 0.686159 0.168254
0.483922 0.139234 0.376844
0.779411 0.139253 0.0813366
0.453031 0.496343 0.0506259
0.132847 0.418666 0.448487
0.579515 0.10659 0.313896
0.319069 0.217235 0.463695
0.440216 0.391036 0.168748
0.0856919 0.0733752 0.840933
0.0853127 0.296835 0.617853
0.298601 0.381231 0.320168
0.0918301 0.341491 0.566679
0.109228 0.102318 0.788455
0.137549 0.511572 0.35088
0.228696 0.248917 0.522387
0.321223 0.63478 0.0439962
0.349702 0.111882 0.538416
0.457107 0.115841 0.427052
0.6017 0.276065 0.122235
0.0471743 0.0420882 0.910738
0.338501 0.391969 0.26953
0.749582 0.215781 0.0346376
0.605097 0.353348 0.0415554
0.0966092 0.390441 0.51295


3 1 25
9 2 40
29 28 41
19 18 42
35 34 43
22 21 44
0 8 46
26 0 46
41 28 48
28 27 49
48 28 49
45 52 53
33 32 54
41 48 56
21 20 57
44 21 57
14 13 58
43 51 58
48 49 59
53 44 60
44 57 60
13 12 61
37 36 61
58 13 61
4 3 63
3 25 63
25 24 63
62 50 64
24 23 65
63 24 65
52 63 65
56 48 66
48 59 66
36 35 67
35 43 67
43 58 67
58 61 67
61 36 67
22 44 68
44 53 68
23 22 68
65 23 68
53 52 68
52 65 68
50 62 69
27 26 70
49 27 70
26 46 70
6 5 71
52 45 71
18 17 72
42 18 72
64 42 72
55 62 72
62 64 72
30 29 73
29 41 73
41 56 73
56 50 73
31 30 73
69 31 73
50 69 73
62 55 74
45 53 75
53 60 75
60 66 75
66 59 75
11 10 76
10 39 76
39 38 76
15 14 77
14 58 77
58 51 77
50 56 78
64 50 78
16 15 79
15 77 79
77 51 79
12 11 80
38 37 80
37 61 80
61 12 80
11 76 80
76 38 80
20 19 81
57 20 81
19 42 81
78 57 81
42 64 81
64 78 81
54 74 82
79 51 82
74 55 82
5 4 83
4 63 83
63 52 83
52 71 83
71 5 83
34 33 84
33 54 84
43 34 84
51 43 84
54 82 84
82 51 84
32 31 85
31 69 85
54 32 85
74 54 85
69 62 85
62 74 85
59 49 86
49 70 86
70 47 86
47 45 86
45 75 86
75 59 86
10 9 87
9 40 87
39 10 87
40 39 87
56 66 88
78 56 88
60 57 88
57 78 88
66 60 88
8 7 89
46 8 89
70 46 89
47 70 89
7 6 90
45 47 90
71 45 90
6 71 90
47 89 90
89 7 90
17 16 91
55 72 91
72 17 91
16 79 91
79 82 91
82 55 91
