102
1 0 0
0 1 0
0 0 1
0.142857 0.857143 0
0.285714 0.714286 0
0.428571 0.571429 0
0.571429 0.428571 0
0.714286 0.285714 0
0.857143 0.142857 0
0 0.0555555 0.944444
0 0.111111 0.888889
0 0.166667 0.833333
0 0.222222 0.777778
0 0.277778 0.722222
0 0.333333 0.666667
0 0.388889 0.611111
0 0.444444 0.555556
0 0.5 0.5
0 0.555556 0.444444
0 0.611111 0.388889
0 0.666667 0.333333
0 0.722222 0.277778
0 0.777778 0.222222
0 0.833333 0.166667
0 0.888889 0.111111
0 0.944444 0.0555556
0.947368 0 0.0526316
0.894737 0 0.105263
0.842105 0 0.157895
0.789474 0 0.210526
0.736842 0 0.263158
0.684211 0 0.315789
0.631579 0 0.368421
0.578947 0 0.421053
0.526316 0 0.473684
0.473684 0 0.526316
0.421053 0 0.578947
0.368421 0 0.631579
0.315789 0 0.684211
0.263158 0 0.736842
0.210526 0 0.789474
0.157895 0 0.842105
0.105263 0 0.894737
0.0526316 0 0.947368
0.633056 0.115641 0.251304
0.106336 0.48515 0.408514
0.261894 0.150769 0.587337
0.153676 0.619871 0.226454
0.460083 0.43714 0.102777
0.774017 0.191051 0.0349321
0.652146 0.272272 0.0755821
0.89628 0.0748651 0.0288548
0.68415 0.133913 0.181936
0.745153 0.132798 0.122049
0.405899 0.244229 0.349872
0.265127 0.629982 0.104891
0.338426 0.506364 0.15521
0.41204 0.101673 0.486287
0.193728 0.31731 0.488962
0.48926 0.237081 0.273659
0.270002 0.52342 0.206579
0.132299 0.57562 0.292081
0.506781 0.448826 0.0443928
0.520254 0.104105 0.375642
0.135559 0.220501 0.64394
0.239912 0.714889 0.0451988
0.541419 0.257311 0.20127
0.126622 0.130777 0.742601
0.332885 0.261556 0.405559
0.459972 0.380935 0.159093
0.120213 0.798778 0.0810084
0.235041 0.387048 0.377911
0.109579 0.758677 0.131743
0.11256 0.292546 0.594894
0.820452 0.109163 0.0703842
0.0885251 0.394822 0.516653
0.285288 0.199182 0.51553
0.201464 0.634704 0.163832
0.364428 0.0976938 0.537879
0.446976 0.129318 0.423706
0.394614 0.383977 0.22141
0.161499 0.290215 0.548286
0.56 0.120517 0.319483
0.264626 0.472682 0.262692
0.594649 0.271016 0.134336
0.645209 0.32321 0.0315811
0.102325 0.103263 0.794412
0.374716 0.557014 0.0682696
0.201483 0.10446 0.694057
0.32173 0.220584 0.457686
0.116577 0.531539 0.351884
0.0913269 0.214386 0.694287
0.369766 0.340635 0.289599
0.0955253 0.439779 0.464696
0.104789 0.859771 0.0354405
0.0662816 0.0727799 0.860939
0.211014 0.355466 0.43352
0.256189 0.0969739 0.646837
0.0944588 0.721691 0.18385
0.254257 0.421552 0.324191
0.0739859 0.672031 0.253983
0.369569 0.60036 0.0300707


9 2 43
10 9 43
42 10 43
30 29 44
31 30 44
19 18 45
37 36 46
8 7 49
0 8 51
26 0 51
8 49 51
44 29 52
29 28 52
28 27 53
52 28 53
48 55 56
35 34 57
21 20 61
6 5 62
48 50 62
33 32 63
15 14 64
4 3 65
44 52 66
59 44 66
13 12 67
40 39 67
48 56 69
25 24 70
55 65 70
68 54 71
24 23 72
70 24 72
55 70 72
16 15 73
15 64 73
64 46 73
27 26 74
26 51 74
51 49 74
53 27 74
49 50 74
50 53 74
17 16 75
47 60 77
56 55 77
55 72 77
60 56 77
36 35 78
46 36 78
76 46 78
35 57 78
57 76 78
34 33 79
57 34 79
63 54 79
54 68 79
33 63 79
59 66 80
56 60 80
69 56 80
66 69 80
73 46 81
16 73 81
75 16 81
58 75 81
76 58 81
46 76 81
31 44 82
44 59 82
32 31 82
63 32 82
59 54 82
54 63 82
60 47 83
47 61 83
80 60 83
50 48 84
48 69 84
53 50 84
52 53 84
66 52 84
69 66 84
7 6 85
49 7 85
50 49 85
6 62 85
62 50 85
12 11 86
11 41 86
41 40 86
40 67 86
67 12 86
55 48 87
65 55 87
48 62 87
39 38 88
67 39 88
58 76 89
76 57 89
57 79 89
79 68 89
20 19 90
19 45 90
45 71 90
61 20 90
14 13 91
64 14 91
88 64 91
13 67 91
67 88 91
54 59 92
59 80 92
80 83 92
18 17 93
45 18 93
17 75 93
75 58 93
3 1 94
1 25 94
25 70 94
65 3 94
70 65 94
11 10 95
10 42 95
41 11 95
42 41 95
68 71 96
71 45 96
89 68 96
58 89 96
93 58 96
45 93 96
38 37 97
37 46 97
46 64 97
64 88 97
88 38 97
23 22 98
22 47 98
47 77 98
72 23 98
77 72 98
61 90 99
90 71 99
83 61 99
92 83 99
71 54 99
54 92 99
22 21 100
47 22 100
21 61 100
61 47 100
5 4 101
4 65 101
65 87 101
62 5 101
87 62 101
