95
1 0 0
0 1 0
0 0 1
0.142857 0.857143 0
0.285714 0.714286 0
0.428571 0.571429 0
0.571429 0.428571 0
0.714286 0.285714 0
0.857143 0.142857 0
0 0.0526316 0.947368
0 0.105263 0.894737
0 0.157895 0.842105
0 0.210526 0.789474
0 0.263158 0.736842
0 0.315789 0.684211
0 0.368421 0.631579
0 0.421053 0.578947
0 0.473684 0.526316
0 0.526316 0.473684
0 0.578947 0.421053
0 0.631579 0.368421
0 0.684211 0.315789
0 0.736842 0.263158
0 0.789474 0.210526
0 0.842105 0.157895
0 0.894737 0.105263
0 0.947368 0.0526316
0.941176 0 0.0588235
0.882353 0 0.117647
0.823529 0 0.176471
0.764706 0 0.235294
0.705882 0 0.294118
0.647059 0 0.352941
0.588235 0 0.411765
0.529412 0 0.470588
0.470588 0 0.529412
0.411765 0 0.588235
0.352941 0 0.647059
0.294118 0 0.705882
0.235294 0 0.764706
0.176471 0 0.823529
0.117647 0 0.882353
0.0588235 0 0.941177
0.63235 0.108331 0.259319
0.0969726 0.49859 0.404438
0.259441 0.146369 0.594189
0.155105 0.619093 0.225802
0.480099 0.418764 0.101136
0.877508 0.0886405 0.0338512
0.650627 0.275699 0.0736744
0.645459 0.147822 0.206719
0.736383 0.122996 0.140622
0.411101 0.242221 0.346678
0.15679 0.269912 0.573298
0.288654 0.610728 0.100617
0.305662 0.533565 0.160773
0.364625 0.151979 0.483396
0.219693 0.305033 0.475274
0.483056 0.242562 0.274382
0.158641 0.549323 0.292037
0.502008 0.120515 0.377477
0.161898 0.187547 0.650555
0.585571 0.245617 0.168811
0.302645 0.473628 0.223727
0.13702 0.123513 0.739467
0.324452 0.264911 0.410638
0.155618 0.787077 0.0573043
0.455738 0.381864 0.162397
0.241696 0.376902 0.381402
0.463198 0.317459 0.219343
0.148086 0.686971 0.164943
0.786658 0.133015 0.0803279
0.454842 0.494883 0.0502751
0.353011 0.110706 0.536284
0.181284 0.478197 0.34052
0.561653 0.122302 0.316045
0.421915 0.141272 0.436812
0.109051 0.09181 0.799139
0.142862 0.408417 0.448721
0.242248 0.237929 0.519824
0.623175 0.258573 0.118252
0.12802 0.756745 0.115235
0.328389 0.349125 0.322486
0.319985 0.403241 0.276774
0.086648 0.638665 0.274687
0.315979 0.638156 0.0458649
0.225205 0.0958703 0.678924
0.753943 0.211011 0.0350459
0.112091 0.354659 0.53325
0.0775337 0.0727175 0.849749
0.607663 0.351201 0.0411363
0.291058 0.0808787 0.628063
0.066803 0.90863 0.0245673
0.0990918 0.201882 0.699026
0.111583 0.262371 0.626047


9 2 42
10 9 42
41 10 42
31 30 43
19 18 44
20 19 44
23 22 46
0 8 48
27 0 48
30 29 50
43 30 50
29 28 51
50 29 51
16 15 53
47 54 55
43 50 58
21 20 59
33 32 60
50 51 62
55 46 63
46 59 63
13 12 64
39 38 64
60 52 65
4 3 66
26 25 66
47 55 67
55 63 67
65 52 68
58 50 69
50 62 69
62 67 69
67 63 69
24 23 70
23 46 70
46 55 70
55 54 70
28 27 71
51 28 71
27 48 71
6 5 72
54 47 72
36 35 73
45 36 73
35 34 73
34 56 73
53 45 73
20 44 74
59 20 74
44 68 74
31 43 75
43 58 75
58 52 75
32 31 75
60 32 75
52 60 75
34 33 76
56 34 76
33 60 76
57 56 76
65 57 76
60 65 76
12 11 77
40 39 77
39 64 77
64 12 77
18 17 78
17 57 78
44 18 78
68 44 78
57 65 78
65 68 78
56 57 79
53 73 79
73 56 79
62 51 80
49 47 80
47 67 80
67 62 80
51 71 80
71 49 80
25 24 81
66 25 81
24 70 81
70 54 81
52 58 82
68 52 82
74 68 82
58 69 83
82 58 83
63 59 83
69 63 83
59 74 83
74 82 83
22 21 84
21 59 84
46 22 84
59 46 84
5 4 85
4 66 85
54 72 85
72 5 85
66 81 85
81 54 85
38 37 86
64 38 86
8 7 87
48 8 87
49 71 87
71 48 87
17 16 88
16 53 88
53 79 88
57 17 88
79 57 88
11 10 89
10 41 89
41 40 89
40 77 89
77 11 89
7 6 90
47 49 90
72 47 90
6 72 90
49 87 90
87 7 90
37 36 91
36 45 91
45 61 91
61 86 91
86 37 91
3 1 92
1 26 92
26 66 92
66 3 92
14 13 93
61 14 93
86 61 93
13 64 93
64 86 93
15 14 94
14 61 94
45 53 94
61 45 94
53 15 94
