88
1 0 0
0 1 0
0 0 1
0.142857 0.857143 0
0.285714 0.714286 0
0.428571 0.571429 0
0.571429 0.428571 0
0.714286 0.285714 0
0.857143 0.142857 0
0 0.0526316 0.947368
0 0.105263 0.894737
0 0.157895 0.842105
0 0.210526 0.789474
0 0.263158 0.736842
0 0.315789 0.684211
0 0.368421 0.631579
0 0.421053 0.578947
0 0.473684 0.526316
0 0.526316 0.473684
0 0.578947 0.421053
0 0.631579 0.368421
0 0.684211 0.315789
0 0.736842 0.263158
0 0.789474 0.210526
0 0.842105 0.157895
0 0.894737 0.105263
0 0.947369 0.0526316
0.9375 0 0.0625
0.875 0 0.125
0.8125 0 0.1875
0.75 0 0.25
0.6875 0 0.3125
0.625 0 0.375
0.5625 0 0.4375
0.5 0 0.5
0.4375 0 0.5625
0.375 0 0.625
0.3125 0 0.6875
0.25 0 0.75
0.1875 0 0.8125
0.125 0 0.875
0.0624999 0 0.9375
0.648699 0.107343 0.243958
0.116448 0.478077 0.405475
0.282552 0.119571 0.597876
0.139948 0.626819 0.233233
0.482598 0.416134 0.101268
0.685912 0.257319 0.0567691
0.657781 0.147391 0.194828
0.758147 0.119606 0.122246
0.4076 0.249627 0.342773
0.168349 0.254777 0.576874
0.297063 0.600088 0.102849
0.304537 0.53357 0.161893
0.3994 0.116091 0.484508
0.185773 0.335051 0.479177
0.47699 0.247822 0.275188
0.159151 0.541432 0.299418
0.140368 0.204474 0.655158
0.589661 0.244474 0.165865
0.300855 0.474173 0.224972
0.142197 0.131038 0.726765
0.334006 0.254962 0.411033
0.153331 0.79039 0.0562787
0.458395 0.379577 0.162027
0.465028 0.316304 0.218668
0.822211 0.120149 0.0576403
0.240375 0.0940843 0.665541
0.146496 0.688089 0.165415
0.471823 0.108969 0.419207
0.261512 0.403793 0.334695
0.44862 0.500416 0.0509639
0.520658 0.1196 0.359742
0.139671 0.410519 0.449811
0.0867112 0.0703384 0.84295
0.246691 0.239134 0.514175
0.113627 0.0956866 0.790686
0.638823 0.250141 0.111036
0.138833 0.750138 0.111029
0.33247 0.209579 0.457952
0.328792 0.397422 0.273786
0.107559 0.53089 0.361551
0.305271 0.645721 0.0490085
0.349107 0.112394 0.538499
0.246596 0.36434 0.389064
0.11007 0.353704 0.536226
0.58922 0.368042 0.0427383
0.585221 0.115155 0.299624


3 1 26
9 2 41
10 9 41
40 10 41
30 29 42
19 18 43
36 35 44
23 22 45
22 21 45
8 7 47
29 28 48
42 29 48
28 27 49
48 28 49
16 15 51
46 52 53
34 33 54
42 48 56
21 20 57
45 21 57
14 13 58
15 14 58
44 51 58
51 15 58
48 49 59
53 45 60
45 57 60
13 12 61
38 37 61
58 13 61
4 3 63
3 26 63
26 25 63
46 53 64
53 60 64
56 48 65
48 59 65
59 64 65
64 60 65
0 8 66
27 0 66
8 47 66
49 27 66
37 36 67
36 44 67
44 58 67
58 61 67
61 37 67
24 23 68
23 45 68
45 53 68
53 52 68
33 32 69
54 33 69
50 56 70
6 5 71
52 46 71
32 31 72
69 32 72
50 62 72
62 69 72
18 17 73
17 55 73
43 18 73
55 62 73
11 10 74
10 40 74
40 39 74
12 11 76
39 38 76
38 61 76
61 12 76
11 74 76
74 39 76
59 49 77
47 46 77
46 64 77
64 59 77
49 66 77
66 47 77
25 24 78
63 25 78
24 68 78
68 52 78
62 55 79
69 62 79
54 69 79
75 54 79
55 75 79
60 57 80
65 60 80
56 65 80
70 56 80
57 70 80
20 19 81
19 43 81
43 70 81
57 20 81
70 57 81
5 4 82
4 63 82
52 71 82
71 5 82
63 78 82
78 52 82
35 34 83
44 35 83
34 54 83
51 44 83
54 75 83
75 51 83
62 50 84
50 70 84
70 43 84
43 73 84
73 62 84
17 16 85
55 17 85
16 51 85
51 75 85
75 55 85
46 47 86
47 7 86
7 6 86
6 71 86
71 46 86
31 30 87
30 42 87
42 56 87
56 50 87
72 31 87
50 72 87
