94
1 0 0
0 1 0
0 0 1
0.142857 0.857143 0
0.285714 0.714286 0
0.428571 0.571429 0
0.571429 0.428571 0
0.714286 0.285714 0
0.857143 0.142857 0
0 0.05 0.95
0 0.1 0.9
0 0.15 0.85
0 0.2 0.8
0 0.25 0.75
0 0.3 0.7
0 0.35 0.65
0 0.4 0.6
0 0.45 0.55
0 0.5 0.5
0 0.55 0.45
0 0.6 0.4
0 0.65 0.35
0 0.7 0.3
0 0.75 0.25
0 0.8 0.2
0 0.85 0.15
0 0.9 0.1
0 0.95 0.05
0.941176 0 0.0588235
0.882353 0 0.117647
0.823529 0 0.176471
0.764706 0 0.235294
0.705882 0 0.294118
0.647059 0 0.352941
0.588235 0 0.411765
0.529412 0 0.470588
0.470588 0 0.529412
0.411765 0 0.588235
0.352941 0 0.647059
0.294118 0 0.705882
0.235294 0 0.764706
0.176471 0 0.823529
0.117647 0 0.882353
0.0588235 0 0.941176
0.63054 0.107222 0.262238
0.1192 0.484204 0.396596
0.298372 0.118867 0.582761
0.153153 0.613533 0.233314
0.495736 0.401948 0.102316
0.369932 0.107918 0.52215
0.693771 0.248347 0.0578815
0.64432 0.147648 0.208032
0.733407 0.123533 0.143059
0.403129 0.248827 0.348044
0.178381 0.243304 0.578315
0.262648 0.64331 0.0940415
0.310689 0.522259 0.167052
0.186372 0.333136 0.480493
0.472552 0.248377 0.279071
0.163951 0.541448 0.294602
0.499731 0.121259 0.37901
0.151185 0.201908 0.646907
0.846858 0.113214 0.0399283
0.583264 0.247072 0.169663
0.303476 0.471205 0.225319
0.139049 0.11861 0.742342
0.321873 0.266891 0.411236
0.179125 0.755796 0.0650796
0.456236 0.379689 0.164075
0.463411 0.317063 0.219525
0.14107 0.417606 0.441324
0.148858 0.68364 0.167502
0.262262 0.404646 0.333092
0.287838 0.209386 0.502776
0.444598 0.501295 0.0541073
0.285157 0.0844934 0.630349
0.787704 0.124311 0.0879846
0.395089 0.166469 0.438442
0.11383 0.0900009 0.796169
0.560199 0.120525 0.319276
0.224919 0.0940454 0.681036
0.11764 0.765044 0.117316
0.329177 0.397507 0.273315
0.338489 0.546406 0.115105
0.111468 0.535719 0.352813
0.134536 0.326081 0.539382
0.246083 0.367474 0.386443
0.0707709 0.0676132 0.861616
0.323816 0.633913 0.0422707
0.627219 0.254929 0.117852
0.590928 0.366206 0.0428653
0.103794 0.192927 0.703279
0.439665 0.0936267 0.466708
0.118504 0.839761 0.0417351


3 1 27
9 2 43
10 9 43
42 10 43
32 31 44
20 19 45
37 36 46
23 22 47
36 35 49
46 36 49
8 7 50
31 30 51
44 31 51
30 29 52
51 30 52
16 15 54
46 49 54
18 17 57
44 51 58
22 21 59
47 22 59
34 33 60
15 14 61
46 54 61
54 15 61
0 8 62
28 0 62
8 50 62
51 52 63
56 47 64
47 59 64
13 12 65
40 39 65
60 53 66
48 56 68
56 64 68
58 51 69
51 63 69
63 68 69
68 64 69
19 18 70
18 57 70
45 19 70
57 66 70
24 23 71
23 47 71
25 24 71
47 56 71
53 58 72
54 49 73
6 5 74
38 37 75
37 46 75
46 61 75
29 28 76
52 29 76
62 50 76
28 62 76
66 57 77
57 73 77
34 60 77
60 66 77
12 11 78
11 41 78
41 40 78
40 65 78
65 12 78
32 44 79
44 58 79
58 53 79
33 32 79
60 33 79
53 60 79
39 38 80
65 39 80
75 61 80
38 75 80
26 25 81
67 26 81
55 67 81
25 71 81
71 55 81
64 59 82
69 64 82
58 69 82
72 58 82
59 72 82
56 48 83
55 71 83
71 56 83
48 74 83
74 55 83
21 20 84
20 45 84
45 72 84
59 21 84
72 59 84
17 16 85
16 54 85
54 73 85
57 17 85
73 57 85
66 53 86
45 70 86
70 66 86
53 72 86
72 45 86
11 10 87
10 42 87
41 11 87
42 41 87
5 4 88
4 67 88
67 55 88
55 74 88
74 5 88
50 48 89
48 68 89
68 63 89
76 50 89
63 52 89
52 76 89
48 50 90
50 7 90
7 6 90
6 74 90
74 48 90
14 13 91
13 65 91
65 80 91
61 14 91
80 61 91
49 35 92
73 49 92
35 34 92
34 77 92
77 73 92
4 3 93
67 4 93
3 27 93
27 26 93
26 67 93
