77
1 0 0
0 1 0
0 0 1
0.142857 0.857143 0
0.285714 0.714286 0
0.428571 0.571429 0
0.571429 0.428571 0
0.714286 0.285714 0
0.857143 0.142857 0
0 0.05 0.95
0 0.0999999 0.9
0 0.15 0.85
0 0.2 0.8
0 0.25 0.75
0 0.3 0.7
0 0.35 0.65
0 0.4 0.6
0 0.45 0.55
0 0.5 0.5
0 0.55 0.45
0 0.6 0.4
0 0.65 0.35
0 0.7 0.3
0 0.75 0.25
0 0.8 0.2
0 0.85 0.15
0 0.9 0.1
0 0.95 0.05
0.933333 0 0.0666667
0.866667 0 0.133333
0.8 0 0.2
0.733333 0 0.266667
0.666667 0 0.333333
0.6 0 0.4
0.533333 0 0.466667
0.466667 0 0.533333
0.4 0 0.6
0.333333 0 0.666667
0.266667 0 0.733333
0.2 0 0.8
0.133333 0 0.866667
0.0666667 0 0.933333
0.602337 0.130671 0.266992
0.261433 0.146643 0.591924
0.202563 0.587597 0.20984
0.427885 0.445122 0.126994
0.660066 0.13973 0.200204
0.778467 0.15529 0.0662426
0.720708 0.147461 0.131831
0.388799 0.265203 0.345998
0.192653 0.239661 0.567685
0.284626 0.637102 0.0782712
0.364773 0.159242 0.475985
0.19579 0.32673 0.47748
0.455373 0.271094 0.273533
0.154119 0.536571 0.309311
0.4978 0.107268 0.394931
0.166456 0.18552 0.648024
0.228585 0.620167 0.151247
0.309691 0.470279 0.22003
0.513201 0.286014 0.200785
0.150853 0.115178 0.733969
0.164126 0.778987 0.0568865
0.190831 0.388256 0.420913
0.214564 0.432768 0.352668
0.559013 0.308339 0.132648
0.358758 0.228601 0.412641
0.472613 0.462021 0.0653657
0.545419 0.12143 0.333151
0.122435 0.0938752 0.78369
0.188088 0.131148 0.680764
0.647577 0.29349 0.0589327
0.333536 0.396807 0.269657
0.159916 0.306031 0.534053
0.125147 0.731596 0.143257
0.0901972 0.0584992 0.851304
0.374865 0.0996595 0.525476


3 1 27
9 2 41
10 9 41
40 10 41
31 30 42
36 35 43
23 22 44
30 29 46
42 30 46
0 8 47
28 0 47
29 28 48
46 29 48
28 47 48
16 15 50
15 43 50
6 5 51
34 33 52
18 17 53
42 46 54
49 42 54
22 21 55
21 20 55
33 32 56
52 33 56
15 14 57
43 15 57
36 43 57
24 23 58
23 44 58
44 45 58
45 44 59
44 22 59
22 55 59
46 48 60
54 46 60
13 12 61
38 37 61
4 3 62
3 27 62
27 26 62
5 4 62
51 5 62
26 25 62
25 51 62
19 18 63
18 53 63
20 19 64
49 54 64
55 20 64
19 63 64
63 49 64
45 59 65
48 47 65
60 48 65
59 60 65
53 52 66
52 56 66
63 53 66
49 63 66
7 6 67
58 45 67
6 51 67
51 58 67
32 31 68
31 42 68
42 49 68
49 66 68
56 32 68
66 56 68
12 11 69
11 39 69
39 38 69
38 61 69
61 12 69
14 13 70
57 14 70
37 36 70
36 57 70
13 61 70
61 37 70
8 7 71
45 65 71
47 8 71
65 47 71
7 67 71
67 45 71
54 60 72
59 55 72
60 59 72
55 64 72
64 54 72
17 16 73
16 50 73
50 52 73
52 53 73
53 17 73
25 24 74
51 25 74
24 58 74
58 51 74
11 10 75
10 40 75
39 11 75
40 39 75
35 34 76
43 35 76
50 43 76
34 52 76
52 50 76
