27
1 0 0
0 1 0
0 0 1
0.142857 0.857143 0
0.285714 0.714286 0
0.428571 0.571429 0
0.571429 0.428571 0
0.714286 0.285714 0
0.857143 0.142857 0
0 0.333333 0.666667
0 0.666667 0.333333
0.888889 0 0.111111
0.777778 0 0.222222
0.666667 0 0.333333
0.555556 0 0.444444
0.444444 0 0.555556
0.333333 0 0.666667
0.222222 0 0.777778
0.111111 0 0.888889
0.110903 0.471682 0.417415
0.181797 0.525722 0.292481
0.427453 0.319352 0.253195
0.298815 0.415339 0.285846
0.538804 0.255936 0.20526
0.681105 0.174701 0.144193
0.0886123 0.282314 0.629073
0.223664 0.222216 0.55412


0 8 11
8 7 12
11 8 12
9 2 18
1 10 19
3 1 20
1 19 20
5 4 21
15 14 21
4 3 22
3 20 22
16 15 22
20 16 22
15 21 22
21 4 22
6 5 23
13 6 23
14 13 23
5 21 23
21 14 23
7 6 24
6 13 24
12 7 24
13 12 24
10 9 25
19 10 25
9 18 25
18 17 25
17 19 25
17 16 26
19 17 26
16 20 26
20 19 26
