24
1 0 0
0 1 0
0 0 1
0.142857 0.857143 0
0.285714 0.714286 0
0.428571 0.571429 0
0.571429 0.428571 0
0.714286 0.285714 0
0.857143 0.142857 0
0 0.25 0.75
0 0.5 0.5
0 0.75 0.25
0.8 0 0.2
0.6 0 0.4
0.4 0 0.6
0.2 0 0.8
0.299749 0.181864 0.518387
0.144433 0.608461 0.247105
0.685755 0.130213 0.184032
0.179071 0.361898 0.459031
0.511474 0.205996 0.28253
0.38538 0.376031 0.238589
0.124292 0.148756 0.726951
0.288008 0.523525 0.188467


3 1 11
0 8 12
15 14 16
4 3 17
3 11 17
11 10 17
8 7 18
12 8 18
13 12 18
10 9 19
17 10 19
16 14 20
7 6 20
18 7 20
14 13 20
13 18 20
6 5 21
19 16 21
16 20 21
20 6 21
9 2 22
2 15 22
19 9 22
15 16 22
16 19 22
5 4 23
4 17 23
17 19 23
19 21 23
21 5 23
