22
1 0 0
0 1 0
0 0 1
0.142857 0.857143 0
0.285714 0.714286 0
0.428571 0.571429 0
0.571429 0.428571 0
0.714286 0.285714 0
0.857143 0.142857 0
0 0.25 0.75
0 0.5 0.5
0 0.75 0.25
0.909091 0 0.0909091
0.818182 0 0.181818
0.727273 0 0.272727
0.636364 0 0.363636
0.545455 0 0.454545
0.454545 0 0.545455
0.363636 0 0.636364
0.272727 0 0.727273
0.181818 0 0.818182
0.090909 0 0.909091


0 8 12
8 7 13
12 8 13
7 6 14
13 7 14
6 5 15
14 6 15
5 4 16
15 5 16
4 3 17
16 4 17
3 1 18
17 3 18
1 11 18
11 10 19
18 11 19
10 9 20
19 10 20
9 2 21
20 9 21
