28
1 0 0
0 1 0
0 0 1
0.142857 0.857143 0
0.285714 0.714286 0
0.428571 0.571429 0
0.571429 0.428571 0
0.714286 0.285714 0
0.857143 0.142857 0
0 0.2 0.8
0 0.4 0.6
0 0.6 0.4
0 0.8 0.2
0.8 0 0.2
0.6 0 0.4
0.4 0 0.6
0.2 0 0.8
0.66135 0.13564 0.20301
0.124308 0.495721 0.379971
0.291235 0.143026 0.565739
0.384867 0.261442 0.353691
0.275811 0.521407 0.202782
0.198852 0.325771 0.475377
0.141907 0.664345 0.193748
0.127404 0.141823 0.730773
0.407573 0.401896 0.190531
0.547318 0.276665 0.176016
0.477967 0.128267 0.393766


3 1 12
0 8 13
8 7 17
13 8 17
14 13 17
11 10 18
16 15 19
5 4 21
10 9 22
18 10 22
19 20 22
21 18 22
4 3 23
3 12 23
12 11 23
11 18 23
18 21 23
21 4 23
9 2 24
2 16 24
16 19 24
19 22 24
22 9 24
6 5 25
5 21 25
21 22 25
22 20 25
7 6 26
17 7 26
6 25 26
25 20 26
19 15 27
20 19 27
15 14 27
14 17 27
17 26 27
26 20 27
