30
1 0 0
0 1 0
0 0 1
0.142857 0.857143 0
0.285714 0.714286 0
0.428571 0.571429 0
0.571429 0.428571 0
0.714286 0.285714 0
0.857143 0.142857 0
0 0.166667 0.833333
0 0.333333 0.666667
0 0.5 0.5
0 0.666667 0.333333
0 0.833333 0.166667
0.8 0 0.2
0.6 0 0.4
0.4 0 0.6
0.2 0 0.8
0.627539 0.155058 0.217403
0.273411 0.144315 0.582274
0.172277 0.59813 0.229594
0.401797 0.263643 0.33456
0.339389 0.453551 0.207061
0.214306 0.323287 0.462408
0.522237 0.319582 0.158181
0.460797 0.117015 0.422189
0.115756 0.0918597 0.792384
0.118002 0.740256 0.141742
0.120868 0.216175 0.662957
0.139425 0.453536 0.40704


3 1 13
0 8 14
8 7 18
14 8 18
15 14 18
17 16 19
5 4 20
12 11 20
6 5 22
5 20 22
19 21 23
21 22 23
7 6 24
18 7 24
21 18 24
6 22 24
22 21 24
16 15 25
15 18 25
18 21 25
19 16 25
21 19 25
9 2 26
2 17 26
17 19 26
4 3 27
20 4 27
3 13 27
13 12 27
12 20 27
10 9 28
23 10 28
19 23 28
9 26 28
26 19 28
11 10 29
10 23 29
20 11 29
22 20 29
23 22 29
