22
1 0 0
0 1 0
0 0 1
0.142857 0.857143 0
0.285714 0.714286 0
0.428571 0.571429 0
0.571429 0.428571 0
0.714286 0.285714 0
0.857143 0.142857 0
0 0.142857 0.857143
0 0.285714 0.714286
0 0.428571 0.571429
0 0.571429 0.428571
0 0.714286 0.285714
0 0.857143 0.142857
0.5 0 0.5
0.378418 0.229275 0.392306
0.387967 0.110246 0.501787
0.264025 0.478104 0.257871
0.722703 0.0650004 0.212296
0.181027 0.639477 0.179495
0.311207 0.359434 0.329359


3 1 14
4 3 14
13 4 14
8 7 16
10 9 16
9 2 17
2 15 17
16 9 17
8 16 17
6 5 18
5 12 18
12 11 18
0 8 19
15 0 19
8 17 19
17 15 19
5 4 20
4 13 20
12 5 20
13 12 20
7 6 21
16 7 21
11 10 21
10 16 21
6 18 21
18 11 21
