28
1 0 0
0 1 0
0 0 1
0.142857 0.857143 0
0.285714 0.714286 0
0.428571 0.571429 0
0.571429 0.428571 0
0.714286 0.285714 0
0.857143 0.142857 0
0 0.142857 0.857143
0 0.285714 0.714286
0 0.428571 0.571429
0 0.571429 0.428571
0 0.714286 0.285714
0 0.857143 0.142857
0.928571 0 0.0714286
0.857143 0 0.142857
0.785714 0 0.214286
0.714286 0 0.285714
0.642857 0 0.357143
0.571429 0 0.428571
0.5 0 0.5
0.428571 0 0.571429
0.357143 0 0.642857
0.285714 0 0.714286
0.214286 0 0.785714
0.142857 0 0.857143
0.0714285 0 0.928571


0 8 15
8 7 16
15 8 16
7 6 17
16 7 17
6 5 18
17 6 18
5 4 19
18 5 19
4 3 20
19 4 20
3 1 21
20 3 21
1 14 21
14 13 22
21 14 22
13 12 23
22 13 23
12 11 24
23 12 24
11 10 25
24 11 25
10 9 26
25 10 26
9 2 27
26 9 27
