49
1 0 0
0 1 0
0 0 1
0.142857 0.857143 0
0.285714 0.714286 0
0.428571 0.571429 0
0.571429 0.428571 0
0.714286 0.285714 0
0.857143 0.142857 0
0 0.125 0.875
0 0.25 0.75
0 0.375 0.625
0 0.5 0.5
0 0.625 0.375
0 0.75 0.25
0 0.875 0.125
0.923077 0 0.0769231
0.846154 0 0.153846
0.769231 0 0.230769
0.692308 0 0.307692
0.615385 0 0.384615
0.538462 0 0.461538
0.461538 0 0.538462
0.384615 0 0.615385
0.307692 0 0.692308
0.230769 0 0.769231
0.153846 0 0.846154
0.0769231 0 0.923077
0.136866 0.433359 0.429775
0.240338 0.212166 0.547496
0.160838 0.59483 0.244332
0.463693 0.439773 0.0965336
0.720364 0.179601 0.100035
0.365675 0.266167 0.368158
0.257761 0.644478 0.0977609
0.49554 0.210554 0.293906
0.300629 0.483557 0.215814
0.144829 0.222725 0.632445
0.583699 0.209577 0.206723
0.13281 0.757629 0.109562
0.232242 0.370788 0.39697
0.336702 0.1726 0.490697
0.105972 0.164609 0.729419
0.106529 0.384262 0.509209
0.813604 0.121211 0.0651851
0.597637 0.295597 0.106766
0.0557833 0.103066 0.841151
0.0979919 0.580331 0.321678
0.407315 0.434619 0.158066


0 8 16
9 2 27
24 23 29
15 14 30
5 4 31
7 6 32
18 17 32
22 21 33
4 3 34
20 19 35
21 20 35
33 21 35
30 33 36
33 35 36
12 11 37
25 24 37
24 29 37
19 18 38
35 19 38
1 15 39
15 30 39
3 1 39
34 3 39
30 36 39
36 34 39
28 29 40
33 30 40
23 22 41
29 23 41
40 29 41
22 33 41
33 40 41
11 10 42
10 26 42
26 25 42
25 37 42
37 11 42
13 12 43
28 13 43
29 28 43
12 37 43
37 29 43
8 7 44
16 8 44
17 16 44
7 32 44
32 17 44
6 5 45
5 31 45
31 38 45
32 6 45
18 32 45
38 18 45
10 9 46
9 27 46
26 10 46
27 26 46
14 13 47
13 28 47
28 40 47
30 14 47
40 30 47
31 4 48
4 34 48
34 36 48
36 35 48
35 38 48
38 31 48
