29
1 0 0
0 1 0
0 0 1
0.142857 0.857143 0
0.285714 0.714286 0
0.428571 0.571429 0
0.571429 0.428571 0
0.714286 0.285714 0
0.857143 0.142857 0
0 0.125 0.875
0 0.25 0.75
0 0.375 0.625
0 0.5 0.5
0 0.625 0.375
0 0.75 0.25
0 0.875 0.125
0.75 0 0.25
0.5 0 0.5
0.25 0 0.75
0.628403 0.108002 0.263595
0.284738 0.138901 0.576361
0.192385 0.62436 0.183256
0.399328 0.243724 0.356948
0.210299 0.378864 0.410837
0.269987 0.489242 0.240771
0.468676 0.343275 0.188049
0.172758 0.2761 0.551142
0.10816 0.788265 0.103575
0.632499 0.21839 0.14911


3 1 15
9 2 18
0 8 19
16 0 19
17 16 19
10 9 20
9 18 20
18 17 20
17 19 20
5 4 21
4 14 21
14 13 21
20 19 22
12 11 23
6 5 24
5 21 24
13 12 24
21 13 24
12 23 24
7 6 25
23 22 25
6 24 25
24 23 25
11 10 26
10 20 26
20 22 26
22 23 26
23 11 26
4 3 27
3 15 27
14 4 27
15 14 27
8 7 28
19 8 28
22 19 28
7 25 28
25 22 28
