50
1 0 0
0 1 0
0 0 1
0.142857 0.857143 0
0.285714 0.714286 0
0.428571 0.571429 0
0.571429 0.428571 0
0.714286 0.285714 0
0.857143 0.142857 0
0 0.111111 0.888889
0 0.222222 0.777778
0 0.333333 0.666667
0 0.444444 0.555556
0 0.555556 0.444444
0 0.666667 0.333333
0 0.777778 0.222222
0 0.888889 0.111111
0.928571 0 0.0714286
0.857143 0 0.142857
0.785714 0 0.214286
0.714286 0 0.285714
0.642857 0 0.357143
0.571429 0 0.428571
0.5 0 0.5
0.428571 0 0.571429
0.357143 0 0.642857
0.285714 0 0.714286
0.214286 0 0.785714
0.142857 0 0.857143
0.0714286 0 0.928571
0.124957 0.449167 0.425876
0.163409 0.597411 0.23918
0.491241 0.415883 0.0928758
0.672543 0.231834 0.0956229
0.642135 0.181145 0.17672
0.372279 0.274277 0.353444
0.166029 0.268865 0.565106
0.323975 0.553551 0.122473
0.36266 0.174765 0.462575
0.458507 0.265796 0.275697
0.28589 0.500083 0.214026
0.268171 0.223792 0.508037
0.139461 0.75309 0.107449
0.234082 0.386951 0.378967
0.536847 0.249293 0.21386
0.130149 0.20458 0.665271
0.0998381 0.151161 0.749001
0.824843 0.119661 0.0554956
0.0537232 0.0868229 0.859454
0.103155 0.582793 0.314052


0 8 17
9 2 29
14 13 30
16 15 31
6 5 32
5 4 32
7 6 33
18 7 33
19 18 33
6 32 33
20 19 34
19 33 34
33 32 34
23 22 35
13 12 36
26 25 36
30 13 36
4 3 37
32 4 37
24 23 38
23 35 38
22 21 39
35 22 39
31 35 40
35 39 40
39 37 40
25 24 41
30 36 41
36 25 41
24 38 41
3 1 42
1 16 42
16 31 42
31 40 42
37 3 42
40 37 42
35 31 43
38 35 43
30 41 43
41 38 43
21 20 44
39 21 44
20 34 44
34 32 44
32 37 44
37 39 44
12 11 45
27 26 45
26 36 45
36 12 45
11 10 46
10 28 46
28 27 46
27 45 46
45 11 46
8 7 47
7 18 47
17 8 47
18 17 47
10 9 48
9 29 48
28 10 48
29 28 48
15 14 49
14 30 49
30 43 49
31 15 49
43 31 49
