50
1 0 0
0 1 0
0 0 1
0.142857 0.857143 0
0.285714 0.714286 0
0.428571 0.571429 0
0.571429 0.428571 0
0.714286 0.285714 0
0.857143 0.142857 0
0 0.111111 0.888889
0 0.222222 0.777778
0 0.333333 0.666667
0 0.444444 0.555556
0 0.555556 0.444444
0 0.666667 0.333333
0 0.777778 0.222222
0 0.888889 0.111111
0.888889 0 0.111111
0.777778 0 0.222222
0.666667 0 0.333333
0.555556 0 0.444444
0.444444 0 0.555556
0.333333 0 0.666667
0.222222 0 0.777778
0.111111 0 0.888889
0.598665 0.144622 0.256713
0.104105 0.492957 0.402939
0.270175 0.155429 0.574396
0.151015 0.592964 0.256021
0.463826 0.423111 0.113063
0.63783 0.28589 0.0762806
0.746406 0.135039 0.118555
0.406792 0.253171 0.340037
0.27712 0.60758 0.1153
0.421251 0.113826 0.464923
0.171461 0.341359 0.48718
0.527193 0.104526 0.368281
0.125081 0.212708 0.66221
0.584972 0.250937 0.164091
0.316968 0.449531 0.233501
0.15008 0.776007 0.0739128
0.241213 0.399144 0.359643
0.458422 0.311025 0.230553
0.11647 0.305356 0.578174
0.308338 0.239693 0.45197
0.100796 0.0922188 0.806985
0.18305 0.10772 0.70923
0.113459 0.730914 0.155626
0.880768 0.0657964 0.0534352
0.0627008 0.891277 0.0460226


9 2 24
19 18 25
13 12 26
14 13 26
22 21 27
15 14 28
14 26 28
6 5 29
7 6 30
6 29 30
8 7 31
7 30 31
18 17 31
25 18 31
5 4 33
29 5 33
21 20 34
27 21 34
26 12 35
20 19 36
19 25 36
25 32 36
32 34 36
34 20 36
11 10 37
30 29 38
25 31 38
31 30 38
29 33 39
33 28 39
4 3 40
33 4 40
26 35 41
28 26 41
39 28 41
32 39 41
32 25 42
25 38 42
39 32 42
38 29 42
29 39 42
12 11 43
35 12 43
27 35 43
37 27 43
11 37 43
27 34 44
35 27 44
34 32 44
32 41 44
41 35 44
10 9 45
9 24 45
24 23 45
23 22 46
22 27 46
27 37 46
45 23 46
37 10 46
10 45 46
16 15 47
40 16 47
15 28 47
28 33 47
33 40 47
0 8 48
17 0 48
8 31 48
31 17 48
3 1 49
1 16 49
16 40 49
40 3 49
