44
1 0 0
0 1 0
0 0 1
0.142857 0.857143 0
0.285714 0.714286 0
0.428571 0.571429 0
0.571429 0.428571 0
0.714286 0.285714 0
0.857143 0.142857 0
0 0.111111 0.888889
0 0.222222 0.777778
0 0.333333 0.666667
0 0.444444 0.555556
0 0.555556 0.444444
0 0.666667 0.333333
0 0.777778 0.222222
0 0.888889 0.111111
0.857143 0 0.142857
0.714286 0 0.285714
0.571429 0 0.428571
0.428571 0 0.571429
0.285714 0 0.714286
0.142857 0 0.857143
0.594697 0.16176 0.243543
0.281206 0.116292 0.602501
0.163121 0.599455 0.237424
0.506056 0.40063 0.0933132
0.748698 0.11364 0.137662
0.386704 0.265167 0.348129
0.232707 0.64973 0.117563
0.334307 0.499112 0.166581
0.423733 0.0871455 0.489121
0.176984 0.335484 0.487532
0.640692 0.242727 0.116581
0.140068 0.11909 0.740842
0.137287 0.77105 0.0916625
0.448527 0.330878 0.220594
0.253703 0.427553 0.318743
0.508529 0.119891 0.37158
0.315741 0.203276 0.480983
0.142873 0.234449 0.622678
0.109739 0.45454 0.435721
0.110703 0.543304 0.345993
0.878765 0.0636006 0.0576347


3 1 16
9 2 22
21 20 24
15 14 25
7 6 26
6 5 26
18 17 27
23 18 27
5 4 29
15 25 29
29 25 30
26 5 30
5 29 30
20 19 31
24 20 31
12 11 32
7 26 33
8 7 33
27 8 33
23 27 33
10 9 34
9 22 34
22 21 34
21 24 34
4 3 35
29 4 35
3 16 35
16 15 35
15 29 35
26 30 36
33 26 36
28 23 36
23 33 36
30 25 37
36 30 37
32 28 37
28 36 37
19 18 38
18 23 38
31 19 38
23 28 38
24 31 39
28 32 39
31 38 39
38 28 39
11 10 40
10 34 40
34 24 40
24 39 40
32 11 40
39 32 40
13 12 41
12 32 41
32 37 41
14 13 42
25 14 42
37 25 42
13 41 42
41 37 42
0 8 43
17 0 43
8 27 43
27 17 43
