36
1 0 0
0 1 0
0 0 1
0.142857 0.857143 0
0.285714 0.714286 0
0.428571 0.571429 0
0.571429 0.428571 0
0.714286 0.285714 0
0.857143 0.142857 0
0 0.111111 0.888889
0 0.222222 0.777778
0 0.333333 0.666667
0 0.444444 0.555556
0 0.555556 0.444444
0 0.666667 0.333333
0 0.777778 0.222222
0 0.888889 0.111111
0.8 0 0.2
0.6 0 0.4
0.4 0 0.6
0.2 0 0.8
0.619434 0.11481 0.265757
0.272902 0.159461 0.567637
0.192405 0.593487 0.214108
0.407451 0.245562 0.346987
0.628876 0.223423 0.147702
0.467011 0.367721 0.165269
0.25668 0.486681 0.256639
0.234992 0.396739 0.36827
0.793739 0.0952261 0.111035
0.194026 0.298783 0.50719
0.184928 0.678073 0.137
0.453555 0.107166 0.439279
0.184884 0.0940301 0.721086
0.120074 0.244203 0.635722
0.393787 0.498762 0.107451


3 1 16
4 3 16
15 4 16
9 2 20
18 17 21
14 13 23
8 7 25
24 21 25
7 6 26
25 7 26
24 25 26
23 13 27
13 12 28
27 13 28
24 26 28
26 27 28
0 8 29
17 0 29
21 17 29
8 25 29
25 21 29
22 24 30
12 11 30
28 12 30
24 28 30
5 4 31
23 5 31
4 15 31
15 14 31
14 23 31
19 18 32
22 19 32
18 21 32
21 24 32
24 22 32
10 9 33
9 20 33
20 19 33
19 22 33
22 10 33
11 10 34
10 22 34
22 30 34
30 11 34
6 5 35
5 23 35
23 27 35
26 6 35
27 26 35
