56
1 0 0
0 1 0
0 0 1
0.142857 0.857143 0
0.285714 0.714286 0
0.428571 0.571429 0
0.571429 0.428571 0
0.714286 0.285714 0
0.857143 0.142857 0
0 0.111111 0.888889
0 0.222222 0.777778
0 0.333333 0.666667
0 0.444444 0.555556
0 0.555556 0.444444
0 0.666667 0.333333
0 0.777778 0.222222
0 0.888889 0.111111
0.916667 0 0.0833333
0.833333 0 0.166667
0.75 0 0.25
0.666667 0 0.333333
0.583333 0 0.416667
0.5 0 0.5
0.416667 0 0.583333
0.333333 0 0.666667
0.25 0 0.75
0.166667 0 0.833333
0.0833333 0 0.916667
0.62089 0.126341 0.252769
0.105354 0.479358 0.415288
0.266412 0.161641 0.571947
0.156479 0.60289 0.240631
0.503335 0.409487 0.0871781
0.645231 0.271096 0.0836731
0.3696 0.282998 0.347402
0.278863 0.618321 0.102816
0.355496 0.17566 0.468844
0.211289 0.31082 0.477891
0.475036 0.25163 0.273333
0.30148 0.46496 0.23356
0.702589 0.130742 0.166669
0.169485 0.175421 0.655093
0.0863873 0.834747 0.078866
0.234844 0.405294 0.359862
0.785443 0.130128 0.084429
0.0775943 0.757802 0.164603
0.10908 0.144001 0.746919
0.107851 0.343735 0.548414
0.417961 0.413519 0.16852
0.565377 0.0985948 0.336028
0.474892 0.12957 0.395538
0.0682249 0.0985956 0.833179
0.101795 0.5879 0.310305
0.380169 0.547782 0.0720492
0.565246 0.261543 0.173211
0.182483 0.68312 0.134398


0 8 17
9 2 27
20 19 28
14 13 29
24 23 30
6 5 32
7 6 33
6 32 33
4 3 35
23 22 36
30 23 36
30 36 37
34 38 39
19 18 40
28 19 40
25 24 41
24 30 41
3 1 42
1 16 42
29 37 43
36 34 43
37 36 43
34 39 43
39 31 43
8 7 44
17 8 44
18 17 44
7 33 44
33 40 44
40 18 44
16 15 45
15 31 45
42 16 45
11 10 46
41 11 46
26 25 46
25 41 46
13 12 47
29 13 47
37 29 47
12 11 47
11 41 47
30 37 47
41 30 47
35 39 48
39 38 48
21 20 49
20 28 49
28 38 49
22 21 50
34 36 50
36 22 50
21 49 50
38 34 50
49 38 50
10 9 51
9 27 51
27 26 51
26 46 51
46 10 51
15 14 52
31 15 52
14 29 52
29 43 52
43 31 52
5 4 53
4 35 53
32 5 53
48 32 53
35 48 53
28 40 54
33 32 54
40 33 54
32 48 54
38 28 54
48 38 54
31 39 55
39 35 55
35 3 55
3 42 55
45 31 55
42 45 55
