26
1 0 0
0 1 0
0 0 1
0.142857 0.857143 0
0.285714 0.714286 0
0.428571 0.571429 0
0.571429 0.428571 0
0.714286 0.285714 0
0.857143 0.142857 0
0 0.111111 0.888889
0 0.222222 0.777778
0 0.333333 0.666667
0 0.444444 0.555556
0 0.555556 0.444444
0 0.666667 0.333333
0 0.777778 0.222222
0 0.888889 0.111111
0.666667 0 0.333333
0.333333 0 0.666667
0.591368 0.117923 0.29071
0.403135 0.272305 0.324561
0.269998 0.522794 0.207208
0.316691 0.101194 0.582115
0.345573 0.405026 0.249401
0.261603 0.206482 0.531915
0.170518 0.681932 0.147549


3 1 16
4 3 16
15 4 16
9 2 18
0 8 19
17 0 19
8 7 20
12 11 20
19 8 20
6 5 21
5 14 21
14 13 21
10 9 22
9 18 22
18 17 22
17 19 22
7 6 23
13 12 23
12 20 23
20 7 23
6 21 23
21 13 23
11 10 24
19 20 24
20 11 24
10 22 24
22 19 24
5 4 25
4 15 25
14 5 25
15 14 25
