53
1 0 0
0 1 0
0 0 1
0.125 0.875 0
0.25 0.75 0
0.375 0.625 0
0.5 0.5 0
0.625 0.375 0
0.75 0.25 0
0.875 0.125 0
0 0.1 0.9
0 0.2 0.8
0 0.3 0.7
0 0.4 0.6
0 0.5 0.5
0 0.6 0.4
0 0.7 0.3
0 0.8 0.2
0 0.9 0.1
0.875 0 0.125
0.75 0 0.25
0.625 0 0.375
0.5 0 0.5
0.375 0 0.625
0.25 0 0.75
0.125 0 0.875
0.612348 0.113284 0.274368
0.109127 0.4853 0.405573
0.274534 0.138711 0.586755
0.15416 0.607423 0.238417
0.481422 0.41704 0.101538
0.609869 0.285379 0.104752
0.738549 0.132431 0.12902
0.429687 0.226672 0.343642
0.149528 0.255717 0.594755
0.266195 0.630449 0.103356
0.3194 0.504929 0.175672
0.164804 0.332011 0.503185
0.515922 0.0956057 0.388472
0.564689 0.224954 0.210357
0.135829 0.158046 0.706125
0.251681 0.368591 0.379728
0.4131 0.357965 0.228935
0.398729 0.118476 0.482795
0.133465 0.717056 0.149479
0.874775 0.0626307 0.062594
0.246983 0.068964 0.684053
0.211427 0.490577 0.297996
0.111079 0.0855243 0.803397
0.392832 0.535752 0.0714167
0.102937 0.811145 0.0859179
0.2916 0.239184 0.469216
0.0981805 0.417098 0.484721


3 1 18
10 2 25
21 20 26
15 14 27
16 15 29
7 6 30
8 7 31
7 30 31
20 19 32
26 20 32
9 8 32
8 31 32
13 12 34
5 4 35
35 29 36
13 34 37
22 21 38
21 26 38
26 33 38
26 32 39
32 31 39
33 26 39
12 11 40
34 12 40
28 34 40
31 30 42
39 31 42
30 36 42
33 39 42
41 33 42
23 22 43
28 23 43
22 38 43
38 33 43
17 16 44
16 29 44
35 4 44
29 35 44
0 9 45
19 0 45
9 32 45
32 19 45
24 23 46
23 28 46
28 40 46
15 27 47
29 15 47
36 29 47
27 41 47
41 42 47
42 36 47
11 10 48
40 11 48
10 25 48
25 24 48
24 46 48
46 40 48
6 5 49
5 35 49
30 6 49
36 30 49
35 36 49
4 3 50
44 4 50
3 18 50
18 17 50
17 44 50
33 41 51
41 37 51
43 33 51
34 28 51
28 43 51
37 34 51
14 13 52
13 37 52
27 14 52
37 41 52
41 27 52
