68
1 0 0
0 1 0
0 0 1
0.125 0.875 0
0.25 0.75 0
0.375 0.625 0
0.5 0.5 0
0.625 0.375 0
0.75 0.25 0
0.875 0.125 0
0 0.1 0.9
0 0.2 0.8
0 0.3 0.7
0 0.4 0.6
0 0.5 0.5
0 0.6 0.4
0 0.7 0.3
0 0.8 0.2
0 0.9 0.1
0.928571 0 0.0714286
0.857143 0 0.142857
0.785714 0 0.214286
0.714286 0 0.285714
0.642857 0 0.357143
0.571429 0 0.428571
0.5 0 0.5
0.428571 0 0.571429
0.357143 0 0.642857
0.285714 0 0.714286
0.214286 0 0.785714
0.142857 0 0.857143
0.0714287 0 0.928571
0.611484 0.127475 0.261041
0.106066 0.499903 0.394031
0.280543 0.133862 0.585595
0.153254 0.623035 0.223711
0.470191 0.444622 0.0851874
0.649142 0.259141 0.091717
0.744282 0.176613 0.0791045
0.388114 0.257668 0.354218
0.168314 0.267601 0.564085
0.283087 0.607179 0.109734
0.353776 0.172883 0.47334
0.209646 0.307588 0.482766
0.490196 0.245169 0.264636
0.283404 0.513833 0.202762
0.705784 0.121595 0.172621
0.174291 0.165878 0.659831
0.566287 0.269239 0.164474
0.109187 0.140124 0.750689
0.168849 0.759227 0.0719237
0.240203 0.373259 0.386538
0.092479 0.769503 0.138018
0.194098 0.655679 0.150223
0.414606 0.414355 0.17104
0.461856 0.119256 0.418888
0.0696316 0.872725 0.0576434
0.373632 0.365711 0.260657
0.0629835 0.0905453 0.846471
0.530329 0.124642 0.345029
0.0782115 0.345428 0.57636
0.119589 0.579225 0.301186
0.258961 0.445292 0.295748
0.362133 0.563682 0.0741847
0.563556 0.37034 0.0661042
0.0690087 0.273451 0.65754
0.838569 0.0980737 0.0633572
0.0899718 0.423924 0.486104


0 9 19
10 2 31
23 22 32
16 15 33
28 27 34
27 26 34
6 5 36
8 7 38
7 37 38
26 25 42
34 26 42
40 34 43
34 42 43
22 21 46
32 22 46
21 20 46
20 38 46
38 37 46
29 28 47
28 34 47
34 40 47
44 32 48
32 46 48
46 37 48
12 11 49
30 29 49
29 47 49
4 3 50
41 4 50
42 39 51
33 43 51
43 42 51
18 17 52
17 35 52
45 41 53
41 50 53
35 45 53
52 35 53
50 52 53
41 45 54
44 48 54
48 36 54
25 24 55
39 42 55
42 25 55
3 1 56
50 3 56
1 18 56
18 52 56
52 50 56
39 44 57
44 54 57
54 45 57
11 10 58
10 31 58
31 30 58
30 49 58
49 11 58
24 23 59
23 32 59
32 44 59
55 24 59
44 39 59
39 55 59
14 13 60
47 40 60
17 16 61
35 17 61
16 33 61
33 51 61
45 35 62
57 45 62
51 39 62
39 57 62
35 61 62
61 51 62
5 4 63
4 41 63
36 5 63
41 54 63
54 36 63
7 6 64
37 7 64
6 36 64
36 48 64
48 37 64
13 12 65
12 49 65
49 47 65
47 60 65
60 13 65
9 8 66
8 38 66
19 9 66
20 19 66
38 20 66
15 14 67
33 15 67
43 33 67
40 43 67
14 60 67
60 40 67
