41
1 0 0
0 1 0
0 0 1
0.125 0.875 0
0.25 0.75 0
0.375 0.625 0
0.5 0.5 0
0.625 0.375 0
0.75 0.25 0
0.875 0.125 0
0 0.1 0.9
0 0.2 0.8
0 0.3 0.7
0 0.4 0.6
0 0.5 0.5
0 0.6 0.4
0 0.7 0.3
0 0.8 0.2
0 0.9 0.1
0.8 0 0.2
0.6 0 0.4
0.4 0 0.6
0.2 0 0.8
0.646466 0.126769 0.226765
0.264707 0.130968 0.604326
0.160403 0.595731 0.243866
0.41105 0.236535 0.352415
0.219863 0.223598 0.556539
0.204648 0.326335 0.469017
0.17807 0.689792 0.132138
0.611407 0.225637 0.162956
0.285322 0.482207 0.232471
0.175586 0.0904176 0.733997
0.182556 0.422712 0.394733
0.435008 0.349875 0.215117
0.831139 0.0595812 0.10928
0.476085 0.105051 0.418864
0.327991 0.561101 0.110907
0.11119 0.802305 0.0865043
0.445069 0.450636 0.104295
0.121135 0.521481 0.357384


3 1 18
10 2 22
16 15 25
12 11 27
11 24 27
13 12 28
12 27 28
27 26 28
5 4 29
17 16 29
16 25 29
9 8 30
23 9 30
26 23 30
11 10 32
24 11 32
10 22 32
22 21 32
21 24 32
14 13 33
13 28 33
8 7 34
30 8 34
28 26 34
33 28 34
26 30 34
31 33 34
0 9 35
9 23 35
19 0 35
23 19 35
20 19 36
19 23 36
21 20 36
24 21 36
23 26 36
26 27 36
27 24 36
6 5 37
5 29 37
29 25 37
25 31 37
4 3 38
3 18 38
18 17 38
17 29 38
29 4 38
7 6 39
31 34 39
34 7 39
6 37 39
37 31 39
15 14 40
25 15 40
31 25 40
14 33 40
33 31 40
