59
1 0 0
0 1 0
0 0 1
0.125 0.875 0
0.25 0.75 0
0.375 0.625 0
0.5 0.5 0
0.625 0.375 0
0.75 0.25 0
0.875 0.125 0
0 0.090909 0.909091
0 0.181818 0.818182
0 0.272727 0.727273
0 0.363636 0.636364
0 0.454545 0.545455
0 0.545455 0.454545
0 0.636364 0.363636
0 0.727273 0.272727
0 0.818182 0.181818
0 0.909091 0.0909091
0.944444 0 0.0555556
0.888889 0 0.111111
0.833333 0 0.166667
0.777778 0 0.222222
0.722222 0 0.277778
0.666667 0 0.333333
0.611111 0 0.388889
0.555556 0 0.444444
0.5 0 0.5
0.444444 0 0.555556
0.388889 0 0.611111
0.333333 0 0.666667
0.277778 0 0.722222
0.222222 0 0.777778
0.166667 0 0.833333
0.111111 0 0.888889
0.0555556 0 0.944444
0.249239 0.185014 0.565747
0.177057 0.589921 0.233021
0.496449 0.394941 0.108611
0.680707 0.22324 0.0960534
0.756395 0.171825 0.0717808
0.380749 0.266917 0.352334
0.295476 0.581405 0.123118
0.470408 0.269423 0.260169
0.305051 0.470255 0.224694
0.133128 0.213348 0.653524
0.270039 0.225334 0.504627
0.309001 0.298763 0.392236
0.627655 0.231594 0.140751
0.489226 0.328089 0.182684
0.125938 0.410377 0.463685
0.102077 0.157855 0.740068
0.184895 0.414218 0.400887
0.143895 0.745252 0.110853
0.15191 0.271473 0.576618
0.132761 0.574324 0.292914
0.46992 0.192997 0.337083
0.0646423 0.123372 0.811986


0 9 20
9 8 21
20 9 21
10 2 36
11 10 36
35 11 36
31 30 37
19 18 38
6 5 39
5 4 39
7 6 40
23 22 40
8 7 41
21 8 41
22 21 41
7 40 41
40 22 41
28 27 42
4 3 43
26 25 44
38 42 45
44 43 45
14 13 46
13 33 46
33 32 46
30 29 47
37 30 47
29 28 48
28 42 48
42 38 48
24 23 49
39 24 49
6 39 49
40 6 49
23 40 49
25 24 50
24 39 50
39 4 50
4 43 50
44 25 50
43 44 50
16 15 51
37 47 51
13 12 52
12 34 52
33 13 52
34 33 52
17 16 53
47 29 53
29 48 53
16 51 53
51 47 53
3 1 54
43 3 54
1 19 54
19 38 54
38 45 54
45 43 54
31 37 55
15 14 55
14 46 55
32 31 55
46 32 55
37 51 55
51 15 55
38 18 56
48 38 56
18 17 56
17 53 56
53 48 56
27 26 57
26 44 57
44 45 57
42 27 57
45 42 57
12 11 58
11 35 58
34 12 58
35 34 58
