60
1 0 0
0 1 0
0 0 1
0.125 0.875 0
0.25 0.75 0
0.375 0.625 0
0.5 0.5 0
0.625 0.375 0
0.75 0.25 0
0.875 0.125 0
0 0.0909091 0.909091
0 0.181818 0.818182
0 0.272727 0.727273
0 0.363636 0.636364
0 0.454545 0.545454
0 0.545455 0.454545
0 0.636364 0.363636
0 0.727273 0.272727
0 0.818182 0.181818
0 0.909091 0.0909091
0.888889 0 0.111111
0.777778 0 0.222222
0.666667 0 0.333333
0.555556 0 0.444444
0.444444 0 0.555556
0.333333 0 0.666667
0.222222 0 0.777778
0.111111 0 0.888889
0.646545 0.116204 0.237252
0.123512 0.467623 0.408865
0.28184 0.135805 0.582356
0.169372 0.609822 0.220806
0.492232 0.400432 0.107336
0.77773 0.0743062 0.147964
0.421578 0.0912645 0.487158
0.635619 0.286809 0.0775722
0.353073 0.276519 0.370408
0.162515 0.263933 0.573551
0.254698 0.644343 0.100959
0.325876 0.505122 0.169002
0.184559 0.34542 0.47002
0.537737 0.0927209 0.369542
0.575076 0.251904 0.17302
0.121555 0.137557 0.740888
0.132836 0.782933 0.0842309
0.261283 0.384116 0.354601
0.40424 0.356229 0.239531
0.300845 0.212298 0.486857
0.733305 0.166214 0.10048
0.237527 0.48238 0.280093
0.0948287 0.0804638 0.824707
0.392036 0.533285 0.0746787
0.0832067 0.360519 0.556275
0.867547 0.0704415 0.0620112
0.114653 0.71493 0.170416
0.0933848 0.578394 0.328222
0.500709 0.207767 0.291524
0.127612 0.214542 0.657846
0.427369 0.168182 0.40445
0.253509 0.0840732 0.662418


3 1 19
10 2 27
22 21 28
15 14 29
7 6 32
21 20 33
28 21 33
24 23 34
30 24 34
8 7 35
7 32 35
5 4 38
38 31 39
29 14 40
23 22 41
34 23 41
22 28 41
35 32 42
12 11 43
4 3 44
3 19 44
19 18 44
38 4 44
29 40 45
40 36 45
32 39 46
42 32 46
45 36 46
30 34 47
37 30 47
36 40 47
40 37 47
9 8 48
8 35 48
28 33 48
42 28 48
35 42 48
29 45 49
39 31 49
45 46 49
46 39 49
11 10 50
43 11 50
10 27 50
27 26 50
26 43 50
6 5 51
5 38 51
32 6 51
39 32 51
38 39 51
14 13 52
13 37 52
37 40 52
40 14 52
0 9 53
20 0 53
33 20 53
9 48 53
48 33 53
18 17 54
17 31 54
44 18 54
31 38 54
38 44 54
16 15 55
15 29 55
17 16 55
31 17 55
29 49 55
49 31 55
41 28 56
28 42 56
42 46 56
46 36 56
13 12 57
37 13 57
30 37 57
12 43 57
34 41 58
47 34 58
36 47 58
41 56 58
56 36 58
25 24 59
24 30 59
26 25 59
43 26 59
30 57 59
57 43 59
