76
1 0 0
0 1 0
0 0 1
0.125 0.875 0
0.25 0.75 0
0.375 0.625 0
0.5 0.5 0
0.625 0.375 0
0.75 0.25 0
0.875 0.125 0
0 0.0909091 0.909091
0 0.181818 0.818182
0 0.272727 0.727273
0 0.363636 0.636364
0 0.454545 0.545455
0 0.545455 0.454545
0 0.636364 0.363636
0 0.727273 0.272727
0 0.818182 0.181818
0 0.909091 0.0909091
0.928571 0 0.0714286
0.857143 0 0.142857
0.785714 0 0.214286
0.714286 0 0.285714
0.642857 0 0.357143
0.571429 0 0.428571
0.5 0 0.5
0.428571 0 0.571429
0.357143 0 0.642857
0.285714 0 0.714286
0.214286 0 0.785714
0.142857 0 0.857143
0.0714286 0 0.928571
0.620079 0.122009 0.257913
0.109068 0.481643 0.409289
0.286667 0.142193 0.57114
0.171603 0.600732 0.227665
0.474502 0.420001 0.105497
0.407878 0.0861749 0.505947
0.662316 0.258206 0.0794785
0.764732 0.148543 0.0867254
0.38315 0.27028 0.34657
0.177904 0.242385 0.579711
0.275703 0.624517 0.0997795
0.199898 0.310421 0.489681
0.494348 0.230386 0.275266
0.293621 0.504856 0.201523
0.707583 0.120282 0.172135
0.16394 0.174958 0.661102
0.570621 0.262769 0.16661
0.136549 0.133787 0.729663
0.16807 0.76095 0.0709796
0.256945 0.346488 0.396567
0.0929199 0.764018 0.143062
0.486352 0.144487 0.369161
0.316667 0.187636 0.495697
0.195362 0.654902 0.149736
0.435882 0.365977 0.19814
0.0722151 0.870978 0.0568069
0.270835 0.433211 0.295954
0.155593 0.526896 0.317511
0.379099 0.562137 0.0587643
0.0785937 0.322084 0.599322
0.094211 0.394167 0.511622
0.41182 0.154643 0.433537
0.567497 0.0984824 0.33402
0.091369 0.112183 0.796448
0.369289 0.491908 0.138803
0.0598856 0.0747318 0.865383
0.843002 0.0907273 0.0662706
0.0686197 0.257377 0.674003
0.255757 0.101251 0.642992
0.0785477 0.681839 0.239613
0.564693 0.368137 0.0671692
0.0664906 0.612433 0.321076
0.378612 0.353715 0.267673


0 9 20
10 2 32
24 23 33
16 15 34
28 27 35
27 26 38
8 7 39
8 39 40
42 35 44
23 22 47
33 23 47
22 21 47
21 40 47
40 39 47
45 33 49
33 47 49
47 39 49
30 29 50
29 48 50
4 3 51
43 4 51
34 44 52
19 18 53
45 41 54
35 27 55
27 38 55
44 35 55
52 44 55
36 46 56
46 43 56
53 36 56
43 51 56
51 53 56
45 49 57
49 37 57
3 1 58
1 19 58
51 3 58
19 53 58
53 51 58
46 36 59
52 41 59
59 36 60
34 52 60
52 59 60
6 5 61
37 6 61
5 4 61
4 43 61
14 13 62
48 42 62
15 14 63
42 44 63
34 15 63
44 34 63
14 62 63
62 42 63
26 25 64
25 54 64
38 26 64
54 41 64
55 38 64
41 52 64
52 55 64
24 33 65
33 45 65
25 24 65
54 25 65
45 54 65
12 11 66
50 12 66
31 30 66
30 50 66
43 46 67
46 57 67
61 43 67
57 37 67
37 61 67
11 10 68
10 32 68
32 31 68
31 66 68
66 11 68
9 8 69
8 40 69
20 9 69
21 20 69
40 21 69
13 12 70
12 50 70
50 48 70
48 62 70
62 13 70
29 28 71
48 29 71
28 35 71
35 42 71
42 48 71
18 17 72
36 53 72
53 18 72
60 36 72
7 6 73
39 7 73
6 37 73
37 49 73
49 39 73
17 16 74
16 34 74
34 60 74
60 72 74
72 17 74
41 45 75
45 57 75
57 46 75
46 59 75
59 41 75
