71
1 0 0
0 1 0
0 0 1
0.125 0.875 0
0.25 0.75 0
0.375 0.625 0
0.5 0.5 0
0.625 0.375 0
0.75 0.25 0
0.875 0.125 0
0 0.0909091 0.909091
0 0.181818 0.818182
0 0.272727 0.727273
0 0.363636 0.636364
0 0.454545 0.545455
0 0.545455 0.454545
0 0.636364 0.363636
0 0.727273 0.272727
0 0.818182 0.181818
0 0.909091 0.0909091
0.923077 0 0.0769231
0.846154 0 0.153846
0.769231 0 0.230769
0.692308 0 0.307692
0.615385 0 0.384615
0.538462 0 0.461538
0.461538 0 0.538462
0.384615 0 0.615385
0.307692 0 0.692308
0.230769 0 0.769231
0.153846 0 0.846154
0.0769231 0 0.923077
0.634282 0.125521 0.240197
0.10516 0.482659 0.412181
0.271433 0.146294 0.582273
0.151078 0.61747 0.231452
0.488409 0.401187 0.110404
0.648705 0.269755 0.0815399
0.715865 0.130737 0.153397
0.375582 0.251279 0.373138
0.174604 0.257025 0.568371
0.283069 0.638752 0.0781797
0.341546 0.506138 0.152316
0.400797 0.129647 0.469555
0.192828 0.320671 0.486501
0.483721 0.23578 0.280499
0.137913 0.222956 0.639131
0.571647 0.25313 0.175223
0.0847677 0.37662 0.538612
0.114263 0.134471 0.751266
0.168947 0.760528 0.0705251
0.237917 0.374216 0.387867
0.0937126 0.764387 0.1419
0.794955 0.13093 0.074115
0.489974 0.126049 0.383978
0.209398 0.635803 0.154799
0.421383 0.367127 0.21149
0.274076 0.491119 0.234805
0.0715557 0.871711 0.0567335
0.183574 0.499929 0.316497
0.397669 0.529997 0.0723334
0.0691531 0.0857121 0.845135
0.297315 0.238658 0.464028
0.558237 0.390864 0.0508989
0.0652105 0.251487 0.683302
0.57899 0.100832 0.320178
0.21863 0.0948779 0.686492
0.0678693 0.705498 0.226632
0.326846 0.371551 0.301603
0.0793892 0.611061 0.30955
0.365885 0.0874167 0.546698


0 9 20
10 2 31
23 22 32
16 15 33
28 27 34
8 7 37
22 21 38
32 22 38
5 4 41
26 25 43
40 34 44
34 40 46
37 36 47
32 38 47
38 37 47
45 32 47
14 13 48
15 14 48
33 15 48
44 33 48
40 44 48
13 46 48
46 40 48
12 11 49
30 29 49
4 3 50
41 4 50
33 44 51
19 18 52
9 8 53
20 9 53
21 20 53
38 21 53
8 37 53
37 38 53
25 24 54
39 43 54
43 25 54
45 39 54
42 41 55
52 35 55
41 50 55
50 52 55
36 42 56
45 47 56
47 36 56
42 55 57
55 35 57
56 42 57
3 1 58
1 19 58
50 3 58
19 52 58
52 50 58
33 51 59
57 35 59
6 5 60
36 6 60
5 41 60
41 42 60
42 36 60
11 10 61
10 31 61
31 30 61
30 49 61
49 11 61
44 34 62
43 39 62
39 51 62
51 44 62
7 6 63
6 36 63
36 37 63
37 7 63
13 12 64
46 13 64
12 49 64
49 46 64
24 23 65
23 32 65
32 45 65
45 54 65
54 24 65
29 28 66
28 34 66
34 46 66
46 49 66
49 29 66
18 17 67
35 52 67
52 18 67
39 45 68
45 56 68
51 39 68
56 57 68
57 59 68
59 51 68
17 16 69
16 33 69
33 59 69
67 17 69
59 35 69
35 67 69
27 26 70
34 27 70
26 43 70
43 62 70
62 34 70
