62
1 0 0
0 1 0
0 0 1
0.125 0.875 0
0.25 0.75 0
0.375 0.625 0
0.5 0.5 0
0.625 0.375 0
0.75 0.25 0
0.875 0.125 0
0 0.0909091 0.909091
0 0.181818 0.818182
0 0.272727 0.727273
0 0.363636 0.636364
0 0.454545 0.545455
0 0.545455 0.454545
0 0.636364 0.363636
0 0.727273 0.272727
0 0.818182 0.181818
0 0.909091 0.0909091
0.9 0 0.1
0.8 0 0.2
0.7 0 0.3
0.6 0 0.4
0.5 0 0.5
0.4 0 0.6
0.3 0 0.7
0.2 0 0.8
0.1 0 0.9
0.656185 0.106718 0.237098
0.0969528 0.472901 0.430146
0.291372 0.14276 0.565868
0.175168 0.612064 0.212768
0.501401 0.394278 0.104321
0.76596 0.0926156 0.141425
0.642451 0.281421 0.0761273
0.391825 0.260782 0.347393
0.19254 0.239081 0.56838
0.257453 0.644815 0.0977318
0.337538 0.500716 0.161746
0.390762 0.106567 0.502671
0.185342 0.340123 0.474535
0.603286 0.228192 0.168522
0.0909155 0.361286 0.547798
0.128555 0.131166 0.740279
0.14069 0.784819 0.0744902
0.238998 0.390683 0.37032
0.87561 0.0667628 0.0576273
0.434794 0.341451 0.223755
0.474202 0.119067 0.406732
0.756853 0.164804 0.0783431
0.514923 0.194274 0.290803
0.27239 0.468588 0.259022
0.103328 0.248963 0.647708
0.0889783 0.0784223 0.832599
0.399125 0.529299 0.0715761
0.105694 0.738081 0.156224
0.128276 0.556514 0.315211
0.310894 0.232535 0.45657
0.228156 0.11621 0.655634
0.586583 0.0813242 0.332093
0.339134 0.361927 0.29894


3 1 19
10 2 28
22 21 29
15 14 30
16 15 30
7 6 33
21 20 34
29 21 34
8 7 35
7 33 35
5 4 38
38 32 39
25 24 40
31 25 40
35 33 42
29 34 42
14 13 43
30 14 43
41 30 43
37 41 43
12 11 44
27 26 44
4 3 45
3 19 45
19 18 45
38 4 45
30 41 46
0 9 47
20 0 47
34 20 47
33 39 48
42 33 48
24 23 49
40 24 49
9 8 50
8 35 50
35 42 50
42 34 50
34 47 50
47 9 50
29 42 51
42 48 51
48 36 51
36 49 51
39 32 52
48 39 52
13 12 53
37 43 53
43 13 53
12 44 53
11 10 54
10 28 54
28 27 54
27 44 54
44 11 54
6 5 55
5 38 55
38 39 55
33 6 55
39 33 55
18 17 56
17 32 56
45 18 56
32 38 56
38 45 56
17 16 57
32 17 57
16 30 57
30 46 57
46 52 57
52 32 57
37 31 58
31 40 58
41 37 58
36 46 58
46 41 58
40 49 58
49 36 58
26 25 59
25 31 59
44 26 59
31 37 59
37 53 59
53 44 59
23 22 60
49 23 60
51 49 60
22 29 60
29 51 60
46 36 61
36 48 61
48 52 61
52 46 61
