37
1 0 0
0 1 0
0 0 1
0.125 0.875 0
0.25 0.75 0
0.375 0.625 0
0.5 0.5 0
0.625 0.375 0
0.75 0.25 0
0.875 0.125 0
0 0.0833333 0.916667
0 0.166667 0.833333
0 0.25 0.75
0 0.333333 0.666667
0 0.416667 0.583333
0 0.5 0.5
0 0.583333 0.416667
0 0.666667 0.333333
0 0.75 0.25
0 0.833333 0.166667
0 0.916667 0.0833333
0.8 0 0.2
0.6 0 0.4
0.4 0 0.6
0.2 0 0.8
0.638436 0.119013 0.242551
0.290943 0.121529 0.587528
0.387737 0.254494 0.357768
0.293705 0.522444 0.183851
0.235835 0.61513 0.149035
0.549246 0.270336 0.180418
0.365064 0.41169 0.223247
0.261026 0.373908 0.365067
0.294758 0.201969 0.503273
0.161383 0.734429 0.104188
0.157516 0.0653062 0.777178
0.535959 0.0826216 0.38142


3 1 20
4 3 20
19 4 20
10 2 24
0 9 25
21 0 25
12 11 26
11 23 26
23 22 26
25 9 27
14 13 27
7 6 28
17 16 28
6 5 29
5 18 29
18 17 29
17 28 29
28 6 29
9 8 30
27 9 30
7 28 31
28 16 31
8 7 31
30 8 31
16 15 31
15 14 32
14 27 32
27 30 32
30 31 32
31 15 32
13 12 33
12 26 33
25 27 33
27 13 33
5 4 34
4 19 34
18 5 34
19 18 34
11 10 35
10 24 35
23 11 35
24 23 35
22 21 36
26 22 36
33 26 36
21 25 36
25 33 36
