82
1 0 0
0 1 0
0 0 1
0.125 0.875 0
0.25 0.75 0
0.375 0.625 0
0.5 0.5 0
0.625 0.375 0
0.75 0.25 0
0.875 0.125 0
0 0.0769231 0.923077
0 0.153846 0.846154
0 0.230769 0.769231
0 0.307692 0.692308
0 0.384615 0.615385
0 0.461538 0.538462
0 0.538462 0.461538
0 0.615385 0.384615
0 0.692308 0.307692
0 0.769231 0.230769
0 0.846154 0.153846
0 0.923077 0.0769231
0.928571 0 0.0714286
0.857143 0 0.142857
0.785714 0 0.214286
0.714286 0 0.285714
0.642857 0 0.357143
0.571429 0 0.428571
0.5 0 0.5
0.428571 0 0.571429
0.357143 0 0.642857
0.285714 0 0.714286
0.214286 0 0.785714
0.142857 0 0.857143
0.0714286 0 0.928571
0.611901 0.138818 0.249281
0.114206 0.483171 0.402622
0.28885 0.124198 0.586952
0.166262 0.60416 0.229578
0.515502 0.376803 0.107695
0.391767 0.0921069 0.516126
0.652584 0.269778 0.0776386
0.731097 0.128278 0.140626
0.410147 0.235359 0.354494
0.179767 0.250896 0.569336
0.27709 0.625827 0.0970831
0.317997 0.534978 0.147025
0.185747 0.338716 0.475537
0.491368 0.23878 0.269852
0.184736 0.509745 0.305519
0.525683 0.0980877 0.37623
0.152429 0.194946 0.652625
0.573445 0.251955 0.174599
0.290576 0.488263 0.22116
0.0898318 0.357 0.553168
0.140071 0.1324 0.727528
0.179823 0.753431 0.0667465
0.244687 0.378871 0.376442
0.087755 0.793277 0.118968
0.43106 0.346675 0.222265
0.807997 0.124294 0.0677091
0.244271 0.090425 0.665304
0.19335 0.651119 0.155531
0.297303 0.200221 0.502476
0.432298 0.128664 0.439038
0.0988067 0.0960099 0.805183
0.407616 0.519584 0.0727994
0.567353 0.117138 0.315508
0.0780283 0.586662 0.33531
0.309149 0.26175 0.429101
0.541922 0.409288 0.0487894
0.33754 0.368963 0.293496
0.911324 0.055663 0.0330131
0.690566 0.101918 0.207516
0.0625009 0.0656729 0.871826
0.299584 0.656856 0.0435594
0.0783111 0.654232 0.267457
0.0789074 0.29445 0.626643
0.0813759 0.435633 0.482991
0.0743933 0.874739 0.0508672
0.0823563 0.723541 0.194102
0.421846 0.418935 0.15922


10 2 34
17 16 36
30 29 37
29 28 40
37 29 40
8 7 41
24 23 42
27 26 50
37 44 51
41 39 52
42 41 52
48 35 52
38 49 53
15 14 54
44 47 54
13 12 55
51 13 55
32 31 55
4 3 56
36 47 57
49 36 57
21 20 58
48 52 59
9 8 60
23 22 60
42 23 60
8 41 60
41 42 60
31 30 61
30 37 61
37 51 61
51 55 61
55 31 61
46 45 62
38 53 62
53 46 62
45 56 62
56 58 62
37 40 63
44 37 63
47 44 63
28 27 64
27 50 64
40 28 64
50 43 64
63 40 64
12 11 65
55 12 65
33 32 65
32 55 65
6 5 66
45 46 66
26 25 67
25 35 67
50 26 67
35 48 67
48 43 67
43 50 67
18 17 68
17 36 68
36 49 68
57 47 69
47 63 69
43 57 69
64 43 69
63 64 69
7 6 70
39 41 70
41 7 70
6 66 70
66 39 70
57 43 71
53 49 71
49 57 71
43 48 71
48 59 71
59 53 71
0 9 72
22 0 72
9 60 72
60 22 72
25 24 73
35 25 73
24 42 73
42 52 73
52 35 73
11 10 74
10 34 74
34 33 74
33 65 74
65 11 74
5 4 75
4 56 75
56 45 75
45 66 75
66 5 75
19 18 76
18 68 76
49 38 76
68 49 76
14 13 77
13 51 77
54 14 77
51 44 77
44 54 77
16 15 78
36 16 78
47 36 78
15 54 78
54 47 78
3 1 79
1 21 79
56 3 79
21 58 79
58 56 79
20 19 80
58 20 80
38 62 80
62 58 80
19 76 80
76 38 80
52 39 81
59 52 81
46 53 81
53 59 81
39 66 81
66 46 81
