66
1 0 0
0 1 0
0 0 1
0.125 0.875 0
0.25 0.75 0
0.375 0.625 0
0.5 0.5 0
0.625 0.375 0
0.75 0.25 0
0.875 0.125 0
0 0.0769231 0.923077
0 0.153846 0.846154
0 0.230769 0.769231
0 0.307692 0.692308
0 0.384615 0.615385
0 0.461538 0.538462
0 0.538462 0.461538
0 0.615385 0.384615
0 0.692308 0.307692
0 0.769231 0.230769
0 0.846154 0.153846
0 0.923077 0.0769231
0.95 0 0.05
0.9 0 0.1
0.85 0 0.15
0.8 0 0.2
0.75 0 0.25
0.7 0 0.3
0.65 0 0.35
0.6 0 0.4
0.55 0 0.45
0.5 0 0.5
0.45 0 0.55
0.4 0 0.6
0.35 0 0.65
0.3 0 0.7
0.25 0 0.75
0.2 0 0.8
0.15 0 0.85
0.1 0 0.9
0.05 0 0.95
0.164369 0.617479 0.218151
0.460819 0.430625 0.108556
0.677174 0.232334 0.0904923
0.76002 0.173087 0.0668924
0.340431 0.331272 0.328297
0.166871 0.259451 0.573678
0.306704 0.572606 0.120691
0.178659 0.332818 0.488523
0.453397 0.284815 0.261788
0.26497 0.530883 0.204147
0.171748 0.532076 0.296176
0.650753 0.193419 0.155828
0.140245 0.212433 0.647322
0.590536 0.209549 0.199915
0.354213 0.229805 0.415982
0.144315 0.765093 0.0905921
0.186797 0.416784 0.39642
0.111779 0.178234 0.709987
0.310017 0.185228 0.504754
0.0939141 0.138889 0.767197
0.494015 0.297318 0.208668
0.543601 0.381749 0.0746503
0.271027 0.156757 0.572216
0.447969 0.222775 0.329257
0.0638023 0.0947773 0.84142


0 9 22
9 8 23
22 9 23
10 2 40
11 10 40
39 11 40
21 20 41
5 4 42
7 6 43
25 24 43
8 7 44
23 8 44
24 23 44
7 43 44
43 24 44
16 15 46
35 34 46
4 3 47
42 4 47
17 16 48
16 46 48
29 28 49
21 41 50
49 47 50
41 45 50
20 19 51
41 20 51
45 41 51
26 25 52
25 43 52
15 14 53
36 35 53
35 46 53
46 15 53
27 26 54
26 52 54
52 42 54
31 30 55
30 45 55
32 31 55
45 51 55
3 1 56
47 3 56
1 21 56
21 50 56
50 47 56
18 17 57
17 48 57
19 18 57
51 19 57
32 55 57
55 51 57
14 13 58
37 36 58
36 53 58
53 14 58
33 32 59
32 57 59
48 33 59
57 48 59
13 12 60
12 38 60
38 37 60
37 58 60
58 13 60
28 27 61
49 28 61
42 47 61
54 42 61
47 49 61
27 54 61
6 5 62
5 42 62
42 52 62
43 6 62
52 43 62
34 33 63
33 48 63
46 34 63
48 46 63
30 29 64
45 30 64
50 45 64
29 49 64
49 50 64
12 11 65
11 39 65
38 12 65
39 38 65
