80
1 0 0
0 1 0
0 0 1
0.125 0.875 0
0.25 0.75 0
0.375 0.625 0
0.5 0.5 0
0.625 0.375 0
0.75 0.25 0
0.875 0.125 0
0 0.0769231 0.923077
0 0.153846 0.846154
0 0.230769 0.769231
0 0.307692 0.692308
0 0.384615 0.615385
0 0.461538 0.538462
0 0.538462 0.461538
0 0.615385 0.384615
0 0.692308 0.307692
0 0.769231 0.230769
0 0.846154 0.153846
0 0.923077 0.0769231
0.923077 0 0.0769231
0.846154 0 0.153846
0.769231 0 0.230769
0.692308 0 0.307692
0.615385 0 0.384615
0.538462 0 0.461538
0.461538 0 0.538462
0.384615 0 0.615385
0.307692 0 0.692308
0.230769 0 0.769231
0.153846 0 0.846154
0.0769231 0 0.923077
0.626942 0.116609 0.256449
0.114052 0.485443 0.400505
0.272886 0.135611 0.591503
0.166764 0.61441 0.218826
0.488709 0.389771 0.121519
0.905838 0.058967 0.0351945
0.648141 0.273793 0.0780657
0.724325 0.144319 0.131355
0.385815 0.259424 0.35476
0.181325 0.252019 0.566656
0.273408 0.627918 0.0986744
0.321254 0.521426 0.15732
0.426478 0.0876156 0.485907
0.185135 0.340272 0.474593
0.489133 0.238766 0.272101
0.180746 0.515439 0.303815
0.150985 0.198781 0.650234
0.586495 0.236629 0.176876
0.286641 0.478904 0.234455
0.0893264 0.360847 0.549826
0.145744 0.131493 0.722764
0.176141 0.756683 0.0671763
0.238889 0.385027 0.376083
0.0781043 0.794415 0.127481
0.428311 0.364728 0.206961
0.803775 0.125857 0.0703678
0.502934 0.078876 0.41819
0.166612 0.67858 0.154808
0.301002 0.193107 0.505891
0.532499 0.123873 0.343627
0.104608 0.0962101 0.799182
0.404075 0.528678 0.0672466
0.29569 0.274973 0.429337
0.538878 0.409928 0.0511946
0.334785 0.372389 0.292826
0.0748371 0.59278 0.332382
0.0664285 0.0673477 0.866224
0.253407 0.0886014 0.657991
0.0809539 0.297945 0.621101
0.404889 0.1725 0.422611
0.0828678 0.436337 0.480795
0.079253 0.651933 0.268814
0.0727738 0.875169 0.052057
0.370512 0.0773749 0.552113
0.710628 0.0973772 0.191995
0.296975 0.660219 0.0428063


10 2 33
25 24 34
17 16 35
0 9 39
22 0 39
8 7 40
28 27 46
36 43 50
40 38 51
41 40 51
48 34 51
45 37 52
37 49 52
15 14 53
43 47 53
13 12 54
50 13 54
31 30 54
4 3 55
35 47 56
49 35 56
20 19 57
21 20 57
48 51 58
51 38 58
38 45 58
45 52 58
9 8 59
39 9 59
23 22 59
41 23 59
22 39 59
8 40 59
40 41 59
27 26 60
46 27 60
37 45 61
45 44 61
19 37 61
57 19 61
44 55 61
55 57 61
43 36 62
47 43 62
26 25 63
25 34 63
34 48 63
60 26 63
48 42 63
12 11 64
54 12 64
32 31 64
31 54 64
6 5 65
44 45 65
45 38 65
42 56 66
56 47 66
47 62 66
7 6 67
38 40 67
40 7 67
6 65 67
65 38 67
56 42 68
52 49 68
49 56 68
42 48 68
48 58 68
58 52 68
18 17 69
17 35 69
35 49 69
11 10 70
10 33 70
33 32 70
32 64 70
64 11 70
30 29 71
29 36 71
36 50 71
50 54 71
54 30 71
14 13 72
13 50 72
50 43 72
43 53 72
53 14 72
60 63 73
63 42 73
46 60 73
42 66 73
62 46 73
66 62 73
16 15 74
35 16 74
47 35 74
15 53 74
53 47 74
19 18 75
37 19 75
18 69 75
49 37 75
69 49 75
3 1 76
1 21 76
55 3 76
21 57 76
57 55 76
29 28 77
36 29 77
28 46 77
46 62 77
62 36 77
24 23 78
23 41 78
34 24 78
41 51 78
51 34 78
5 4 79
4 55 79
55 44 79
44 65 79
65 5 79
