42
1 0 0
0 1 0
0 0 1
0.125 0.875 0
0.25 0.75 0
0.375 0.625 0
0.5 0.5 0
0.625 0.375 0
0.75 0.25 0
0.875 0.125 0
0 0.0769231 0.923077
0 0.153846 0.846154
0 0.230769 0.769231
0 0.307692 0.692308
0 0.384615 0.615385
0 0.461538 0.538462
0 0.538462 0.461538
0 0.615385 0.384615
0 0.692308 0.307692
0 0.769231 0.230769
0 0.846154 0.153846
0 0.923077 0.0769231
0.833333 0 0.166667
0.666667 0 0.333333
0.5 0 0.5
0.333333 0 0.666667
0.166667 0 0.833333
0.611094 0.128583 0.260323
0.300061 0.132226 0.567712
0.318323 0.28897 0.392706
0.295784 0.524281 0.179935
0.553884 0.291306 0.154811
0.484145 0.385824 0.13003
0.237007 0.621607 0.141386
0.279034 0.241166 0.4798
0.295458 0.36891 0.335632
0.630669 0.189355 0.179976
0.451343 0.128297 0.42036
0.161087 0.739744 0.0991695
0.261552 0.458051 0.280396
0.209814 0.10827 0.681916
0.121075 0.0619913 0.816934


3 1 21
4 3 21
20 4 21
10 2 26
22 0 27
13 12 28
24 23 28
15 14 29
7 6 30
18 17 30
9 8 31
8 7 32
31 8 32
7 30 32
6 5 33
5 19 33
19 18 33
18 30 33
30 6 33
14 13 34
27 29 34
29 14 34
16 15 35
15 29 35
0 9 36
27 0 36
29 27 36
9 31 36
31 35 36
35 29 36
23 22 37
22 27 37
27 34 37
28 23 37
13 28 37
34 13 37
5 4 38
4 20 38
19 5 38
20 19 38
17 16 39
30 17 39
32 30 39
31 32 39
35 31 39
16 35 39
12 11 40
11 25 40
25 24 40
24 28 40
28 12 40
11 10 41
10 26 41
25 11 41
26 25 41
