53
1 0 0
0 1 0
0 0 1
0.125 0.875 0
0.25 0.75 0
0.375 0.625 0
0.5 0.5 0
0.625 0.375 0
0.75 0.25 0
0.875 0.125 0
0 0.0714286 0.928571
0 0.142857 0.857143
0 0.214286 0.785714
0 0.285714 0.714286
0 0.357143 0.642857
0 0.428571 0.571429
0 0.5 0.5
0 0.571429 0.428571
0 0.642857 0.357143
0 0.714286 0.285714
0 0.785714 0.214286
0 0.857143 0.142857
0 0.928571 0.0714286
0.875 0 0.125
0.75 0 0.25
0.625 0 0.375
0.5 0 0.5
0.375 0 0.625
0.25 0 0.75
0.125 0 0.875
0.625739 0.125986 0.248274
0.267681 0.129446 0.602873
0.205807 0.581183 0.213009
0.460115 0.410422 0.129463
0.752216 0.125428 0.122356
0.406557 0.246055 0.347389
0.219082 0.229248 0.55167
0.233034 0.642089 0.124877
0.195765 0.324497 0.479738
0.635964 0.253734 0.110301
0.208981 0.513273 0.277746
0.182868 0.101544 0.715588
0.271585 0.366684 0.361731
0.519161 0.249459 0.231379
0.395807 0.508556 0.0956373
0.46257 0.14595 0.391479
0.400068 0.371667 0.228265
0.157848 0.7496 0.0925517
0.0943551 0.0577708 0.847874
0.185807 0.462228 0.351965
0.423006 0.0990804 0.477914
0.104228 0.835279 0.0604928
0.119362 0.184097 0.696541


3 1 22
10 2 29
24 23 30
27 26 31
19 18 32
8 7 33
0 9 34
23 0 34
30 23 34
14 13 36
13 31 36
6 5 37
20 19 37
19 32 37
16 15 38
15 14 38
14 36 38
9 8 39
34 9 39
8 33 39
18 17 40
32 18 40
33 32 40
12 11 41
11 28 41
28 27 41
27 31 41
16 38 42
38 35 42
30 34 43
35 30 43
42 35 43
34 39 43
7 6 44
33 7 44
32 33 44
6 37 44
37 32 44
25 24 45
24 30 45
30 35 45
35 38 45
38 36 45
39 33 46
33 40 46
43 39 46
42 43 46
5 4 47
21 20 47
20 37 47
37 5 47
11 10 48
10 29 48
28 11 48
29 28 48
17 16 49
16 42 49
40 17 49
46 40 49
42 46 49
26 25 50
31 26 50
36 31 50
25 45 50
45 36 50
4 3 51
3 22 51
22 21 51
21 47 51
47 4 51
13 12 52
31 13 52
12 41 52
41 31 52
