90
1 0 0
0 1 0
0 0 1
0.125 0.875 0
0.25 0.75 0
0.375 0.625 0
0.5 0.5 0
0.625 0.375 0
0.75 0.25 0
0.875 0.125 0
0 0.0714285 0.928571
0 0.142857 0.857143
0 0.214286 0.785714
0 0.285714 0.714286
0 0.357143 0.642857
0 0.428571 0.571429
0 0.5 0.5
0 0.571429 0.428571
0 0.642857 0.357143
0 0.714286 0.285714
0 0.785714 0.214286
0 0.857143 0.142857
0 0.928571 0.0714286
0.9375 0 0.0625
0.875 0 0.125
0.8125 0 0.1875
0.75 0 0.25
0.6875 0 0.3125
0.625 0 0.375
0.5625 0 0.4375
0.5 0 0.5
0.4375 0 0.5625
0.375 0 0.625
0.3125 0 0.6875
0.25 0 0.75
0.1875 0 0.8125
0.125 0 0.875
0.0625 0 0.9375
0.605811 0.147913 0.246277
0.106158 0.48448 0.409363
0.309841 0.117529 0.57263
0.181088 0.583681 0.235231
0.515066 0.379767 0.105167
0.775946 0.0850971 0.138957
0.387956 0.0914477 0.520596
0.637209 0.289468 0.0733233
0.695726 0.115254 0.18902
0.764976 0.15806 0.0769639
0.385451 0.263785 0.350764
0.187715 0.239212 0.573072
0.276783 0.623968 0.0992484
0.333415 0.508587 0.157998
0.190545 0.335213 0.474242
0.491869 0.215303 0.292828
0.171352 0.526998 0.30165
0.516649 0.116214 0.367137
0.151919 0.191994 0.656086
0.572601 0.264782 0.162617
0.297313 0.479497 0.22319
0.0931105 0.366493 0.540396
0.079504 0.309147 0.611349
0.119339 0.139664 0.740997
0.315673 0.261853 0.422473
0.180477 0.753226 0.066297
0.225867 0.400777 0.373356
0.0906132 0.792034 0.117353
0.44797 0.334292 0.217738
0.843322 0.105547 0.0511303
0.284088 0.213055 0.502858
0.198103 0.646094 0.155803
0.450023 0.128116 0.421861
0.0751835 0.873663 0.0511537
0.529284 0.422046 0.0486702
0.441088 0.408947 0.149966
0.585283 0.0979905 0.316727
0.274951 0.428406 0.296643
0.083887 0.0928445 0.823269
0.401688 0.523299 0.0750123
0.214083 0.0885544 0.697362
0.096703 0.56763 0.335667
0.0685405 0.255301 0.676158
0.0534059 0.0604307 0.886163
0.256667 0.105797 0.637536
0.685645 0.18846 0.125895
0.296919 0.659692 0.0433888
0.081532 0.442597 0.475871
0.0802724 0.657544 0.262184
0.382858 0.339059 0.278083
0.0875638 0.722151 0.190285
0.388154 0.145224 0.466622


0 9 23
10 2 37
27 26 38
18 17 39
32 31 40
25 24 43
31 30 44
40 31 44
8 7 45
26 25 46
25 43 46
38 26 46
43 24 47
8 45 47
29 28 55
53 48 55
38 46 57
45 42 57
16 15 59
49 52 59
15 14 60
56 49 60
49 59 60
59 15 60
13 12 61
35 34 61
4 3 63
39 52 64
52 62 64
62 48 64
22 21 65
53 38 66
38 57 66
51 58 66
9 8 67
8 47 67
23 9 67
24 23 67
47 24 67
40 44 68
49 40 68
52 49 68
62 52 68
51 50 69
41 58 69
58 51 69
50 63 69
63 65 69
30 29 70
29 55 70
55 48 70
48 62 70
3 1 71
1 22 71
63 3 71
22 65 71
65 63 71
7 6 72
45 7 72
42 45 72
51 66 73
57 42 73
66 57 73
28 27 74
27 38 74
38 53 74
53 55 74
55 28 74
41 54 75
58 41 75
54 64 75
64 48 75
12 11 76
36 35 76
35 61 76
61 12 76
6 5 77
72 6 77
42 72 77
73 42 77
50 51 77
51 73 77
34 33 78
56 61 78
61 34 78
19 18 79
18 39 79
39 64 79
64 54 79
14 13 80
56 60 80
60 14 80
13 61 80
61 56 80
11 10 81
10 37 81
37 36 81
36 76 81
76 11 81
33 32 82
32 40 82
40 49 82
49 56 82
56 78 82
78 33 82
46 43 83
43 47 83
47 45 83
45 57 83
57 46 83
5 4 84
4 63 84
63 50 84
50 77 84
77 5 84
17 16 85
39 17 85
52 39 85
16 59 85
59 52 85
20 19 86
54 41 86
19 79 86
79 54 86
48 53 87
75 48 87
53 66 87
66 58 87
58 75 87
21 20 88
65 21 88
41 69 88
69 65 88
20 86 88
86 41 88
62 68 89
68 44 89
44 30 89
30 70 89
70 62 89
