91
1 0 0
0 1 0
0 0 1
0.125 0.875 0
0.25 0.75 0
0.375 0.625 0
0.5 0.5 0
0.625 0.375 0
0.75 0.25 0
0.875 0.125 0
0 0.0714284 0.928571
0 0.142857 0.857143
0 0.214286 0.785714
0 0.285714 0.714286
0 0.357143 0.642857
0 0.428571 0.571429
0 0.5 0.5
0 0.571429 0.428571
0 0.642857 0.357143
0 0.714286 0.285714
0 0.785714 0.214286
0 0.857143 0.142857
0 0.928571 0.0714286
0.941176 0 0.0588235
0.882353 0 0.117647
0.823529 0 0.176471
0.764706 0 0.235294
0.705882 0 0.294118
0.647059 0 0.352941
0.588235 0 0.411765
0.529412 0 0.470588
0.470588 0 0.529412
0.411765 0 0.588235
0.352941 0 0.647059
0.294118 0 0.705882
0.235294 0 0.764706
0.176471 0 0.823529
0.117647 0 0.882353
0.0588236 0 0.941176
0.630093 0.123187 0.246721
0.115856 0.472413 0.411731
0.289995 0.117947 0.592058
0.176754 0.589147 0.234099
0.500671 0.384372 0.114957
0.651511 0.276663 0.0718258
0.68355 0.129466 0.186984
0.752232 0.185439 0.0623287
0.740824 0.132326 0.12685
0.372863 0.274927 0.35221
0.182626 0.24116 0.576214
0.28975 0.611303 0.0989478
0.31878 0.516757 0.164464
0.396544 0.126928 0.476528
0.175583 0.337119 0.487298
0.510791 0.222501 0.266709
0.290738 0.486679 0.222583
0.171368 0.52703 0.301602
0.154573 0.191036 0.654391
0.0800466 0.310418 0.609535
0.540161 0.270648 0.189191
0.116369 0.13566 0.747972
0.351771 0.236173 0.412056
0.180706 0.752229 0.0670655
0.231548 0.396563 0.37189
0.0905953 0.791077 0.118328
0.416778 0.367673 0.215549
0.843888 0.107628 0.0484841
0.245222 0.105375 0.649403
0.466439 0.120972 0.41259
0.0876241 0.376298 0.536077
0.19542 0.649932 0.154647
0.508137 0.149354 0.342509
0.600322 0.0946583 0.305019
0.0755863 0.872746 0.0516676
0.0795228 0.241302 0.679175
0.522918 0.423649 0.0534332
0.412999 0.443159 0.143843
0.610625 0.263471 0.125904
0.274804 0.430008 0.295188
0.0845444 0.0976366 0.817819
0.400381 0.527317 0.0723021
0.0976714 0.566402 0.335927
0.301235 0.172629 0.526136
0.393172 0.323791 0.283038
0.0467339 0.0547223 0.898544
0.0726185 0.456438 0.470944
0.265273 0.286302 0.448425
0.0790915 0.659267 0.261642
0.0862228 0.723308 0.19047
0.300194 0.659038 0.0407682
0.201138 0.091709 0.707153


0 9 23
10 2 38
27 26 39
18 17 40
33 32 41
26 25 45
39 26 45
8 7 46
7 44 46
45 25 47
25 24 47
24 46 47
46 44 47
31 30 52
15 14 58
57 49 58
39 45 59
54 39 59
13 12 60
36 35 60
4 3 62
61 48 63
22 21 64
51 55 65
54 59 65
9 8 66
8 46 66
23 9 66
24 23 66
46 24 66
34 33 67
33 41 67
41 49 67
49 57 67
30 29 68
48 61 68
52 30 68
61 52 68
16 15 69
49 53 69
15 58 69
58 49 69
42 55 70
55 51 70
51 50 70
50 62 70
62 64 70
29 28 71
68 29 71
48 68 71
28 27 72
27 39 72
39 54 72
54 71 72
71 28 72
3 1 73
1 22 73
62 3 73
22 64 73
64 62 73
14 13 74
57 58 74
58 14 74
13 60 74
6 5 75
7 6 75
44 7 75
50 51 76
51 65 76
59 43 76
65 59 76
45 47 77
47 44 77
43 59 77
59 45 77
44 75 77
75 43 77
55 42 78
42 56 78
56 63 78
63 48 78
12 11 79
11 37 79
37 36 79
36 60 79
60 12 79
43 75 80
75 5 80
50 76 80
76 43 80
19 18 81
18 40 81
40 63 81
63 56 81
32 31 82
31 52 82
41 32 82
49 41 82
53 49 82
48 71 83
71 54 83
78 48 83
54 65 83
65 55 83
55 78 83
11 10 84
10 38 84
37 11 84
38 37 84
17 16 85
40 17 85
53 40 85
16 69 85
69 53 85
40 53 86
63 40 86
61 63 86
52 61 86
82 52 86
53 82 86
20 19 87
56 42 87
19 81 87
81 56 87
21 20 88
64 21 88
42 70 88
70 64 88
20 87 88
87 42 88
4 62 89
62 50 89
5 4 89
80 5 89
50 80 89
35 34 90
60 35 90
34 67 90
67 57 90
57 74 90
74 60 90
