63
1 0 0
0 1 0
0 0 1
0.125 0.875 0
0.25 0.75 0
0.375 0.625 0
0.5 0.5 0
0.625 0.375 0
0.75 0.25 0
0.875 0.125 0
0 0.0714286 0.928571
0 0.142857 0.857143
0 0.214286 0.785714
0 0.285714 0.714286
0 0.357143 0.642857
0 0.428571 0.571429
0 0.5 0.5
0 0.571429 0.428571
0 0.642857 0.357143
0 0.714286 0.285714
0 0.785714 0.214286
0 0.857143 0.142857
0 0.928571 0.0714286
0.888889 0 0.111111
0.777778 0 0.222222
0.666667 0 0.333333
0.555556 0 0.444444
0.444444 0 0.555556
0.333333 0 0.666667
0.222222 0 0.777778
0.111111 0 0.888889
0.641409 0.101507 0.257084
0.119478 0.486422 0.3941
0.322058 0.111909 0.566032
0.179665 0.602383 0.217952
0.48792 0.403785 0.108295
0.631106 0.287594 0.0813003
0.72758 0.134022 0.138398
0.403245 0.238451 0.358303
0.174806 0.238141 0.587053
0.283992 0.617382 0.0986264
0.378303 0.132784 0.488913
0.178617 0.347958 0.473425
0.176638 0.523404 0.299958
0.507166 0.109047 0.383786
0.601746 0.242216 0.156037
0.151836 0.104358 0.743806
0.393704 0.508096 0.0981996
0.41417 0.381276 0.204553
0.159752 0.741282 0.098966
0.222004 0.381873 0.396123
0.122734 0.693795 0.183471
0.305954 0.227246 0.4668
0.0968938 0.0630458 0.84006
0.110174 0.830983 0.0588424
0.320082 0.490413 0.189505
0.399143 0.317125 0.283732
0.28153 0.0787717 0.639698
0.261408 0.424331 0.314261
0.865202 0.0758917 0.0589059
0.549378 0.207822 0.2428
0.143233 0.183238 0.673529
0.123042 0.32372 0.553238


3 1 22
10 2 30
24 23 31
25 24 31
17 16 32
27 26 33
19 18 34
9 8 36
8 7 36
7 35 36
31 23 37
14 13 39
6 5 40
33 26 41
39 33 41
16 15 42
18 17 43
17 32 43
34 18 43
25 31 44
31 38 44
26 25 44
41 26 44
9 36 45
37 9 45
12 11 46
29 28 46
7 6 47
35 7 47
40 34 47
6 40 47
36 35 48
45 36 48
5 4 49
40 5 49
21 20 49
32 16 50
16 42 50
42 38 50
20 19 51
19 34 51
34 40 51
40 49 51
49 20 51
39 41 52
38 42 52
41 44 52
44 38 52
11 10 53
10 30 53
30 29 53
29 46 53
46 11 53
4 3 54
3 22 54
22 21 54
21 49 54
49 4 54
34 43 55
35 47 55
47 34 55
43 48 55
48 35 55
50 38 56
45 48 56
28 27 57
27 33 57
46 28 57
43 32 58
48 43 58
56 48 58
32 50 58
50 56 58
0 9 59
9 37 59
23 0 59
37 23 59
31 37 60
37 45 60
45 56 60
38 31 60
56 38 60
33 39 61
39 13 61
13 12 61
12 46 61
46 57 61
57 33 61
15 14 62
42 15 62
14 39 62
39 52 62
52 42 62
