92
1 0 0
0 1 0
0 0 1
0.125 0.875 0
0.25 0.75 0
0.375 0.625 0
0.5 0.5 0
0.625 0.375 0
0.75 0.25 0
0.875 0.125 0
0 0.0666667 0.933333
0 0.133333 0.866667
0 0.2 0.8
0 0.266667 0.733333
0 0.333333 0.666667
0 0.4 0.6
0 0.466667 0.533333
0 0.533333 0.466667
0 0.6 0.4
0 0.666667 0.333333
0 0.733333 0.266667
0 0.8 0.2
0 0.866667 0.133333
0 0.933333 0.0666667
0.9375 0 0.0625
0.875 0 0.125
0.8125 0 0.1875
0.75 0 0.25
0.6875 0 0.3125
0.625 0 0.375
0.5625 0 0.4375
0.5 0 0.5
0.4375 0 0.5625
0.375 0 0.625
0.3125 0 0.6875
0.25 0 0.75
0.1875 0 0.8125
0.125 0 0.875
0.0625 0 0.9375
0.624664 0.115345 0.259991
0.109543 0.469944 0.420513
0.311413 0.115263 0.573325
0.163303 0.60419 0.232508
0.510774 0.386683 0.102542
0.784128 0.0785672 0.137305
0.395764 0.0960911 0.508145
0.642773 0.290757 0.06647
0.685782 0.126927 0.187291
0.408357 0.24077 0.350873
0.18712 0.234266 0.578614
0.271351 0.626854 0.101796
0.79404 0.162055 0.0439053
0.32344 0.515277 0.161283
0.204073 0.325552 0.470375
0.479109 0.24177 0.279121
0.191543 0.513312 0.295146
0.521384 0.0991949 0.379421
0.156742 0.188489 0.654769
0.573961 0.272667 0.153372
0.272155 0.501681 0.226165
0.103542 0.34837 0.548087
0.120381 0.12957 0.750049
0.323447 0.265319 0.411234
0.182206 0.750268 0.0675255
0.233821 0.394677 0.371502
0.0823708 0.789936 0.127693
0.423258 0.360598 0.216145
0.187921 0.652965 0.159114
0.27264 0.210441 0.516919
0.720177 0.172001 0.107821
0.4855 0.469183 0.045317
0.445385 0.123214 0.431401
0.439504 0.408379 0.152117
0.561369 0.116402 0.322228
0.325383 0.382265 0.292352
0.084671 0.088214 0.827115
0.082464 0.295187 0.622349
0.38957 0.515256 0.0951746
0.842682 0.0763181 0.081
0.102447 0.54833 0.349223
0.0823568 0.635999 0.281644
0.254286 0.107639 0.638075
0.0536686 0.0576296 0.888702
0.207308 0.0933045 0.699387
0.326453 0.628127 0.0454203
0.0853792 0.427058 0.487563
0.0796636 0.709393 0.210943
0.0752016 0.873146 0.0516521
0.0804309 0.230712 0.688857
0.903689 0.0642501 0.0320604
0.55633 0.224096 0.219574
0.339346 0.199001 0.461653


10 2 38
28 27 39
18 17 40
33 32 41
26 25 44
32 31 45
41 32 45
8 7 46
27 26 47
39 27 47
26 44 47
9 8 51
8 46 51
30 29 56
46 43 58
42 55 59
16 15 60
13 12 61
36 35 61
4 3 63
40 53 64
53 62 64
62 48 64
22 21 65
23 22 65
52 59 66
52 50 67
42 59 67
59 52 67
50 63 67
63 65 67
41 45 68
49 41 68
53 60 68
60 49 68
51 46 69
46 58 69
47 44 69
58 47 69
6 5 70
7 6 70
46 7 70
43 46 70
31 30 71
45 31 71
30 56 71
56 48 71
48 62 71
52 66 72
58 43 72
66 58 72
29 28 73
56 29 73
28 39 73
39 54 73
54 48 73
48 56 73
48 54 74
59 55 74
55 64 74
64 48 74
54 66 74
66 59 74
12 11 75
37 36 75
36 61 75
61 12 75
15 14 76
57 49 76
49 60 76
60 15 76
43 70 77
72 43 77
50 52 77
52 72 77
25 24 78
44 25 78
51 69 78
69 44 78
19 18 79
18 40 79
40 64 79
64 55 79
20 19 80
55 42 80
19 79 80
79 55 80
34 33 81
33 41 81
41 49 81
49 57 81
11 10 82
10 38 82
38 37 82
37 75 82
75 11 82
35 34 83
61 35 83
34 81 83
81 57 83
5 4 84
4 63 84
63 50 84
50 77 84
70 5 84
77 70 84
40 17 85
53 40 85
17 16 85
16 60 85
60 53 85
21 20 86
42 67 86
65 21 86
67 65 86
20 80 86
80 42 86
3 1 87
1 23 87
63 3 87
23 65 87
65 63 87
14 13 88
13 61 88
57 76 88
76 14 88
61 83 88
83 57 88
0 9 89
24 0 89
78 24 89
9 51 89
51 78 89
39 47 90
47 58 90
54 39 90
66 54 90
58 66 90
68 45 91
62 53 91
53 68 91
45 71 91
71 62 91
