92
1 0 0
0 1 0
0 0 1
0.125 0.875 0
0.25 0.75 0
0.375 0.625 0
0.5 0.5 0
0.625 0.375 0
0.75 0.25 0
0.875 0.125 0
0 0.0666666 0.933333
0 0.133333 0.866667
0 0.2 0.8
0 0.266667 0.733333
0 0.333333 0.666667
0 0.4 0.6
0 0.466667 0.533333
0 0.533333 0.466667
0 0.6 0.4
0 0.666667 0.333333
0 0.733333 0.266667
0 0.8 0.2
0 0.866667 0.133333
0 0.933333 0.0666667
0.95 0 0.05
0.9 0 0.1
0.85 0 0.15
0.8 0 0.2
0.75 0 0.25
0.7 0 0.3
0.65 0 0.35
0.6 0 0.4
0.55 0 0.45
0.5 0 0.5
0.45 0 0.55
0.4 0 0.6
0.35 0 0.65
0.3 0 0.7
0.25 0 0.75
0.2 0 0.8
0.15 0 0.85
0.1 0 0.9
0.0500001 0 0.95
0.600771 0.156921 0.242308
0.120063 0.474407 0.40553
0.248747 0.177911 0.573342
0.165303 0.606026 0.228671
0.483764 0.406604 0.109631
0.62682 0.309725 0.0634546
0.669316 0.14248 0.188204
0.759721 0.171029 0.0692494
0.724968 0.142826 0.132207
0.371952 0.27872 0.349328
0.277977 0.636009 0.0860136
0.317951 0.52406 0.157989
0.380649 0.142049 0.477303
0.190793 0.319642 0.489565
0.514755 0.203348 0.281897
0.267134 0.525973 0.206893
0.149095 0.556356 0.294549
0.14471 0.190415 0.664875
0.370061 0.568404 0.0615345
0.200857 0.675791 0.123353
0.842747 0.114659 0.0425946
0.537165 0.286859 0.175975
0.117851 0.152217 0.729932
0.496157 0.169372 0.334472
0.331572 0.260308 0.40812
0.0913376 0.833423 0.0752398
0.112261 0.741667 0.146072
0.119727 0.29402 0.586252
0.493109 0.451421 0.0554694
0.227983 0.40872 0.363297
0.433208 0.353855 0.212936
0.439678 0.132162 0.42816
0.251214 0.305907 0.442879
0.597283 0.281031 0.121686
0.270918 0.43847 0.290612
0.111128 0.367164 0.521708
0.100168 0.562397 0.337436
0.0926366 0.122725 0.784638
0.404816 0.459515 0.135669
0.317127 0.158935 0.523938
0.23274 0.133049 0.63421
0.0743073 0.68428 0.241412
0.0826778 0.45974 0.457582
0.163001 0.787931 0.0490685
0.0689395 0.742649 0.188411
0.0645797 0.0843908 0.85103
0.494525 0.116417 0.389058
0.609902 0.0931401 0.296958
0.382862 0.34366 0.273478


0 9 24
10 2 42
11 10 42
41 11 42
29 28 43
19 18 44
36 35 45
7 6 48
28 27 49
43 28 49
8 7 50
7 48 50
26 25 50
27 26 51
49 27 51
26 50 51
50 48 51
34 33 55
15 14 60
38 37 60
5 4 61
4 53 61
54 53 62
58 54 62
9 8 63
24 9 63
25 24 63
8 50 63
50 25 63
43 49 64
14 13 65
39 38 65
38 60 65
60 14 65
31 30 66
30 57 66
1 23 68
46 58 69
58 62 69
23 22 69
68 23 69
62 68 69
16 15 70
15 60 70
6 5 71
48 6 71
5 61 71
61 47 71
67 52 72
54 58 73
57 43 73
43 64 73
33 32 74
55 33 74
67 55 74
52 67 74
44 56 75
55 67 75
67 72 75
72 44 75
51 48 76
49 51 76
47 64 76
64 49 76
48 71 76
71 47 76
58 46 77
46 59 77
59 72 77
72 52 77
17 16 78
16 70 78
45 56 78
70 45 78
20 19 79
59 20 79
19 44 79
44 72 79
72 59 79
13 12 80
12 40 80
40 39 80
39 65 80
65 13 80
53 54 81
47 61 81
61 53 81
64 47 81
54 73 81
73 64 81
35 34 82
45 35 82
56 45 82
34 55 82
55 75 82
75 56 82
37 36 83
60 37 83
70 60 83
36 45 83
45 70 83
21 20 84
20 59 84
59 46 84
18 17 85
44 18 85
56 44 85
17 78 85
78 56 85
4 3 86
53 4 86
3 1 86
1 68 86
62 53 86
68 62 86
22 21 87
46 69 87
69 22 87
21 84 87
84 46 87
12 11 88
11 41 88
40 12 88
41 40 88
32 31 89
31 66 89
66 52 89
52 74 89
74 32 89
30 29 90
57 30 90
29 43 90
43 57 90
66 57 91
57 73 91
73 58 91
52 66 91
77 52 91
58 77 91
