94
1 0 0
0 1 0
0 0 1
0.125 0.875 0
0.25 0.75 0
0.375 0.625 0
0.5 0.5 0
0.625 0.375 0
0.75 0.25 0
0.875 0.125 0
0 0.0666667 0.933333
0 0.133333 0.866667
0 0.2 0.8
0 0.266667 0.733333
0 0.333333 0.666667
0 0.4 0.6
0 0.466667 0.533333
0 0.533333 0.466667
0 0.6 0.4
0 0.666667 0.333333
0 0.733333 0.266667
0 0.8 0.2
0 0.866667 0.133333
0 0.933333 0.0666667
0.947368 0 0.0526316
0.894737 0 0.105263
0.842105 0 0.157895
0.789474 0 0.210526
0.736842 0 0.263158
0.684211 0 0.315789
0.631579 0 0.368421
0.578947 0 0.421053
0.526316 0 0.473684
0.473684 0 0.526316
0.421053 0 0.578947
0.368421 0 0.631579
0.31579 0 0.68421
0.263158 0 0.736842
0.210526 0 0.789474
0.157895 0 0.842105
0.105263 0 0.894737
0.0526316 0 0.947368
0.616314 0.130889 0.252797
0.120337 0.475275 0.404388
0.292199 0.119126 0.588675
0.173105 0.590541 0.236354
0.48796 0.400205 0.111835
0.628781 0.306965 0.0642545
0.67106 0.134843 0.194096
0.755538 0.181135 0.0633264
0.730886 0.135969 0.133146
0.368293 0.283921 0.347786
0.184098 0.232039 0.583863
0.278418 0.633732 0.0878496
0.300359 0.540231 0.15941
0.38721 0.127885 0.484905
0.177594 0.34654 0.475866
0.501098 0.235457 0.263446
0.287123 0.491351 0.221526
0.148549 0.555326 0.296126
0.13584 0.209432 0.654727
0.37116 0.566427 0.0624138
0.199089 0.679282 0.121629
0.53346 0.279903 0.186637
0.122863 0.149986 0.727152
0.343022 0.24568 0.411298
0.167726 0.769601 0.0626724
0.23215 0.401939 0.365911
0.0948879 0.788108 0.117004
0.84761 0.107314 0.0450765
0.0871755 0.328224 0.584601
0.498037 0.444513 0.0574497
0.411458 0.3815 0.207042
0.4946 0.162029 0.343371
0.453947 0.130208 0.415844
0.0990481 0.112204 0.788748
0.582359 0.108034 0.309607
0.603532 0.270919 0.125549
0.267864 0.205532 0.526605
0.272684 0.434907 0.292409
0.388137 0.336486 0.275376
0.0687617 0.0922511 0.838987
0.113778 0.363755 0.522467
0.100379 0.562245 0.337376
0.401767 0.462661 0.135573
0.248127 0.104485 0.647388
0.0798824 0.463728 0.456389
0.259159 0.294112 0.446729
0.072839 0.685501 0.24166
0.081086 0.73369 0.185224
0.811999 0.0758333 0.112168
0.183735 0.641155 0.17511
0.0738329 0.875971 0.0501956
0.0414054 0.0487363 0.909858


0 9 24
10 2 41
29 28 42
19 18 43
35 34 44
7 6 47
28 27 48
42 28 48
8 7 49
7 47 49
27 26 50
48 27 50
49 47 50
34 33 55
33 32 55
15 14 60
5 4 61
4 53 61
54 53 62
42 48 63
57 42 63
14 13 64
60 14 64
38 37 64
37 60 64
4 3 66
53 4 66
62 53 66
65 51 67
23 22 68
62 66 68
9 8 69
8 49 69
24 9 69
25 24 69
49 25 69
16 15 70
15 60 70
60 52 70
47 6 71
6 5 71
5 61 71
61 46 71
54 58 72
57 63 72
31 30 73
32 31 74
51 65 74
55 32 74
65 55 74
31 73 74
73 51 74
13 12 75
39 38 75
38 64 75
64 13 75
30 29 76
29 42 76
42 57 76
57 73 76
73 30 76
50 47 77
48 50 77
46 63 77
63 48 77
47 71 77
71 46 77
44 34 78
34 55 78
52 44 78
58 45 79
45 59 79
59 67 79
67 51 79
57 72 80
72 58 80
58 79 80
51 73 80
79 51 80
73 57 80
12 11 81
11 40 81
40 39 81
39 75 81
75 12 81
17 16 82
16 70 82
70 52 82
52 78 82
78 56 82
20 19 83
59 20 83
19 43 83
43 67 83
67 59 83
53 54 84
46 61 84
61 53 84
54 72 84
63 46 84
72 63 84
36 35 85
35 44 85
44 52 85
37 36 85
60 37 85
52 60 85
18 17 86
43 18 86
56 43 86
17 82 86
82 56 86
43 56 87
55 65 87
65 67 87
67 43 87
56 78 87
78 55 87
21 20 88
20 59 88
59 45 88
22 21 89
68 22 89
21 88 89
88 45 89
26 25 90
25 49 90
49 50 90
50 26 90
58 54 91
54 62 91
45 58 91
89 45 91
62 68 91
68 89 91
3 1 92
66 3 92
1 23 92
23 68 92
68 66 92
11 10 93
10 41 93
40 11 93
41 40 93
