68
1 0 0
0 1 0
0 0 1
0.125 0.875 0
0.25 0.75 0
0.375 0.625 0
0.5 0.5 0
0.625 0.375 0
0.75 0.25 0
0.875 0.125 0
0 0.0666667 0.933333
0 0.133333 0.866667
0 0.2 0.8
0 0.266667 0.733333
0 0.333333 0.666667
0 0.4 0.6
0 0.466667 0.533333
0 0.533333 0.466667
0 0.6 0.4
0 0.666667 0.333333
0 0.733333 0.266667
0 0.8 0.2
0 0.866667 0.133333
0 0.933333 0.0666667
0.9 0 0.1
0.8 0 0.2
0.7 0 0.3
0.6 0 0.4
0.5 0 0.5
0.4 0 0.6
0.3 0 0.7
0.2 0 0.8
0.1 0 0.9
0.618114 0.116703 0.265183
0.307691 0.109875 0.582434
0.181775 0.606897 0.211328
0.512994 0.388529 0.0984765
0.65201 0.262981 0.0850087
0.729812 0.110315 0.159873
0.406134 0.251695 0.342171
0.185751 0.244988 0.569261
0.276529 0.626983 0.096488
0.403728 0.104784 0.491488
0.206149 0.322006 0.471845
0.18019 0.529013 0.290797
0.508752 0.0914485 0.399799
0.599124 0.237577 0.163299
0.135974 0.134806 0.72922
0.245325 0.376107 0.378568
0.120854 0.758102 0.121044
0.805028 0.121112 0.0738597
0.392413 0.509546 0.0980411
0.419942 0.378401 0.201656
0.331199 0.198261 0.47054
0.123202 0.697198 0.179599
0.413404 0.312076 0.27452
0.229555 0.715961 0.0544834
0.459736 0.168144 0.37212
0.121154 0.494075 0.384771
0.118226 0.82112 0.0606538
0.145862 0.194168 0.65997
0.323888 0.489941 0.186171
0.123312 0.0847287 0.791959
0.26826 0.425035 0.306704
0.264618 0.078238 0.657144
0.110812 0.438495 0.450693
0.0836005 0.0551099 0.86129
0.56024 0.202425 0.237334


3 1 23
10 2 32
26 25 33
29 28 34
20 19 35
8 7 36
9 8 37
8 36 37
25 24 38
33 25 38
15 14 40
6 5 41
28 27 42
34 28 42
40 34 42
16 15 43
15 40 43
19 18 44
35 19 44
27 26 45
42 27 45
13 12 47
43 39 48
22 21 49
0 9 50
24 0 50
38 24 50
9 37 50
37 46 50
46 38 50
7 6 51
36 7 51
41 35 51
6 41 51
37 36 52
46 37 52
40 42 53
43 40 53
42 45 53
21 20 54
20 35 54
35 41 54
41 49 54
49 21 54
48 39 55
46 52 55
5 4 56
41 5 56
49 41 56
26 33 57
45 26 57
33 39 57
39 43 57
43 53 57
53 45 57
18 17 58
44 18 58
4 3 59
3 23 59
23 22 59
56 4 59
22 49 59
49 56 59
14 13 60
40 14 60
34 40 60
13 47 60
36 51 61
51 35 61
52 36 61
35 44 61
44 52 61
12 11 62
47 12 62
31 30 62
30 47 62
52 44 63
55 52 63
48 55 63
58 48 63
44 58 63
30 29 64
47 30 64
29 34 64
34 60 64
60 47 64
17 16 65
16 43 65
43 48 65
48 58 65
58 17 65
11 10 66
10 32 66
32 31 66
31 62 66
62 11 66
33 38 67
38 46 67
46 55 67
39 33 67
55 39 67
