88
1 0 0
0 1 0
0 0 1
0.125 0.875 0
0.25 0.75 0
0.375 0.625 0
0.5 0.5 0
0.625 0.375 0
0.75 0.25 0
0.875 0.125 0
0 0.0666666 0.933333
0 0.133333 0.866667
0 0.2 0.8
0 0.266667 0.733333
0 0.333333 0.666667
0 0.4 0.6
0 0.466667 0.533333
0 0.533333 0.466667
0 0.6 0.4
0 0.666667 0.333333
0 0.733333 0.266667
0 0.8 0.2
0 0.866667 0.133333
0 0.933333 0.0666667
0.928571 0 0.0714286
0.857143 0 0.142857
0.785714 0 0.214286
0.714286 0 0.285714
0.642857 0 0.357143
0.571429 0 0.428571
0.5 0 0.5
0.428571 0 0.571429
0.357143 0 0.642857
0.285714 0 0.714286
0.214286 0 0.785714
0.142857 0 0.857143
0.0714286 0 0.928571
0.619583 0.127524 0.252894
0.121964 0.473137 0.404899
0.291663 0.121167 0.58717
0.178446 0.59523 0.226324
0.485859 0.397785 0.116356
0.391877 0.0873618 0.520761
0.892326 0.0703652 0.0373091
0.780779 0.168502 0.0507192
0.640157 0.285418 0.0744246
0.70259 0.111622 0.185788
0.726283 0.151455 0.122262
0.379507 0.2794 0.341094
0.186123 0.248981 0.564896
0.255578 0.645604 0.0988186
0.309761 0.533731 0.156508
0.200425 0.328393 0.471182
0.479008 0.251431 0.269561
0.182455 0.510046 0.307499
0.522786 0.0948275 0.382386
0.165355 0.188372 0.646273
0.570351 0.255082 0.174567
0.295816 0.473876 0.230308
0.0953579 0.35754 0.547102
0.135983 0.132177 0.731841
0.137151 0.798368 0.0644812
0.244094 0.378406 0.3775
0.107808 0.762116 0.130076
0.425719 0.34648 0.227801
0.393973 0.513906 0.0921214
0.245941 0.0887487 0.665311
0.153273 0.677755 0.168972
0.30256 0.196113 0.501327
0.365375 0.223326 0.411298
0.606344 0.0755823 0.318074
0.100443 0.086982 0.812575
0.51665 0.432287 0.0510629
0.320873 0.384874 0.294253
0.0832433 0.297111 0.619646
0.44241 0.105201 0.45239
0.0819361 0.573189 0.344875
0.832458 0.0803618 0.0871805
0.423762 0.402787 0.173451
0.0630775 0.0591948 0.877728
0.392112 0.563374 0.0445135
0.500015 0.168677 0.331308
0.0885039 0.429115 0.482381
0.280732 0.677452 0.0418162
0.0829136 0.635733 0.281353
0.0622882 0.905492 0.0322193
0.0724128 0.702487 0.2251
0.0718611 0.243931 0.684207


10 2 36
27 26 37
18 17 38
32 31 39
31 30 42
39 31 42
0 9 43
24 0 43
9 8 44
43 9 44
8 7 45
44 8 45
26 25 46
37 26 46
46 25 47
44 45 47
29 28 55
39 49 56
45 41 57
47 45 57
46 47 57
37 46 57
53 37 57
51 40 58
40 54 58
16 15 59
49 52 59
13 12 60
34 33 60
4 3 61
23 22 61
38 52 62
54 38 62
22 21 63
50 61 63
61 22 63
53 57 64
50 51 65
51 41 65
33 32 66
32 39 66
39 56 66
56 60 66
60 33 66
40 51 67
51 50 67
63 21 67
50 63 67
39 42 68
49 39 68
52 49 68
48 62 69
62 52 69
52 68 69
28 27 70
27 37 70
55 28 70
12 11 71
35 34 71
34 60 71
60 12 71
7 6 72
41 45 72
45 7 72
65 41 72
58 54 73
54 62 73
62 48 73
48 53 73
53 64 73
64 58 73
15 14 74
56 49 74
49 59 74
59 15 74
30 29 75
42 30 75
29 55 75
55 69 75
68 42 75
69 68 75
19 18 76
18 38 76
38 54 76
25 24 77
47 25 77
24 43 77
43 44 77
44 47 77
41 51 78
51 58 78
58 64 78
57 41 78
64 57 78
11 10 79
10 36 79
36 35 79
35 71 79
71 11 79
6 5 80
50 65 80
65 72 80
72 6 80
48 69 81
69 55 81
37 53 81
70 37 81
53 48 81
55 70 81
17 16 82
38 17 82
52 38 82
16 59 82
59 52 82
5 4 83
4 61 83
61 50 83
50 80 83
80 5 83
20 19 84
54 40 84
19 76 84
76 54 84
3 1 85
1 23 85
23 61 85
61 3 85
21 20 86
67 21 86
40 67 86
20 84 86
84 40 86
14 13 87
13 60 87
60 56 87
56 74 87
74 14 87
