91
1 0 0
0 1 0
0 0 1
0.125 0.875 0
0.25 0.75 0
0.375 0.625 0
0.5 0.5 0
0.625 0.375 0
0.75 0.25 0
0.875 0.125 0
0 0.0625 0.9375
0 0.125 0.875
0 0.1875 0.8125
0 0.25 0.75
0 0.3125 0.6875
0 0.375 0.625
0 0.4375 0.5625
0 0.5 0.5
0 0.5625 0.4375
0 0.625 0.375
0 0.6875 0.3125
0 0.75 0.25
0 0.8125 0.1875
0 0.875 0.125
0 0.9375 0.0625
0.928571 0 0.0714286
0.857143 0 0.142857
0.785714 0 0.214286
0.714286 0 0.285714
0.642857 0 0.357143
0.571429 0 0.428571
0.5 0 0.5
0.428571 0 0.571429
0.357143 0 0.642857
0.285714 0 0.714286
0.214286 0 0.785714
0.142857 0 0.857143
0.0714285 0 0.928571
0.629324 0.107437 0.263239
0.100522 0.497666 0.401812
0.290233 0.129223 0.580544
0.162863 0.612566 0.224571
0.489289 0.397404 0.113308
0.905137 0.0604256 0.0344371
0.771553 0.1924 0.0360473
0.649504 0.276352 0.0741435
0.676766 0.128135 0.195099
0.744231 0.131929 0.123839
0.392843 0.26151 0.345647
0.186684 0.233505 0.579811
0.254972 0.643857 0.101171
0.308342 0.534086 0.157572
0.415152 0.081485 0.503363
0.204788 0.324824 0.470388
0.510681 0.226772 0.262547
0.14001 0.565662 0.294328
0.523565 0.0943498 0.382085
0.150788 0.200331 0.648881
0.5712 0.263167 0.165633
0.289849 0.480162 0.22999
0.13404 0.122964 0.742996
0.172669 0.767141 0.0601901
0.24037 0.378315 0.381315
0.106678 0.770587 0.122735
0.418905 0.346405 0.23469
0.393126 0.5151 0.0917735
0.237957 0.0978705 0.664172
0.142181 0.684153 0.173667
0.286527 0.20908 0.504393
0.3635 0.224434 0.412066
0.607289 0.0723967 0.320314
0.517962 0.433653 0.0483848
0.425768 0.400039 0.174193
0.266817 0.433775 0.299408
0.094189 0.0827912 0.82302
0.116265 0.329884 0.553851
0.085492 0.21108 0.703428
0.0590034 0.0545507 0.886446
0.392183 0.563694 0.0441235
0.0835219 0.294023 0.622455
0.284569 0.672462 0.0429692
0.109598 0.437895 0.452506
0.131329 0.51745 0.35122
0.802359 0.129007 0.0686344
0.434465 0.122021 0.443515
0.502396 0.163923 0.333681
0.071335 0.6587 0.269965
0.0786251 0.409435 0.51194
0.331132 0.057209 0.611659
0.365176 0.329772 0.305052
0.0759392 0.850281 0.0737795


3 1 24
10 2 37
28 27 38
19 18 39
0 9 43
25 0 43
9 8 44
8 7 45
44 8 45
27 26 46
38 27 46
26 25 47
46 26 47
32 31 52
40 32 52
31 30 52
38 46 54
20 19 55
30 29 56
40 49 57
45 42 58
46 47 58
47 45 58
54 46 58
51 41 59
41 55 59
13 12 60
35 34 60
4 3 61
23 22 63
50 61 63
54 58 64
50 51 65
51 42 65
34 33 66
40 57 66
60 34 66
22 21 67
21 41 67
41 51 67
51 50 67
63 22 67
50 63 67
49 40 68
40 52 68
48 62 69
62 53 69
53 68 69
29 28 70
28 38 70
56 29 70
42 45 71
45 7 71
7 6 71
65 42 71
42 51 72
51 59 72
58 42 72
64 58 72
59 64 72
59 55 73
64 59 73
12 11 74
36 35 74
35 60 74
60 12 74
16 15 75
49 68 75
68 53 75
14 13 76
57 14 76
13 60 76
60 66 76
66 57 76
11 10 77
10 37 77
37 36 77
36 74 77
74 11 77
6 5 78
50 65 78
65 71 78
71 6 78
15 14 79
14 57 79
57 49 79
49 75 79
75 15 79
5 4 80
4 61 80
61 50 80
50 78 80
78 5 80
18 17 81
39 18 81
53 62 81
62 39 81
19 39 82
55 19 82
73 55 82
39 62 82
62 73 82
43 9 83
9 44 83
25 43 83
47 25 83
44 45 83
45 47 83
52 30 84
30 56 84
56 69 84
68 52 84
69 68 84
48 69 85
69 56 85
38 54 85
70 38 85
54 48 85
56 70 85
21 20 86
41 21 86
20 55 86
55 41 86
17 16 87
16 75 87
75 53 87
53 81 87
81 17 87
33 32 88
32 40 88
40 66 88
66 33 88
48 54 89
54 64 89
62 48 89
73 62 89
64 73 89
3 24 90
61 3 90
24 23 90
23 63 90
63 61 90
