102
1 0 0
0 1 0
0 0 1
0.125 0.875 0
0.25 0.75 0
0.375 0.625 0
0.5 0.5 0
0.625 0.375 0
0.75 0.25 0
0.875 0.125 0
0 0.0624999 0.9375
0 0.125 0.875
0 0.1875 0.8125
0 0.25 0.75
0 0.3125 0.6875
0 0.375 0.625
0 0.4375 0.5625
0 0.5 0.5
0 0.5625 0.4375
0 0.625 0.375
0 0.6875 0.3125
0 0.75 0.25
0 0.8125 0.1875
0 0.875 0.125
0 0.9375 0.0625
0.944444 0 0.0555556
0.888889 0 0.111111
0.833333 0 0.166667
0.777778 0 0.222222
0.722222 0 0.277778
0.666667 0 0.333333
0.611111 0 0.388889
0.555556 0 0.444444
0.5 0 0.5
0.444444 0 0.555556
0.388889 0 0.611111
0.333333 0 0.666667
0.277778 0 0.722222
0.222222 0 0.777778
0.166667 0 0.833333
0.111111 0 0.888889
0.0555555 0 0.944444
0.637081 0.115372 0.247547
0.123403 0.462954 0.413643
0.268898 0.124722 0.60638
0.158296 0.603972 0.237732
0.495459 0.394168 0.110373
0.404819 0.0893196 0.505862
0.666584 0.258197 0.0752185
0.685995 0.123484 0.190521
0.767002 0.165983 0.0670152
0.723651 0.148767 0.127582
0.370527 0.2811 0.348373
0.169487 0.243533 0.58698
0.265514 0.633408 0.101078
0.330881 0.512427 0.156692
0.180334 0.339589 0.480077
0.506343 0.226463 0.267194
0.288474 0.489715 0.221811
0.173459 0.522849 0.303692
0.167641 0.181694 0.650665
0.585029 0.259641 0.15533
0.0996021 0.363626 0.536772
0.148722 0.12646 0.724818
0.34802 0.252013 0.399967
0.16335 0.761212 0.0754371
0.452656 0.390246 0.157098
0.233328 0.399972 0.366699
0.0910055 0.773079 0.135915
0.418519 0.364044 0.217438
0.845775 0.107257 0.0469672
0.485966 0.126969 0.387065
0.19333 0.648868 0.157802
0.307195 0.199553 0.493252
0.484896 0.461319 0.0537851
0.59495 0.104761 0.300289
0.414035 0.140202 0.445763
0.105913 0.104668 0.789419
0.0789339 0.0790001 0.842066
0.23771 0.0886478 0.673642
0.591495 0.309148 0.0993569
0.273109 0.433548 0.293343
0.340623 0.10664 0.552737
0.380813 0.534128 0.0850597
0.263108 0.695222 0.0416701
0.100792 0.554428 0.34478
0.548434 0.241024 0.210542
0.386877 0.332231 0.280892
0.0833725 0.444419 0.472209
0.265848 0.296193 0.437959
0.0826716 0.307631 0.609697
0.0453481 0.0450647 0.909587
0.078424 0.636991 0.284585
0.0885636 0.716253 0.195183
0.0747147 0.887449 0.0378365
0.0727988 0.246439 0.680762
0.584413 0.373607 0.0419795
0.572569 0.0781044 0.349327
0.483437 0.191312 0.325251
0.0693282 0.844665 0.0860068
0.224342 0.237199 0.538459
0.683303 0.285425 0.0312721


0 9 25
10 2 41
29 28 42
19 18 43
36 35 44
34 33 47
28 27 49
42 28 49
49 27 51
27 26 51
26 50 51
50 48 51
44 53 60
49 51 61
17 16 62
38 37 63
61 46 66
64 52 67
23 22 68
55 58 69
66 55 69
9 8 70
8 50 70
25 9 70
26 25 70
50 26 70
32 31 71
52 64 71
55 54 72
45 58 72
58 55 72
54 65 72
65 68 72
6 5 74
30 29 75
29 42 75
42 57 75
33 32 76
47 33 76
32 71 76
71 64 76
73 47 76
13 12 77
39 38 77
38 63 77
63 13 77
12 11 78
11 40 78
40 39 78
39 77 78
77 12 78
37 36 79
36 44 79
44 60 79
60 63 79
63 37 79
46 61 80
51 48 80
61 51 80
74 46 80
58 45 81
45 59 81
59 67 81
67 52 81
35 34 82
44 35 82
34 47 82
47 73 82
54 55 83
55 66 83
66 46 83
74 5 83
46 74 83
4 3 84
3 65 84
65 54 84
5 4 84
83 5 84
54 83 84
20 19 85
19 43 85
43 67 85
67 59 85
42 49 86
49 61 86
57 42 86
69 57 86
61 66 86
66 69 86
81 52 87
57 69 87
69 58 87
58 81 87
18 17 88
43 18 88
56 43 88
17 62 88
62 56 88
43 56 89
64 67 89
67 43 89
56 73 89
73 76 89
76 64 89
16 15 90
60 53 90
53 62 90
62 16 90
11 10 91
10 41 91
40 11 91
41 40 91
21 20 92
45 21 92
59 45 92
20 85 92
85 59 92
22 21 93
21 45 93
45 72 93
68 22 93
72 68 93
3 1 94
1 24 94
65 3 94
14 13 95
13 63 95
63 60 95
15 14 95
90 15 95
60 90 95
7 6 96
6 74 96
74 80 96
80 48 96
31 30 97
30 75 97
71 31 97
57 87 98
87 52 98
52 71 98
71 97 98
75 57 98
97 75 98
24 23 99
23 68 99
68 65 99
65 94 99
94 24 99
56 62 100
62 53 100
73 56 100
53 44 100
44 82 100
82 73 100
8 7 101
48 50 101
50 8 101
7 96 101
96 48 101
