102
1 0 0
0 1 0
0 0 1
0.125 0.875 0
0.25 0.75 0
0.375 0.625 0
0.5 0.5 0
0.625 0.375 0
0.75 0.25 0
0.875 0.125 0
0 0.0625 0.9375
0 0.125 0.875
0 0.1875 0.8125
0 0.25 0.75
0 0.3125 0.6875
0 0.375 0.625
0 0.4375 0.5625
0 0.5 0.5
0 0.5625 0.4375
0 0.625 0.375
0 0.6875 0.3125
0 0.75 0.25
0 0.8125 0.1875
0 0.875 0.125
0 0.9375 0.0625
0.947368 0 0.0526316
0.894737 0 0.105263
0.842105 0 0.157895
0.789474 0 0.210526
0.736842 0 0.263158
0.684211 0 0.315789
0.631579 0 0.368421
0.578947 0 0.421053
0.526316 0 0.473684
0.473684 0 0.526316
0.421053 0 0.578947
0.368421 0 0.631579
0.315789 0 0.684211
0.263158 0 0.736842
0.210526 0 0.789474
0.157895 0 0.842105
0.105263 0 0.894737
0.0526315 0 0.947369
0.624438 0.118879 0.256683
0.101096 0.494103 0.404801
0.294308 0.122609 0.583083
0.177169 0.584844 0.237987
0.502938 0.398675 0.098387
0.629212 0.296192 0.0745955
0.678972 0.123356 0.197672
0.750525 0.186936 0.0625386
0.743734 0.123728 0.132538
0.398937 0.251333 0.34973
0.175782 0.235058 0.58916
0.292512 0.608417 0.0990707
0.31271 0.52547 0.16182
0.416968 0.111058 0.471974
0.203172 0.306277 0.490551
0.506604 0.228222 0.265174
0.292035 0.486608 0.221356
0.179659 0.515 0.305341
0.517786 0.103505 0.378709
0.134439 0.223377 0.642184
0.366733 0.570618 0.0626499
0.203346 0.672641 0.124013
0.550732 0.247833 0.201435
0.10211 0.363159 0.53473
0.123006 0.140657 0.736338
0.337772 0.25338 0.408848
0.164342 0.766476 0.0691819
0.441164 0.41628 0.142555
0.205351 0.420523 0.374127
0.0946643 0.788246 0.11709
0.421925 0.366132 0.211943
0.845968 0.108669 0.045363
0.337797 0.140361 0.521842
0.487877 0.462569 0.0495538
0.465522 0.113924 0.420554
0.0750013 0.874437 0.050562
0.0989987 0.106086 0.794915
0.586772 0.103866 0.309361
0.601185 0.258419 0.140397
0.307685 0.22831 0.464005
0.286968 0.426903 0.286129
0.39098 0.333898 0.275121
0.200683 0.106918 0.692398
0.0694166 0.08534 0.845243
0.0954013 0.565496 0.339103
0.219036 0.242391 0.538573
0.18766 0.636787 0.175553
0.248988 0.111634 0.639377
0.0982673 0.434193 0.46754
0.284609 0.370998 0.344393
0.0768218 0.662902 0.260276
0.0882642 0.23148 0.680256
0.0825556 0.731339 0.186106
0.0771111 0.3276 0.595289
0.497499 0.176071 0.326429
0.207511 0.359893 0.432595
0.572 0.395822 0.0321779
0.239587 0.718312 0.0421005
0.0421371 0.0452225 0.91264


0 9 25
10 2 42
30 29 43
19 18 44
36 35 45
29 28 49
43 29 49
8 7 50
7 48 50
28 27 51
49 28 51
27 26 51
26 50 51
50 48 51
34 33 56
32 31 61
5 4 63
55 54 64
43 49 65
58 43 65
17 16 66
14 13 67
39 38 67
64 54 69
54 55 70
47 63 70
63 54 70
24 23 72
64 69 72
55 59 73
58 65 73
65 70 73
70 55 73
9 8 74
8 50 74
25 9 74
26 25 74
50 26 74
35 34 75
34 56 75
45 35 75
47 48 76
6 5 76
5 63 76
63 47 76
33 32 77
32 61 77
56 33 77
68 56 77
61 52 77
52 68 77
3 1 78
1 24 78
69 3 78
24 72 78
72 69 78
13 12 79
67 13 79
40 39 79
39 67 79
31 30 80
30 43 80
43 58 80
48 47 81
49 51 81
51 48 81
65 49 81
47 70 81
70 65 81
56 68 82
57 75 82
75 56 82
59 46 83
46 60 83
83 52 84
58 73 84
73 59 84
59 83 84
38 37 85
67 38 85
12 11 86
11 41 86
41 40 86
40 79 86
79 12 86
20 19 87
19 44 87
44 71 87
71 60 87
53 45 88
57 66 88
66 53 88
45 75 88
75 57 88
46 59 89
59 55 89
55 64 89
64 72 89
37 36 90
36 45 90
45 53 90
53 62 90
62 85 90
85 37 90
18 17 91
44 18 91
17 66 91
66 57 91
68 52 92
71 68 92
60 71 92
83 60 92
52 83 92
22 21 93
21 20 93
60 46 93
20 87 93
87 60 93
15 14 94
62 15 94
14 67 94
67 85 94
85 62 94
23 22 95
72 23 95
46 89 95
89 72 95
22 93 95
93 46 95
16 15 96
15 62 96
62 53 96
53 66 96
66 16 96
61 31 97
31 80 97
52 61 97
84 52 97
80 58 97
58 84 97
57 82 98
71 44 98
68 71 98
82 68 98
44 91 98
91 57 98
7 6 99
48 7 99
6 76 99
76 48 99
54 63 100
63 4 100
4 3 100
3 69 100
69 54 100
11 10 101
10 42 101
41 11 101
42 41 101
