113
1 0 0
0 1 0
0 0 1
0.125 0.875 0
0.25 0.75 0
0.375 0.625 0
0.5 0.5 0
0.625 0.375 0
0.75 0.25 0
0.875 0.125 0
0 0.0555556 0.944444
0 0.111111 0.888889
0 0.166667 0.833333
0 0.222222 0.777778
0 0.277778 0.722222
0 0.333333 0.666667
0 0.388889 0.611111
0 0.444444 0.555556
0 0.5 0.5
0 0.555556 0.444444
0 0.611111 0.388889
0 0.666667 0.333333
0 0.722222 0.277778
0 0.777778 0.222222
0 0.833333 0.166667
0 0.888889 0.111111
0 0.944444 0.0555556
0.947368 0 0.0526316
0.894737 0 0.105263
0.842105 0 0.157895
0.789474 0 0.210526
0.736842 0 0.263158
0.684211 0 0.315789
0.631579 0 0.368421
0.578947 0 0.421053
0.526316 0 0.473684
0.473684 0 0.526316
0.421053 0 0.578947
0.368421 0 0.631579
0.315789 0 0.684211
0.263158 0 0.736842
0.210526 0 0.789474
0.157895 0 0.842105
0.105263 0 0.894737
0.0526316 0 0.947368
0.622469 0.115359 0.262172
0.1047 0.488828 0.406473
0.279163 0.129577 0.59126
0.147819 0.6209 0.231281
0.510022 0.395865 0.0941128
0.801608 0.155321 0.0430708
0.649683 0.281239 0.0690784
0.909514 0.0636537 0.0268322
0.676734 0.120008 0.203258
0.712693 0.151509 0.135798
0.380431 0.269905 0.349664
0.169283 0.24282 0.587897
0.276062 0.636204 0.0877344
0.311188 0.535267 0.153544
0.423721 0.0932863 0.482993
0.187291 0.33127 0.481439
0.467484 0.250149 0.282368
0.276789 0.512883 0.210328
0.164818 0.542995 0.292187
0.534697 0.0778977 0.387405
0.156498 0.198789 0.644713
0.234402 0.728077 0.0375204
0.5746 0.253059 0.172341
0.0881869 0.350238 0.561575
0.125738 0.129377 0.744885
0.323014 0.266917 0.410069
0.166698 0.773062 0.0602397
0.457869 0.395324 0.146807
0.233737 0.391784 0.374479
0.805756 0.102832 0.0914117
0.082485 0.783713 0.133802
0.429972 0.36125 0.208778
0.145333 0.677164 0.177503
0.349666 0.119578 0.530756
0.490904 0.465574 0.0435226
0.488626 0.0767218 0.434652
0.581876 0.107616 0.310509
0.505523 0.151848 0.342629
0.100238 0.0976087 0.802154
0.352949 0.390259 0.256792
0.29999 0.225779 0.474231
0.26429 0.0877992 0.647911
0.0845715 0.829792 0.085636
0.590435 0.287569 0.121996
0.0797595 0.303453 0.616787
0.392023 0.513863 0.0941135
0.692236 0.278685 0.0290793
0.203698 0.101419 0.694883
0.305835 0.382245 0.31192
0.0701345 0.0782118 0.851654
0.55145 0.222514 0.226035
0.105775 0.544149 0.350076
0.093079 0.212811 0.69411
0.217243 0.249945 0.532813
0.207458 0.359832 0.43271
0.184584 0.696581 0.118835
0.244566 0.492006 0.263428
0.093265 0.446278 0.460457
0.440009 0.166619 0.393373
0.0757472 0.66627 0.257983
0.393611 0.164719 0.44167
0.0683557 0.630403 0.301241
0.0760549 0.887206 0.0367391
0.346366 0.613387 0.0402473
0.205175 0.459971 0.334855
0.761972 0.0629815 0.175046
0.0372917 0.0453843 0.917324
0.0993369 0.388874 0.51179


10 2 44
32 31 45
20 19 46
38 37 47
9 8 50
0 9 52
27 0 52
9 50 52
50 27 52
31 30 53
45 31 53
36 35 59
34 33 64
47 56 65
4 3 66
53 54 67
17 16 68
14 13 69
41 40 69
66 3 71
57 66 71
70 55 73
28 27 74
27 50 74
29 28 74
54 29 74
50 51 74
51 54 74
25 24 75
58 62 76
72 58 76
67 72 76
24 23 77
23 48 77
48 62 77
62 58 77
75 24 77
37 36 78
47 37 78
36 59 78
6 5 79
7 6 79
51 7 79
49 51 79
35 34 80
59 35 80
34 64 80
33 32 81
32 45 81
45 61 81
64 33 82
33 81 82
61 55 82
81 61 82
13 12 83
42 41 83
41 69 83
69 13 83
61 76 84
76 62 84
78 59 85
39 38 86
38 47 86
47 65 86
26 25 87
25 75 87
51 49 88
54 51 88
67 54 88
49 72 88
72 67 88
16 15 89
15 65 89
65 56 89
56 68 89
68 16 89
72 49 90
57 58 90
58 72 90
49 79 90
8 7 91
7 51 91
50 8 91
51 50 91
69 40 92
40 39 92
39 86 92
86 65 92
73 55 93
55 61 93
61 84 93
12 11 94
11 43 94
43 42 94
42 83 94
83 12 94
45 53 95
53 67 95
61 45 95
76 61 95
67 76 95
21 20 96
20 46 96
46 73 96
15 14 97
65 15 97
92 65 97
14 69 97
69 92 97
68 56 98
56 47 98
47 78 98
78 85 98
85 60 98
70 73 99
73 46 99
60 85 99
85 70 99
57 71 100
58 57 100
77 58 100
75 77 100
71 87 100
87 75 100
62 48 101
48 63 101
84 62 101
63 93 101
93 84 101
19 18 102
46 19 102
60 99 102
99 46 102
55 70 103
80 64 103
64 82 103
82 55 103
23 22 104
48 23 104
63 48 104
59 80 105
70 85 105
85 59 105
80 103 105
103 70 105
22 21 106
21 96 106
96 63 106
63 104 106
104 22 106
3 1 107
1 26 107
71 3 107
26 87 107
87 71 107
5 4 108
4 66 108
66 57 108
57 90 108
79 5 108
90 79 108
73 93 109
93 63 109
63 96 109
96 73 109
30 29 110
53 30 110
29 54 110
54 53 110
11 10 111
10 44 111
43 11 111
44 43 111
18 17 112
17 68 112
68 98 112
98 60 112
60 102 112
102 18 112
