62
1 0 0
0 1 0
0 0 1
0.125 0.875 0
0.25 0.75 0
0.375 0.625 0
0.5 0.5 0
0.625 0.375 0
0.75 0.25 0
0.875 0.125 0
0 0.0555556 0.944444
0 0.111111 0.888889
0 0.166667 0.833333
0 0.222222 0.777778
0 0.277778 0.722222
0 0.333333 0.666667
0 0.388889 0.611111
0 0.444444 0.555556
0 0.5 0.5
0 0.555556 0.444444
0 0.611111 0.388889
0 0.666667 0.333333
0 0.722222 0.277778
0 0.777778 0.222222
0 0.833333 0.166667
0 0.888889 0.111111
0 0.944444 0.0555556
0.909091 0 0.0909091
0.818182 0 0.181818
0.727273 0 0.272727
0.636364 0 0.363636
0.545455 0 0.454545
0.454545 0 0.545455
0.363636 0 0.636364
0.272727 0 0.727273
0.181818 0 0.818182
0.0909091 0 0.909091
0.262883 0.151618 0.585499
0.451331 0.423542 0.125127
0.63578 0.275406 0.0888136
0.614029 0.163765 0.222206
0.41281 0.240229 0.346961
0.18969 0.243783 0.566527
0.237739 0.658857 0.103404
0.217875 0.517429 0.264696
0.212897 0.340116 0.446987
0.234557 0.268191 0.497252
0.602766 0.235926 0.161308
0.168073 0.101953 0.729974
0.290742 0.35952 0.349738
0.782217 0.10532 0.112463
0.372532 0.525754 0.101714
0.210707 0.124792 0.664501
0.255847 0.43808 0.306072
0.2048 0.579139 0.216061
0.454008 0.15718 0.388813
0.607438 0.111072 0.28149
0.42423 0.382969 0.1928
0.173505 0.750162 0.076333
0.4063 0.122693 0.471007
0.117644 0.0683872 0.813969
0.166941 0.64972 0.183339


3 1 26
4 3 26
25 4 26
10 2 36
11 10 36
35 11 36
15 14 37
32 31 37
8 7 38
9 8 39
8 38 39
28 27 40
16 15 42
15 37 42
6 5 43
24 23 43
21 20 44
18 17 45
17 16 46
45 17 46
16 42 46
0 9 47
9 39 47
13 12 48
12 34 48
34 33 48
19 18 49
41 40 49
18 45 49
45 41 49
40 47 49
27 0 50
0 47 50
40 27 50
47 40 50
38 7 51
7 6 51
6 43 51
14 13 52
33 32 52
32 37 52
37 14 52
13 48 52
48 33 52
44 20 53
20 19 53
19 49 53
49 47 53
22 21 54
21 44 54
44 38 54
38 51 54
30 29 55
41 45 55
45 46 55
29 28 56
28 40 56
40 41 56
41 55 56
55 29 56
39 38 57
38 44 57
47 39 57
44 53 57
53 47 57
5 4 58
4 25 58
25 24 58
24 43 58
43 5 58
31 30 59
37 31 59
42 37 59
46 42 59
30 55 59
55 46 59
12 11 60
11 35 60
34 12 60
35 34 60
23 22 61
43 23 61
51 43 61
22 54 61
54 51 61
