113
1 0 0
0 1 0
0 0 1
0.125 0.875 0
0.25 0.75 0
0.375 0.625 0
0.5 0.5 0
0.625 0.375 0
0.75 0.25 0
0.875 0.125 0
0 0.0526316 0.947368
0 0.105263 0.894737
0 0.157895 0.842105
0 0.210526 0.789474
0 0.263158 0.736842
0 0.315789 0.684211
0 0.368421 0.631579
0 0.421053 0.578947
0 0.473684 0.526316
0 0.526316 0.473684
0 0.578947 0.421053
0 0.631579 0.368421
0 0.684211 0.315789
0 0.736842 0.263158
0 0.789474 0.210526
0 0.842105 0.157895
0 0.894737 0.105263
0 0.947368 0.0526316
0.944444 0 0.0555556
0.888889 0 0.111111
0.833333 0 0.166667
0.777778 0 0.222222
0.722222 0 0.277778
0.666667 0 0.333333
0.611111 0 0.388889
0.555556 0 0.444444
0.5 0 0.5
0.444444 0 0.555556
0.388889 0 0.611111
0.333333 0 0.666667
0.277778 0 0.722222
0.222222 0 0.777778
0.166667 0 0.833333
0.111111 0 0.888889
0.0555556 0 0.944444
0.633181 0.116935 0.249885
0.113051 0.494097 0.392852
0.299857 0.130157 0.569985
0.167639 0.599739 0.232622
0.466152 0.420435 0.113413
0.783454 0.077229 0.139317
0.391531 0.091462 0.517007
0.893503 0.0728479 0.0336492
0.779849 0.17587 0.0442817
0.671187 0.257079 0.071734
0.69222 0.122633 0.185147
0.412576 0.242333 0.345091
0.169389 0.23824 0.592371
0.289662 0.627046 0.083292
0.322798 0.523442 0.15376
0.183932 0.329516 0.486552
0.468286 0.255072 0.276642
0.29069 0.497772 0.211538
0.202358 0.5138 0.283841
0.498511 0.462864 0.0386249
0.150989 0.19421 0.654801
0.245357 0.70922 0.0454232
0.583465 0.249059 0.167477
0.72744 0.159666 0.112893
0.0993552 0.356493 0.544152
0.133008 0.125438 0.741554
0.339473 0.25421 0.406317
0.44844 0.388198 0.163362
0.103329 0.819881 0.076789
0.255249 0.370451 0.3743
0.100266 0.770469 0.129265
0.443398 0.34031 0.216292
0.396724 0.51268 0.090596
0.147202 0.672552 0.180247
0.512514 0.0776251 0.40986
0.299845 0.195638 0.504516
0.268605 0.100206 0.631189
0.185303 0.472581 0.342115
0.570937 0.123358 0.305705
0.537947 0.104008 0.358046
0.104886 0.0927298 0.802384
0.100937 0.449414 0.44965
0.338406 0.400747 0.260847
0.84377 0.0789814 0.0772482
0.5857 0.298788 0.115512
0.312384 0.372975 0.314641
0.0710763 0.33349 0.595433
0.295329 0.250181 0.454491
0.0890642 0.576631 0.334305
0.560573 0.217549 0.221878
0.137371 0.827891 0.0347374
0.219622 0.0933971 0.686981
0.0861105 0.635947 0.277942
0.417003 0.128765 0.454232
0.38342 0.57492 0.0416603
0.0741146 0.0721704 0.853715
0.674422 0.294307 0.0312712
0.21103 0.361128 0.427842
0.044257 0.0384067 0.917336
0.0782082 0.424479 0.497312
0.0810218 0.282971 0.636008
0.0747426 0.695692 0.229566
0.439639 0.166292 0.394069
0.184107 0.720995 0.0948986
0.557872 0.379096 0.0630328
0.237265 0.63237 0.130364
0.208254 0.254751 0.536995
0.0912788 0.20742 0.701301


3 1 27
10 2 44
32 31 45
21 20 46
38 37 47
30 29 50
37 36 51
47 37 51
0 9 52
28 0 52
9 8 53
52 9 53
31 30 55
30 50 55
45 31 55
62 48 63
7 6 64
5 4 66
53 54 68
55 50 68
67 55 68
18 17 69
14 13 70
41 40 70
49 59 72
59 62 72
27 26 73
71 56 74
26 25 75
73 26 75
72 62 76
67 72 76
59 49 77
48 62 78
62 59 78
25 24 78
75 25 78
35 34 79
47 51 80
39 38 81
38 47 81
47 57 81
57 65 81
46 74 82
33 32 83
32 45 83
45 61 83
61 56 83
34 33 84
33 83 84
79 34 84
83 56 84
13 12 85
42 41 85
41 70 85
70 13 85
20 19 86
46 20 86
62 63 87
76 62 87
61 76 87
29 28 88
28 52 88
50 29 88
68 50 88
52 53 88
53 68 88
67 68 89
68 54 89
49 72 89
72 67 89
74 56 90
82 74 90
56 61 90
61 87 90
63 82 90
87 63 90
17 16 91
57 69 91
69 17 91
60 80 92
22 21 93
82 63 93
21 46 93
46 82 93
45 55 94
55 67 94
61 45 94
76 61 94
67 76 94
4 3 95
66 4 95
3 27 95
27 73 95
73 66 95
40 39 96
70 40 96
39 81 96
81 65 96
23 22 97
63 48 97
22 93 97
93 63 97
36 35 98
51 36 98
35 79 98
80 51 98
92 80 98
71 92 98
6 5 99
64 6 99
5 66 99
66 58 99
58 77 99
77 64 99
12 11 100
11 43 100
43 42 100
42 85 100
85 12 100
8 7 101
53 8 101
54 53 101
74 46 102
46 86 102
71 74 102
92 71 102
86 60 102
60 92 102
11 10 103
10 44 103
43 11 103
44 43 103
18 69 104
69 60 104
19 18 104
86 19 104
60 86 104
16 15 105
15 65 105
91 16 105
65 57 105
57 91 105
24 23 106
48 78 106
78 24 106
23 97 106
97 48 106
56 71 107
84 56 107
79 84 107
71 98 107
98 79 107
58 66 108
66 73 108
73 75 108
64 77 109
77 49 109
49 89 109
89 54 109
7 64 109
101 7 109
54 101 109
59 77 110
77 58 110
78 59 110
75 78 110
108 75 110
58 108 110
57 47 111
47 80 111
69 57 111
60 69 111
80 60 111
15 14 112
65 15 112
14 70 112
70 96 112
96 65 112
