92
1 0 0
0 1 0
0 0 1
0.125 0.875 0
0.25 0.75 0
0.375 0.625 0
0.5 0.5 0
0.625 0.375 0
0.75 0.25 0
0.875 0.125 0
0 0.0526316 0.947368
0 0.105263 0.894737
0 0.157895 0.842105
0 0.210526 0.789474
0 0.263158 0.736842
0 0.315789 0.684211
0 0.368421 0.631579
0 0.421053 0.578947
0 0.473684 0.526316
0 0.526316 0.473684
0 0.578947 0.421053
0 0.631579 0.368421
0 0.684211 0.315789
0 0.736842 0.263158
0 0.789474 0.210526
0 0.842105 0.157895
0 0.894737 0.105263
0 0.947368 0.0526316
0.933333 0 0.0666667
0.866667 0 0.133333
0.8 0 0.2
0.733333 0 0.266667
0.666667 0 0.333333
0.6 0 0.4
0.533333 0 0.466667
0.466667 0 0.533333
0.4 0 0.6
0.333333 0 0.666667
0.266667 0 0.733333
0.2 0 0.8
0.133333 0 0.866667
0.0666667 0 0.933333
0.625023 0.111386 0.263592
0.117414 0.47731 0.405276
0.293191 0.119849 0.58696
0.151818 0.610897 0.237285
0.483626 0.407784 0.10859
0.380927 0.102758 0.516315
0.665079 0.271805 0.0631156
0.656454 0.145164 0.198381
0.770653 0.108672 0.120675
0.372033 0.285741 0.342226
0.184656 0.235412 0.579932
0.260189 0.637053 0.102758
0.299313 0.541011 0.159677
0.186019 0.328817 0.485165
0.496233 0.230626 0.273141
0.166415 0.53394 0.299644
0.492451 0.471315 0.0362342
0.524773 0.0945792 0.380648
0.140845 0.200138 0.659017
0.243095 0.707638 0.0492674
0.615573 0.226109 0.158318
0.296095 0.473179 0.230726
0.15069 0.127757 0.721553
0.866289 0.0810914 0.0526196
0.468753 0.317544 0.213703
0.404756 0.509186 0.0860581
0.133434 0.694042 0.172524
0.151197 0.401303 0.4475
0.239125 0.420815 0.34006
0.554237 0.311371 0.134392
0.290909 0.208371 0.50072
0.345156 0.236249 0.418595
0.451239 0.101944 0.446818
0.607062 0.0765083 0.31643
0.726041 0.187799 0.0861596
0.115163 0.831684 0.0531525
0.126828 0.767358 0.105814
0.116105 0.334867 0.549028
0.0906642 0.0699145 0.839421
0.118936 0.0951318 0.785932
0.252713 0.0952185 0.652068
0.340846 0.374668 0.284487
0.107705 0.531259 0.361036
0.249461 0.360398 0.390141
0.573464 0.377199 0.0493369
0.371614 0.58377 0.0446166
0.411934 0.416261 0.171805
0.491913 0.170261 0.337827
0.0898033 0.27572 0.634477
0.0522279 0.0387206 0.909052


3 1 27
10 2 41
31 30 42
20 19 43
36 35 44
23 22 45
35 34 47
44 35 47
9 8 48
30 29 49
42 30 49
29 28 50
49 29 50
44 47 52
42 49 56
22 21 57
45 22 57
7 6 58
33 32 59
15 14 60
5 4 61
49 50 62
54 45 63
45 57 63
14 13 64
38 37 64
60 14 64
0 9 65
28 0 65
50 28 65
56 49 66
49 62 66
53 54 67
54 46 67
24 23 68
23 45 68
25 24 68
45 54 68
54 53 68
19 18 69
18 55 69
43 19 69
48 46 71
66 62 71
52 47 72
69 55 73
55 72 73
34 33 74
47 34 74
72 47 74
33 59 74
59 73 74
73 72 74
32 31 75
31 42 75
59 32 75
62 50 76
9 48 76
65 9 76
50 65 76
48 71 76
71 62 76
4 3 77
3 27 77
27 26 77
61 4 77
26 25 78
53 61 78
25 68 78
68 53 78
61 77 78
77 26 78
17 16 79
16 52 79
18 17 79
55 18 79
52 72 79
72 55 79
12 11 80
11 40 80
40 39 80
13 12 81
39 38 81
38 64 81
64 13 81
12 80 81
80 39 81
37 36 82
36 44 82
44 60 82
60 64 82
64 37 82
51 56 83
70 51 83
56 66 83
63 57 83
57 70 83
66 63 83
21 20 84
20 43 84
43 70 84
57 21 84
70 57 84
43 69 85
51 70 85
70 43 85
69 73 85
73 51 85
8 7 86
48 8 86
46 48 86
7 58 86
58 67 86
67 46 86
6 5 87
58 6 87
5 61 87
61 53 87
53 67 87
67 58 87
46 54 88
54 63 88
71 46 88
63 66 88
66 71 88
42 56 89
56 51 89
75 42 89
51 73 89
73 59 89
59 75 89
16 15 90
52 16 90
44 52 90
60 44 90
15 60 90
11 10 91
10 41 91
40 11 91
41 40 91
