116
1 0 0
0 1 0
0 0 1
0.125 0.875 0
0.25 0.75 0
0.375 0.625 0
0.5 0.5 0
0.625 0.375 0
0.75 0.25 0
0.875 0.125 0
0 0.0526316 0.947368
0 0.105263 0.894737
0 0.157895 0.842105
0 0.210526 0.789474
0 0.263158 0.736842
0 0.315789 0.684211
0 0.368421 0.631579
0 0.421053 0.578947
0 0.473684 0.526316
0 0.526316 0.473684
0 0.578947 0.421053
0 0.631579 0.368421
0 0.684211 0.315789
0 0.736842 0.263158
0 0.789474 0.210526
0 0.842105 0.157895
0 0.894737 0.105263
0 0.947368 0.0526316
0.947368 0 0.0526316
0.894737 0 0.105263
0.842105 0 0.157895
0.789474 0 0.210526
0.736842 0 0.263158
0.684211 0 0.315789
0.631579 0 0.368421
0.578947 0 0.421053
0.526316 0 0.473684
0.473684 0 0.526316
0.421053 0 0.578947
0.368421 0 0.631579
0.315789 0 0.684211
0.263158 0 0.736842
0.210526 0 0.789474
0.157895 0 0.842105
0.105263 0 0.894737
0.0526316 0 0.947368
0.640493 0.104818 0.254689
0.113541 0.492974 0.393485
0.276517 0.139523 0.583961
0.166684 0.596934 0.236382
0.520688 0.388293 0.0910191
0.8 0.161498 0.0385021
0.678274 0.251133 0.0705932
0.900363 0.0676456 0.0319915
0.688407 0.119902 0.191691
0.730748 0.139026 0.130227
0.383403 0.266185 0.350411
0.166688 0.250404 0.582909
0.286312 0.617517 0.0961713
0.0854313 0.0985506 0.816018
0.306732 0.541029 0.152239
0.416958 0.0953695 0.487673
0.201422 0.319143 0.479435
0.467949 0.249874 0.282177
0.297847 0.496212 0.205941
0.17378 0.531637 0.294583
0.534481 0.0810572 0.384462
0.164847 0.193185 0.641968
0.239703 0.711818 0.0484794
0.576907 0.251434 0.17166
0.0860007 0.362227 0.551772
0.118426 0.141099 0.740475
0.326377 0.269887 0.403736
0.444403 0.401112 0.154485
0.103642 0.818459 0.0778986
0.249366 0.375703 0.374932
0.816707 0.10463 0.0786624
0.093904 0.776197 0.129899
0.443753 0.340753 0.215494
0.395134 0.505561 0.0993048
0.259702 0.0896654 0.650633
0.145138 0.675406 0.179457
0.293624 0.195142 0.511235
0.463631 0.490611 0.0457578
0.368133 0.0939152 0.537952
0.182463 0.473777 0.34376
0.475579 0.0871345 0.437287
0.579672 0.118875 0.301453
0.492659 0.16537 0.34197
0.101319 0.448171 0.45051
0.353644 0.389849 0.256507
0.593613 0.284331 0.122057
0.179846 0.719638 0.100516
0.302567 0.385698 0.311735
0.338832 0.208665 0.452504
0.0824996 0.31341 0.604091
0.55684 0.217339 0.225822
0.0857897 0.578544 0.335666
0.093986 0.21218 0.693834
0.595668 0.366553 0.037779
0.136531 0.829026 0.0344432
0.0826812 0.638269 0.279049
0.0683141 0.07317 0.858516
0.191418 0.276286 0.532296
0.216718 0.353859 0.429423
0.354194 0.593592 0.0522139
0.431398 0.169876 0.398726
0.592646 0.0662633 0.341091
0.091153 0.407356 0.501491
0.214867 0.647661 0.137473
0.0392196 0.0408463 0.919934
0.0665977 0.282871 0.650531
0.133942 0.0900777 0.77598
0.0757481 0.695504 0.228748
0.24897 0.488482 0.262547
0.202664 0.0997109 0.697625


3 1 27
10 2 45
32 31 46
33 32 46
21 20 47
39 38 48
9 8 51
51 8 52
0 9 53
28 0 53
9 51 53
31 30 54
46 31 54
30 29 55
54 30 55
13 12 59
43 42 59
37 36 61
35 34 66
48 57 67
5 4 68
54 55 69
18 17 70
14 13 71
60 64 73
27 26 74
72 56 75
29 28 76
28 53 76
53 51 76
55 29 76
51 52 76
52 55 76
26 25 77
74 26 77
73 64 78
69 73 78
58 60 79
60 73 79
73 50 79
40 39 80
39 48 80
48 67 80
49 64 81
64 60 81
25 24 81
77 25 81
6 5 83
79 50 83
38 37 84
48 38 84
82 48 84
37 61 84
61 82 84
47 75 85
36 35 86
61 36 86
35 66 86
33 46 87
46 63 87
63 56 88
87 63 88
20 19 89
47 20 89
78 64 90
63 78 90
52 50 91
55 52 91
69 55 91
50 73 91
73 69 91
58 68 92
68 74 92
74 77 92
75 56 93
85 75 93
56 63 93
63 90 93
65 85 93
82 61 94
62 82 94
61 86 94
17 16 95
67 57 95
57 70 95
70 17 95
46 54 96
54 69 96
63 46 96
78 63 96
69 78 96
22 21 97
85 65 97
21 47 97
47 85 97
15 14 98
14 71 98
8 7 99
52 8 99
50 52 99
7 6 99
6 83 99
83 50 99
4 3 100
68 4 100
3 27 100
27 74 100
74 68 100
23 22 101
65 49 101
22 97 101
97 65 101
12 11 102
11 44 102
44 43 102
43 59 102
59 12 102
57 48 103
48 82 103
82 62 103
70 57 103
75 47 104
47 89 104
89 62 104
72 75 104
62 94 104
94 72 104
5 68 105
83 5 105
68 58 105
58 79 105
79 83 105
56 72 106
86 66 106
66 88 106
88 56 106
72 94 106
94 86 106
34 33 107
33 87 107
66 34 107
88 66 107
87 88 107
18 70 108
19 18 108
89 19 108
62 89 108
70 103 108
103 62 108
60 58 109
58 92 109
81 60 109
77 81 109
92 77 109
11 10 110
10 45 110
44 11 110
45 44 110
16 15 111
67 95 111
95 16 111
15 98 111
98 67 111
42 41 112
41 71 112
13 59 112
71 13 112
59 42 112
24 23 113
49 81 113
81 24 113
23 101 113
101 49 113
64 49 114
90 64 114
49 65 114
65 93 114
93 90 114
41 40 115
71 41 115
80 67 115
67 98 115
98 71 115
40 80 115
