78
1 0 0
0 1 0
0 0 1
0.125 0.875 0
0.25 0.75 0
0.375 0.625 0
0.5 0.5 0
0.625 0.375 0
0.75 0.25 0
0.875 0.125 0
0 0.05 0.95
0 0.1 0.9
0 0.15 0.85
0 0.2 0.8
0 0.25 0.75
0 0.3 0.7
0 0.35 0.65
0 0.4 0.6
0 0.45 0.55
0 0.5 0.5
0 0.55 0.45
0 0.6 0.4
0 0.65 0.35
0 0.7 0.3
0 0.75 0.25
0 0.8 0.2
0 0.85 0.15
0 0.9 0.1
0 0.95 0.05
0.928571 0 0.0714286
0.857143 0 0.142857
0.785714 0 0.214286
0.714286 0 0.285714
0.642857 0 0.357143
0.571429 0 0.428571
0.5 0 0.5
0.428571 0 0.571429
0.357143 0 0.642857
0.285714 0 0.714286
0.214286 0 0.785714
0.142857 0 0.857143
0.0714287 0 0.928571
0.61685 0.130694 0.252456
0.298365 0.124115 0.57752
0.209419 0.574338 0.216243
0.431055 0.446652 0.122293
0.637877 0.278126 0.0839968
0.648919 0.153303 0.197778
0.390164 0.250772 0.359064
0.181796 0.244126 0.574078
0.270048 0.641073 0.0888793
0.381441 0.115768 0.502791
0.243955 0.301049 0.454995
0.4374 0.284154 0.278446
0.171461 0.538747 0.289793
0.233835 0.612453 0.153712
0.247849 0.250787 0.501364
0.577214 0.25204 0.170746
0.159171 0.116652 0.724177
0.171741 0.76028 0.0679793
0.767677 0.10452 0.127803
0.233727 0.390247 0.376026
0.791793 0.133953 0.0742532
0.463571 0.101632 0.434797
0.466178 0.145584 0.388238
0.445635 0.488334 0.0660306
0.198907 0.141886 0.659207
0.196393 0.462044 0.341564
0.408275 0.40722 0.184504
0.36211 0.386005 0.251884
0.589188 0.105341 0.30547
0.0909857 0.062957 0.846057
0.128696 0.0936972 0.777607
0.112755 0.846288 0.0409577
0.149544 0.401826 0.44863
0.128442 0.235059 0.636499
0.122675 0.750423 0.126902
0.592585 0.359296 0.0481189


3 1 28
10 2 41
11 10 41
40 11 41
31 30 42
36 35 43
24 23 44
9 8 46
42 30 47
17 16 49
6 5 50
35 34 51
43 35 51
49 43 51
42 47 53
48 42 53
23 22 54
44 23 54
22 21 54
25 24 55
50 25 55
24 44 55
44 45 55
18 17 56
52 18 56
17 49 56
49 51 56
53 47 57
14 13 58
38 37 58
5 4 59
27 26 59
50 5 59
30 29 60
47 30 60
57 47 60
48 53 61
0 9 62
9 46 62
29 0 62
60 29 62
46 57 62
57 60 62
34 33 63
51 34 63
56 51 63
33 32 64
48 52 64
63 33 64
52 56 64
56 63 64
7 6 65
6 50 65
55 45 65
50 55 65
15 14 66
37 36 66
36 43 66
14 58 66
58 37 66
54 21 67
21 20 67
20 61 67
61 53 67
45 44 68
46 45 68
57 46 68
44 54 68
53 57 69
67 53 69
54 67 69
57 68 69
68 54 69
32 31 70
31 42 70
42 48 70
48 64 70
64 32 70
12 11 71
11 40 71
39 12 71
40 39 71
13 12 72
12 39 72
39 38 72
38 58 72
58 13 72
4 3 73
3 28 73
28 27 73
27 59 73
59 4 73
19 18 74
18 52 74
20 19 74
61 20 74
52 48 74
48 61 74
16 15 75
43 49 75
49 16 75
15 66 75
66 43 75
26 25 76
25 50 76
50 59 76
59 26 76
8 7 77
45 46 77
46 8 77
7 65 77
65 45 77
