35
1 0 0
0 1 0
0 0 1
0.125 0.875 0
0.25 0.75 0
0.375 0.625 0
0.5 0.5 0
0.625 0.375 0
0.75 0.25 0
0.875 0.125 0
0 0.25 0.75
0 0.5 0.5
0 0.75 0.25
0.888889 0 0.111111
0.777778 0 0.222222
0.666667 0 0.333333
0.555556 0 0.444444
0.444444 0 0.555556
0.333333 0 0.666667
0.222222 0 0.777778
0.111111 0 0.888889
0.10551 0.495123 0.399367
0.182062 0.601959 0.215979
0.375782 0.243927 0.380291
0.15971 0.2196 0.620691
0.306576 0.493505 0.199919
0.486749 0.230656 0.282596
0.685679 0.161052 0.153269
0.583924 0.218697 0.197379
0.0762522 0.271607 0.65214
0.24847 0.289998 0.461531
0.0724763 0.761938 0.165586
0.417955 0.426848 0.155198
0.817718 0.0944464 0.087836
0.0484872 0.11342 0.838093


0 9 13
12 11 21
4 3 22
18 17 23
20 19 24
5 4 25
4 22 25
17 16 26
23 17 26
8 7 27
14 8 27
15 14 27
7 6 28
6 26 28
16 15 28
26 16 28
27 7 28
15 27 28
11 10 29
21 11 29
24 21 29
20 24 29
19 18 30
24 19 30
22 21 30
21 24 30
18 23 30
23 25 30
25 22 30
3 1 31
1 12 31
22 3 31
12 21 31
21 22 31
6 5 32
26 6 32
5 25 32
25 23 32
23 26 32
9 8 33
8 14 33
13 9 33
14 13 33
10 2 34
2 20 34
20 29 34
29 10 34
