42
1 0 0
0 1 0
0 0 1
0.125 0.875 0
0.25 0.75 0
0.375 0.625 0
0.5 0.5 0
0.625 0.375 0
0.75 0.25 0
0.875 0.125 0
0 0.2 0.8
0 0.4 0.6
0 0.6 0.4
0 0.8 0.2
0.909091 0 0.0909091
0.818182 0 0.181818
0.727273 0 0.272727
0.636364 0 0.363636
0.545455 0 0.454545
0.454545 0 0.545455
0.363636 0 0.636364
0.272727 0 0.727273
0.181818 0 0.818182
0.0909091 0 0.909091
0.103469 0.519575 0.376956
0.271138 0.163026 0.565836
0.143485 0.629479 0.227036
0.40412 0.235992 0.359888
0.158484 0.264767 0.576749
0.335133 0.498125 0.166742
0.47561 0.271519 0.252871
0.600067 0.278138 0.121795
0.0830752 0.235914 0.68101
0.338881 0.19014 0.470979
0.218198 0.364548 0.417254
0.702897 0.178194 0.118909
0.490665 0.392828 0.116507
0.834503 0.0980243 0.0674725
0.275185 0.433738 0.291077
0.216474 0.659465 0.124061
0.0667021 0.813787 0.119511
0.586434 0.180071 0.233495


0 9 14
10 2 23
13 12 24
21 20 25
13 24 26
19 18 27
24 12 28
22 21 28
21 25 28
5 4 29
18 17 30
5 29 30
27 18 30
29 27 30
7 6 31
11 10 32
10 23 32
23 22 32
12 11 32
28 12 32
22 28 32
20 19 33
19 27 33
25 20 33
26 24 34
24 28 34
28 25 34
25 33 34
8 7 35
15 8 35
16 15 35
7 31 35
31 16 35
6 5 36
5 30 36
31 6 36
9 8 37
8 15 37
14 9 37
15 14 37
27 29 38
33 27 38
26 34 38
34 33 38
4 3 39
29 4 39
38 29 39
3 26 39
26 38 39
3 1 40
26 3 40
1 13 40
13 26 40
17 16 41
16 31 41
30 17 41
36 30 41
31 36 41
