37
1 0 0
0 1 0
0 0 1
0.125 0.875 0
0.25 0.75 0
0.375 0.625 0
0.5 0.5 0
0.625 0.375 0
0.75 0.25 0
0.875 0.125 0
0 0.2 0.8
0 0.4 0.6
0 0.6 0.4
0 0.8 0.2
0.916667 0 0.0833333
0.833333 0 0.166667
0.75 0 0.25
0.666667 0 0.333333
0.583333 0 0.416667
0.5 0 0.5
0.416667 0 0.583333
0.333333 0 0.666667
0.25 0 0.75
0.166667 0 0.833333
0.0833334 0 0.916667
0.131186 0.425238 0.443576
0.151843 0.610536 0.237621
0.522488 0.299286 0.178227
0.388382 0.244718 0.366899
0.268479 0.548504 0.183018
0.11841 0.267163 0.614427
0.252842 0.242723 0.504435
0.419609 0.353149 0.227242
0.620042 0.223425 0.156533
0.730713 0.174142 0.0951445
0.29731 0.324442 0.378248
0.0600939 0.167752 0.772154


0 9 14
9 8 15
14 9 15
10 2 24
13 12 25
3 1 26
1 13 26
13 25 26
6 5 27
18 17 27
20 19 28
4 3 29
3 26 29
12 11 30
11 23 30
23 22 30
22 25 30
25 12 30
22 21 31
25 22 31
21 20 31
26 25 31
18 27 32
27 5 32
5 4 32
19 18 32
28 19 32
4 29 32
29 28 32
7 6 33
16 7 33
17 16 33
6 27 33
27 17 33
8 7 34
7 16 34
15 8 34
16 15 34
20 28 35
28 29 35
29 26 35
26 31 35
31 20 35
11 10 36
10 24 36
23 11 36
24 23 36
