45
1 0 0
0 1 0
0 0 1
0.125 0.875 0
0.25 0.75 0
0.375 0.625 0
0.5 0.5 0
0.625 0.375 0
0.75 0.25 0
0.875 0.125 0
0 0.166667 0.833333
0 0.333333 0.666667
0 0.5 0.5
0 0.666667 0.333333
0 0.833333 0.166667
0.916667 0 0.0833333
0.833333 0 0.166667
0.75 0 0.25
0.666667 0 0.333333
0.583333 0 0.416667
0.5 0 0.5
0.416667 0 0.583333
0.333333 0 0.666667
0.25 0 0.75
0.166667 0 0.833333
0.0833334 0 0.916667
0.102066 0.506081 0.391853
0.152718 0.584825 0.262457
0.47845 0.393421 0.128129
0.71828 0.166494 0.115225
0.393455 0.26725 0.339295
0.165722 0.256162 0.578116
0.346462 0.488272 0.165265
0.481701 0.228456 0.289844
0.60894 0.270428 0.120631
0.251224 0.280695 0.46808
0.207567 0.657378 0.135055
0.0733325 0.293602 0.633065
0.147931 0.137299 0.71477
0.0922356 0.800206 0.107558
0.593987 0.164198 0.241815
0.35748 0.198236 0.444284
0.838103 0.100691 0.0612058
0.0727906 0.157863 0.769347
0.273356 0.431227 0.295417


0 9 15
10 2 25
14 13 26
13 12 26
14 26 27
6 5 28
8 7 29
16 8 29
17 16 29
26 12 31
23 22 31
5 4 32
28 5 32
20 19 33
30 20 33
28 32 33
32 30 33
6 28 34
7 6 34
29 7 34
18 17 34
17 29 34
22 21 35
27 26 35
26 31 35
31 22 35
4 3 36
32 4 36
12 11 37
31 12 37
24 23 38
23 31 38
31 37 38
3 1 39
1 14 39
14 27 39
27 36 39
36 3 39
19 18 40
33 19 40
28 33 40
18 34 40
34 28 40
21 20 41
20 30 41
35 21 41
9 8 42
8 16 42
15 9 42
16 15 42
11 10 43
10 25 43
25 24 43
24 38 43
37 11 43
38 37 43
30 32 44
32 36 44
27 35 44
35 41 44
41 30 44
36 27 44
