44
1 0 0
0 1 0
0 0 1
0.125 0.875 0
0.25 0.75 0
0.375 0.625 0
0.5 0.5 0
0.625 0.375 0
0.75 0.25 0
0.875 0.125 0
0 0.166667 0.833333
0 0.333333 0.666667
0 0.5 0.5
0 0.666667 0.333333
0 0.833333 0.166667
0.9 0 0.1
0.8 0 0.2
0.7 0 0.3
0.6 0 0.4
0.5 0 0.5
0.4 0 0.6
0.3 0 0.7
0.2 0 0.8
0.1 0 0.9
0.626299 0.132928 0.240773
0.110368 0.479426 0.410206
0.288036 0.154307 0.557658
0.171834 0.613365 0.214801
0.474202 0.409116 0.116682
0.73622 0.143538 0.120242
0.391051 0.257775 0.351174
0.184912 0.220758 0.59433
0.263185 0.627343 0.109472
0.371711 0.155773 0.472516
0.510001 0.228746 0.261253
0.288335 0.458657 0.253007
0.102681 0.165231 0.732088
0.0837612 0.804273 0.111965
0.244568 0.35365 0.401782
0.587473 0.289231 0.123296
0.386875 0.429715 0.18341
0.0792109 0.340359 0.58043
0.072153 0.67794 0.249907
0.495528 0.111312 0.393161


0 9 15
10 2 23
18 17 24
13 12 25
21 20 26
6 5 28
9 8 29
15 9 29
16 15 29
8 7 29
17 16 29
24 17 29
22 21 31
21 26 31
4 3 32
3 27 32
5 4 32
20 19 33
26 20 33
18 24 34
32 27 35
11 10 36
10 23 36
23 22 36
22 31 36
3 1 37
1 14 37
27 3 37
25 31 38
31 26 38
27 25 38
35 27 38
26 33 38
33 30 38
30 35 38
7 6 39
6 28 39
24 29 39
29 7 39
28 34 39
34 24 39
28 5 40
5 32 40
30 34 40
34 28 40
35 30 40
32 35 40
12 11 41
25 12 41
31 25 41
11 36 41
36 31 41
14 13 42
13 25 42
25 27 42
27 37 42
37 14 42
30 33 43
33 19 43
19 18 43
18 34 43
34 30 43
