28
1 0 0
0 1 0
0 0 1
0.125 0.875 0
0.25 0.75 0
0.375 0.625 0
0.5 0.5 0
0.625 0.375 0
0.75 0.25 0
0.875 0.125 0
0 0.166667 0.833333
0 0.333333 0.666667
0 0.5 0.5
0 0.666667 0.333333
0 0.833333 0.166667
0.928571 0 0.0714286
0.857143 0 0.142857
0.785714 0 0.214286
0.714286 0 0.285714
0.642857 0 0.357143
0.571429 0 0.428571
0.5 0 0.5
0.428571 0 0.571429
0.357143 0 0.642857
0.285714 0 0.714286
0.214286 0 0.785714
0.142857 0 0.857143
0.0714286 0 0.928571


0 9 15
9 8 16
15 9 16
8 7 17
16 8 17
7 6 18
17 7 18
6 5 19
18 6 19
5 4 20
19 5 20
4 3 21
20 4 21
3 1 22
21 3 22
1 14 22
14 13 23
22 14 23
13 12 24
23 13 24
12 11 25
24 12 25
11 10 26
25 11 26
10 2 27
26 10 27
