51
1 0 0
0 1 0
0 0 1
0.125 0.875 0
0.25 0.75 0
0.375 0.625 0
0.5 0.5 0
0.625 0.375 0
0.75 0.25 0
0.875 0.125 0
0 0.142857 0.857143
0 0.285714 0.714286
0 0.428572 0.571429
0 0.571429 0.428571
0 0.714286 0.285714
0 0.857143 0.142857
0.923077 0 0.0769231
0.846154 0 0.153846
0.769231 0 0.230769
0.692308 0 0.307692
0.615385 0 0.384615
0.538462 0 0.461538
0.461538 0 0.538462
0.384615 0 0.615385
0.307692 0 0.692308
0.230769 0 0.769231
0.153846 0 0.846154
0.0769231 0 0.923077
0.11985 0.445087 0.435063
0.256874 0.203998 0.539128
0.148595 0.629898 0.221508
0.506779 0.365064 0.128157
0.651961 0.185004 0.163035
0.384082 0.2493 0.366619
0.179032 0.213868 0.6071
0.06363 0.129425 0.806945
0.329392 0.486444 0.184164
0.475766 0.255263 0.268971
0.202787 0.672067 0.125145
0.741865 0.155962 0.102173
0.106637 0.193951 0.699412
0.233925 0.384025 0.38205
0.341395 0.173525 0.48508
0.0881485 0.814362 0.0974891
0.587448 0.163087 0.249465
0.828663 0.106782 0.0645551
0.581671 0.340147 0.0781827
0.096912 0.611797 0.291291
0.269322 0.464088 0.26659
0.383901 0.505302 0.110797
0.0792252 0.374043 0.546732


0 9 16
10 2 27
14 13 28
24 23 29
6 5 31
19 18 32
22 21 33
25 24 34
24 29 34
29 28 34
11 10 35
10 27 35
27 26 35
21 20 37
33 21 37
36 33 37
4 3 38
36 4 38
8 7 39
18 17 39
7 32 39
32 18 39
12 11 40
26 25 40
25 34 40
11 35 40
35 26 40
28 29 41
23 22 42
29 23 42
41 29 42
22 33 42
33 41 42
1 15 43
15 30 43
3 1 43
38 3 43
30 38 43
20 19 44
19 32 44
32 31 44
31 37 44
37 20 44
9 8 45
16 9 45
17 16 45
8 39 45
39 17 45
7 6 46
32 7 46
6 31 46
31 32 46
15 14 47
30 15 47
14 28 47
28 41 47
41 30 47
38 30 48
33 36 48
36 38 48
30 41 48
41 33 48
5 4 49
4 36 49
31 5 49
37 31 49
36 37 49
13 12 50
28 13 50
34 28 50
12 40 50
40 34 50
