39
1 0 0
0 1 0
0 0 1
0.125 0.875 0
0.25 0.75 0
0.375 0.625 0
0.5 0.5 0
0.625 0.375 0
0.75 0.25 0
0.875 0.125 0
0 0.142857 0.857143
0 0.285714 0.714286
0 0.428571 0.571429
0 0.571429 0.428571
0 0.714286 0.285714
0 0.857143 0.142857
0.833333 0 0.166667
0.666667 0 0.333333
0.5 0 0.5
0.333333 0 0.666667
0.166667 0 0.833333
0.641956 0.147025 0.211019
0.131572 0.481406 0.387021
0.289282 0.129907 0.580812
0.137182 0.613809 0.24901
0.455869 0.374396 0.169735
0.366817 0.256866 0.376317
0.187955 0.255826 0.556219
0.304282 0.514107 0.181611
0.614558 0.274432 0.11101
0.128981 0.151843 0.719176
0.757649 0.101718 0.140633
0.257817 0.379008 0.363175
0.116343 0.751267 0.13239
0.484687 0.123405 0.391908
0.520426 0.237124 0.24245
0.399825 0.0647782 0.535397
0.239397 0.653895 0.106708
0.103792 0.360384 0.535824


3 1 15
0 9 16
10 2 20
13 12 22
20 19 23
14 13 24
13 22 24
7 6 25
23 26 27
24 22 28
6 5 28
25 6 28
8 7 29
21 8 29
7 25 29
10 20 30
20 23 30
11 10 30
27 11 30
23 27 30
9 8 31
8 21 31
16 9 31
17 16 31
21 17 31
27 26 32
28 22 32
26 25 32
25 28 32
4 3 33
3 15 33
15 14 33
14 24 33
18 17 34
17 21 34
26 23 34
25 26 35
29 25 35
21 29 35
34 21 35
26 34 35
19 18 36
23 19 36
18 34 36
34 23 36
5 4 37
24 28 37
28 5 37
4 33 37
33 24 37
12 11 38
11 27 38
22 12 38
27 32 38
32 22 38
