47
1 0 0
0 1 0
0 0 1
0.125 0.875 0
0.25 0.75 0
0.375 0.625 0
0.5 0.5 0
0.625 0.375 0
0.75 0.25 0
0.875 0.125 0
0 0.142857 0.857143
0 0.285714 0.714286
0 0.428571 0.571429
0 0.571429 0.428571
0 0.714286 0.285714
0 0.857143 0.142857
0.9 0 0.1
0.8 0 0.2
0.7 0 0.3
0.6 0 0.4
0.5 0 0.5
0.4 0 0.6
0.3 0 0.7
0.2 0 0.8
0.1 0 0.9
0.613913 0.132109 0.253978
0.0987923 0.473825 0.427383
0.281649 0.126569 0.591782
0.152789 0.599527 0.247684
0.487147 0.385687 0.127166
0.400034 0.116064 0.483902
0.746181 0.12261 0.13121
0.377708 0.275827 0.346465
0.183523 0.275294 0.541183
0.257082 0.636511 0.106407
0.503823 0.250699 0.245478
0.291725 0.477437 0.230838
0.608226 0.282576 0.109198
0.139847 0.141271 0.718882
0.120243 0.782897 0.0968603
0.230557 0.39505 0.374393
0.50287 0.123201 0.373929
0.401696 0.382565 0.215739
0.297528 0.236095 0.466377
0.082971 0.317007 0.600022
0.0681293 0.728848 0.203023
0.382673 0.514155 0.103172


0 9 16
10 2 24
19 18 25
14 13 26
13 12 26
22 21 27
14 26 28
21 20 30
27 21 30
9 8 31
16 9 31
17 16 31
18 17 31
25 18 31
5 4 34
34 28 36
7 6 37
6 29 37
8 7 37
31 8 37
25 31 37
29 35 37
35 25 37
11 10 38
10 24 38
24 23 38
23 22 38
22 27 38
27 33 38
3 1 39
1 15 39
4 3 39
34 4 39
28 34 39
26 33 40
28 26 40
36 28 40
32 36 40
30 20 41
32 30 41
20 19 41
35 32 41
19 25 41
25 35 41
32 35 42
36 32 42
35 29 42
27 30 43
33 27 43
40 33 43
30 32 43
32 40 43
26 12 44
33 26 44
12 11 44
11 38 44
38 33 44
15 14 45
14 28 45
28 39 45
39 15 45
6 5 46
29 6 46
42 29 46
5 34 46
34 36 46
36 42 46
