30
1 0 0
0 1 0
0 0 1
0.125 0.875 0
0.25 0.75 0
0.375 0.625 0
0.5 0.5 0
0.625 0.375 0
0.75 0.25 0
0.875 0.125 0
0 0.142857 0.857143
0 0.285714 0.714286
0 0.428571 0.571429
0 0.571428 0.428571
0 0.714286 0.285714
0 0.857143 0.142857
0.933333 0 0.0666667
0.866667 0 0.133333
0.8 0 0.2
0.733333 0 0.266667
0.666667 0 0.333333
0.6 0 0.4
0.533333 0 0.466667
0.466667 0 0.533333
0.4 0 0.6
0.333333 0 0.666667
0.266667 0 0.733333
0.2 0 0.8
0.133333 0 0.866667
0.0666667 0 0.933333


0 9 16
9 8 17
16 9 17
8 7 18
17 8 18
7 6 19
18 7 19
6 5 20
19 6 20
5 4 21
20 5 21
4 3 22
21 4 22
3 1 23
22 3 23
1 15 23
15 14 24
23 15 24
14 13 25
24 14 25
13 12 26
25 13 26
12 11 27
26 12 27
11 10 28
27 11 28
10 2 29
28 10 29
