47
1 0 0
0 1 0
0 0 1
0.125 0.875 0
0.25 0.75 0
0.375 0.625 0
0.5 0.5 0
0.625 0.375 0
0.75 0.25 0
0.875 0.125 0
0 0.125 0.875
0 0.25 0.75
0 0.375 0.625
0 0.5 0.5
0 0.625 0.375
0 0.75 0.25
0 0.875 0.125
0.933333 0 0.0666667
0.866667 0 0.133333
0.8 0 0.2
0.733333 0 0.266667
0.666667 0 0.333333
0.6 0 0.4
0.533333 0 0.466667
0.466667 0 0.533333
0.4 0 0.6
0.333333 0 0.666667
0.266667 0 0.733333
0.2 0 0.8
0.133333 0 0.866667
0.0666667 0 0.933333
0.112659 0.478969 0.408372
0.17108 0.607576 0.221344
0.478989 0.385009 0.136002
0.364719 0.31649 0.318791
0.159173 0.285038 0.555789
0.299674 0.558433 0.141893
0.460187 0.290393 0.24942
0.660864 0.22065 0.118486
0.248058 0.25565 0.496292
0.197348 0.661366 0.141286
0.306762 0.280841 0.412397
0.119876 0.223188 0.656936
0.741554 0.170951 0.0874946
0.0846479 0.177575 0.737777
0.142139 0.5385 0.319361
0.605646 0.216829 0.177526


0 9 17
9 8 18
17 9 18
10 2 30
11 10 30
29 11 30
15 14 31
1 16 32
6 5 33
5 4 33
24 23 34
14 13 35
31 14 35
27 26 35
4 3 36
22 21 37
21 33 37
23 22 37
34 23 37
33 4 37
4 36 37
36 34 37
7 6 38
20 19 38
26 25 39
31 35 39
35 26 39
3 1 40
1 32 40
36 3 40
32 34 40
34 36 40
24 34 41
34 32 41
25 24 41
39 25 41
13 12 42
28 27 42
27 35 42
35 13 42
8 7 43
18 8 43
19 18 43
7 38 43
38 19 43
12 11 44
11 29 44
29 28 44
28 42 44
42 12 44
16 15 45
32 16 45
15 31 45
31 39 45
41 32 45
39 41 45
6 33 46
21 20 46
33 21 46
20 38 46
38 6 46
