40
1 0 0
0 1 0
0 0 1
0.111111 0.888889 0
0.222222 0.777778 0
0.333333 0.666667 0
0.444444 0.555556 0
0.555556 0.444444 0
0.666667 0.333333 0
0.777778 0.222222 0
0.888889 0.111111 0
0 0.1 0.9
0 0.2 0.8
0 0.3 0.7
0 0.4 0.6
0 0.5 0.5
0 0.6 0.4
0 0.7 0.3
0 0.8 0.2
0 0.9 0.1
0.75 0 0.25
0.5 0 0.5
0.25 0 0.75
0.602251 0.119189 0.278559
0.316893 0.154294 0.528813
0.19569 0.61075 0.193561
0.411202 0.234072 0.354726
0.188966 0.241903 0.569131
0.325097 0.495741 0.179163
0.236258 0.3305 0.433242
0.42141 0.38369 0.194899
0.0822891 0.840144 0.077567
0.197058 0.433125 0.369817
0.642754 0.192238 0.165008
0.149556 0.713156 0.137288
0.537433 0.288181 0.174386
0.814018 0.0537203 0.132262
0.487333 0.0671359 0.445531
0.241434 0.0841824 0.674384
0.141452 0.527938 0.33061


3 1 19
11 2 22
6 5 25
17 16 25
24 23 26
13 12 27
12 24 27
24 26 27
7 6 28
6 25 28
14 13 29
13 27 29
27 26 29
8 7 30
7 28 30
4 3 31
3 19 31
18 4 31
19 18 31
15 14 32
14 29 32
30 28 32
29 30 32
10 9 33
23 10 33
26 23 33
5 4 34
4 18 34
18 17 34
17 25 34
25 5 34
8 30 35
29 26 35
30 29 35
9 8 35
33 9 35
26 33 35
0 10 36
20 0 36
10 23 36
23 20 36
21 20 37
20 23 37
23 24 37
12 11 38
24 12 38
11 22 38
22 21 38
21 37 38
37 24 38
16 15 39
25 16 39
28 25 39
15 32 39
32 28 39
