59
1 0 0
0 1 0
0 0 1
0.111111 0.888889 0
0.222222 0.777778 0
0.333333 0.666667 0
0.444444 0.555556 0
0.555556 0.444444 0
0.666667 0.333333 0
0.777778 0.222222 0
0.888889 0.111111 0
0 0.1 0.9
0 0.2 0.8
0 0.3 0.7
0 0.4 0.6
0 0.5 0.5
0 0.6 0.4
0 0.7 0.3
0 0.8 0.2
0 0.9 0.1
0.944444 0 0.0555556
0.888889 0 0.111111
0.833333 0 0.166667
0.777778 0 0.222222
0.722222 0 0.277778
0.666667 0 0.333333
0.611111 0 0.388889
0.555556 0 0.444444
0.5 0 0.5
0.444444 0 0.555556
0.388889 0 0.611111
0.333333 0 0.666667
0.277778 0 0.722222
0.222222 0 0.777778
0.166667 0 0.833333
0.111111 0 0.888889
0.0555556 0 0.944444
0.114744 0.455192 0.430063
0.183429 0.571228 0.245343
0.503546 0.389948 0.106506
0.648925 0.182326 0.168749
0.698329 0.194655 0.107016
0.381554 0.281376 0.337069
0.165386 0.275753 0.55886
0.299696 0.57644 0.123863
0.461353 0.262985 0.275662
0.268366 0.537851 0.193783
0.129939 0.223411 0.64665
0.253074 0.245597 0.501329
0.338103 0.262145 0.399752
0.44126 0.403108 0.155632
0.100606 0.173616 0.725778
0.774044 0.150198 0.0757583
0.218014 0.410545 0.371441
0.596374 0.187552 0.216074
0.117928 0.769888 0.112185
0.0736076 0.1352 0.791192
0.112502 0.540562 0.346936
0.574907 0.345271 0.0798214


0 10 20
10 9 21
20 10 21
11 2 36
12 11 36
35 12 36
17 16 37
19 18 38
6 5 39
24 23 40
8 7 41
23 22 41
40 23 41
28 27 42
16 15 43
32 31 43
37 16 43
4 3 44
27 26 45
42 27 45
26 25 45
38 42 46
44 3 46
42 45 46
45 44 46
15 14 47
33 32 47
32 43 47
43 15 47
30 29 48
31 30 48
37 43 48
43 31 48
29 28 49
28 42 49
42 38 49
5 4 50
4 44 50
45 25 50
39 5 50
44 45 50
14 13 51
34 33 51
33 47 51
47 14 51
9 8 52
21 9 52
22 21 52
8 41 52
41 22 52
38 18 53
49 38 53
48 29 53
29 49 53
25 24 54
24 40 54
40 39 54
39 50 54
50 25 54
1 19 55
19 38 55
3 1 55
46 3 55
38 46 55
13 12 56
12 35 56
35 34 56
34 51 56
51 13 56
18 17 57
53 18 57
17 37 57
37 48 57
48 53 57
7 6 58
6 39 58
39 40 58
40 41 58
41 7 58
