38
1 0 0
0 1 0
0 0 1
0.111111 0.888889 0
0.222222 0.777778 0
0.333333 0.666667 0
0.444444 0.555556 0
0.555556 0.444444 0
0.666667 0.333333 0
0.777778 0.222222 0
0.888889 0.111111 0
0 0.0999998 0.9
0 0.2 0.8
0 0.3 0.7
0 0.4 0.6
0 0.5 0.5
0 0.6 0.4
0 0.7 0.3
0 0.8 0.2
0 0.9 0.1
0.947368 0 0.0526316
0.894737 0 0.105263
0.842105 0 0.157895
0.789474 0 0.210526
0.736842 0 0.263158
0.684211 0 0.315789
0.631579 0 0.368421
0.578947 0 0.421053
0.526316 0 0.473684
0.473684 0 0.526316
0.421053 0 0.578947
0.368421 0 0.631579
0.31579 0 0.68421
0.263158 0 0.736842
0.210526 0 0.789474
0.157895 0 0.842105
0.105263 0 0.894737
0.0526316 0 0.947368


0 10 20
10 9 21
20 10 21
9 8 22
21 9 22
8 7 23
22 8 23
7 6 24
23 7 24
6 5 25
24 6 25
5 4 26
25 5 26
4 3 27
26 4 27
3 1 28
27 3 28
1 19 28
19 18 29
28 19 29
18 17 30
29 18 30
17 16 31
30 17 31
16 15 32
31 16 32
15 14 33
32 15 33
14 13 34
33 14 34
13 12 35
34 13 35
12 11 36
35 12 36
11 2 37
36 11 37
