39
1 0 0
0 1 0
0 0 1
0.111111 0.888889 0
0.222222 0.777778 0
0.333333 0.666667 0
0.444444 0.555556 0
0.555556 0.444444 0
0.666667 0.333333 0
0.777778 0.222222 0
0.888889 0.111111 0
0 0.0909091 0.909091
0 0.181818 0.818182
0 0.272727 0.727273
0 0.363636 0.636364
0 0.454545 0.545455
0 0.545455 0.454545
0 0.636364 0.363636
0 0.727273 0.272727
0 0.818182 0.181818
0 0.909091 0.0909091
0.75 0 0.25
0.5 0 0.5
0.25 0 0.75
0.681851 0.0969682 0.221181
0.237722 0.154477 0.607801
0.425459 0.408164 0.166377
0.332486 0.281284 0.38623
0.272196 0.526229 0.201575
0.21578 0.622269 0.161952
0.514699 0.301478 0.183823
0.605689 0.194981 0.19933
0.25128 0.376828 0.371893
0.196554 0.466296 0.33715
0.162633 0.277467 0.5599
0.489039 0.0794127 0.431548
0.256108 0.0773576 0.666535
0.135249 0.742223 0.122528
0.365646 0.18744 0.446914


3 1 20
4 3 20
19 4 20
11 2 23
0 10 24
21 0 24
13 12 25
8 7 26
7 6 28
17 16 28
26 7 28
6 5 29
5 18 29
18 17 29
17 28 29
28 6 29
9 8 30
8 26 30
10 9 31
24 10 31
9 30 31
30 27 31
15 14 32
14 27 32
30 26 32
27 30 32
26 28 33
28 16 33
16 15 33
15 32 33
32 26 33
14 13 34
27 14 34
22 21 35
21 24 35
12 11 36
25 12 36
11 23 36
23 22 36
22 35 36
35 25 36
5 4 37
4 19 37
18 5 37
19 18 37
13 25 38
34 13 38
24 31 38
31 27 38
27 34 38
25 35 38
35 24 38
