64
1 0 0
0 1 0
0 0 1
0.111111 0.888889 0
0.222222 0.777778 0
0.333333 0.666667 0
0.444444 0.555556 0
0.555556 0.444444 0
0.666667 0.333333 0
0.777778 0.222222 0
0.888889 0.111111 0
0 0.0909091 0.909091
0 0.181818 0.818182
0 0.272727 0.727273
0 0.363636 0.636364
0 0.454545 0.545455
0 0.545455 0.454545
0 0.636364 0.363636
0 0.727273 0.272727
0 0.818182 0.181818
0 0.909091 0.0909091
0.888889 0 0.111111
0.777778 0 0.222222
0.666667 0 0.333333
0.555556 0 0.444444
0.444444 0 0.555556
0.333333 0 0.666667
0.222222 0 0.777778
0.111111 0 0.888889
0.642966 0.109172 0.247863
0.123684 0.489119 0.387197
0.270216 0.121554 0.60823
0.173334 0.612671 0.213995
0.510151 0.381733 0.108116
0.781929 0.0785317 0.139539
0.420024 0.086091 0.493885
0.653131 0.26301 0.083859
0.771625 0.157927 0.0704477
0.35768 0.278721 0.363599
0.185943 0.243536 0.570521
0.282795 0.626031 0.0911741
0.338606 0.488036 0.173358
0.211243 0.315731 0.473026
0.53998 0.085799 0.374221
0.568893 0.247278 0.183829
0.142695 0.12348 0.733825
0.0959681 0.822125 0.0819067
0.226928 0.394696 0.378376
0.881254 0.0626789 0.0560668
0.438377 0.335753 0.22587
0.308723 0.201242 0.490035
0.0896953 0.341558 0.568747
0.501867 0.19973 0.298403
0.135374 0.725344 0.139283
0.427789 0.160972 0.411239
0.221241 0.49459 0.284169
0.0960149 0.0776005 0.826385
0.238301 0.0628591 0.69884
0.420299 0.505577 0.0741238
0.0981765 0.232025 0.669798
0.0910477 0.584843 0.324109
0.682261 0.166645 0.151095
0.329575 0.394293 0.276133
0.100566 0.424481 0.474953


3 1 20
11 2 28
23 22 29
26 25 31
8 7 33
22 21 34
29 22 34
25 24 35
31 25 35
9 8 36
8 33 36
10 9 37
9 36 37
5 4 40
6 5 40
40 32 41
24 23 43
23 29 43
35 24 43
36 33 44
4 3 46
3 20 46
20 19 46
42 38 47
0 10 48
21 0 48
34 21 48
10 37 48
37 34 48
33 41 49
44 33 49
31 35 50
39 31 50
38 42 50
42 39 50
15 14 51
39 42 51
43 29 52
29 44 52
44 49 52
49 38 52
19 18 53
18 32 53
40 4 53
4 46 53
46 19 53
32 40 53
35 43 54
50 35 54
38 50 54
52 38 54
43 52 54
41 32 55
30 47 55
12 11 56
45 12 56
11 28 56
28 27 56
27 45 56
27 26 57
45 27 57
26 31 57
31 45 57
7 6 58
33 7 58
41 33 58
6 40 58
40 41 58
13 12 59
12 45 59
31 39 59
45 31 59
14 13 59
51 14 59
39 51 59
17 16 60
16 30 60
18 17 60
32 18 60
30 55 60
55 32 60
29 34 61
34 37 61
44 29 61
37 36 61
36 44 61
47 38 62
38 49 62
55 47 62
49 41 62
41 55 62
16 15 63
30 16 63
42 47 63
47 30 63
15 51 63
51 42 63
