55
1 0 0
0 1 0
0 0 1
0.111111 0.888889 0
0.222222 0.777778 0
0.333333 0.666667 0
0.444444 0.555556 0
0.555556 0.444444 0
0.666667 0.333333 0
0.777778 0.222222 0
0.888889 0.111111 0
0 0.0909091 0.909091
0 0.181818 0.818182
0 0.272727 0.727273
0 0.363636 0.636364
0 0.454545 0.545455
0 0.545455 0.454545
0 0.636364 0.363636
0 0.727273 0.272727
0 0.818182 0.181818
0 0.909091 0.0909091
0.857143 0 0.142857
0.714286 0 0.285714
0.571429 0 0.428571
0.428571 0 0.571429
0.285714 0 0.714286
0.142857 0 0.857143
0.651361 0.102049 0.246591
0.109166 0.475176 0.415658
0.265029 0.147881 0.58709
0.151742 0.623279 0.224979
0.484731 0.40245 0.112819
0.413296 0.0892693 0.497435
0.61999 0.273822 0.106188
0.737996 0.13901 0.122993
0.373578 0.27326 0.353162
0.152298 0.247133 0.600569
0.277319 0.620714 0.101967
0.322801 0.524297 0.152903
0.182964 0.327414 0.489623
0.870044 0.0566706 0.0732852
0.556359 0.0731874 0.370454
0.558162 0.216792 0.225045
0.135453 0.160039 0.704508
0.0954386 0.823936 0.0806256
0.234298 0.395742 0.36996
0.439689 0.332443 0.227868
0.150227 0.723302 0.126472
0.27832 0.0702912 0.651389
0.319337 0.205583 0.475079
0.169866 0.521674 0.30846
0.331238 0.434879 0.233883
0.132632 0.0791844 0.788184
0.475218 0.162529 0.362253
0.444603 0.489149 0.0662481


3 1 20
11 2 26
22 21 27
16 15 28
18 17 30
8 7 31
24 23 32
9 8 33
8 31 33
10 9 34
9 33 34
14 13 36
6 5 37
37 30 38
6 37 38
15 14 39
28 15 39
14 36 39
0 10 40
21 0 40
10 34 40
27 21 40
34 27 40
23 22 41
22 27 41
32 23 41
27 34 42
34 33 42
13 12 43
29 36 43
36 13 43
4 3 44
3 20 44
20 19 44
28 39 45
39 35 45
33 31 46
35 42 46
42 33 46
45 35 46
5 4 47
37 5 47
19 18 47
18 30 47
30 37 47
44 19 47
4 44 47
25 24 48
24 32 48
32 29 48
29 43 48
29 32 49
36 29 49
35 39 49
39 36 49
17 16 50
16 28 50
30 17 50
38 30 50
28 45 50
31 38 51
38 50 51
46 31 51
45 46 51
50 45 51
12 11 52
43 12 52
11 26 52
26 25 52
25 48 52
48 43 52
42 35 53
41 27 53
27 42 53
32 41 53
49 32 53
35 49 53
7 6 54
6 38 54
31 7 54
38 31 54
