78
1 0 0
0 1 0
0 0 1
0.111111 0.888889 0
0.222222 0.777778 0
0.333333 0.666667 0
0.444444 0.555556 0
0.555556 0.444444 0
0.666667 0.333333 0
0.777778 0.222222 0
0.888889 0.111111 0
0 0.0833334 0.916667
0 0.166667 0.833333
0 0.25 0.75
0 0.333333 0.666667
0 0.416667 0.583333
0 0.5 0.5
0 0.583333 0.416667
0 0.666667 0.333333
0 0.75 0.25
0 0.833333 0.166667
0 0.916667 0.0833333
0.947368 0 0.0526316
0.894737 0 0.105263
0.842105 0 0.157895
0.789474 0 0.210526
0.736842 0 0.263158
0.684211 0 0.315789
0.631579 0 0.368421
0.578947 0 0.421053
0.526316 0 0.473684
0.473684 0 0.526316
0.421053 0 0.578947
0.368421 0 0.631579
0.315789 0 0.684211
0.263158 0 0.736842
0.210526 0 0.789474
0.157895 0 0.842105
0.105263 0 0.894737
0.0526315 0 0.947369
0.118243 0.478032 0.403725
0.253894 0.169012 0.577094
0.152515 0.617173 0.230311
0.484399 0.41667 0.0989305
0.657847 0.265955 0.0761978
0.649984 0.19052 0.159497
0.764123 0.16068 0.0751969
0.3861 0.261412 0.352488
0.160509 0.260768 0.578723
0.276807 0.632399 0.0907942
0.35302 0.164734 0.482246
0.496463 0.240396 0.263141
0.270992 0.49836 0.230648
0.16174 0.180485 0.657776
0.265254 0.230894 0.503852
0.353762 0.576959 0.0692783
0.202356 0.677633 0.120011
0.576827 0.208719 0.214453
0.124106 0.143369 0.732526
0.431467 0.410407 0.158126
0.236263 0.368763 0.394974
0.871339 0.0873516 0.0413095
0.488168 0.124856 0.386975
0.373798 0.206708 0.419494
0.742937 0.118547 0.138516
0.0853539 0.846713 0.0679335
0.556989 0.373473 0.0695377
0.415846 0.291166 0.292988
0.113267 0.587047 0.299686
0.349463 0.460658 0.189879
0.128316 0.378301 0.493383
0.528454 0.122083 0.349463
0.0755258 0.344926 0.579549
0.0730141 0.0996214 0.827365
0.119986 0.728291 0.151723
0.589341 0.121909 0.288751
0.256986 0.427606 0.315408
0.0694116 0.279524 0.651065


0 10 22
11 2 39
12 11 39
38 12 39
18 17 40
34 33 41
6 5 43
8 7 44
26 25 45
9 8 46
23 9 46
24 23 46
8 44 46
34 41 48
4 3 49
32 31 50
35 34 53
34 48 53
33 32 54
41 33 54
32 50 54
5 4 55
4 49 55
43 5 55
49 3 56
27 26 57
26 45 57
45 43 57
14 13 58
13 37 58
37 36 58
36 35 58
35 53 58
55 49 59
43 55 59
57 43 59
51 57 59
40 54 60
54 50 60
10 9 61
9 23 61
22 10 61
23 22 61
30 29 62
47 30 62
31 30 63
30 47 63
50 31 63
60 50 63
25 24 64
44 45 64
45 25 64
24 46 64
46 44 64
3 1 65
56 3 65
1 21 65
7 6 66
44 7 66
45 44 66
6 43 66
43 45 66
52 47 67
47 62 67
19 18 68
18 40 68
20 19 68
42 20 68
40 60 68
51 59 69
59 49 69
67 51 69
49 56 69
56 52 69
52 67 69
40 17 70
17 16 70
16 48 70
48 41 70
41 54 70
54 40 70
29 28 71
28 51 71
51 67 71
62 29 71
67 62 71
16 15 72
48 16 72
53 48 72
13 12 73
12 38 73
37 13 73
38 37 73
21 20 74
20 42 74
42 52 74
52 56 74
65 21 74
56 65 74
28 27 75
51 28 75
27 57 75
57 51 75
47 52 76
52 42 76
63 47 76
60 63 76
42 68 76
68 60 76
15 14 77
14 58 77
58 53 77
53 72 77
72 15 77
