66
1 0 0
0 1 0
0 0 1
0.111111 0.888889 0
0.222222 0.777778 0
0.333333 0.666667 0
0.444444 0.555556 0
0.555556 0.444444 0
0.666667 0.333333 0
0.777778 0.222222 0
0.888889 0.111111 0
0 0.0833334 0.916667
0 0.166667 0.833333
0 0.25 0.75
0 0.333333 0.666667
0 0.416667 0.583333
0 0.5 0.5
0 0.583333 0.416667
0 0.666667 0.333333
0 0.75 0.25
0 0.833333 0.166667
0 0.916667 0.0833333
0.95 0 0.05
0.9 0 0.1
0.85 0 0.15
0.8 0 0.2
0.75 0 0.25
0.7 0 0.3
0.65 0 0.35
0.6 0 0.4
0.55 0 0.45
0.5 0 0.5
0.45 0 0.55
0.4 0 0.6
0.35 0 0.65
0.3 0 0.7
0.25 0 0.75
0.2 0 0.8
0.15 0 0.85
0.1 0 0.9
0.05 0 0.95
0.179304 0.584843 0.235853
0.487208 0.402999 0.109793
0.374336 0.275233 0.350432
0.165026 0.268973 0.566001
0.313354 0.559912 0.126734
0.197009 0.310284 0.492706
0.467237 0.267309 0.265454
0.295113 0.489305 0.215582
0.660815 0.250765 0.0884194
0.138936 0.22447 0.636593
0.376715 0.53069 0.092595
0.517941 0.268165 0.213894
0.308813 0.291107 0.40008
0.794937 0.139709 0.065354
0.311219 0.199306 0.489476
0.167462 0.446727 0.385811
0.110859 0.188965 0.700176
0.625989 0.231908 0.142103
0.457877 0.208607 0.333516
0.123375 0.753935 0.12269
0.136591 0.570107 0.293302
0.0895304 0.153608 0.756862
0.1723 0.7375 0.0901998
0.062346 0.106257 0.831397
0.615691 0.176322 0.207987


0 10 22
10 9 23
22 10 23
11 2 40
12 11 40
39 12 40
21 20 41
6 5 42
31 30 43
17 16 44
35 34 44
4 3 45
18 17 46
17 44 46
34 33 46
44 34 46
29 28 47
41 43 48
47 45 48
8 7 49
24 8 49
25 24 49
7 6 49
16 15 50
36 35 50
35 44 50
44 16 50
5 4 51
42 5 51
4 45 51
28 27 52
42 51 52
47 28 52
45 47 52
51 45 52
32 31 53
31 43 53
43 41 53
9 8 54
8 24 54
23 9 54
24 23 54
33 32 55
46 33 55
32 53 55
19 18 56
18 46 56
46 55 56
55 53 56
15 14 57
37 36 57
36 50 57
50 15 57
6 42 58
49 6 58
26 25 58
25 49 58
30 29 59
43 30 59
48 43 59
29 47 59
47 48 59
1 21 60
21 41 60
41 48 60
20 19 61
41 20 61
53 41 61
19 56 61
56 53 61
14 13 62
13 38 62
38 37 62
37 57 62
57 14 62
45 3 63
48 45 63
3 1 63
1 60 63
60 48 63
13 12 64
12 39 64
38 13 64
39 38 64
42 52 65
52 27 65
27 26 65
26 58 65
58 42 65
