56
1 0 0
0 1 0
0 0 1
0.111111 0.888889 0
0.222222 0.777778 0
0.333333 0.666667 0
0.444444 0.555556 0
0.555556 0.444444 0
0.666667 0.333333 0
0.777778 0.222222 0
0.888889 0.111111 0
0 0.0833333 0.916667
0 0.166667 0.833333
0 0.25 0.75
0 0.333333 0.666667
0 0.416667 0.583333
0 0.5 0.5
0 0.583333 0.416667
0 0.666667 0.333333
0 0.75 0.25
0 0.833333 0.166667
0 0.916667 0.0833333
0.857143 0 0.142857
0.714286 0 0.285714
0.571429 0 0.428571
0.428571 0 0.571429
0.285714 0 0.714286
0.142857 0 0.857143
0.631965 0.110643 0.257392
0.134659 0.480753 0.384588
0.234647 0.16006 0.605293
0.151894 0.63418 0.213926
0.487138 0.397344 0.115519
0.615608 0.283786 0.100606
0.732395 0.18393 0.0836753
0.410626 0.249101 0.340273
0.154015 0.25224 0.593745
0.277342 0.621457 0.1012
0.339424 0.51905 0.141526
0.417195 0.0873144 0.495491
0.180854 0.32448 0.494666
0.158162 0.549221 0.292617
0.590705 0.212539 0.196756
0.150924 0.124671 0.724405
0.782108 0.0987911 0.119101
0.0965297 0.827469 0.0760016
0.26079 0.376613 0.362597
0.442858 0.330573 0.226569
0.476126 0.141814 0.382061
0.149531 0.728702 0.121767
0.300746 0.0688953 0.630359
0.320282 0.204178 0.47554
0.115291 0.0750466 0.809662
0.307507 0.442319 0.250175
0.103938 0.422395 0.473667
0.57646 0.0585847 0.364956


3 1 21
11 2 27
23 22 28
17 16 29
19 18 31
8 7 32
9 8 33
8 32 33
10 9 34
9 33 34
14 13 36
13 30 36
6 5 37
7 6 38
32 7 38
37 31 38
6 37 38
25 24 39
15 14 40
14 36 40
18 17 41
31 18 41
17 29 41
38 31 41
35 28 42
34 33 42
13 12 43
30 13 43
0 10 44
22 0 44
10 34 44
28 22 44
34 42 44
42 28 44
4 3 45
3 21 45
21 20 45
40 35 46
33 32 47
35 42 47
46 35 47
42 33 47
28 35 48
37 5 49
19 31 49
31 37 49
5 4 49
4 45 49
20 19 49
45 20 49
25 39 50
39 30 50
26 25 50
43 26 50
30 43 50
36 30 51
30 39 51
39 48 51
35 40 51
48 35 51
40 36 51
12 11 52
43 12 52
11 27 52
27 26 52
26 43 52
41 29 53
32 38 53
38 41 53
47 32 53
29 46 53
46 47 53
16 15 54
15 40 54
40 46 54
29 16 54
46 29 54
24 23 55
23 28 55
28 48 55
39 24 55
48 39 55
