83
1 0 0
0 1 0
0 0 1
0.111111 0.888889 0
0.222222 0.777778 0
0.333333 0.666667 0
0.444444 0.555556 0
0.555556 0.444444 0
0.666667 0.333333 0
0.777778 0.222222 0
0.888889 0.111111 0
0 0.0833333 0.916667
0 0.166667 0.833333
0 0.25 0.75
0 0.333333 0.666667
0 0.416667 0.583333
0 0.5 0.5
0 0.583333 0.416667
0 0.666667 0.333333
0 0.75 0.25
0 0.833333 0.166667
0 0.916667 0.0833333
0.928571 0 0.0714286
0.857143 0 0.142857
0.785714 0 0.214286
0.714286 0 0.285714
0.642857 0 0.357143
0.571429 0 0.428571
0.5 0 0.5
0.428571 0 0.571429
0.357143 0 0.642857
0.285714 0 0.714286
0.214286 0 0.785714
0.142857 0 0.857143
0.0714287 0 0.928571
0.619075 0.11942 0.261505
0.118335 0.474446 0.407219
0.291065 0.122968 0.585967
0.173284 0.582451 0.244265
0.517229 0.38532 0.0974507
0.387924 0.105094 0.506982
0.632218 0.286544 0.0812374
0.736966 0.203505 0.0595294
0.734371 0.129438 0.136191
0.381383 0.263238 0.355378
0.179574 0.251944 0.568483
0.26999 0.649576 0.0804335
0.311325 0.538859 0.149816
0.187248 0.337654 0.475098
0.493353 0.226885 0.279762
0.517928 0.117325 0.364747
0.166678 0.178306 0.655015
0.574665 0.249471 0.175864
0.299733 0.479959 0.220308
0.0862275 0.372557 0.541216
0.120486 0.134967 0.744547
0.161222 0.768846 0.0699326
0.236892 0.377685 0.385423
0.0831501 0.791567 0.125283
0.435329 0.344773 0.219898
0.393179 0.526405 0.0804156
0.257254 0.0829725 0.659774
0.830207 0.10055 0.0692429
0.189859 0.651221 0.15892
0.279629 0.20831 0.512062
0.451275 0.119041 0.429684
0.692674 0.0995205 0.207806
0.0688856 0.877459 0.0536555
0.0815001 0.0912332 0.827267
0.0792951 0.30032 0.620385
0.154514 0.517838 0.327647
0.0682826 0.238928 0.692789
0.324531 0.237881 0.437588
0.0665527 0.579793 0.353655
0.0763744 0.64164 0.281986
0.367624 0.350543 0.281832
0.080618 0.715236 0.204146
0.261114 0.431871 0.307014
0.484665 0.469186 0.0461491
0.572233 0.113787 0.31398
0.424037 0.413557 0.162406
0.0772123 0.451792 0.470995
0.207885 0.0738828 0.718232


0 10 22
11 2 34
26 25 35
30 29 37
29 28 40
37 29 40
8 7 41
7 39 41
9 8 42
8 41 42
24 23 43
42 41 43
5 4 46
27 26 50
49 44 50
37 45 51
41 39 52
43 41 52
49 35 52
16 15 54
45 48 54
4 3 56
46 4 56
36 48 57
21 20 58
49 52 59
6 5 60
5 46 60
46 47 60
31 30 61
30 37 61
37 51 61
10 9 62
9 42 62
22 10 62
23 22 62
42 43 62
43 23 62
47 46 63
38 53 63
53 47 63
46 56 63
56 58 63
37 40 64
45 37 64
48 45 64
28 27 65
27 50 65
40 28 65
50 44 65
25 24 66
35 25 66
24 43 66
43 52 66
52 35 66
3 1 67
1 21 67
56 3 67
21 58 67
58 56 67
12 11 68
11 34 68
34 33 68
13 12 68
55 13 68
33 32 68
32 55 68
15 14 69
54 15 69
51 45 69
45 54 69
36 57 70
14 13 71
13 55 71
69 14 71
55 51 71
51 69 71
44 57 72
57 48 72
48 64 72
65 44 72
64 40 72
40 65 72
18 17 73
17 36 73
36 70 73
19 18 74
18 73 74
70 38 74
73 70 74
44 49 75
49 59 75
59 53 75
20 19 76
58 20 76
38 63 76
63 58 76
19 74 76
74 38 76
53 38 77
38 70 77
57 44 77
44 75 77
75 53 77
70 57 77
7 6 78
39 7 78
6 60 78
60 39 78
26 35 79
50 26 79
35 49 79
49 50 79
47 53 80
53 59 80
52 39 80
59 52 80
60 47 80
39 60 80
17 16 81
36 17 81
16 54 81
48 36 81
54 48 81
32 31 82
55 32 82
51 55 82
61 51 82
31 61 82
