65
1 0 0
0 1 0
0 0 1
0.111111 0.888889 0
0.222222 0.777778 0
0.333333 0.666667 0
0.444444 0.555556 0
0.555556 0.444444 0
0.666667 0.333333 0
0.777778 0.222222 0
0.888889 0.111111 0
0 0.0769231 0.923077
0 0.153846 0.846154
0 0.230769 0.769231
0 0.307692 0.692308
0 0.384615 0.615385
0 0.461538 0.538462
0 0.538462 0.461538
0 0.615385 0.384615
0 0.692308 0.307692
0 0.769231 0.230769
0 0.846154 0.153846
0 0.923077 0.0769231
0.888889 0 0.111111
0.777778 0 0.222222
0.666667 0 0.333333
0.555556 0 0.444444
0.444444 0 0.555556
0.333333 0 0.666667
0.222222 0 0.777778
0.111111 0 0.888889
0.632567 0.101249 0.266184
0.131877 0.490444 0.37768
0.257099 0.152051 0.590851
0.170719 0.613252 0.216029
0.475916 0.408857 0.115227
0.770592 0.0795025 0.149906
0.40876 0.0843311 0.506909
0.616516 0.291037 0.0924469
0.747191 0.168947 0.0838618
0.363808 0.276038 0.360154
0.155184 0.264195 0.58062
0.279618 0.619077 0.101305
0.304497 0.523081 0.172422
0.197154 0.322434 0.480412
0.15198 0.557093 0.290927
0.517527 0.0892322 0.393241
0.319922 0.0674282 0.61265
0.593552 0.244397 0.162052
0.167456 0.115937 0.716607
0.096413 0.834294 0.0692933
0.254743 0.3818 0.363458
0.437408 0.335148 0.227445
0.123464 0.690762 0.185774
0.297838 0.446651 0.255511
0.476481 0.171631 0.351888
0.117412 0.0697344 0.812853
0.335781 0.195257 0.468962
0.661371 0.159636 0.178993
0.413329 0.512103 0.0745675
0.117455 0.213038 0.669507
0.155048 0.743131 0.101821
0.867206 0.0697615 0.0630321
0.518712 0.221496 0.259792
0.100566 0.422216 0.477218


3 1 22
11 2 30
25 24 31
18 17 32
8 7 35
24 23 36
31 24 36
27 26 37
9 8 38
8 35 38
10 9 39
9 38 39
15 14 41
6 5 42
42 34 43
15 41 44
19 18 45
34 19 45
18 32 45
43 34 45
26 25 46
37 26 46
25 31 46
28 27 47
27 37 47
37 33 47
39 38 48
13 12 49
29 28 49
28 47 49
47 33 49
4 3 50
3 22 50
22 21 50
44 40 51
38 35 52
48 38 52
51 40 52
20 19 53
19 34 53
34 42 53
45 32 54
32 51 54
35 43 54
52 35 54
43 45 54
51 52 54
46 31 55
12 11 56
11 30 56
30 29 56
29 49 56
49 12 56
33 37 57
41 33 57
44 41 57
40 44 57
55 40 57
37 46 57
46 55 57
31 36 58
36 39 58
39 48 58
7 6 59
35 7 59
43 35 59
6 42 59
42 43 59
14 13 60
33 41 60
41 14 60
13 49 60
49 33 60
5 4 61
42 5 61
53 42 61
4 50 61
21 20 61
20 53 61
50 21 61
0 10 62
23 0 62
36 23 62
10 39 62
39 36 62
48 52 63
52 40 63
40 55 63
58 48 63
55 31 63
31 58 63
17 16 64
32 17 64
16 15 64
15 44 64
51 32 64
44 51 64
