89
1 0 0
0 1 0
0 0 1
0.111111 0.888889 0
0.222222 0.777778 0
0.333333 0.666667 0
0.444444 0.555556 0
0.555556 0.444444 0
0.666667 0.333333 0
0.777778 0.222222 0
0.888889 0.111111 0
0 0.076923 0.923077
0 0.153846 0.846154
0 0.230769 0.769231
0 0.307692 0.692308
0 0.384615 0.615385
0 0.461538 0.538462
0 0.538462 0.461538
0 0.615385 0.384615
0 0.692308 0.307692
0 0.769231 0.230769
0 0.846154 0.153846
0 0.923077 0.0769231
0.933333 0 0.0666667
0.866667 0 0.133333
0.8 0 0.2
0.733333 0 0.266667
0.666667 0 0.333333
0.6 0 0.4
0.533333 0 0.466667
0.466667 0 0.533333
0.4 0 0.6
0.333333 0 0.666667
0.266667 0 0.733333
0.2 0 0.8
0.133333 0 0.866667
0.0666666 0 0.933333
0.613775 0.125153 0.261072
0.111251 0.485062 0.403686
0.276649 0.126141 0.597209
0.17138 0.597301 0.231319
0.511857 0.379012 0.10913
0.777893 0.0889184 0.133188
0.617828 0.307842 0.0743292
0.693173 0.112549 0.194277
0.738434 0.196796 0.0647701
0.393005 0.256547 0.350448
0.169684 0.257438 0.572878
0.282015 0.621546 0.0964393
0.0612318 0.134548 0.80422
0.324858 0.513594 0.161548
0.436854 0.090019 0.473127
0.174502 0.345451 0.480047
0.489676 0.238089 0.272235
0.166495 0.526733 0.306773
0.164129 0.185089 0.650782
0.563781 0.260532 0.175687
0.273996 0.49269 0.233314
0.0867273 0.360419 0.552854
0.139207 0.121288 0.739506
0.171205 0.759535 0.0692599
0.241546 0.372391 0.386064
0.0839934 0.787226 0.12878
0.417545 0.366471 0.215983
0.40752 0.506102 0.0863784
0.237041 0.0889689 0.673991
0.837286 0.0971319 0.0655821
0.353627 0.129403 0.51697
0.483523 0.108431 0.408046
0.188022 0.651293 0.160685
0.365485 0.210274 0.424242
0.540971 0.12027 0.338759
0.070934 0.875344 0.0537221
0.512368 0.436392 0.0512402
0.0769755 0.295018 0.628006
0.0761504 0.595867 0.327982
0.366595 0.352925 0.280479
0.0814185 0.687627 0.230955
0.279567 0.263979 0.456454
0.0804909 0.435061 0.484448
0.0623705 0.0690614 0.868568
0.274237 0.410593 0.31517
0.683366 0.189251 0.127382
0.0746129 0.227033 0.698354
0.439492 0.405565 0.154943
0.251013 0.225052 0.523935
0.272623 0.686298 0.0410796
0.121275 0.0643188 0.814406
0.359847 0.596838 0.0433143


0 10 23
11 2 36
27 26 37
18 17 38
32 31 39
25 24 42
8 7 43
26 25 44
37 26 44
25 42 44
9 8 45
8 43 45
13 12 49
30 29 51
39 47 55
37 44 56
43 41 56
53 37 56
40 54 57
16 15 58
47 52 58
13 49 59
34 33 59
4 3 60
38 52 61
54 38 61
22 21 62
53 56 63
50 57 63
48 50 64
33 32 65
32 39 65
39 55 65
55 59 65
59 33 65
10 9 66
9 45 66
23 10 66
24 23 66
42 24 66
45 42 66
31 30 67
30 51 67
39 31 67
29 28 68
51 29 68
50 48 69
40 57 69
57 50 69
48 60 69
60 62 69
46 61 70
67 51 70
51 68 70
68 46 70
28 27 71
27 37 71
37 53 71
68 28 71
53 46 71
46 68 71
3 1 72
1 22 72
60 3 72
22 62 72
62 60 72
7 6 73
41 43 73
43 7 73
6 64 73
64 41 73
15 14 74
58 15 74
55 47 74
47 58 74
19 18 75
18 38 75
38 54 75
46 53 76
53 63 76
63 57 76
21 20 77
62 21 77
40 69 77
69 62 77
20 19 77
19 75 77
54 40 77
75 54 77
61 52 78
70 61 78
67 70 78
38 17 79
52 38 79
17 16 79
16 58 79
58 52 79
12 11 80
11 36 80
36 35 80
49 12 80
61 46 81
46 76 81
57 54 81
76 57 81
54 61 81
44 42 82
42 45 82
45 43 82
43 56 82
56 44 82
14 13 83
13 59 83
59 55 83
55 74 83
74 14 83
56 41 84
63 56 84
50 63 84
64 50 84
41 64 84
47 39 85
39 67 85
52 47 85
78 52 85
67 78 85
5 4 86
4 60 86
60 48 86
35 34 87
34 59 87
59 49 87
49 80 87
80 35 87
6 5 88
64 6 88
48 64 88
86 48 88
5 86 88
