89
1 0 0
0 1 0
0 0 1
0.111111 0.888889 0
0.222222 0.777778 0
0.333333 0.666667 0
0.444444 0.555556 0
0.555556 0.444444 0
0.666667 0.333333 0
0.777778 0.222222 0
0.888889 0.111111 0
0 0.076923 0.923077
0 0.153846 0.846154
0 0.230769 0.769231
0 0.307692 0.692308
0 0.384615 0.615385
0 0.461539 0.538462
0 0.538462 0.461538
0 0.615385 0.384615
0 0.692308 0.307692
0 0.769231 0.230769
0 0.846154 0.153846
0 0.923077 0.0769231
0.928571 0 0.0714286
0.857143 0 0.142857
0.785714 0 0.214286
0.714286 0 0.285714
0.642857 0 0.357143
0.571429 0 0.428571
0.5 0 0.5
0.428571 0 0.571429
0.357143 0 0.642857
0.285714 0 0.714286
0.214286 0 0.785714
0.142857 0 0.857143
0.0714285 0 0.928572
0.613929 0.122003 0.264068
0.113198 0.484324 0.402477
0.271854 0.146417 0.581729
0.192482 0.58593 0.221588
0.512999 0.379267 0.107734
0.38524 0.0929653 0.521795
0.644543 0.26881 0.0866476
0.742845 0.19611 0.0610447
0.736966 0.125835 0.137199
0.4042 0.237208 0.358592
0.179979 0.252952 0.567069
0.274169 0.629559 0.0962716
0.293994 0.544323 0.161684
0.186835 0.337363 0.475803
0.484532 0.243942 0.271525
0.181648 0.513851 0.304501
0.52273 0.0988815 0.378388
0.165237 0.179846 0.654917
0.574116 0.248691 0.177192
0.300831 0.465545 0.233625
0.089075 0.358899 0.552026
0.115853 0.147973 0.736174
0.16619 0.764044 0.0697663
0.243173 0.377019 0.379808
0.0762683 0.784337 0.139395
0.427901 0.344383 0.227716
0.392071 0.508613 0.0993168
0.259016 0.0839628 0.657021
0.838871 0.0955063 0.0656224
0.174102 0.671479 0.15442
0.29678 0.201779 0.50144
0.432616 0.12729 0.440094
0.69252 0.0978704 0.20961
0.0690659 0.875766 0.0551683
0.133583 0.0706883 0.795729
0.575974 0.375201 0.048825
0.0796361 0.29088 0.629484
0.331765 0.366398 0.301837
0.0786235 0.593121 0.328256
0.309657 0.260269 0.430075
0.0896834 0.670462 0.239855
0.0666532 0.0731763 0.860171
0.0836776 0.433313 0.483009
0.0690745 0.230475 0.700451
0.540844 0.137039 0.322116
0.476369 0.47632 0.0473108
0.368009 0.587398 0.044593
0.268496 0.688891 0.0426133
0.925051 0.0449406 0.030008
0.419995 0.413256 0.166749
0.0584948 0.142658 0.798848
0.199544 0.0726024 0.727853
0.342722 0.0642232 0.593054


11 2 35
27 26 36
18 17 37
30 29 41
9 8 43
8 42 43
25 24 44
43 42 44
28 27 52
38 46 53
42 40 54
44 42 54
50 36 54
48 39 55
39 51 55
16 15 56
46 49 56
4 3 58
37 49 59
51 37 59
21 20 60
22 21 60
50 54 61
47 48 62
32 31 63
38 53 63
10 9 64
9 43 64
24 23 64
43 44 64
44 24 64
39 48 65
48 47 65
47 58 65
58 60 65
38 41 66
46 38 66
49 46 66
29 28 67
28 52 67
41 29 67
52 45 67
66 41 67
26 25 68
36 26 68
25 44 68
44 54 68
54 36 68
3 1 69
1 22 69
58 3 69
22 60 69
60 58 69
34 33 70
8 7 71
42 8 71
40 42 71
15 14 72
56 15 72
53 46 72
46 56 72
59 45 73
55 51 73
51 59 73
45 50 73
50 61 73
61 55 73
19 18 74
18 37 74
37 51 74
45 59 75
59 49 75
49 66 75
66 67 75
67 45 75
20 19 76
39 65 76
60 20 76
65 60 76
19 74 76
51 39 76
74 51 76
12 11 77
11 35 77
35 34 77
34 70 77
37 17 78
49 37 78
17 16 78
16 56 78
56 49 78
14 13 79
13 57 79
57 53 79
53 72 79
72 14 79
27 36 80
52 27 80
36 50 80
50 45 80
45 52 80
7 6 81
62 40 81
40 71 81
71 7 81
6 5 82
47 62 82
62 81 82
81 6 82
5 4 83
4 58 83
58 47 83
47 82 83
82 5 83
0 10 84
23 0 84
10 64 84
64 23 84
54 40 85
61 54 85
48 55 85
55 61 85
62 48 85
40 62 85
13 12 86
57 13 86
70 57 86
12 77 86
77 70 86
33 32 87
53 57 87
63 53 87
32 63 87
57 70 87
70 33 87
31 30 88
30 41 88
41 38 88
38 63 88
63 31 88
