82
1 0 0
0 1 0
0 0 1
0.111111 0.888889 0
0.222222 0.777778 0
0.333333 0.666667 0
0.444444 0.555556 0
0.555556 0.444444 0
0.666667 0.333333 0
0.777778 0.222222 0
0.888889 0.111111 0
0 0.0714286 0.928571
0 0.142857 0.857143
0 0.214286 0.785714
0 0.285714 0.714286
0 0.357143 0.642857
0 0.428571 0.571429
0 0.5 0.5
0 0.571429 0.428571
0 0.642857 0.357143
0 0.714286 0.285714
0 0.785714 0.214286
0 0.857143 0.142857
0 0.928571 0.0714286
0.909091 0 0.0909091
0.818182 0 0.181818
0.727273 0 0.272727
0.636364 0 0.363636
0.545455 0 0.454545
0.454545 0 0.545455
0.363636 0 0.636364
0.272727 0 0.727273
0.181818 0 0.818182
0.090909 0 0.909091
0.653957 0.103297 0.242745
0.106553 0.480683 0.412764
0.272834 0.14314 0.584025
0.181089 0.601687 0.217224
0.491437 0.405568 0.102995
0.780597 0.0806705 0.138733
0.399214 0.0852071 0.515579
0.872726 0.0711141 0.0561601
0.637201 0.290071 0.0727276
0.746278 0.171512 0.0822095
0.383228 0.267555 0.349217
0.182355 0.246429 0.571217
0.285914 0.615187 0.0988994
0.330569 0.511805 0.157626
0.203179 0.310319 0.486502
0.509685 0.229846 0.260469
0.170353 0.541158 0.28849
0.540531 0.0724837 0.386986
0.150274 0.194056 0.65567
0.207077 0.721496 0.0714264
0.569156 0.2759 0.154944
0.131063 0.14144 0.727497
0.104675 0.825914 0.0694108
0.238493 0.366514 0.394993
0.436369 0.337636 0.225995
0.414448 0.510188 0.0753639
0.25251 0.0862765 0.661213
0.135065 0.694556 0.17038
0.299506 0.19603 0.504464
0.0927561 0.343323 0.563921
0.298187 0.45935 0.242464
0.493121 0.160714 0.346166
0.116013 0.0898121 0.794175
0.656549 0.167447 0.176004
0.576847 0.377493 0.0456605
0.351956 0.0580194 0.590024
0.335103 0.242294 0.422603
0.350968 0.349548 0.299484
0.212593 0.456456 0.330951
0.105006 0.411007 0.483987
0.0866788 0.556815 0.356506
0.432399 0.127789 0.439811
0.429582 0.398711 0.171707
0.07712 0.623827 0.299053
0.0800714 0.284673 0.635255
0.0939216 0.773026 0.133052
0.077146 0.0583309 0.864523
0.615895 0.0677479 0.316357


3 1 23
11 2 33
26 25 34
18 17 35
25 24 39
34 25 39
29 28 40
0 10 41
24 0 41
39 24 41
9 8 42
10 9 43
41 10 43
39 41 43
9 42 43
6 5 46
46 37 47
28 27 51
36 45 52
5 4 53
46 5 53
43 42 54
42 38 54
14 13 55
52 14 55
4 3 56
3 23 56
23 22 56
53 4 56
49 54 58
7 6 59
38 7 59
47 38 59
6 46 59
46 47 59
36 52 60
31 30 60
55 31 60
52 55 60
21 20 61
20 37 61
37 46 61
46 53 61
36 40 62
45 36 62
48 45 62
16 15 63
45 48 63
47 37 64
37 50 64
34 49 65
49 44 65
13 12 66
55 13 66
32 31 66
31 55 66
34 39 67
39 43 67
43 54 67
49 34 67
54 49 67
8 7 68
7 38 68
38 42 68
42 8 68
30 29 69
29 40 69
40 36 69
36 60 69
60 30 69
44 57 70
57 48 70
48 62 70
65 44 70
44 49 71
49 58 71
57 44 71
58 64 71
64 50 72
71 64 72
35 57 72
57 71 72
17 16 73
35 17 73
48 57 73
57 35 73
16 63 73
63 48 73
19 18 74
18 35 74
35 72 74
72 50 74
40 28 75
28 51 75
62 40 75
70 62 75
51 65 75
65 70 75
54 38 76
58 54 76
38 47 76
47 64 76
64 58 76
20 19 77
37 20 77
50 37 77
19 74 77
74 50 77
15 14 78
14 52 78
52 45 78
45 63 78
63 15 78
53 56 79
56 22 79
22 21 79
21 61 79
61 53 79
12 11 80
11 33 80
33 32 80
32 66 80
66 12 80
27 26 81
51 27 81
26 34 81
34 65 81
65 51 81
