96
1 0 0
0 1 0
0 0 1
0.111111 0.888889 0
0.222222 0.777778 0
0.333333 0.666667 0
0.444444 0.555556 0
0.555556 0.444444 0
0.666667 0.333333 0
0.777778 0.222222 0
0.888889 0.111111 0
0 0.0714287 0.928571
0 0.142857 0.857143
0 0.214286 0.785714
0 0.285714 0.714286
0 0.357143 0.642857
0 0.428571 0.571429
0 0.5 0.5
0 0.571429 0.428571
0 0.642857 0.357143
0 0.714286 0.285714
0 0.785714 0.214286
0 0.857143 0.142857
0 0.928571 0.0714286
0.947368 0 0.0526316
0.894737 0 0.105263
0.842105 0 0.157895
0.789474 0 0.210526
0.736842 0 0.263158
0.684211 0 0.315789
0.631579 0 0.368421
0.578947 0 0.421053
0.526316 0 0.473684
0.473684 0 0.526316
0.421053 0 0.578947
0.368421 0 0.631579
0.315789 0 0.684211
0.263158 0 0.736842
0.210526 0 0.789474
0.157895 0 0.842105
0.105263 0 0.894737
0.0526316 0 0.947368
0.616494 0.13221 0.251296
0.104729 0.484641 0.41063
0.26837 0.149487 0.582143
0.163642 0.60283 0.233529
0.480852 0.416004 0.103143
0.643296 0.293582 0.0631215
0.666477 0.14315 0.190373
0.750888 0.189446 0.0596657
0.729621 0.139371 0.131008
0.397595 0.243438 0.358967
0.17952 0.230433 0.590047
0.28211 0.628489 0.0894008
0.317653 0.524076 0.15827
0.37905 0.124531 0.496419
0.185389 0.3238 0.490812
0.503807 0.233093 0.2631
0.267961 0.52218 0.20986
0.173113 0.520833 0.306054
0.159232 0.172987 0.66778
0.354207 0.581318 0.0644753
0.201973 0.671632 0.126394
0.0794732 0.310674 0.609852
0.533189 0.28142 0.185391
0.133514 0.136352 0.730135
0.3246 0.267913 0.407488
0.0926873 0.837918 0.0693946
0.217187 0.391842 0.390971
0.849233 0.100234 0.0505334
0.406751 0.455931 0.137318
0.490095 0.102224 0.40768
0.279439 0.235677 0.484884
0.411932 0.379035 0.209033
0.505209 0.152312 0.342479
0.527977 0.420778 0.0512454
0.0712818 0.252675 0.676043
0.584534 0.106323 0.309143
0.59815 0.281234 0.120616
0.0740497 0.0893362 0.836614
0.0650766 0.735793 0.19913
0.279133 0.414852 0.306015
0.111851 0.737496 0.150652
0.390316 0.332915 0.276769
0.0963028 0.366855 0.536842
0.097283 0.564137 0.33858
0.0950369 0.122653 0.78231
0.241639 0.0976729 0.660688
0.179463 0.764999 0.0555386
0.077953 0.658288 0.263759
0.43134 0.124161 0.444499
0.0783039 0.453027 0.468669
0.428227 0.528041 0.0437327
0.343188 0.101602 0.55521
0.0428872 0.0515796 0.905533
0.816771 0.080882 0.102347


0 10 24
11 2 41
29 28 42
19 18 43
36 35 44
8 7 47
28 27 48
42 28 48
9 8 49
8 47 49
27 26 50
48 27 50
49 47 50
34 33 55
52 44 56
5 4 61
4 53 61
54 53 62
58 54 62
16 15 63
60 52 63
42 48 64
57 42 64
38 37 65
37 60 65
3 1 67
1 23 67
43 56 68
10 9 69
24 10 69
25 24 69
9 49 69
53 54 70
61 53 70
46 61 70
64 46 70
32 31 71
56 44 72
68 56 72
55 66 72
66 68 72
54 58 73
70 54 73
57 64 73
64 70 73
31 30 74
71 31 74
51 71 74
7 6 75
47 7 75
60 63 76
63 15 76
15 14 76
14 65 76
65 60 76
30 29 77
29 42 77
42 57 77
57 74 77
74 30 77
48 50 78
50 47 78
46 64 78
64 48 78
75 46 78
47 75 78
13 12 79
12 40 79
40 39 79
22 21 80
58 45 81
45 59 81
66 51 81
59 68 81
68 66 81
45 58 82
58 62 82
23 22 82
67 23 82
62 67 82
80 45 82
22 80 82
57 73 83
74 57 83
51 74 83
81 51 83
73 58 83
58 81 83
52 56 84
17 16 84
16 63 84
63 52 84
20 19 85
19 43 85
43 68 85
68 59 85
14 13 86
65 14 86
39 38 86
38 65 86
13 79 86
79 39 86
36 44 87
44 52 87
37 36 87
60 37 87
52 60 87
4 3 88
53 4 88
3 67 88
62 53 88
67 62 88
21 20 89
80 21 89
59 45 89
45 80 89
20 85 89
85 59 89
33 32 90
55 33 90
66 55 90
51 66 90
71 51 90
32 71 90
43 18 91
56 43 91
18 17 91
17 84 91
84 56 91
6 5 92
5 61 92
61 46 92
46 75 92
75 6 92
35 34 93
44 35 93
72 44 93
34 55 93
55 72 93
12 11 94
11 41 94
40 12 94
41 40 94
26 25 95
49 50 95
50 26 95
25 69 95
69 49 95
