93
1 0 0
0 1 0
0 0 1
0.111111 0.888889 0
0.222222 0.777778 0
0.333333 0.666667 0
0.444444 0.555556 0
0.555556 0.444444 0
0.666667 0.333333 0
0.777778 0.222222 0
0.888889 0.111111 0
0 0.0714285 0.928572
0 0.142857 0.857143
0 0.214286 0.785714
0 0.285714 0.714286
0 0.357143 0.642857
0 0.428571 0.571429
0 0.5 0.5
0 0.571429 0.428571
0 0.642857 0.357143
0 0.714286 0.285714
0 0.785714 0.214286
0 0.857143 0.142857
0 0.928571 0.0714286
0.928571 0 0.0714286
0.857143 0 0.142857
0.785714 0 0.214286
0.714286 0 0.285714
0.642857 0 0.357143
0.571429 0 0.428571
0.5 0 0.5
0.428571 0 0.571429
0.357143 0 0.642857
0.285714 0 0.714286
0.214286 0 0.785714
0.142857 0 0.857143
0.0714285 0 0.928572
0.624232 0.12357 0.252198
0.1206 0.463069 0.416331
0.270345 0.147487 0.582168
0.161613 0.614332 0.224055
0.512392 0.382905 0.104703
0.387314 0.0906593 0.522027
0.653948 0.267932 0.0781201
0.679678 0.126552 0.19377
0.771243 0.170418 0.0583387
0.734217 0.131517 0.134266
0.366094 0.286405 0.347501
0.179978 0.255316 0.564706
0.269985 0.626179 0.103836
0.0624487 0.129038 0.808513
0.28878 0.548534 0.162686
0.184106 0.342361 0.473533
0.495597 0.231588 0.272814
0.184287 0.520393 0.29532
0.547344 0.0754936 0.377162
0.149023 0.198599 0.652378
0.247888 0.706118 0.045994
0.569868 0.256072 0.17406
0.293374 0.47824 0.228386
0.0869185 0.372504 0.540577
0.116155 0.149884 0.733962
0.077674 0.835839 0.0864874
0.218167 0.408719 0.373114
0.419898 0.351903 0.228199
0.395704 0.514609 0.0896873
0.245651 0.0901407 0.664208
0.158209 0.674862 0.166928
0.839234 0.081839 0.078927
0.303701 0.202859 0.493439
0.381682 0.206421 0.411897
0.48993 0.165848 0.344222
0.451194 0.111208 0.437598
0.576194 0.376869 0.046937
0.300974 0.404041 0.294985
0.167752 0.734315 0.0979335
0.0986618 0.546098 0.35524
0.0768434 0.64235 0.280806
0.392819 0.319326 0.287855
0.418745 0.416611 0.164644
0.0814884 0.44532 0.473191
0.0670017 0.0656647 0.867334
0.0733265 0.305572 0.621101
0.601289 0.0833951 0.315316
0.488142 0.467407 0.0444518
0.345528 0.608037 0.0464343
0.132443 0.0664708 0.801086
0.0788935 0.775389 0.145717
0.281023 0.296438 0.422539
0.0629621 0.900787 0.0362513
0.341196 0.0643074 0.594496
0.199174 0.0628737 0.737952
0.150661 0.808461 0.0408786


0 10 24
11 2 36
27 26 37
31 30 42
9 8 43
37 26 44
10 9 45
9 43 45
26 25 46
44 26 46
45 43 46
13 12 50
29 28 55
39 48 56
5 4 57
43 41 58
44 46 58
46 43 58
37 44 58
53 37 58
51 40 59
40 54 59
17 16 60
48 52 60
14 13 61
56 14 61
13 50 61
23 22 62
38 52 63
53 58 64
49 51 65
33 32 66
39 56 66
56 61 66
40 51 67
51 49 67
21 40 67
24 10 68
10 45 68
25 24 68
45 46 68
46 25 68
39 42 69
48 39 69
52 48 69
53 47 71
47 70 71
30 29 72
29 55 72
42 30 72
69 42 72
70 69 72
55 71 72
71 70 72
8 7 73
43 8 73
41 43 73
63 47 74
59 54 74
54 63 74
64 59 74
49 57 75
67 49 75
19 18 76
18 38 76
38 63 76
63 54 76
21 20 77
40 21 77
54 40 77
20 19 77
19 76 77
76 54 77
47 53 78
53 64 78
64 74 78
74 47 78
51 59 79
59 64 79
58 41 79
64 58 79
65 51 79
41 65 79
18 17 80
38 18 80
52 38 80
17 60 80
60 52 80
12 11 81
11 36 81
36 35 81
50 12 81
15 14 82
14 56 82
56 48 82
16 15 82
60 16 82
48 60 82
28 27 83
27 37 83
55 28 83
37 53 83
53 71 83
71 55 83
7 6 84
6 65 84
73 7 84
65 41 84
41 73 84
5 57 85
57 49 85
6 5 85
65 6 85
49 65 85
35 34 86
61 50 86
50 81 86
81 35 86
22 21 87
21 67 87
62 22 87
75 62 87
67 75 87
47 63 88
70 47 88
63 52 88
52 69 88
69 70 88
3 1 89
1 23 89
23 62 89
32 31 90
31 42 90
42 39 90
39 66 90
66 32 90
34 33 91
33 66 91
66 61 91
61 86 91
86 34 91
4 3 92
57 4 92
75 57 92
62 75 92
3 89 92
89 62 92
