69
1 0 0
0 1 0
0 0 1
0.111111 0.888889 0
0.222222 0.777778 0
0.333333 0.666667 0
0.444444 0.555556 0
0.555556 0.444444 0
0.666667 0.333333 0
0.777778 0.222222 0
0.888889 0.111111 0
0 0.0714286 0.928571
0 0.142857 0.857143
0 0.214286 0.785714
0 0.285714 0.714286
0 0.357143 0.642857
0 0.428571 0.571429
0 0.5 0.5
0 0.571429 0.428571
0 0.642857 0.357143
0 0.714286 0.285714
0 0.785714 0.214286
0 0.857143 0.142857
0 0.928571 0.0714286
0.888889 0 0.111111
0.777778 0 0.222222
0.666667 0 0.333333
0.555556 0 0.444444
0.444444 0 0.555556
0.333333 0 0.666667
0.222222 0 0.777778
0.111111 0 0.888889
0.636845 0.0971849 0.265971
0.126232 0.478779 0.394989
0.28747 0.137825 0.574705
0.151927 0.616901 0.231172
0.489465 0.404714 0.105821
0.614942 0.291872 0.0931859
0.746148 0.179024 0.0748285
0.713684 0.132766 0.15355
0.369608 0.271361 0.359031
0.156415 0.259836 0.583749
0.279026 0.616762 0.104212
0.308833 0.523553 0.167614
0.4214 0.086962 0.491638
0.196328 0.324302 0.47937
0.170941 0.532112 0.296947
0.854674 0.0702907 0.0750353
0.52396 0.0873821 0.388658
0.604451 0.234285 0.161265
0.148038 0.120725 0.731238
0.260332 0.370155 0.369513
0.108079 0.775776 0.116146
0.442625 0.32977 0.227605
0.120543 0.700527 0.17893
0.279942 0.0833165 0.636742
0.479125 0.17012 0.350755
0.132997 0.0634356 0.803567
0.335575 0.196921 0.467504
0.208838 0.710871 0.0802914
0.273305 0.428009 0.298686
0.414254 0.511772 0.073974
0.132412 0.196399 0.671189
0.0915786 0.842976 0.0654452
0.353787 0.438238 0.207975
0.536449 0.209895 0.253656
0.111696 0.420608 0.467696
0.772055 0.0572528 0.170693
0.0897571 0.344193 0.56605


3 1 23
11 2 31
26 25 32
18 17 33
20 19 35
8 7 36
9 8 37
8 36 37
10 9 38
9 37 38
15 14 41
6 5 42
42 35 43
28 27 44
34 28 44
19 18 46
18 33 46
35 19 46
43 35 46
0 10 47
24 0 47
10 38 47
38 39 47
27 26 48
44 27 48
26 32 48
38 37 49
39 38 49
13 12 50
45 40 51
22 21 52
37 36 53
49 37 53
51 40 53
21 20 54
20 35 54
35 42 54
52 21 54
29 28 55
28 34 55
50 29 55
48 32 56
12 11 57
11 31 57
31 30 57
50 12 57
30 29 57
29 50 57
41 34 58
34 44 58
44 48 58
48 56 58
45 41 58
40 45 58
56 40 58
5 4 59
4 52 59
42 5 59
52 54 59
54 42 59
46 33 60
33 51 60
51 53 60
7 6 61
6 42 61
42 43 61
36 7 61
43 36 61
34 41 62
41 14 62
14 13 62
13 50 62
50 55 62
55 34 62
4 3 63
3 23 63
23 22 63
22 52 63
52 4 63
36 43 64
53 36 64
60 53 64
43 46 64
46 60 64
32 39 65
39 49 65
49 53 65
53 40 65
56 32 65
40 56 65
17 16 66
16 45 66
33 17 66
51 33 66
45 51 66
25 24 67
32 25 67
39 32 67
24 47 67
47 39 67
16 15 68
45 16 68
15 41 68
41 45 68
