47
1 0 0
0 1 0
0 0 1
0.111111 0.888889 0
0.222222 0.777778 0
0.333333 0.666667 0
0.444444 0.555556 0
0.555556 0.444444 0
0.666667 0.333333 0
0.777778 0.222222 0
0.888889 0.111111 0
0 0.0666667 0.933333
0 0.133333 0.866667
0 0.2 0.8
0 0.266667 0.733333
0 0.333333 0.666667
0 0.4 0.6
0 0.466667 0.533333
0 0.533333 0.466667
0 0.6 0.4
0 0.666667 0.333333
0 0.733333 0.266667
0 0.8 0.2
0 0.866667 0.133333
0 0.933333 0.0666667
0.857143 0 0.142857
0.714286 0 0.285714
0.571429 0 0.428571
0.428571 0 0.571429
0.285714 0 0.714286
0.142857 0 0.857143
0.576494 0.124782 0.298725
0.269505 0.127516 0.602979
0.710865 0.129926 0.159209
0.352003 0.279994 0.368002
0.313325 0.499923 0.186752
0.251809 0.600851 0.147341
0.268878 0.24506 0.486063
0.541969 0.269813 0.188217
0.494937 0.36045 0.144613
0.194618 0.0943914 0.71099
0.248142 0.388043 0.363815
0.268287 0.442989 0.288724
0.443114 0.117632 0.439254
0.195587 0.689055 0.115358
0.145255 0.765191 0.0895533
0.185226 0.222991 0.591783


3 1 24
4 3 24
23 4 24
11 2 30
12 11 30
29 12 30
26 25 31
14 13 32
28 27 32
0 10 33
25 0 33
31 25 33
17 16 34
31 33 34
8 7 35
20 19 35
7 6 36
21 20 36
20 35 36
35 7 36
16 15 37
31 34 37
34 16 37
10 9 38
33 10 38
34 33 38
9 8 39
8 35 39
38 9 39
13 12 40
12 29 40
29 28 40
28 32 40
32 13 40
18 17 41
17 34 41
34 38 41
19 18 42
35 19 42
39 35 42
38 39 42
41 38 42
18 41 42
27 26 43
32 27 43
26 31 43
31 37 43
6 5 44
22 21 44
21 36 44
36 6 44
5 4 45
4 23 45
23 22 45
22 44 45
44 5 45
15 14 46
14 32 46
32 43 46
37 15 46
43 37 46
