99
1 0 0
0 1 0
0 0 1
0.111111 0.888889 0
0.222222 0.777778 0
0.333333 0.666667 0
0.444444 0.555556 0
0.555556 0.444444 0
0.666667 0.333333 0
0.777778 0.222222 0
0.888889 0.111111 0
0 0.0666666 0.933333
0 0.133333 0.866667
0 0.2 0.8
0 0.266667 0.733333
0 0.333333 0.666667
0 0.4 0.6
0 0.466667 0.533333
0 0.533333 0.466667
0 0.6 0.4
0 0.666667 0.333333
0 0.733333 0.266667
0 0.8 0.2
0 0.866667 0.133333
0 0.933333 0.0666667
0.928571 0 0.0714286
0.857143 0 0.142857
0.785714 0 0.214286
0.714286 0 0.285714
0.642857 0 0.357143
0.571429 0 0.428571
0.5 0 0.5
0.428571 0 0.571429
0.357143 0 0.642857
0.285714 0 0.714286
0.214286 0 0.785714
0.142857 0 0.857143
0.0714285 0 0.928571
0.622168 0.122964 0.254868
0.0990552 0.494789 0.406156
0.270984 0.14608 0.582937
0.176151 0.599976 0.223874
0.47823 0.416109 0.105661
0.390377 0.0873508 0.522272
0.889622 0.0678892 0.0424889
0.657398 0.265252 0.0773508
0.686613 0.117453 0.195934
0.78415 0.156539 0.0593113
0.717321 0.153628 0.129051
0.378092 0.26955 0.352358
0.180526 0.254669 0.564805
0.27089 0.626307 0.102802
0.289116 0.549667 0.161217
0.189683 0.32787 0.482447
0.491365 0.237577 0.271058
0.176669 0.536273 0.287058
0.51809 0.0919645 0.389945
0.160537 0.194841 0.644622
0.249993 0.704047 0.0459604
0.59072 0.229816 0.179465
0.294864 0.477794 0.227342
0.0912971 0.363194 0.545509
0.0805265 0.302941 0.616533
0.116224 0.156009 0.727767
0.082425 0.844733 0.0728418
0.23128 0.382989 0.385731
0.432748 0.346376 0.220876
0.401796 0.510112 0.0880924
0.245752 0.0891459 0.665103
0.151769 0.682691 0.16554
0.295905 0.2078 0.496295
0.391432 0.198166 0.410402
0.604836 0.0757294 0.319434
0.501627 0.165094 0.333279
0.107105 0.0874235 0.805471
0.536688 0.410408 0.0529045
0.284816 0.421994 0.293191
0.167341 0.736695 0.0959633
0.828695 0.0704691 0.100836
0.482295 0.0617332 0.455972
0.0811143 0.575535 0.343351
0.363728 0.333123 0.303148
0.0798726 0.639872 0.280255
0.410163 0.428265 0.161572
0.104434 0.424923 0.470643
0.339962 0.0635143 0.596524
0.411113 0.135146 0.453741
0.0640466 0.0596882 0.876265
0.349899 0.60382 0.0462806
0.0744719 0.701198 0.22433
0.776392 0.0614926 0.162115
0.07838 0.783237 0.138383
0.0694777 0.249751 0.680771
0.285416 0.289537 0.425047
0.197234 0.0635887 0.739177
0.539324 0.331661 0.129015
0.17374 0.480051 0.346209
0.160732 0.799246 0.0400219
0.0479295 0.921216 0.0308542


11 2 37
28 27 38
19 18 39
32 31 43
0 10 44
25 0 44
9 8 45
38 27 46
10 9 47
44 10 47
9 45 47
47 45 48
30 29 56
40 50 57
5 4 58
38 46 59
54 38 59
46 48 59
48 45 59
52 41 60
41 55 60
17 16 61
50 53 61
16 15 62
57 50 62
50 61 62
61 16 62
14 13 63
24 23 64
54 59 66
51 52 67
34 33 68
40 57 68
57 63 68
41 52 69
52 51 69
40 43 70
50 40 70
53 50 70
29 28 72
28 38 72
56 29 72
49 71 73
71 56 73
38 54 73
72 38 73
54 49 73
56 72 73
13 12 74
36 35 74
63 13 74
8 7 75
45 8 75
7 6 75
6 67 75
67 42 75
60 55 76
66 60 76
51 58 77
69 51 77
26 25 78
25 44 78
44 47 78
47 48 78
31 30 79
30 56 79
43 31 79
20 19 80
19 39 80
65 49 81
76 65 81
49 54 81
54 66 81
66 76 81
21 20 82
55 41 82
20 80 82
80 55 82
52 60 83
60 66 83
42 67 83
67 52 83
18 17 84
39 18 84
17 61 84
61 53 84
53 65 84
65 39 84
33 32 85
32 43 85
43 40 85
40 68 85
68 33 85
56 71 86
79 56 86
70 43 86
43 79 86
71 70 86
12 11 87
11 37 87
37 36 87
36 74 87
74 12 87
5 58 88
58 51 88
6 5 88
67 6 88
51 67 88
22 21 89
69 22 89
41 69 89
21 82 89
82 41 89
27 26 90
46 27 90
48 46 90
26 78 90
78 48 90
23 22 91
22 69 91
64 23 91
77 64 91
69 77 91
15 14 92
57 62 92
62 15 92
14 63 92
63 57 92
49 65 93
71 49 93
65 53 93
53 70 93
70 71 93
35 34 94
34 68 94
68 63 94
63 74 94
74 35 94
59 45 95
45 75 95
75 42 95
42 83 95
66 59 95
83 66 95
39 65 96
65 76 96
76 55 96
55 80 96
80 39 96
4 3 97
3 64 97
58 4 97
77 58 97
64 77 97
3 1 98
1 24 98
24 64 98
64 3 98
