102
1 0 0
0 1 0
0 0 1
0.111111 0.888889 0
0.222222 0.777778 0
0.333333 0.666667 0
0.444444 0.555556 0
0.555556 0.444444 0
0.666667 0.333333 0
0.777778 0.222222 0
0.888889 0.111111 0
0 0.0666667 0.933333
0 0.133333 0.866667
0 0.2 0.8
0 0.266667 0.733333
0 0.333333 0.666667
0 0.4 0.6
0 0.466667 0.533333
0 0.533333 0.466667
0 0.6 0.4
0 0.666667 0.333333
0 0.733333 0.266667
0 0.8 0.2
0 0.866667 0.133333
0 0.933333 0.0666667
0.933333 0 0.0666667
0.866667 0 0.133333
0.8 0 0.2
0.733333 0 0.266667
0.666667 0 0.333333
0.6 0 0.4
0.533333 0 0.466667
0.466667 0 0.533333
0.4 0 0.6
0.333333 0 0.666667
0.266667 0 0.733333
0.2 0 0.8
0.133333 0 0.866667
0.0666667 0 0.933333
0.627164 0.117439 0.255396
0.110496 0.476595 0.412908
0.272994 0.138757 0.588249
0.164826 0.608718 0.226456
0.486528 0.414064 0.099408
0.668068 0.25636 0.0755726
0.922771 0.048814 0.0284145
0.679615 0.129338 0.191046
0.774582 0.16844 0.0569777
0.740129 0.129886 0.129984
0.373393 0.27098 0.355626
0.180972 0.253581 0.565447
0.286154 0.616205 0.0976416
0.324045 0.523435 0.15252
0.416196 0.102196 0.481608
0.182965 0.342655 0.47438
0.490983 0.223449 0.285568
0.174901 0.53777 0.287329
0.553021 0.0714516 0.375527
0.165381 0.18764 0.646979
0.252957 0.70104 0.0460031
0.584105 0.254883 0.161012
0.289008 0.489555 0.221437
0.0921689 0.359967 0.547864
0.137176 0.129588 0.733236
0.0796401 0.835993 0.0843665
0.242775 0.380512 0.376713
0.429168 0.342226 0.228606
0.392994 0.507112 0.0998943
0.257231 0.0819741 0.660795
0.12319 0.70291 0.1739
0.845998 0.0829393 0.0710626
0.291807 0.207467 0.500726
0.379357 0.197896 0.422747
0.474098 0.47829 0.0476118
0.475577 0.16949 0.354933
0.475162 0.103813 0.421026
0.114648 0.0866151 0.798737
0.592862 0.0972956 0.309842
0.575193 0.371679 0.0531279
0.282955 0.424845 0.2922
0.0822579 0.297674 0.620068
0.173244 0.723732 0.103023
0.0807163 0.574691 0.344593
0.363762 0.332446 0.303791
0.078383 0.640402 0.281215
0.433702 0.40266 0.163637
0.0853038 0.431181 0.483515
0.0548167 0.0585639 0.88662
0.363501 0.0946864 0.541813
0.365172 0.588715 0.0461131
0.0697301 0.703435 0.226834
0.152278 0.806139 0.0415826
0.0761165 0.783662 0.140222
0.07387 0.240653 0.685477
0.560144 0.217515 0.22234
0.225934 0.612099 0.161967
0.282893 0.291466 0.42564
0.555392 0.327169 0.11744
0.0636709 0.900762 0.0355666
0.0625197 0.100991 0.83649
0.719871 0.0539912 0.226138
0.172591 0.480708 0.346701


11 2 38
19 18 40
9 8 44
0 10 45
25 0 45
10 9 47
9 44 47
27 26 48
46 27 48
47 44 48
32 31 53
30 29 57
41 50 58
5 4 59
46 48 60
48 44 60
42 56 61
17 16 62
50 54 62
14 13 63
36 35 63
24 23 64
40 54 65
51 52 67
34 33 68
33 41 68
35 34 68
41 58 68
58 63 68
63 35 68
45 10 70
10 47 70
26 25 70
25 45 70
47 48 70
48 26 70
50 41 71
54 50 71
71 53 72
7 6 73
67 43 73
55 49 74
49 72 74
31 30 75
30 57 75
53 31 75
72 53 75
57 74 75
74 72 75
37 36 76
36 63 76
63 13 76
29 28 77
28 39 77
57 29 77
39 55 77
55 74 77
74 57 77
8 7 78
44 8 78
7 73 78
73 43 78
61 56 79
66 61 79
16 15 80
58 50 80
50 62 80
62 16 80
51 59 81
20 19 82
19 40 82
49 55 83
55 66 83
65 49 83
79 65 83
66 79 83
21 20 84
56 42 84
20 82 84
82 56 84
52 61 85
61 66 85
66 60 85
43 67 85
67 52 85
18 17 86
40 18 86
54 40 86
17 62 86
62 54 86
12 11 87
11 38 87
38 37 87
33 32 88
41 33 88
32 53 88
53 71 88
71 41 88
6 5 89
5 59 89
59 51 89
51 67 89
67 73 89
73 6 89
22 21 90
69 22 90
42 69 90
21 84 90
84 42 90
4 3 91
59 4 91
64 81 91
81 59 91
23 22 92
22 69 92
64 23 92
69 81 92
81 64 92
15 14 93
14 63 93
63 58 93
58 80 93
80 15 93
39 46 94
46 60 94
55 39 94
60 66 94
66 55 94
42 61 95
61 52 95
69 42 95
52 51 95
51 81 95
81 69 95
49 65 96
72 49 96
65 54 96
54 71 96
71 72 96
78 43 97
60 44 97
44 78 97
43 85 97
85 60 97
3 1 98
1 24 98
24 64 98
64 91 98
91 3 98
13 12 99
76 13 99
37 76 99
87 37 99
12 87 99
28 27 100
27 46 100
39 28 100
46 39 100
65 79 101
79 56 101
40 65 101
82 40 101
56 82 101
