105
1 0 0
0 1 0
0 0 1
0.111111 0.888889 0
0.222222 0.777778 0
0.333333 0.666667 0
0.444444 0.555556 0
0.555556 0.444444 0
0.666667 0.333333 0
0.777778 0.222222 0
0.888889 0.111111 0
0 0.0666666 0.933333
0 0.133333 0.866667
0 0.2 0.8
0 0.266667 0.733333
0 0.333333 0.666667
0 0.4 0.6
0 0.466667 0.533333
0 0.533333 0.466667
0 0.6 0.4
0 0.666667 0.333333
0 0.733333 0.266667
0 0.8 0.2
0 0.866667 0.133333
0 0.933333 0.0666667
0.944444 0 0.0555556
0.888889 0 0.111111
0.833333 0 0.166667
0.777778 0 0.222222
0.722222 0 0.277778
0.666667 0 0.333333
0.611111 0 0.388889
0.555556 0 0.444444
0.5 0 0.5
0.444444 0 0.555556
0.388889 0 0.611111
0.333333 0 0.666667
0.277778 0 0.722222
0.222222 0 0.777778
0.166667 0 0.833333
0.111111 0 0.888889
0.0555555 0 0.944444
0.628815 0.119613 0.251572
0.116308 0.468602 0.41509
0.284482 0.115904 0.599613
0.188046 0.570868 0.241086
0.47942 0.417278 0.103302
0.402324 0.0865332 0.511143
0.656654 0.276405 0.0669405
0.683495 0.11874 0.197765
0.749454 0.190546 0.0599993
0.738425 0.125851 0.135724
0.382151 0.273542 0.344307
0.175712 0.22696 0.597328
0.279908 0.626077 0.0940154
0.315283 0.523002 0.161715
0.182432 0.345048 0.47252
0.485011 0.240618 0.274371
0.293339 0.484688 0.221972
0.171561 0.524084 0.304355
0.490334 0.463392 0.046274
0.536942 0.0847701 0.378288
0.148794 0.187213 0.663993
0.379488 0.563856 0.0566567
0.200684 0.673916 0.1254
0.572892 0.260479 0.166629
0.100122 0.35421 0.545668
0.122655 0.146053 0.731292
0.337505 0.261804 0.400692
0.168627 0.768356 0.0630176
0.454638 0.380496 0.164867
0.212548 0.398936 0.388516
0.0883148 0.778731 0.132954
0.416661 0.365898 0.217441
0.849508 0.0984778 0.0520137
0.243007 0.100666 0.656328
0.301467 0.200057 0.498476
0.472767 0.191489 0.335744
0.572333 0.116536 0.311131
0.454131 0.132611 0.413258
0.07282 0.873483 0.0536966
0.647493 0.22256 0.129947
0.073553 0.082018 0.844429
0.285364 0.428058 0.286579
0.0780713 0.297524 0.624404
0.344103 0.102749 0.553148
0.26967 0.688243 0.0420876
0.0675982 0.243586 0.688816
0.389307 0.333167 0.277526
0.0708309 0.631968 0.297201
0.533641 0.237484 0.228876
0.0978899 0.116738 0.785372
0.225752 0.235378 0.53887
0.101861 0.542299 0.35584
0.181906 0.637472 0.180622
0.0724501 0.455877 0.471673
0.0885805 0.682547 0.228872
0.276213 0.279894 0.443893
0.385527 0.154312 0.460161
0.280462 0.375159 0.344379
0.570759 0.344261 0.0849805
0.813788 0.0814377 0.104774
0.0493325 0.0535681 0.897099
0.380625 0.504051 0.115324
0.203287 0.0858719 0.710841


0 10 25
11 2 41
30 29 42
36 35 44
34 33 47
8 7 48
29 28 49
42 29 49
9 8 50
8 48 50
28 27 51
49 28 51
50 48 51
7 6 60
32 31 61
6 5 63
60 6 63
46 60 63
55 54 64
42 49 65
17 16 66
4 3 69
64 54 69
65 46 70
43 56 71
23 22 72
24 23 72
64 69 72
55 58 73
70 55 73
10 9 74
9 50 74
25 10 74
26 25 74
37 36 75
36 44 75
44 53 75
53 62 75
30 42 78
31 30 78
61 31 78
57 77 78
77 61 78
33 32 79
32 61 79
52 68 79
61 77 79
77 52 79
3 1 80
1 24 80
69 3 80
24 72 80
72 69 80
49 51 81
65 49 81
51 48 81
13 12 82
40 39 82
58 45 83
45 59 83
16 15 84
62 53 84
53 66 84
66 16 84
35 34 85
34 47 85
44 35 85
47 76 85
5 4 86
54 63 86
63 5 86
4 69 86
69 54 86
15 14 87
14 67 87
67 62 87
62 84 87
84 15 87
52 77 88
77 57 88
83 52 88
57 73 88
73 58 88
58 83 88
21 20 89
42 65 90
73 57 90
65 70 90
70 73 90
57 78 90
78 42 90
14 13 91
67 14 91
39 38 91
38 67 91
82 39 91
13 82 91
56 66 92
66 53 92
53 44 92
76 56 92
44 85 92
85 76 92
20 19 93
19 43 93
43 71 93
71 59 93
89 20 93
59 89 93
45 58 94
58 55 94
55 64 94
64 72 94
19 18 95
43 19 95
56 43 95
18 17 95
17 66 95
66 56 95
22 21 96
21 89 96
59 45 96
89 59 96
45 94 96
72 22 96
94 72 96
68 71 97
71 56 97
56 76 97
47 33 98
33 79 98
79 68 98
68 97 98
76 47 98
97 76 98
68 52 99
71 68 99
59 71 99
83 59 99
52 83 99
60 46 100
48 7 100
7 60 100
81 48 100
46 65 100
65 81 100
27 26 101
51 27 101
50 51 101
26 74 101
74 50 101
12 11 102
11 41 102
41 40 102
40 82 102
82 12 102
54 55 103
63 54 103
46 63 103
55 70 103
70 46 103
38 37 104
67 38 104
62 67 104
37 75 104
75 62 104
