103
1 0 0
0 1 0
0 0 1
0.111111 0.888889 0
0.222222 0.777778 0
0.333333 0.666667 0
0.444444 0.555556 0
0.555556 0.444444 0
0.666667 0.333333 0
0.777778 0.222222 0
0.888889 0.111111 0
0 0.0666667 0.933333
0 0.133333 0.866667
0 0.2 0.8
0 0.266667 0.733333
0 0.333333 0.666667
0 0.4 0.6
0 0.466667 0.533333
0 0.533333 0.466667
0 0.6 0.4
0 0.666667 0.333333
0 0.733333 0.266667
0 0.8 0.2
0 0.866667 0.133333
0 0.933333 0.0666667
0.941176 0 0.0588235
0.882353 0 0.117647
0.823529 0 0.176471
0.764706 0 0.235294
0.705882 0 0.294118
0.647059 0 0.352941
0.588235 0 0.411765
0.529412 0 0.470588
0.470588 0 0.529412
0.411765 0 0.588235
0.352941 0 0.647059
0.294118 0 0.705882
0.235294 0 0.764706
0.176471 0 0.823529
0.117647 0 0.882353
0.0588236 0 0.941176
0.651462 0.098355 0.250183
0.113219 0.468122 0.41866
0.277727 0.127787 0.594486
0.162759 0.613168 0.224073
0.531461 0.368096 0.100444
0.767392 0.0985988 0.134009
0.644795 0.286965 0.0682398
0.683388 0.128122 0.188491
0.754472 0.175473 0.0700553
0.40345 0.247343 0.349207
0.173194 0.241571 0.585236
0.286031 0.624632 0.0893367
0.325966 0.5114 0.162634
0.429175 0.0891318 0.481693
0.187591 0.331672 0.480737
0.452802 0.264334 0.282864
0.266996 0.518419 0.214585
0.172648 0.528408 0.298945
0.485439 0.468792 0.0457697
0.548756 0.0820468 0.369197
0.168013 0.178998 0.652989
0.208684 0.667418 0.123899
0.269815 0.689813 0.0403717
0.555664 0.277009 0.167327
0.10343 0.350468 0.546102
0.127166 0.1453 0.727534
0.332641 0.271918 0.395441
0.168656 0.767329 0.0640157
0.222387 0.407348 0.370265
0.0994106 0.754692 0.145897
0.443914 0.346082 0.210004
0.848462 0.100735 0.0508025
0.40103 0.503366 0.0956035
0.257062 0.0845713 0.658367
0.354142 0.11529 0.530568
0.486198 0.17079 0.343012
0.57863 0.118781 0.302589
0.454891 0.12994 0.415169
0.068953 0.868902 0.0621448
0.656375 0.220727 0.122897
0.0740475 0.244285 0.681668
0.35276 0.401173 0.246066
0.442781 0.406321 0.150898
0.0767029 0.0821038 0.841193
0.312109 0.368407 0.319483
0.0711231 0.624855 0.304022
0.20326 0.623146 0.173594
0.102092 0.116335 0.781572
0.55899 0.2103 0.23071
0.128485 0.51974 0.351775
0.234071 0.238283 0.527646
0.0843938 0.679754 0.235852
0.325545 0.208284 0.466171
0.0843704 0.429513 0.486117
0.24908 0.483227 0.267693
0.0822994 0.299074 0.618627
0.58402 0.373687 0.0422934
0.372513 0.584086 0.0434011
0.237619 0.331656 0.430725
0.209987 0.0821584 0.707854
0.0500923 0.055434 0.894474
0.0555478 0.581797 0.362655


0 10 25
11 2 40
29 28 41
19 18 42
35 34 43
27 26 46
28 27 48
27 46 48
41 28 48
46 26 49
9 8 49
8 47 49
33 32 54
7 6 59
31 30 60
43 51 61
53 52 62
5 4 63
17 16 65
4 3 68
63 4 68
62 52 68
52 63 68
23 22 70
62 68 70
10 9 72
9 49 72
25 10 72
26 25 72
49 26 72
52 53 73
45 59 73
36 35 74
35 43 74
43 61 74
34 33 75
33 54 75
43 34 75
56 50 76
30 29 77
29 41 77
60 30 77
76 60 77
56 76 77
32 31 78
31 60 78
54 32 78
50 67 78
60 76 78
76 50 78
3 1 79
1 24 79
68 3 79
24 23 79
23 70 79
70 68 79
48 46 80
46 49 80
49 47 80
47 45 80
45 64 80
64 48 80
15 14 81
14 66 81
66 61 81
53 57 82
71 53 82
56 71 82
64 45 83
71 64 83
53 71 83
73 53 83
45 73 83
13 12 84
39 38 84
67 50 85
69 67 85
50 56 85
56 82 85
58 69 85
21 20 86
44 57 87
57 53 87
53 62 87
62 70 87
70 44 87
14 13 88
66 14 88
38 37 88
37 66 88
84 38 88
13 84 88
41 48 89
48 64 89
71 56 89
64 71 89
56 77 89
77 41 89
42 69 90
69 58 90
58 86 90
51 43 91
55 65 91
65 51 91
43 75 91
22 21 92
44 70 92
70 22 92
21 86 92
58 44 92
86 58 92
75 54 93
54 78 93
78 67 93
55 91 93
91 75 93
42 18 94
55 42 94
18 17 94
17 65 94
65 55 94
57 44 95
44 58 95
58 85 95
82 57 95
85 82 95
61 51 96
51 65 96
65 16 96
16 15 96
15 81 96
81 61 96
8 7 97
47 8 97
45 47 97
59 45 97
7 59 97
6 5 98
59 6 98
73 59 98
5 63 98
63 52 98
52 73 98
42 55 99
69 42 99
67 69 99
55 93 99
93 67 99
37 36 100
66 37 100
61 66 100
74 61 100
36 74 100
12 11 101
11 40 101
40 39 101
39 84 101
84 12 101
20 19 102
19 42 102
42 90 102
86 20 102
90 86 102
