95
1 0 0
0 1 0
0 0 1
0.111111 0.888889 0
0.222222 0.777778 0
0.333333 0.666667 0
0.444444 0.555556 0
0.555556 0.444444 0
0.666667 0.333333 0
0.777778 0.222222 0
0.888889 0.111111 0
0 0.0666667 0.933333
0 0.133333 0.866667
0 0.2 0.8
0 0.266667 0.733333
0 0.333333 0.666667
0 0.4 0.6
0 0.466667 0.533333
0 0.533333 0.466667
0 0.6 0.4
0 0.666667 0.333333
0 0.733333 0.266667
0 0.8 0.2
0 0.866667 0.133333
0 0.933333 0.0666667
0.923077 0 0.0769231
0.846154 0 0.153846
0.769231 0 0.230769
0.692308 0 0.307692
0.615385 0 0.384615
0.538462 0 0.461538
0.461538 0 0.538462
0.384615 0 0.615385
0.307692 0 0.692308
0.230769 0 0.769231
0.153846 0 0.846154
0.076923 0 0.923077
0.634426 0.103437 0.262136
0.099871 0.494482 0.405647
0.275057 0.146257 0.578686
0.163519 0.609492 0.226989
0.458611 0.435716 0.105672
0.398177 0.0883304 0.513493
0.884449 0.0692687 0.0462827
0.658505 0.271524 0.0699709
0.762534 0.165683 0.0717826
0.721281 0.141424 0.137295
0.379207 0.267955 0.352838
0.181684 0.25462 0.563697
0.268442 0.626992 0.104566
0.304691 0.537391 0.157918
0.191488 0.326395 0.482117
0.506208 0.22935 0.264442
0.175669 0.536801 0.28753
0.53541 0.0728715 0.391718
0.161306 0.195542 0.643152
0.242931 0.707536 0.0495333
0.604266 0.238182 0.157551
0.294005 0.478286 0.227709
0.092079 0.363085 0.544836
0.0816161 0.302738 0.615646
0.119363 0.155232 0.725405
0.111022 0.81967 0.069308
0.232482 0.382315 0.385203
0.435583 0.343544 0.220873
0.381859 0.526523 0.0916178
0.256873 0.0871189 0.656008
0.141849 0.68331 0.174841
0.301073 0.204692 0.494235
0.377619 0.207635 0.414745
0.601914 0.0702431 0.327843
0.494098 0.158767 0.347135
0.113372 0.085812 0.800816
0.565697 0.379762 0.0545411
0.286034 0.421983 0.291983
0.745441 0.0709423 0.183617
0.168161 0.727024 0.104815
0.440152 0.120324 0.439524
0.081495 0.572921 0.345584
0.367249 0.33017 0.302581
0.0767066 0.635481 0.287812
0.411966 0.418336 0.169697
0.104644 0.425115 0.470241
0.0674016 0.0589584 0.87364
0.637529 0.160879 0.201592
0.359289 0.594799 0.0459123
0.0701059 0.249887 0.680007
0.0758247 0.783881 0.140294
0.536217 0.334103 0.12968
0.356192 0.0619162 0.581891
0.822558 0.0688804 0.108562
0.17722 0.477896 0.344884
0.209831 0.0602888 0.729881
0.283098 0.290956 0.425946
0.470095 0.48622 0.0436846


3 1 24
11 2 36
28 27 37
19 18 38
31 30 42
0 10 43
25 0 43
9 8 44
10 9 45
43 10 45
9 44 45
30 29 54
39 48 55
5 4 56
45 44 57
46 45 57
50 40 58
40 53 58
17 16 59
48 51 59
16 15 60
55 48 60
48 59 60
59 16 60
14 13 61
4 3 62
3 24 62
24 23 62
56 4 62
52 57 64
49 50 65
50 41 65
33 32 66
39 55 66
55 61 66
22 21 67
21 40 67
40 50 67
50 49 67
39 42 68
48 39 68
51 48 68
29 28 70
54 29 70
28 37 70
47 69 71
37 52 71
70 37 71
52 47 71
54 70 71
13 12 72
35 34 72
61 13 72
8 7 73
44 8 73
58 53 74
64 58 74
27 26 75
37 27 75
49 56 76
67 49 76
56 62 76
42 30 77
30 54 77
68 42 77
69 68 77
54 71 77
71 69 77
20 19 78
19 38 78
47 52 79
52 64 79
63 47 79
74 63 79
64 74 79
21 20 80
40 21 80
53 40 80
20 78 80
78 53 80
41 50 81
50 58 81
58 64 81
18 17 82
38 18 82
17 59 82
59 51 82
51 63 82
63 38 82
12 11 83
11 36 83
36 35 83
35 72 83
72 12 83
52 37 84
57 52 84
46 57 84
75 46 84
37 75 84
6 5 85
5 56 85
56 49 85
49 65 85
15 14 86
55 60 86
60 15 86
14 61 86
61 55 86
23 22 87
22 67 87
67 76 87
62 23 87
76 62 87
57 44 88
44 73 88
73 41 88
41 81 88
64 57 88
81 64 88
32 31 89
31 42 89
42 39 89
39 66 89
66 32 89
26 25 90
25 43 90
43 45 90
45 46 90
46 75 90
75 26 90
74 53 91
38 63 91
63 74 91
53 78 91
78 38 91
34 33 92
33 66 92
66 61 92
61 72 92
72 34 92
47 63 93
69 47 93
63 51 93
51 68 93
68 69 93
7 6 94
65 41 94
41 73 94
73 7 94
6 85 94
85 65 94
