32
1 0 0
0 1 0
0 0 1
0.111111 0.888889 0
0.222222 0.777778 0
0.333333 0.666667 0
0.444444 0.555556 0
0.555556 0.444444 0
0.666667 0.333333 0
0.777778 0.222222 0
0.888889 0.111111 0
0 0.0625 0.9375
0 0.125 0.875
0 0.1875 0.8125
0 0.25 0.75
0 0.3125 0.6875
0 0.375 0.625
0 0.4375 0.5625
0 0.5 0.5
0 0.5625 0.4375
0 0.625 0.375
0 0.6875 0.3125
0 0.75 0.25
0 0.8125 0.1875
0 0.875 0.125
0 0.9375 0.0625
0.857143 0 0.142857
0.714286 0 0.285714
0.571429 0 0.428571
0.428571 0 0.571429
0.285714 0 0.714286
0.142857 0 0.857143


0 10 17
10 9 18
17 10 18
9 8 19
18 9 19
8 7 20
19 8 20
7 6 21
20 7 21
6 5 22
21 6 22
5 4 23
22 5 23
4 3 24
23 4 24
3 1 25
24 3 25
0 17 26
17 16 26
16 15 27
26 16 27
15 14 28
27 15 28
14 13 29
28 14 29
13 12 30
29 13 30
11 2 31
12 11 31
30 12 31
