112
1 0 0
0 1 0
0 0 1
0.111111 0.888889 0
0.222222 0.777778 0
0.333333 0.666667 0
0.444444 0.555556 0
0.555556 0.444444 0
0.666667 0.333333 0
0.777778 0.222222 0
0.888889 0.111111 0
0 0.0625 0.9375
0 0.125 0.875
0 0.1875 0.8125
0 0.25 0.75
0 0.3125 0.6875
0 0.375 0.625
0 0.4375 0.5625
0 0.5 0.5
0 0.5625 0.4375
0 0.625 0.375
0 0.6875 0.3125
0 0.75 0.25
0 0.8125 0.1875
0 0.875 0.125
0 0.9375 0.0625
0.95 0 0.05
0.9 0 0.1
0.85 0 0.15
0.8 0 0.2
0.75 0 0.25
0.7 0 0.3
0.65 0 0.35
0.6 0 0.4
0.55 0 0.45
0.5 0 0.5
0.45 0 0.55
0.4 0 0.6
0.35 0 0.65
0.3 0 0.7
0.25 0 0.75
0.2 0 0.8
0.15 0 0.85
0.1 0 0.9
0.05 0 0.95
0.621 0.136245 0.242754
0.114469 0.466848 0.418683
0.285653 0.119628 0.594719
0.178084 0.583363 0.238553
0.469585 0.434396 0.0960188
0.403434 0.0957457 0.50082
0.655852 0.278149 0.0659987
0.687191 0.123658 0.18915
0.753349 0.187011 0.0596395
0.743145 0.126755 0.1301
0.386231 0.264416 0.349353
0.169879 0.246563 0.583558
0.272636 0.633476 0.0938884
0.314505 0.525222 0.160273
0.189243 0.333611 0.477145
0.503661 0.230988 0.265351
0.292405 0.485634 0.221962
0.180631 0.513588 0.305781
0.499279 0.458802 0.0419184
0.85402 0.093779 0.0522009
0.150428 0.199086 0.650487
0.350892 0.58774 0.0613682
0.191224 0.687647 0.121129
0.571826 0.267587 0.160587
0.0776192 0.373024 0.549357
0.116588 0.143942 0.739471
0.47833 0.199684 0.321986
0.324839 0.274068 0.401093
0.164679 0.774031 0.0612892
0.450894 0.389329 0.159777
0.0854503 0.825997 0.0885529
0.206907 0.416791 0.376302
0.526019 0.262231 0.21175
0.10083 0.761012 0.138158
0.415659 0.369283 0.215058
0.494856 0.119254 0.38589
0.295729 0.20648 0.497792
0.583304 0.11341 0.303286
0.645506 0.2273 0.127194
0.433015 0.132882 0.434103
0.1197 0.0790143 0.801286
0.0818964 0.246001 0.672103
0.242474 0.319856 0.43767
0.284859 0.429162 0.285979
0.346928 0.103894 0.549178
0.240879 0.110149 0.648972
0.389107 0.335982 0.274911
0.0687475 0.0897547 0.841498
0.561051 0.0867167 0.352233
0.0971565 0.560754 0.34209
0.0777377 0.660787 0.261475
0.229056 0.235031 0.535913
0.196495 0.101702 0.701803
0.568026 0.34999 0.081984
0.110539 0.390729 0.498732
0.190992 0.631567 0.177441
0.346053 0.196525 0.457422
0.820475 0.079206 0.100319
0.28027 0.376727 0.343003
0.0833514 0.727579 0.18907
0.0777891 0.31427 0.607941
0.0705158 0.892141 0.0373428
0.375177 0.509691 0.115132
0.241434 0.721709 0.0368564
0.0397242 0.0464398 0.913836
0.0580459 0.155475 0.786479
0.416547 0.544753 0.0387002


0 10 26
11 2 44
31 30 45
20 19 46
38 37 47
36 35 50
8 7 51
30 29 52
45 30 52
9 8 53
8 51 53
29 28 54
52 29 54
53 51 54
7 6 63
10 9 64
26 10 64
27 26 64
9 53 64
58 57 67
45 52 68
18 17 69
15 14 70
41 40 70
67 57 73
68 49 74
25 24 75
67 73 75
60 45 77
45 68 77
68 74 77
67 75 78
75 24 78
58 61 79
74 58 79
60 77 79
77 74 79
34 33 80
71 55 80
32 31 82
31 45 82
45 60 82
60 71 82
52 54 83
68 52 83
54 51 83
35 34 84
50 35 84
55 72 84
80 55 84
34 80 84
42 41 85
41 70 85
16 15 86
15 70 86
46 59 87
76 46 87
72 76 87
59 81 87
61 48 88
48 62 88
37 36 89
36 50 89
50 81 89
47 37 89
39 38 90
38 47 90
47 56 90
56 65 90
71 60 91
60 79 91
55 71 91
88 55 91
79 61 91
61 88 91
13 12 92
12 43 92
43 42 92
42 85 92
33 32 93
71 80 93
80 33 93
32 82 93
82 71 93
21 20 94
20 46 94
46 76 94
76 62 94
23 22 95
62 48 95
22 21 95
21 94 95
94 62 95
56 47 96
81 59 96
47 89 96
89 81 96
40 39 97
70 40 97
65 86 97
86 70 97
39 90 97
90 65 97
51 7 98
7 63 98
83 51 98
63 49 98
49 68 98
68 83 98
19 18 99
46 19 99
59 46 99
18 69 99
96 59 99
69 56 99
56 96 99
48 61 100
61 58 100
58 67 100
67 78 100
50 84 101
84 72 101
72 87 101
81 50 101
87 81 101
28 27 102
53 54 102
54 28 102
27 64 102
64 53 102
62 76 103
88 62 103
72 55 103
55 88 103
76 72 103
24 23 104
78 24 104
23 95 104
95 48 104
48 100 104
100 78 104
17 16 105
69 17 105
65 56 105
56 69 105
16 86 105
86 65 105
3 1 106
1 25 106
25 75 106
73 3 106
75 73 106
57 58 107
58 74 107
66 57 107
49 66 107
74 49 107
5 4 108
66 5 108
57 66 108
4 3 108
3 73 108
73 57 108
12 11 109
11 44 109
43 12 109
44 43 109
14 13 110
70 14 110
85 70 110
13 92 110
92 85 110
6 5 111
5 66 111
63 6 111
49 63 111
66 49 111
