118
1 0 0
0 1 0
0 0 1
0.111111 0.888889 0
0.222222 0.777778 0
0.333333 0.666667 0
0.444444 0.555556 0
0.555556 0.444444 0
0.666667 0.333333 0
0.777778 0.222222 0
0.888889 0.111111 0
0 0.0588235 0.941176
0 0.117647 0.882353
0 0.176471 0.823529
0 0.235294 0.764706
0 0.294118 0.705882
0 0.352941 0.647059
0 0.411765 0.588235
0 0.470588 0.529412
0 0.529412 0.470588
0 0.588235 0.411765
0 0.647059 0.352941
0 0.705882 0.294118
0 0.764706 0.235294
0 0.823529 0.176471
0 0.882353 0.117647
0 0.941176 0.0588235
0.944444 0 0.0555556
0.888889 0 0.111111
0.833333 0 0.166667
0.777778 0 0.222222
0.722222 0 0.277778
0.666667 0 0.333333
0.611111 0 0.388889
0.555556 0 0.444444
0.5 0 0.5
0.444444 0 0.555556
0.388889 0 0.611111
0.333333 0 0.666667
0.277778 0 0.722222
0.222222 0 0.777778
0.166667 0 0.833333
0.111111 0 0.888889
0.0555556 0 0.944444
0.640508 0.109922 0.24957
0.107747 0.488669 0.403583
0.263989 0.149612 0.586399
0.167793 0.604324 0.227883
0.511114 0.379982 0.108904
0.41233 0.0878471 0.499823
0.656071 0.274664 0.0692648
0.924509 0.0514655 0.0240253
0.672274 0.13894 0.188785
0.74729 0.183144 0.0695658
0.745457 0.120204 0.134339
0.397177 0.243793 0.35903
0.160835 0.253008 0.586157
0.277065 0.629567 0.093368
0.329365 0.519945 0.15069
0.178553 0.334821 0.486626
0.513722 0.213514 0.272764
0.700292 0.268522 0.0311851
0.273239 0.516115 0.210646
0.176287 0.519588 0.304124
0.492737 0.46002 0.0472438
0.550409 0.076227 0.373364
0.166439 0.183544 0.650017
0.269488 0.68989 0.0406228
0.556515 0.276818 0.166667
0.090929 0.367078 0.541993
0.0796444 0.306167 0.614189
0.13263 0.132101 0.735268
0.335907 0.265823 0.39827
0.1694 0.776165 0.0544356
0.442055 0.402393 0.155552
0.215638 0.407145 0.377217
0.830182 0.0750046 0.0948131
0.0758439 0.790233 0.133924
0.456041 0.321238 0.222721
0.40144 0.501772 0.096788
0.267396 0.0775107 0.655094
0.12425 0.705102 0.170648
0.40763 0.296401 0.295969
0.0761405 0.837522 0.0863373
0.291972 0.199212 0.508817
0.568624 0.212016 0.21936
0.224987 0.614863 0.16015
0.482486 0.177491 0.340023
0.591873 0.10082 0.307307
0.454349 0.123233 0.422418
0.606215 0.35993 0.0338556
0.639093 0.239864 0.121043
0.13156 0.0739207 0.79452
0.0817488 0.238397 0.679854
0.339915 0.402908 0.257177
0.0752074 0.0796065 0.845186
0.355817 0.0897206 0.554463
0.165704 0.72159 0.112706
0.0903248 0.566231 0.343444
0.0832043 0.646595 0.270201
0.244402 0.487324 0.268273
0.365232 0.178917 0.455851
0.0801328 0.452042 0.467825
0.295865 0.376489 0.327646
0.373506 0.581067 0.0454271
0.0726673 0.714141 0.213192
0.845097 0.114359 0.0405435
0.048931 0.0499448 0.901124
0.197321 0.26652 0.536159
0.268409 0.287644 0.443947
0.177231 0.389488 0.433281
0.0735689 0.887698 0.0387332
0.759651 0.058847 0.181502
0.36908 0.431554 0.199367
0.199761 0.0910601 0.709179
0.0644202 0.150262 0.785318
0.0563866 0.210089 0.733525
0.571228 0.351489 0.0772836


11 2 43
31 30 44
36 35 49
0 10 51
27 0 51
44 30 52
9 8 61
53 9 61
50 53 61
7 6 64
34 33 65
33 32 65
46 56 66
5 4 67
18 17 69
17 16 70
66 56 70
56 69 70
69 17 70
4 3 73
67 4 73
57 67 73
68 48 74
28 27 76
29 28 76
54 29 76
53 54 76
25 24 77
68 74 78
57 58 79
48 64 79
58 74 79
74 48 79
38 37 80
37 46 80
39 38 80
46 66 80
77 24 81
60 78 82
26 25 83
25 77 83
44 52 85
52 68 85
60 44 85
68 78 85
78 60 85
47 62 86
81 47 86
62 58 86
58 57 86
60 82 87
82 55 87
32 31 88
31 44 88
44 60 88
60 87 88
65 32 88
87 65 88
35 34 89
49 35 89
34 65 89
55 72 89
65 87 89
87 55 89
8 7 90
50 61 90
61 8 90
7 64 90
53 50 91
54 53 91
48 68 91
52 54 91
68 52 91
41 40 92
40 71 92
16 15 93
66 70 93
70 16 93
82 78 94
13 12 95
42 41 95
41 92 95
37 36 96
46 37 96
84 46 96
36 49 96
49 84 96
57 73 97
73 83 97
83 77 97
86 57 97
77 81 97
81 86 97
21 20 98
20 45 98
22 21 98
45 75 98
75 63 98
23 22 99
63 47 99
22 98 99
98 63 99
62 47 100
47 63 100
94 62 100
89 72 101
84 49 101
49 89 101
20 19 102
45 20 102
19 18 102
18 69 102
69 59 102
72 55 103
75 72 103
55 82 103
63 75 103
100 63 103
82 94 103
94 100 103
6 5 104
5 67 104
67 57 104
57 79 104
64 6 104
79 64 104
24 23 105
81 24 105
47 81 105
23 99 105
99 47 105
10 9 106
9 53 106
51 10 106
27 51 106
76 27 106
53 76 106
12 11 107
11 43 107
43 42 107
42 95 107
95 12 107
59 69 108
69 56 108
56 46 108
46 84 108
84 59 108
72 75 109
101 72 109
59 84 109
84 101 109
45 102 110
102 59 110
59 109 110
75 45 110
109 75 110
3 1 111
1 26 111
26 83 111
73 3 111
83 73 111
30 29 112
52 30 112
29 54 112
54 52 112
58 62 113
74 58 113
78 74 113
62 94 113
94 78 113
40 39 114
71 40 114
80 66 114
39 80 114
66 93 114
93 71 114
14 13 115
92 71 115
13 95 115
95 92 115
15 14 116
71 93 116
93 15 116
14 115 116
115 71 116
50 90 117
64 48 117
90 64 117
48 91 117
91 50 117
