78
1 0 0
0 1 0
0 0 1
0.111111 0.888889 0
0.222222 0.777778 0
0.333333 0.666667 0
0.444444 0.555556 0
0.555556 0.444444 0
0.666667 0.333333 0
0.777778 0.222222 0
0.888889 0.111111 0
0 0.0588236 0.941177
0 0.117647 0.882353
0 0.176471 0.823529
0 0.235294 0.764706
0 0.294118 0.705882
0 0.352941 0.647059
0 0.411765 0.588235
0 0.470588 0.529412
0 0.529412 0.470588
0 0.588235 0.411765
0 0.647059 0.352941
0 0.705882 0.294118
0 0.764706 0.235294
0 0.823529 0.176471
0 0.882353 0.117647
0 0.941176 0.0588235
0.909091 0 0.0909091
0.818182 0 0.181818
0.727273 0 0.272727
0.636364 0 0.363636
0.545455 0 0.454545
0.454545 0 0.545455
0.363636 0 0.636364
0.272727 0 0.727273
0.181818 0 0.818182
0.0909091 0 0.909091
0.631051 0.112086 0.256863
0.116501 0.479448 0.404051
0.264419 0.14951 0.586071
0.155748 0.597873 0.246379
0.48226 0.415032 0.102708
0.615629 0.294922 0.0894492
0.748898 0.177952 0.0731504
0.744218 0.124708 0.131074
0.388747 0.259422 0.351832
0.172978 0.244113 0.582909
0.283811 0.621807 0.0943815
0.301892 0.544533 0.153575
0.432137 0.0752795 0.492583
0.181112 0.337267 0.48162
0.147357 0.547179 0.305464
0.524511 0.0791146 0.396374
0.248892 0.250343 0.500766
0.289503 0.0811487 0.629349
0.587248 0.246604 0.166148
0.165674 0.110202 0.724124
0.140981 0.781995 0.0770233
0.254686 0.380146 0.365168
0.139102 0.180192 0.680707
0.377153 0.205033 0.417813
0.752529 0.0755939 0.171877
0.582838 0.189672 0.227491
0.43918 0.36365 0.197169
0.144599 0.664274 0.191128
0.868484 0.0725656 0.0589507
0.0907167 0.85722 0.0520628
0.125461 0.0790637 0.795475
0.410913 0.314083 0.275004
0.309784 0.474001 0.216216
0.41636 0.513802 0.0698383
0.237873 0.449759 0.312368
0.53671 0.128974 0.334316
0.150073 0.722649 0.127278
0.150167 0.406604 0.443229
0.112797 0.325212 0.561991
0.0674509 0.0477638 0.884785
0.354085 0.158818 0.487097


3 1 26
11 2 36
29 28 37
20 19 38
22 21 40
8 7 41
9 8 42
8 41 42
10 9 43
9 42 43
16 15 46
15 39 46
6 5 47
32 31 49
39 32 49
18 17 50
21 20 51
40 21 51
30 29 52
31 30 52
49 31 52
33 32 54
32 39 54
43 42 55
44 43 55
14 13 56
34 33 56
33 54 56
5 4 57
25 24 57
15 14 59
39 15 59
54 39 59
14 56 59
56 54 59
45 50 60
50 53 60
28 27 61
27 44 61
37 28 61
44 55 62
45 37 62
37 61 62
61 44 62
42 41 63
55 42 63
23 22 64
22 40 64
40 48 64
48 47 64
0 10 65
10 43 65
43 44 65
27 0 65
44 27 65
4 3 66
3 26 66
26 25 66
25 57 66
57 4 66
13 12 67
12 35 67
35 34 67
34 56 67
56 13 67
62 55 68
58 45 68
45 62 68
55 63 68
41 48 69
63 41 69
48 40 69
40 51 69
7 6 70
6 47 70
41 7 70
48 41 70
47 48 70
20 38 71
51 20 71
38 58 71
58 68 71
68 63 71
63 69 71
69 51 71
29 37 72
52 29 72
37 45 72
45 60 72
60 52 72
57 24 73
47 5 73
5 57 73
24 23 73
23 64 73
64 47 73
19 18 74
38 19 74
58 38 74
18 50 74
50 45 74
45 58 74
17 16 75
16 46 75
46 53 75
50 17 75
53 50 75
12 11 76
11 36 76
35 12 76
36 35 76
46 39 77
39 49 77
53 46 77
49 52 77
52 60 77
60 53 77
