67
1 0 0
0 1 0
0 0 1
0.111111 0.888889 0
0.222222 0.777778 0
0.333333 0.666667 0
0.444444 0.555556 0
0.555556 0.444444 0
0.666667 0.333333 0
0.777778 0.222222 0
0.888889 0.111111 0
0 0.0588235 0.941176
0 0.117647 0.882353
0 0.176471 0.823529
0 0.235294 0.764706
0 0.294118 0.705882
0 0.352941 0.647059
0 0.411765 0.588235
0 0.470588 0.529412
0 0.529412 0.470588
0 0.588235 0.411765
0 0.647059 0.352941
0 0.705882 0.294118
0 0.764706 0.235294
0 0.823529 0.176471
0 0.882353 0.117647
0 0.941176 0.0588235
0.9 0 0.1
0.8 0 0.2
0.7 0 0.3
0.6 0 0.4
0.5 0 0.5
0.4 0 0.6
0.3 0 0.7
0.2 0 0.8
0.1 0 0.9
0.620401 0.114467 0.265132
0.258297 0.152245 0.589458
0.19714 0.581782 0.221079
0.440255 0.434777 0.124968
0.758261 0.114207 0.127532
0.386488 0.264325 0.349187
0.195986 0.237335 0.566679
0.280429 0.632308 0.0872634
0.395835 0.121538 0.482627
0.187628 0.341205 0.471167
0.629411 0.285377 0.0852124
0.209819 0.516255 0.273926
0.53258 0.0925724 0.374848
0.609886 0.236898 0.153216
0.171933 0.109978 0.718089
0.142324 0.781991 0.0756844
0.200063 0.397372 0.402565
0.359787 0.539779 0.100434
0.361768 0.20752 0.430711
0.412886 0.378924 0.20819
0.199225 0.460758 0.340018
0.134362 0.0781465 0.787492
0.550657 0.211496 0.237847
0.13303 0.183208 0.683761
0.15321 0.661878 0.184912
0.387013 0.329969 0.283018
0.149397 0.308264 0.542339
0.14488 0.724579 0.130541
0.0958061 0.856071 0.048123
0.293989 0.0855427 0.620468
0.0711567 0.0479422 0.880901


3 1 26
11 2 35
28 27 36
29 28 36
22 21 38
8 7 39
0 10 40
27 0 40
36 27 40
16 15 42
15 37 42
6 5 43
31 30 44
37 31 44
42 37 44
18 17 45
9 8 46
8 39 46
10 9 46
21 20 47
38 21 47
39 38 47
30 29 48
44 30 48
29 36 48
40 10 49
10 46 49
14 13 50
33 32 50
5 4 51
25 24 51
19 18 52
18 45 52
45 41 52
38 39 53
39 7 53
7 6 53
6 43 53
36 41 54
48 36 54
41 45 54
42 44 54
44 48 54
46 39 55
39 47 55
49 46 55
20 19 56
19 52 56
47 20 56
55 47 56
13 12 57
12 34 57
34 33 57
33 50 57
50 13 57
36 40 58
41 36 58
40 49 58
15 14 59
37 15 59
14 50 59
23 22 60
22 38 60
38 53 60
53 43 60
52 41 61
41 58 61
56 52 61
49 55 61
58 49 61
55 56 61
17 16 62
16 42 62
42 54 62
45 17 62
54 45 62
24 23 63
51 24 63
43 5 63
5 51 63
23 60 63
60 43 63
4 3 64
3 26 64
26 25 64
25 51 64
51 4 64
32 31 65
31 37 65
37 59 65
50 32 65
59 50 65
12 11 66
11 35 66
34 12 66
35 34 66
