81
1 0 0
0 1 0
0 0 1
0.111111 0.888889 0
0.222222 0.777778 0
0.333333 0.666667 0
0.444444 0.555556 0
0.555556 0.444444 0
0.666667 0.333333 0
0.777778 0.222222 0
0.888889 0.111111 0
0 0.0555556 0.944444
0 0.111111 0.888889
0 0.166667 0.833333
0 0.222222 0.777778
0 0.277778 0.722222
0 0.333333 0.666667
0 0.388889 0.611111
0 0.444444 0.555556
0 0.5 0.5
0 0.555556 0.444444
0 0.611111 0.388889
0 0.666667 0.333333
0 0.722222 0.277778
0 0.777778 0.222222
0 0.833333 0.166667
0 0.888889 0.111111
0 0.944444 0.0555556
0.916667 0 0.0833333
0.833333 0 0.166667
0.75 0 0.25
0.666667 0 0.333333
0.583333 0 0.416667
0.5 0 0.5
0.416667 0 0.583333
0.333333 0 0.666667
0.25 0 0.75
0.166667 0 0.833333
0.0833334 0 0.916667
0.629251 0.120044 0.250706
0.303779 0.116865 0.579355
0.159035 0.602121 0.238844
0.479176 0.408784 0.11204
0.771492 0.0745714 0.153937
0.613366 0.296201 0.0904336
0.739173 0.191107 0.0697198
0.381807 0.256044 0.362149
0.191984 0.239315 0.568702
0.289315 0.631033 0.0796523
0.30612 0.531774 0.162106
0.396107 0.0994434 0.50445
0.204386 0.325147 0.470467
0.480714 0.247485 0.271801
0.149053 0.55283 0.298117
0.518998 0.0897501 0.391252
0.250176 0.251724 0.4981
0.589074 0.242908 0.168018
0.151115 0.105814 0.743071
0.140782 0.786877 0.0723409
0.273218 0.368243 0.358539
0.38928 0.524839 0.0858818
0.174228 0.654987 0.170785
0.804181 0.10679 0.0890291
0.135196 0.220252 0.644552
0.380274 0.203433 0.416293
0.195028 0.133154 0.671818
0.431478 0.36997 0.198553
0.205236 0.467085 0.32768
0.118258 0.0760235 0.805719
0.307228 0.472699 0.220073
0.555717 0.114839 0.329444
0.391064 0.340216 0.268721
0.0932632 0.859609 0.0471283
0.157972 0.393038 0.448991
0.651896 0.160953 0.187151
0.391214 0.142831 0.465955
0.152282 0.729478 0.11824
0.0647603 0.042967 0.892273
0.109319 0.468585 0.422096
0.530637 0.421347 0.0480166
0.108996 0.342107 0.548897


3 1 27
11 2 38
30 29 39
34 33 40
23 22 41
29 28 43
39 29 43
9 8 44
8 42 44
10 9 45
9 44 45
17 16 47
6 5 48
33 32 50
40 33 50
47 40 50
46 39 52
22 21 53
41 22 53
32 31 54
45 44 56
14 13 57
36 35 57
5 4 58
26 25 58
46 52 59
7 6 60
6 48 60
49 42 60
24 23 61
23 41 61
41 49 61
49 60 61
60 48 61
0 10 62
10 45 62
28 0 62
43 28 62
45 56 62
16 15 63
40 47 63
47 16 63
46 51 64
51 55 64
35 34 65
57 35 65
34 40 65
15 14 65
63 15 65
14 57 65
40 63 65
44 42 66
56 44 66
21 20 67
53 21 67
13 12 68
12 37 68
37 36 68
36 57 68
57 13 68
49 41 69
41 53 69
42 49 69
66 42 69
53 67 69
67 66 69
31 30 70
54 31 70
30 39 70
39 46 70
46 64 70
64 54 70
52 56 71
56 66 71
59 52 71
67 59 71
66 67 71
4 3 72
3 27 72
27 26 72
26 58 72
58 4 72
19 18 73
18 51 73
51 46 73
46 59 73
39 43 74
52 39 74
56 52 74
43 62 74
62 56 74
50 32 75
32 54 75
47 50 75
55 47 75
54 64 75
64 55 75
25 24 76
58 25 76
48 5 76
5 58 76
24 61 76
61 48 76
12 11 77
11 38 77
37 12 77
38 37 77
59 67 78
67 20 78
20 19 78
19 73 78
73 59 78
8 7 79
42 8 79
7 60 79
60 42 79
18 17 80
51 18 80
17 47 80
47 55 80
55 51 80
