121
1 0 0
0 1 0
0 0 1
0.111111 0.888889 0
0.222222 0.777778 0
0.333333 0.666667 0
0.444444 0.555556 0
0.555556 0.444444 0
0.666667 0.333333 0
0.777778 0.222222 0
0.888889 0.111111 0
0 0.0555556 0.944444
0 0.111111 0.888889
0 0.166667 0.833333
0 0.222222 0.777778
0 0.277778 0.722222
0 0.333333 0.666667
0 0.388889 0.611111
0 0.444444 0.555556
0 0.5 0.5
0 0.555556 0.444444
0 0.611111 0.388889
0 0.666667 0.333333
0 0.722222 0.277778
0 0.777778 0.222222
0 0.833333 0.166667
0 0.888889 0.111111
0 0.944444 0.0555556
0.944444 0 0.0555556
0.888889 0 0.111111
0.833333 0 0.166667
0.777778 0 0.222222
0.722222 0 0.277778
0.666667 0 0.333333
0.611111 0 0.388889
0.555556 0 0.444444
0.5 0 0.5
0.444444 0 0.555556
0.388889 0 0.611111
0.333333 0 0.666667
0.277778 0 0.722222
0.222222 0 0.777778
0.166667 0 0.833333
0.111111 0 0.888889
0.0555555 0 0.944444
0.635912 0.114216 0.249873
0.118548 0.48399 0.397462
0.264299 0.148197 0.587503
0.157961 0.601292 0.240747
0.515141 0.39497 0.0898892
0.787165 0.0760602 0.136775
0.409588 0.0789668 0.511445
0.643539 0.276398 0.0800632
0.911076 0.0593399 0.0295845
0.683632 0.132926 0.183442
0.755161 0.187988 0.0568514
0.387416 0.259851 0.352733
0.164046 0.247816 0.588138
0.281287 0.627526 0.0911868
0.332045 0.520259 0.147696
0.196212 0.322969 0.480819
0.473753 0.245536 0.280711
0.69561 0.272063 0.0323277
0.259767 0.53417 0.206062
0.154819 0.550527 0.294654
0.486562 0.469884 0.0435532
0.549722 0.0761354 0.374142
0.168213 0.181805 0.649982
0.268753 0.690555 0.0406927
0.5641 0.263072 0.172828
0.0846494 0.350257 0.565094
0.117455 0.152165 0.73038
0.329987 0.266623 0.40339
0.167585 0.771098 0.0613173
0.451926 0.396687 0.151387
0.254491 0.372297 0.373212
0.0891901 0.784658 0.126152
0.46235 0.32302 0.21463
0.402075 0.502469 0.0954558
0.24449 0.0880174 0.667493
0.148665 0.672731 0.178604
0.840471 0.0839549 0.075574
0.295367 0.192014 0.512619
0.567848 0.210065 0.222087
0.483061 0.172334 0.344604
0.587595 0.104977 0.307428
0.442214 0.144697 0.413089
0.595337 0.364465 0.0401978
0.0783892 0.854016 0.0675952
0.647834 0.21991 0.132256
0.135035 0.0747477 0.790218
0.100237 0.442661 0.457101
0.352434 0.396413 0.251153
0.0768698 0.0748315 0.848299
0.0812864 0.293199 0.625515
0.354027 0.0888655 0.557108
0.322643 0.365455 0.311902
0.0750707 0.635119 0.289811
0.177809 0.70646 0.115731
0.310241 0.238308 0.451451
0.092677 0.563574 0.343749
0.0800293 0.236622 0.683349
0.0743145 0.690857 0.234828
0.387431 0.142701 0.469867
0.373509 0.5819 0.0445907
0.188084 0.277602 0.534314
0.732596 0.155971 0.111433
0.0490575 0.0478867 0.903056
0.213888 0.358743 0.427369
0.202264 0.46373 0.334006
0.558619 0.316499 0.124882
0.369239 0.434686 0.196076
0.0889923 0.400265 0.510742
0.833112 0.136371 0.0305176
0.0629377 0.750635 0.186428
0.236925 0.614475 0.148599
0.763534 0.0525417 0.183924
0.47112 0.0634556 0.465425
0.0638708 0.139968 0.796161
0.245198 0.484282 0.27052
0.195973 0.0671005 0.736927


3 1 27
11 2 44
32 31 45
21 20 46
30 29 50
37 36 51
0 10 53
28 0 53
45 31 54
9 8 62
55 9 62
52 55 62
7 6 65
34 33 66
35 34 66
47 57 67
5 4 68
18 17 70
15 14 71
4 3 73
68 4 73
58 68 73
72 56 75
26 25 76
69 74 77
58 59 78
49 65 78
59 74 78
74 49 78
39 38 79
38 47 79
40 39 79
47 67 79
67 71 79
48 63 80
29 28 81
28 53 81
50 29 81
45 54 83
54 69 83
61 45 83
77 61 83
69 77 83
61 56 84
33 32 85
32 45 85
45 61 85
61 84 85
66 33 85
84 66 85
35 66 86
56 72 86
84 56 86
66 84 86
8 7 87
52 62 87
62 8 87
49 52 87
65 49 87
7 65 87
3 27 88
73 3 88
27 26 88
26 76 88
76 73 88
69 54 89
42 41 90
20 19 91
46 20 91
61 77 92
13 12 93
43 42 93
42 90 93
17 16 94
67 57 94
57 70 94
70 17 94
38 37 95
47 38 95
37 51 95
51 82 95
82 47 95
56 61 96
61 92 96
75 56 96
23 22 97
64 48 97
58 73 98
73 76 98
76 80 98
60 82 99
86 72 99
22 21 100
21 46 100
64 97 100
97 22 100
16 15 101
15 71 101
71 67 101
67 94 101
94 16 101
24 23 102
48 80 102
23 97 102
97 48 102
82 51 103
99 82 103
86 99 103
6 5 104
5 68 104
65 6 104
78 65 104
68 58 104
58 78 104
70 57 105
57 47 105
47 82 105
82 60 105
50 81 106
81 55 106
54 50 106
89 54 106
55 52 106
52 89 106
12 11 107
11 44 107
44 43 107
43 93 107
93 12 107
72 75 108
91 60 108
75 46 108
46 91 108
60 99 108
99 72 108
75 96 109
46 75 109
100 46 109
64 100 109
49 74 110
74 69 110
52 49 110
89 52 110
69 89 110
59 63 111
74 59 111
63 92 111
77 74 111
92 77 111
19 18 112
18 70 112
60 91 112
91 19 112
70 105 112
105 60 112
10 9 113
9 55 113
53 10 113
55 81 113
81 53 113
25 24 114
76 25 114
80 76 114
24 102 114
102 80 114
63 59 115
80 63 115
59 58 115
58 98 115
98 80 115
31 30 116
54 31 116
30 50 116
50 54 116
36 35 117
51 36 117
103 51 117
35 86 117
86 103 117
14 13 118
71 14 118
90 71 118
13 93 118
93 90 118
63 48 119
48 64 119
92 63 119
96 92 119
64 109 119
109 96 119
41 40 120
40 79 120
79 71 120
71 90 120
90 41 120
