132
1 0 0
0 1 0
0 0 1
0.111111 0.888889 0
0.222222 0.777778 0
0.333333 0.666667 0
0.444444 0.555556 0
0.555556 0.444444 0
0.666667 0.333333 0
0.777778 0.222222 0
0.888889 0.111111 0
0 0.0526316 0.947369
0 0.105263 0.894737
0 0.157895 0.842105
0 0.210526 0.789474
0 0.263158 0.736842
0 0.315789 0.684211
0 0.368421 0.631579
0 0.421053 0.578947
0 0.473684 0.526316
0 0.526316 0.473684
0 0.578947 0.421053
0 0.631579 0.368421
0 0.684211 0.315789
0 0.736842 0.263158
0 0.789474 0.210526
0 0.842105 0.157895
0 0.894737 0.105263
0 0.947368 0.0526316
0.947368 0 0.0526316
0.894737 0 0.105263
0.842105 0 0.157895
0.789474 0 0.210526
0.736842 0 0.263158
0.684211 0 0.315789
0.631579 0 0.368421
0.578947 0 0.421053
0.526316 0 0.473684
0.473684 0 0.526316
0.421053 0 0.578947
0.368421 0 0.631579
0.315789 0 0.684211
0.263158 0 0.736842
0.210526 0 0.789474
0.157895 0 0.842105
0.105263 0 0.894737
0.0526315 0 0.947369
0.634715 0.10964 0.255645
0.113223 0.49473 0.392047
0.256627 0.160101 0.583272
0.164405 0.601666 0.233929
0.481041 0.420243 0.0987159
0.413574 0.0800991 0.506327
0.643234 0.281522 0.0752441
0.923454 0.0527225 0.0238233
0.66576 0.146705 0.187535
0.747733 0.183202 0.0690659
0.748453 0.118375 0.133173
0.373733 0.275135 0.351132
0.156311 0.253096 0.590593
0.282873 0.626854 0.0902729
0.0588969 0.134333 0.80677
0.325587 0.523373 0.15104
0.201187 0.320822 0.477991
0.511354 0.217603 0.271042
0.699506 0.268193 0.0323007
0.275603 0.509688 0.214709
0.15459 0.553197 0.292213
0.488718 0.46615 0.0451323
0.535555 0.0833935 0.381052
0.173374 0.172104 0.654521
0.255828 0.704725 0.0394469
0.562122 0.265333 0.172545
0.0877425 0.361893 0.550365
0.137874 0.135809 0.726317
0.322957 0.274848 0.402195
0.168186 0.759092 0.072722
0.447703 0.398774 0.153523
0.246993 0.378934 0.374073
0.83114 0.0764479 0.0924127
0.0873738 0.789418 0.123209
0.457996 0.32119 0.220814
0.396536 0.506805 0.0966596
0.227436 0.0771749 0.695389
0.140048 0.68804 0.171912
0.302857 0.187719 0.509425
0.569082 0.209642 0.221276
0.190773 0.474253 0.334974
0.493085 0.0771652 0.42975
0.487285 0.17896 0.333755
0.584051 0.11545 0.300499
0.604632 0.361601 0.0337673
0.0782796 0.854459 0.0672619
0.65893 0.214721 0.12635
0.10025 0.449767 0.449983
0.341459 0.405994 0.252548
0.271838 0.0835752 0.644587
0.0818119 0.0719431 0.846245
0.223012 0.593462 0.183525
0.362507 0.0854941 0.551999
0.428459 0.171896 0.399645
0.300948 0.383973 0.315079
0.320229 0.230876 0.448895
0.0682065 0.333888 0.597905
0.177133 0.707799 0.115069
0.0846265 0.579825 0.335548
0.081172 0.226247 0.692581
0.212384 0.360332 0.427284
0.0650377 0.170188 0.764774
0.0791772 0.641609 0.279213
0.24044 0.486204 0.273356
0.0763815 0.698857 0.224762
0.371918 0.583686 0.0443957
0.191243 0.27716 0.531597
0.758392 0.0615277 0.18008
0.335928 0.0631849 0.600887
0.140019 0.0740125 0.785969
0.843569 0.116191 0.0402404
0.589845 0.0703963 0.339759
0.411998 0.125347 0.462655
0.0924882 0.406472 0.501039
0.0807741 0.276893 0.642333
0.557981 0.3211 0.120919
0.371506 0.431524 0.196969
0.713246 0.0647358 0.222018
0.0400385 0.0411803 0.918781
0.0603147 0.76116 0.178525
0.062629 0.910851 0.0265202
0.235246 0.625822 0.138932
0.557255 0.369774 0.0729708
0.410139 0.299971 0.28989
0.150421 0.819601 0.0299786


11 2 46
34 33 47
22 21 48
38 37 52
0 10 54
29 0 54
14 13 61
9 8 65
56 9 65
53 56 65
7 6 68
36 35 69
49 59 70
5 4 71
19 18 73
60 71 76
75 58 78
30 29 79
31 30 79
57 31 79
56 57 79
27 26 80
72 77 81
60 62 82
51 68 82
62 77 82
77 51 82
42 41 83
74 42 83
70 74 83
47 55 86
64 47 86
55 72 86
72 81 86
81 64 86
48 78 87
37 36 88
36 69 88
34 47 90
47 64 90
64 89 90
8 7 91
53 65 91
65 8 91
7 68 91
28 27 92
27 80 92
80 76 92
56 53 93
57 56 93
55 57 93
72 55 93
21 20 94
48 21 94
41 40 96
49 70 96
70 83 96
83 41 96
13 12 97
12 45 97
45 44 97
61 13 97
50 66 98
84 50 98
66 62 98
39 38 99
38 52 99
52 85 99
85 49 99
58 75 100
88 69 100
69 89 100
89 58 100
78 58 101
87 78 101
63 85 102
100 75 102
18 17 103
59 73 103
73 18 103
60 76 104
76 80 104
80 84 104
23 22 105
22 48 105
48 87 105
87 67 105
16 15 106
15 74 106
74 70 106
75 78 107
94 63 107
78 48 107
48 94 107
63 102 107
102 75 107
15 14 108
74 15 108
14 61 108
24 23 109
67 50 109
23 105 109
105 67 109
66 50 110
50 67 110
95 66 110
67 87 110
87 101 110
101 95 110
25 24 111
50 84 111
24 109 111
109 50 111
6 5 112
5 71 112
71 60 112
60 82 112
68 6 112
82 68 112
59 49 113
49 85 113
85 63 113
73 59 113
32 31 114
31 57 114
57 55 114
40 39 115
49 96 115
96 40 115
39 99 115
99 49 115
44 43 116
43 42 116
42 74 116
61 97 116
97 44 116
108 61 116
74 108 116
10 9 117
9 56 117
54 10 117
29 54 117
79 29 117
56 79 117
35 34 118
34 90 118
69 35 118
89 69 118
90 89 118
52 37 119
37 88 119
85 52 119
102 85 119
88 100 119
100 102 119
19 73 120
20 19 120
94 20 120
63 94 120
73 113 120
113 63 120
103 17 121
70 59 121
59 103 121
17 16 121
16 106 121
106 70 121
51 77 122
77 72 122
93 53 122
72 93 122
62 66 123
77 62 123
81 77 123
66 95 123
95 81 123
33 32 124
47 33 124
55 47 124
32 114 124
114 55 124
12 11 125
11 46 125
45 12 125
46 45 125
26 25 126
80 26 126
84 80 126
25 111 126
111 84 126
3 1 127
1 28 127
28 92 127
62 60 128
60 104 128
98 62 128
84 98 128
104 84 128
53 91 129
68 51 129
91 68 129
51 122 129
122 53 129
58 89 130
89 64 130
64 81 130
81 95 130
101 58 130
95 101 130
71 4 131
76 71 131
4 3 131
92 76 131
3 127 131
127 92 131
