99
1 0 0
0 1 0
0 0 1
0.111111 0.888889 0
0.222222 0.777778 0
0.333333 0.666667 0
0.444444 0.555556 0
0.555556 0.444444 0
0.666667 0.333333 0
0.777778 0.222222 0
0.888889 0.111111 0
0 0.0526316 0.947368
0 0.105263 0.894737
0 0.157895 0.842105
0 0.210526 0.789474
0 0.263158 0.736842
0 0.315789 0.684211
0 0.368421 0.631579
0 0.421053 0.578947
0 0.473684 0.526316
0 0.526316 0.473684
0 0.578947 0.421053
0 0.631579 0.368421
0 0.684211 0.315789
0 0.736842 0.263158
0 0.789474 0.210526
0 0.842105 0.157895
0 0.894737 0.105263
0 0.947368 0.0526316
0.928571 0 0.0714286
0.857143 0 0.142857
0.785714 0 0.214286
0.714286 0 0.285714
0.642857 0 0.357143
0.571429 0 0.428571
0.5 0 0.5
0.428571 0 0.571429
0.357143 0 0.642857
0.285714 0 0.714286
0.214286 0 0.785714
0.142857 0 0.857143
0.0714286 0 0.928571
0.103474 0.854102 0.0424244
0.619932 0.11846 0.261609
0.106872 0.487054 0.406074
0.291482 0.125768 0.582749
0.1494 0.613589 0.237012
0.481681 0.407628 0.110691
0.755391 0.190292 0.054317
0.640584 0.297265 0.0621501
0.689232 0.121383 0.189386
0.380848 0.267338 0.351814
0.171326 0.247112 0.581562
0.283387 0.612223 0.10439
0.304579 0.535212 0.160208
0.416913 0.0822276 0.50086
0.196749 0.323766 0.479485
0.508441 0.226125 0.265434
0.147014 0.552694 0.300292
0.524786 0.0911515 0.384063
0.143704 0.200041 0.656256
0.25974 0.240547 0.499714
0.805377 0.0733617 0.121261
0.588431 0.229875 0.181694
0.271246 0.501558 0.227196
0.722287 0.163496 0.114216
0.138773 0.138392 0.722835
0.160925 0.773449 0.0656265
0.236656 0.384993 0.378351
0.454056 0.324493 0.221451
0.857203 0.0885798 0.054217
0.400561 0.506509 0.09293
0.263706 0.0822326 0.654061
0.147923 0.67746 0.174616
0.0735018 0.764956 0.161542
0.367283 0.215253 0.417464
0.114736 0.332064 0.5532
0.204581 0.459255 0.336164
0.499621 0.164705 0.335674
0.122306 0.421095 0.456599
0.406946 0.411078 0.181976
0.0906485 0.0664817 0.84287
0.123368 0.0949509 0.781681
0.163748 0.725702 0.11055
0.628641 0.0656686 0.305691
0.537732 0.413495 0.0487733
0.419168 0.128284 0.452548
0.352124 0.343953 0.303923
0.575029 0.29318 0.131791
0.308336 0.427933 0.263731
0.30489 0.645667 0.0494427
0.308873 0.167742 0.523385
0.426487 0.52913 0.0443833
0.261205 0.321352 0.417443
0.0587153 0.0444852 0.896799
0.401978 0.0550565 0.542965
0.0833758 0.282034 0.634591
0.0835215 0.396635 0.519844
0.0853321 0.54787 0.366798


3 1 28
11 2 41
4 3 42
3 28 42
28 27 42
21 20 44
24 23 46
10 9 48
9 8 49
48 9 49
31 30 50
43 31 50
35 34 55
43 50 57
23 22 58
46 23 58
34 33 59
16 15 60
45 52 60
30 29 62
50 30 62
57 50 63
54 46 64
46 58 64
50 62 65
63 50 65
15 14 66
60 15 66
5 4 67
4 42 67
27 26 67
42 27 67
57 63 69
0 10 70
29 0 70
10 48 70
48 65 70
62 29 70
65 62 70
53 54 71
54 47 71
37 36 72
36 45 72
45 60 72
38 37 72
66 38 72
60 66 72
25 24 73
24 46 73
46 54 73
54 53 73
26 25 74
25 73 74
56 61 75
18 17 76
17 52 76
52 61 76
61 56 76
44 68 77
43 57 78
57 51 78
51 75 78
75 59 78
20 19 79
44 20 79
68 44 79
47 54 80
54 64 80
13 12 81
40 39 81
14 13 82
66 14 82
39 38 82
38 66 82
13 81 82
81 39 82
67 26 83
26 74 83
73 53 83
74 73 83
32 31 84
31 43 84
33 32 84
59 33 84
43 78 84
78 59 84
47 49 85
49 8 85
8 7 85
71 47 85
55 34 86
34 59 86
59 75 86
75 61 86
51 57 87
68 51 87
77 68 87
57 69 87
48 49 88
65 48 88
63 65 88
49 47 88
47 80 88
69 63 88
80 69 88
64 58 89
58 77 89
69 80 89
80 64 89
77 87 89
87 69 89
6 5 90
83 53 90
5 67 90
67 83 90
52 45 91
45 55 91
61 52 91
55 86 91
86 61 91
7 6 92
53 71 92
71 85 92
85 7 92
6 90 92
90 53 92
56 75 93
75 51 93
79 56 93
51 68 93
68 79 93
12 11 94
11 41 94
41 40 94
40 81 94
81 12 94
36 35 95
45 36 95
35 55 95
55 45 95
17 16 96
52 17 96
16 60 96
60 52 96
19 18 97
18 76 97
76 56 97
56 79 97
79 19 97
22 21 98
58 22 98
77 58 98
21 44 98
44 77 98
