89
1 0 0
0 1 0
0 0 1
0.111111 0.888889 0
0.222222 0.777778 0
0.333333 0.666667 0
0.444444 0.555556 0
0.555556 0.444444 0
0.666667 0.333333 0
0.777778 0.222222 0
0.888889 0.111111 0
0 0.0526316 0.947368
0 0.105263 0.894737
0 0.157895 0.842105
0 0.210526 0.789474
0 0.263158 0.736842
0 0.315789 0.684211
0 0.368421 0.631579
0 0.421053 0.578947
0 0.473684 0.526316
0 0.526316 0.473684
0 0.578947 0.421053
0 0.631579 0.368421
0 0.684211 0.315789
0 0.736842 0.263158
0 0.789474 0.210526
0 0.842105 0.157895
0 0.894737 0.105263
0 0.947368 0.0526316
0.923077 0 0.0769231
0.846154 0 0.153846
0.769231 0 0.230769
0.692308 0 0.307692
0.615385 0 0.384615
0.538462 0 0.461538
0.461538 0 0.538462
0.384615 0 0.615385
0.307692 0 0.692308
0.230769 0 0.769231
0.153846 0 0.846154
0.0769231 0 0.923077
0.636903 0.118498 0.244599
0.115816 0.478464 0.40572
0.292729 0.134444 0.572827
0.160293 0.606032 0.233675
0.484405 0.412079 0.103516
0.762874 0.0811824 0.155943
0.411014 0.0726684 0.516318
0.630369 0.291833 0.0777978
0.746423 0.186677 0.0669001
0.425247 0.232933 0.34182
0.173079 0.24429 0.582631
0.282062 0.628566 0.0893718
0.305918 0.534586 0.159496
0.162426 0.347347 0.490227
0.470243 0.24627 0.283487
0.176811 0.537843 0.285346
0.522553 0.0916201 0.385827
0.255774 0.244384 0.499842
0.584469 0.258953 0.156577
0.753361 0.132073 0.114566
0.149669 0.133723 0.716609
0.149106 0.782661 0.0682331
0.27776 0.365582 0.356658
0.388497 0.52608 0.0854227
0.172682 0.658954 0.168364
0.141564 0.201878 0.656558
0.392773 0.129191 0.478035
0.374572 0.20884 0.416588
0.113042 0.329274 0.557684
0.274287 0.0953673 0.630346
0.376385 0.391928 0.231686
0.198055 0.470711 0.331234
0.612085 0.187152 0.200763
0.126463 0.424643 0.448894
0.568807 0.110664 0.320529
0.326651 0.472295 0.201054
0.104173 0.0711233 0.824703
0.490119 0.35888 0.151001
0.133327 0.740759 0.125914
0.420667 0.319586 0.259746
0.0941969 0.860374 0.0454288
0.871628 0.0809243 0.0474472
0.531649 0.421128 0.0472229
0.147709 0.0853103 0.766981
0.270407 0.675112 0.0544813
0.273954 0.0564199 0.669626
0.0572085 0.0411913 0.9016
0.263634 0.322103 0.414264


3 1 28
11 2 40
31 30 41
21 20 42
24 23 44
30 29 46
41 30 46
35 34 47
43 35 47
9 8 48
8 45 48
10 9 49
9 48 49
17 16 51
19 18 54
50 41 55
23 22 56
44 23 56
33 32 57
49 48 59
46 29 60
49 59 60
15 14 61
5 4 62
27 26 62
50 55 63
7 6 64
6 52 64
53 45 64
25 24 65
24 44 65
44 53 65
53 64 65
64 52 65
16 15 66
43 51 66
51 16 66
15 61 66
43 47 67
51 43 67
34 33 67
33 57 67
47 34 67
58 51 67
54 58 68
58 67 68
67 57 68
18 17 69
17 51 69
51 58 69
54 18 69
58 54 69
36 35 70
35 43 70
43 66 70
66 61 70
22 21 72
56 22 72
21 42 72
71 56 72
42 63 72
41 46 73
55 41 73
46 60 73
60 59 73
20 19 74
19 54 74
42 20 74
63 42 74
32 31 75
31 41 75
41 50 75
57 32 75
50 68 75
68 57 75
53 44 76
44 56 76
45 53 76
56 71 76
13 12 77
12 39 77
39 38 77
59 48 78
71 59 78
48 45 78
45 76 78
76 71 78
26 25 79
62 26 79
25 65 79
65 52 79
63 55 80
71 72 80
72 63 80
59 71 80
73 59 80
55 73 80
4 3 81
3 28 81
28 27 81
27 62 81
62 4 81
0 10 82
10 49 82
49 60 82
29 0 82
60 29 82
8 7 83
45 8 83
7 64 83
64 45 83
14 13 84
61 14 84
38 37 84
37 61 84
13 77 84
77 38 84
6 5 85
52 6 85
79 52 85
5 62 85
62 79 85
37 36 86
61 37 86
36 70 86
70 61 86
12 11 87
11 40 87
39 12 87
40 39 87
54 68 88
68 50 88
74 54 88
50 63 88
63 74 88
