134
1 0 0
0 1 0
0 0 1
0.111111 0.888889 0
0.222222 0.777778 0
0.333333 0.666667 0
0.444444 0.555556 0
0.555556 0.444444 0
0.666667 0.333333 0
0.777778 0.222222 0
0.888889 0.111111 0
0 0.05 0.95
0 0.1 0.9
0 0.15 0.85
0 0.2 0.8
0 0.25 0.75
0 0.3 0.7
0 0.35 0.65
0 0.4 0.6
0 0.45 0.55
0 0.5 0.5
0 0.55 0.45
0 0.6 0.4
0 0.65 0.35
0 0.7 0.3
0 0.75 0.25
0 0.8 0.2
0 0.85 0.15
0 0.9 0.1
0 0.95 0.05
0.95 0 0.05
0.9 0 0.1
0.85 0 0.15
0.8 0 0.2
0.75 0 0.25
0.7 0 0.3
0.65 0 0.35
0.6 0 0.4
0.55 0 0.45
0.5 0 0.5
0.45 0 0.55
0.4 0 0.6
0.35 0 0.65
0.3 0 0.7
0.25 0 0.75
0.2 0 0.8
0.15 0 0.85
0.1 0 0.9
0.0500001 0 0.95
0.136206 0.825485 0.0383086
0.630126 0.11833 0.251544
0.111927 0.484969 0.403103
0.285577 0.127979 0.586443
0.166061 0.603593 0.230346
0.480978 0.419364 0.0996576
0.393295 0.0897602 0.516945
0.644747 0.279481 0.0757715
0.920642 0.0551902 0.0241675
0.662039 0.152366 0.185595
0.742613 0.179924 0.0774635
0.7484 0.119797 0.131803
0.387928 0.25954 0.352532
0.179351 0.245366 0.575282
0.286957 0.621918 0.0911255
0.31832 0.531449 0.150231
0.197971 0.323186 0.478843
0.490698 0.239744 0.269557
0.71403 0.252284 0.0336858
0.277708 0.510093 0.2122
0.157436 0.547212 0.295353
0.488041 0.465946 0.0460133
0.5423 0.088512 0.369188
0.147927 0.185899 0.666174
0.203897 0.664965 0.131138
0.253559 0.704788 0.0416533
0.562212 0.268568 0.16922
0.0876675 0.352199 0.560134
0.0920303 0.290537 0.617433
0.144791 0.113547 0.741662
0.332677 0.267227 0.400096
0.44837 0.397374 0.154256
0.081263 0.840059 0.078678
0.227046 0.389151 0.383804
0.833015 0.0772615 0.0897231
0.551761 0.232395 0.215844
0.0910073 0.782331 0.126662
0.454138 0.33236 0.213502
0.396474 0.505715 0.0978108
0.251886 0.0865777 0.661536
0.115975 0.70773 0.176295
0.0779888 0.700989 0.221022
0.388156 0.307543 0.304301
0.303872 0.198856 0.497272
0.187523 0.466917 0.34556
0.483161 0.186183 0.330656
0.582808 0.106676 0.310517
0.459145 0.119034 0.42182
0.606569 0.35907 0.0343611
0.658738 0.214769 0.126493
0.133562 0.0698678 0.79657
0.069657 0.261013 0.66933
0.0989646 0.441461 0.459574
0.354874 0.392743 0.252383
0.3222 0.226611 0.45119
0.760472 0.0655568 0.173972
0.218333 0.602386 0.179281
0.362081 0.0791116 0.558807
0.442553 0.176856 0.380591
0.0829933 0.650098 0.266909
0.368767 0.434788 0.196445
0.211755 0.358424 0.429821
0.370267 0.584115 0.0456181
0.0911761 0.556325 0.352498
0.238664 0.502102 0.259234
0.17558 0.742127 0.0822936
0.302127 0.0748219 0.623051
0.299225 0.354884 0.345891
0.186983 0.287351 0.525666
0.831011 0.129685 0.0393038
0.0678147 0.619301 0.312884
0.0674894 0.16295 0.769561
0.075165 0.0700807 0.854754
0.035928 0.0408741 0.923198
0.718978 0.0656047 0.215418
0.27052 0.429141 0.300339
0.559621 0.319502 0.120877
0.0889823 0.400804 0.510213
0.427038 0.101705 0.471257
0.199757 0.0954156 0.704827
0.558308 0.367638 0.0740539
0.0560499 0.127586 0.816364
0.0834064 0.201377 0.715216
0.201675 0.176944 0.621381
0.28189 0.175694 0.542416


3 1 29
11 2 48
4 3 49
3 29 49
35 34 50
22 21 51
40 39 55
0 10 57
30 0 57
9 8 67
56 59 67
7 6 70
37 36 71
64 63 73
5 4 74
4 49 74
19 18 76
18 17 77
62 76 77
76 18 77
29 28 81
49 29 81
31 30 83
32 31 83
60 32 83
59 60 83
50 58 84
58 75 84
66 50 84
28 27 85
81 28 85
66 84 86
75 80 86
84 75 86
63 64 87
54 70 87
64 80 87
80 54 87
43 42 88
27 26 89
85 27 89
73 85 89
26 25 90
89 26 90
53 89 90
51 82 93
66 91 94
91 61 94
35 50 95
50 66 95
66 94 95
36 35 95
71 36 95
94 71 95
38 37 96
37 71 96
56 67 97
67 8 97
8 7 97
7 70 97
59 56 98
60 59 98
58 60 98
75 58 98
46 45 99
45 44 99
44 78 99
17 16 100
72 77 100
77 17 100
21 20 101
51 21 101
66 86 102
91 66 102
65 92 103
96 79 103
33 32 104
32 60 104
60 58 104
53 68 105
89 53 105
68 64 105
64 73 105
73 89 105
41 40 106
52 41 106
40 55 106
71 94 107
94 61 107
96 71 107
61 79 107
79 96 107
25 24 108
69 53 108
53 90 108
90 25 108
64 68 109
80 64 109
86 80 109
68 102 109
102 86 109
79 82 110
101 65 110
82 51 110
51 101 110
65 103 110
103 79 110
6 5 111
70 6 111
5 74 111
74 63 111
63 87 111
87 70 111
23 22 112
22 51 112
51 93 112
93 69 112
68 53 113
53 69 113
102 68 113
74 49 114
49 81 114
73 63 114
63 74 114
81 85 114
85 73 114
42 41 115
41 52 115
88 42 115
79 61 116
82 79 116
93 82 116
61 91 116
76 62 117
92 65 117
10 9 118
57 10 118
9 67 118
67 59 118
30 57 118
83 30 118
59 83 118
69 108 119
108 24 119
24 23 119
23 112 119
112 69 119
15 14 120
99 78 120
13 12 121
12 47 121
47 46 121
46 99 121
12 11 122
11 48 122
47 12 122
48 47 122
34 33 123
50 34 123
58 50 123
33 104 123
104 58 123
69 93 124
113 69 124
91 102 124
102 113 124
116 91 124
93 116 124
54 80 125
80 75 125
98 56 125
75 98 125
20 19 126
19 76 126
65 101 126
101 20 126
117 65 126
76 117 126
39 38 127
38 96 127
55 39 127
92 55 127
103 92 127
96 103 127
44 43 128
78 44 128
88 72 128
43 88 128
56 97 129
70 54 129
97 70 129
54 125 129
125 56 129
14 13 130
99 120 130
120 14 130
13 121 130
121 99 130
16 15 131
100 16 131
72 100 131
15 120 131
120 78 131
78 128 131
128 72 131
52 62 132
62 77 132
77 72 132
115 52 132
72 88 132
88 115 132
55 92 133
106 55 133
52 106 133
62 52 133
117 62 133
92 117 133
