119
1 0 0
0 1 0
0 0 1
0.111111 0.888889 0
0.222222 0.777778 0
0.333333 0.666667 0
0.444444 0.555556 0
0.555556 0.444444 0
0.666667 0.333333 0
0.777778 0.222222 0
0.888889 0.111111 0
0 0.05 0.95
0 0.1 0.9
0 0.15 0.85
0 0.2 0.8
0 0.25 0.75
0 0.3 0.7
0 0.35 0.65
0 0.4 0.6
0 0.45 0.55
0 0.5 0.5
0 0.55 0.45
0 0.6 0.4
0 0.65 0.35
0 0.7 0.3
0 0.75 0.25
0 0.8 0.2
0 0.85 0.15
0 0.9 0.1
0 0.95 0.05
0.941176 0 0.0588235
0.882353 0 0.117647
0.823529 0 0.176471
0.764706 0 0.235294
0.705882 0 0.294118
0.647059 0 0.352941
0.588235 0 0.411765
0.529412 0 0.470588
0.470588 0 0.529412
0.411765 0 0.588235
0.352941 0 0.647059
0.294118 0 0.705882
0.235294 0 0.764706
0.176471 0 0.823529
0.117647 0 0.882353
0.0588236 0 0.941176
0.11865 0.841225 0.0401251
0.637799 0.111335 0.250866
0.107388 0.493973 0.398639
0.279188 0.139754 0.581058
0.153278 0.617195 0.229526
0.487781 0.405342 0.106877
0.786275 0.0757423 0.137982
0.394783 0.0830354 0.522181
0.891138 0.0722632 0.0365984
0.777057 0.175898 0.0470452
0.639656 0.286157 0.0741867
0.687896 0.129132 0.182972
0.406635 0.255857 0.337508
0.17322 0.244158 0.582622
0.26775 0.637878 0.0943718
0.328314 0.512421 0.159265
0.179397 0.338542 0.482061
0.490112 0.233829 0.276059
0.282137 0.501342 0.216521
0.189135 0.525694 0.285171
0.541976 0.0753169 0.382707
0.181278 0.175484 0.643238
0.250608 0.599131 0.150261
0.238846 0.250499 0.510655
0.235711 0.717562 0.0467278
0.579661 0.250566 0.169773
0.71261 0.17399 0.1134
0.107603 0.34529 0.547107
0.0757876 0.318718 0.605494
0.11526 0.145699 0.739041
0.347176 0.257498 0.395326
0.438374 0.389799 0.171827
0.0928733 0.821459 0.0856676
0.246659 0.375249 0.378093
0.0833916 0.7789 0.137709
0.453198 0.319394 0.227408
0.115926 0.435551 0.448523
0.384734 0.51995 0.095316
0.227507 0.0916701 0.680823
0.151311 0.689687 0.159002
0.0886659 0.700473 0.210861
0.387711 0.135871 0.476418
0.203921 0.456361 0.339718
0.492525 0.0729767 0.434498
0.561103 0.13529 0.303607
0.48182 0.15972 0.35846
0.114699 0.0894412 0.79586
0.537618 0.413027 0.0493549
0.275927 0.432593 0.29148
0.308888 0.239875 0.451237
0.835808 0.080774 0.0834181
0.564653 0.212538 0.22281
0.427616 0.157372 0.415013
0.390235 0.566873 0.0428922
0.353302 0.346859 0.299839
0.290995 0.174833 0.534172
0.0847543 0.611778 0.303468
0.0782291 0.0691301 0.852641
0.172325 0.727959 0.0997164
0.58342 0.293996 0.122584
0.0917913 0.209958 0.69825
0.305155 0.0763238 0.618521
0.0925588 0.556259 0.351182
0.337909 0.419433 0.242658
0.0794678 0.415503 0.505029
0.231588 0.337849 0.430563
0.0455525 0.0381745 0.916273
0.730681 0.0587677 0.210552
0.199896 0.0634604 0.736644
0.376761 0.0573571 0.565882
0.59924 0.0675023 0.333257
0.676289 0.289823 0.0338883
0.0859215 0.264652 0.649427


3 1 29
11 2 45
4 3 46
3 29 46
29 28 46
34 33 47
22 21 48
25 24 50
32 31 52
38 37 53
0 10 54
30 0 54
10 9 55
54 10 55
32 52 57
61 50 64
64 50 65
36 35 66
49 59 67
50 61 68
5 4 70
4 46 70
55 56 72
57 52 72
71 57 72
19 18 73
59 69 73
69 62 73
18 17 74
59 73 74
73 18 74
15 14 75
51 61 77
61 64 77
28 27 78
46 28 78
70 46 78
76 58 79
27 26 80
78 27 80
71 77 81
21 20 82
48 21 82
79 48 82
61 51 83
60 68 83
68 61 83
41 40 84
80 26 85
68 60 85
26 25 86
85 26 86
25 50 86
50 68 86
68 85 86
53 37 87
48 79 88
37 36 89
87 37 89
36 66 89
34 47 90
47 63 90
63 58 90
58 76 91
90 58 91
14 13 92
43 42 92
75 14 92
8 7 93
51 56 93
83 51 93
65 88 94
62 69 95
69 87 95
31 30 96
52 31 96
30 54 96
72 52 96
54 55 96
55 72 96
47 57 97
63 47 97
81 63 97
57 71 97
71 81 97
89 66 98
87 89 98
95 87 98
66 91 98
91 76 98
76 95 98
6 5 99
5 70 99
70 60 99
60 83 99
7 6 99
93 7 99
83 93 99
58 63 100
63 81 100
79 58 100
88 79 100
94 88 100
49 53 101
59 49 101
69 59 101
53 87 101
87 69 101
24 23 102
50 24 102
65 50 102
13 12 103
12 44 103
44 43 103
43 92 103
92 13 103
60 70 104
70 78 104
78 80 104
80 85 104
85 60 104
56 51 105
71 72 105
72 56 105
51 77 105
77 71 105
16 15 106
15 75 106
75 84 106
84 67 106
40 39 107
49 67 107
67 84 107
84 40 107
23 22 108
22 48 108
48 88 108
102 23 108
88 65 108
65 102 108
77 64 109
81 77 109
64 65 109
65 94 109
94 100 109
100 81 109
20 19 110
19 73 110
73 62 110
62 82 110
82 20 110
82 62 111
76 79 111
79 82 111
62 95 111
95 76 111
12 11 112
11 45 112
44 12 112
45 44 112
33 32 113
32 57 113
47 33 113
57 47 113
42 41 114
41 84 114
84 75 114
75 92 114
92 42 114
39 38 115
38 53 115
53 49 115
49 107 115
107 39 115
35 34 116
34 90 116
66 35 116
91 66 116
90 91 116
9 8 117
55 9 117
56 55 117
8 93 117
93 56 117
17 16 118
74 17 118
67 59 118
59 74 118
16 106 118
106 67 118
