24
1 0 0
0 1 0
0 0 1
0.111111 0.888889 0
0.222222 0.777778 0
0.333333 0.666667 0
0.444444 0.555556 0
0.555556 0.444444 0
0.666667 0.333333 0
0.777778 0.222222 0
0.888889 0.111111 0
0 0.333333 0.666667
0 0.666667 0.333333
0.916667 0 0.0833333
0.833333 0 0.166667
0.75 0 0.25
0.666667 0 0.333333
0.583333 0 0.416667
0.5 0 0.5
0.416667 0 0.583333
0.333333 0 0.666667
0.25 0 0.75
0.166667 0 0.833333
0.0833333 0 0.916667


0 10 13
10 9 14
13 10 14
9 8 15
14 9 15
8 7 16
15 8 16
7 6 17
16 7 17
6 5 18
17 6 18
5 4 19
18 5 19
4 3 20
19 4 20
3 1 21
20 3 21
1 12 21
12 11 22
21 12 22
11 2 23
22 11 23
