39
1 0 0
0 1 0
0 0 1
0.111111 0.888889 0
0.222222 0.777778 0
0.333333 0.666667 0
0.444444 0.555556 0
0.555556 0.444444 0
0.666667 0.333333 0
0.777778 0.222222 0
0.888889 0.111111 0
0 0.25 0.75
0 0.5 0.5
0 0.75 0.25
0.9 0 0.1
0.8 0 0.2
0.7 0 0.3
0.6 0 0.4
0.5 0 0.5
0.4 0 0.6
0.3 0 0.7
0.2 0 0.8
0.1 0 0.9
0.618979 0.191532 0.189488
0.0876384 0.52028 0.392082
0.181071 0.56471 0.254218
0.392752 0.22348 0.383768
0.177129 0.25981 0.563062
0.279242 0.582447 0.13831
0.500344 0.259079 0.240576
0.279597 0.245049 0.475354
0.0698414 0.307066 0.623092
0.0706547 0.761823 0.167522
0.714028 0.158338 0.127635
0.382746 0.44597 0.171285
0.296346 0.412842 0.290812
0.119222 0.138304 0.742474
0.839472 0.0847641 0.0757637
0.04967 0.128877 0.821453


0 10 14
8 7 23
17 16 23
13 12 24
4 3 25
19 18 26
21 20 27
25 24 27
5 4 28
4 25 28
7 6 29
23 7 29
18 17 29
17 23 29
26 18 29
20 19 30
19 26 30
27 20 30
25 27 30
12 11 31
24 12 31
27 24 31
3 1 32
1 13 32
13 24 32
24 25 32
25 3 32
9 8 33
15 9 33
16 15 33
8 23 33
23 16 33
6 5 34
5 28 34
26 29 34
29 6 34
30 26 35
28 25 35
25 30 35
26 34 35
34 28 35
22 21 36
21 27 36
27 31 36
10 9 37
9 15 37
14 10 37
15 14 37
11 2 38
2 22 38
22 36 38
31 11 38
36 31 38
