37
1 0 0
0 1 0
0 0 1
0.111111 0.888889 0
0.222222 0.777778 0
0.333333 0.666667 0
0.444444 0.555556 0
0.555556 0.444444 0
0.666667 0.333333 0
0.777778 0.222222 0
0.888889 0.111111 0
0 0.25 0.75
0 0.5 0.5
0 0.75 0.25
0.909091 0 0.0909091
0.818182 0 0.181818
0.727273 0 0.272727
0.636364 0 0.363636
0.545455 0 0.454545
0.454545 0 0.545455
0.363636 0 0.636364
0.272727 0 0.727273
0.181818 0 0.818182
0.0909091 0 0.909091
0.105056 0.469067 0.425877
0.234576 0.253326 0.512098
0.187602 0.564671 0.247727
0.741921 0.136135 0.121945
0.39084 0.242925 0.366235
0.301846 0.514455 0.183699
0.495497 0.221644 0.282859
0.167661 0.208005 0.624334
0.587466 0.248467 0.164067
0.398878 0.449071 0.152051
0.0748681 0.742086 0.183046
0.0816637 0.248029 0.670308
0.296649 0.313091 0.39026


0 10 14
10 9 15
14 10 15
11 2 23
13 12 24
21 20 25
4 3 26
24 25 26
9 8 27
8 16 27
15 9 27
16 15 27
20 19 28
5 4 29
4 26 29
18 17 30
19 18 30
28 19 30
22 21 31
21 25 31
25 24 31
8 7 32
16 8 32
17 16 32
7 6 32
6 30 32
30 17 32
5 29 33
29 28 33
6 5 33
30 6 33
28 30 33
3 1 34
1 13 34
26 3 34
13 24 34
24 26 34
12 11 35
11 23 35
23 22 35
22 31 35
24 12 35
31 24 35
25 20 36
20 28 36
26 25 36
29 26 36
28 29 36
