26
1 0 0
0 1 0
0 0 1
0.111111 0.888889 0
0.222222 0.777778 0
0.333333 0.666667 0
0.444444 0.555556 0
0.555556 0.444444 0
0.666667 0.333333 0
0.777778 0.222222 0
0.888889 0.111111 0
0 0.25 0.75
0 0.5 0.5
0 0.75 0.25
0.923077 0 0.0769231
0.846154 0 0.153846
0.769231 0 0.230769
0.692308 0 0.307692
0.615385 0 0.384615
0.538462 0 0.461538
0.461538 0 0.538462
0.384615 0 0.615385
0.307692 0 0.692308
0.230769 0 0.769231
0.153846 0 0.846154
0.0769231 0 0.923077


0 10 14
10 9 15
14 10 15
9 8 16
15 9 16
8 7 17
16 8 17
7 6 18
17 7 18
6 5 19
18 6 19
5 4 20
19 5 20
4 3 21
20 4 21
3 1 22
21 3 22
1 13 22
13 12 23
22 13 23
12 11 24
23 12 24
11 2 25
24 11 25
