43
1 0 0
0 1 0
0 0 1
0.111111 0.888889 0
0.222222 0.777778 0
0.333333 0.666667 0
0.444444 0.555556 0
0.555556 0.444444 0
0.666667 0.333333 0
0.777778 0.222222 0
0.888889 0.111111 0
0 0.2 0.8
0 0.4 0.6
0 0.6 0.4
0 0.8 0.2
0.888889 0 0.111111
0.777778 0 0.222222
0.666667 0 0.333333
0.555556 0 0.444444
0.444444 0 0.555556
0.333333 0 0.666667
0.222222 0 0.777778
0.111111 0 0.888889
0.102338 0.482795 0.414868
0.280889 0.176443 0.542668
0.171575 0.608041 0.220383
0.466658 0.381903 0.151438
0.680477 0.149988 0.169535
0.37891 0.272766 0.348324
0.173639 0.252467 0.573893
0.260833 0.589296 0.149871
0.495432 0.229977 0.274591
0.579024 0.27042 0.150556
0.24084 0.398796 0.360363
0.823216 0.0863504 0.0904334
0.092297 0.720931 0.186772
0.109683 0.146426 0.743892
0.380861 0.114331 0.504807
0.350585 0.467225 0.182189
0.0745019 0.306138 0.619361
0.580803 0.11449 0.304708
0.476258 0.114925 0.408816
0.0456045 0.0851772 0.869218


3 1 14
0 10 15
13 12 23
21 20 24
7 6 26
9 8 27
16 9 27
17 16 27
21 24 29
5 4 30
4 25 30
26 28 31
8 7 32
27 8 32
7 26 32
26 31 32
25 23 33
23 29 33
24 28 33
30 25 33
29 24 33
10 9 34
9 16 34
15 10 34
16 15 34
4 3 35
25 4 35
3 14 35
14 13 35
13 23 35
23 25 35
22 21 36
21 29 36
20 19 37
24 20 37
28 24 37
6 5 38
26 6 38
5 30 38
28 26 38
30 33 38
33 28 38
23 12 39
29 23 39
12 11 39
11 36 39
36 29 39
18 17 40
17 27 40
27 32 40
32 31 40
19 18 41
37 19 41
31 28 41
28 37 41
18 40 41
40 31 41
11 2 42
2 22 42
22 36 42
36 11 42
