30
1 0 0
0 1 0
0 0 1
0.111111 0.888889 0
0.222222 0.777778 0
0.333333 0.666667 0
0.444444 0.555556 0
0.555556 0.444444 0
0.666667 0.333333 0
0.777778 0.222222 0
0.888889 0.111111 0
0 0.166667 0.833333
0 0.333333 0.666667
0 0.5 0.5
0 0.666667 0.333333
0 0.833333 0.166667
0.933333 0 0.0666667
0.866667 0 0.133333
0.8 0 0.2
0.733333 0 0.266667
0.666667 0 0.333333
0.6 0 0.4
0.533333 0 0.466667
0.466667 0 0.533333
0.4 0 0.6
0.333333 0 0.666667
0.266667 0 0.733333
0.2 0 0.8
0.133333 0 0.866667
0.0666666 0 0.933333


0 10 16
10 9 17
16 10 17
9 8 18
17 9 18
8 7 19
18 8 19
7 6 20
19 7 20
6 5 21
20 6 21
5 4 22
21 5 22
4 3 23
22 4 23
3 1 24
23 3 24
1 15 24
15 14 25
24 15 25
14 13 26
25 14 26
13 12 27
26 13 27
12 11 28
27 12 28
11 2 29
28 11 29
