34
1 0 0
0 1 0
0 0 1
0.111111 0.888889 0
0.222222 0.777778 0
0.333333 0.666667 0
0.444444 0.555556 0
0.555556 0.444444 0
0.666667 0.333333 0
0.777778 0.222222 0
0.888889 0.111111 0
0 0.125 0.875
0 0.25 0.75
0 0.375 0.625
0 0.5 0.5
0 0.625 0.375
0 0.75 0.25
0 0.875 0.125
0.941176 0 0.0588235
0.882353 0 0.117647
0.823529 0 0.176471
0.764706 0 0.235294
0.705882 0 0.294118
0.647059 0 0.352941
0.588235 0 0.411765
0.529412 0 0.470588
0.470588 0 0.529412
0.411765 0 0.588235
0.352941 0 0.647059
0.294118 0 0.705882
0.235294 0 0.764706
0.176471 0 0.823529
0.117647 0 0.882353
0.0588235 0 0.941176


0 10 18
10 9 19
18 10 19
9 8 20
19 9 20
8 7 21
20 8 21
7 6 22
21 7 22
6 5 23
22 6 23
5 4 24
23 5 24
4 3 25
24 4 25
3 1 26
25 3 26
1 17 26
17 16 27
26 17 27
16 15 28
27 16 28
15 14 29
28 15 29
14 13 30
29 14 30
13 12 31
30 13 31
12 11 32
31 12 32
11 2 33
32 11 33
