61
1 0 0
0 1 0
0 0 1
0.111111 0.888889 0
0.222222 0.777778 0
0.333333 0.666667 0
0.444444 0.555556 0
0.555556 0.444444 0
0.666667 0.333333 0
0.777778 0.222222 0
0.888889 0.111111 0
0 0.125 0.875
0 0.25 0.75
0 0.375 0.625
0 0.5 0.5
0 0.625 0.375
0 0.75 0.25
0 0.875 0.125
0.933333 0 0.0666667
0.866667 0 0.133333
0.8 0 0.2
0.733333 0 0.266667
0.666667 0 0.333333
0.6 0 0.4
0.533333 0 0.466667
0.466667 0 0.533333
0.4 0 0.6
0.333333 0 0.666667
0.266667 0 0.733333
0.2 0 0.8
0.133333 0 0.866667
0.0666666 0 0.933333
0.117514 0.473336 0.40915
0.161408 0.621768 0.216824
0.485413 0.381199 0.133388
0.674131 0.236668 0.0892012
0.758727 0.158557 0.0827155
0.405113 0.231474 0.363413
0.187532 0.2316 0.580868
0.295078 0.598047 0.106876
0.348715 0.191969 0.459316
0.489668 0.224193 0.286139
0.278953 0.502346 0.218701
0.262169 0.225115 0.512716
0.609641 0.177484 0.212875
0.0911933 0.815277 0.0935302
0.21436 0.412197 0.373443
0.0881202 0.308429 0.603451
0.0984666 0.174173 0.727361
0.863431 0.0843598 0.0522091
0.0533367 0.0954789 0.851184
0.0968605 0.628384 0.274756
0.40185 0.45706 0.14109
0.190575 0.705568 0.103857
0.575662 0.325316 0.0990221
0.28456 0.387717 0.327723
0.378125 0.393625 0.228251
0.572784 0.143491 0.283725
0.172066 0.138561 0.689372
0.0756522 0.433955 0.490393
0.687783 0.136225 0.175993


0 10 18
11 2 31
16 15 32
6 5 34
8 7 35
9 8 36
19 9 36
20 19 36
8 35 36
35 20 36
25 24 37
28 27 38
5 4 39
26 25 40
25 37 40
24 23 41
37 24 41
27 26 43
32 38 43
38 27 43
26 40 43
22 21 44
3 1 45
1 17 45
17 33 45
32 43 46
43 40 46
14 13 47
13 12 48
12 30 48
30 29 48
47 13 48
10 9 49
9 19 49
18 10 49
19 18 49
12 11 50
11 31 50
30 12 50
31 30 50
17 16 51
33 17 51
16 32 51
32 46 51
46 33 51
34 5 52
5 39 52
41 34 52
4 3 53
39 4 53
42 39 53
33 42 53
45 33 53
3 45 53
7 6 54
6 34 54
34 44 54
35 7 54
40 37 55
37 42 55
46 40 55
42 33 55
33 46 55
37 41 56
42 37 56
39 42 56
41 52 56
52 39 56
23 22 57
41 23 57
34 41 57
44 34 57
22 44 57
29 28 58
28 38 58
38 47 58
47 48 58
48 29 58
15 14 59
32 15 59
38 32 59
14 47 59
47 38 59
21 20 60
20 35 60
35 54 60
44 21 60
54 44 60
