52
1 0 0
0 1 0
0 0 1
0.111111 0.888889 0
0.222222 0.777778 0
0.333333 0.666667 0
0.444444 0.555556 0
0.555556 0.444444 0
0.666667 0.333333 0
0.777778 0.222222 0
0.888889 0.111111 0
0 0.125 0.875
0 0.25 0.75
0 0.375 0.625
0 0.5 0.5
0 0.625 0.375
0 0.75 0.25
0 0.875 0.125
0.9375 0 0.0625
0.875 0 0.125
0.8125 0 0.1875
0.75 0 0.25
0.6875 0 0.3125
0.625 0 0.375
0.5625 0 0.4375
0.5 0 0.5
0.4375 0 0.5625
0.375 0 0.625
0.3125 0 0.6875
0.25 0 0.75
0.1875 0 0.8125
0.125 0 0.875
0.0624999 0 0.9375
0.125016 0.461996 0.412987
0.245641 0.210784 0.543575
0.152587 0.625018 0.222395
0.504443 0.362995 0.132562
0.677936 0.214394 0.10767
0.393589 0.283951 0.32246
0.151784 0.285953 0.562263
0.311265 0.530838 0.157898
0.47496 0.245152 0.279888
0.211407 0.623002 0.165591
0.322525 0.308089 0.369386
0.250161 0.323027 0.426813
0.118298 0.230585 0.651117
0.608749 0.250291 0.14096
0.775813 0.149342 0.0748453
0.0780285 0.165667 0.756305
0.104984 0.608239 0.286777
0.545094 0.212321 0.242585
0.394884 0.476527 0.128589


0 10 18
10 9 19
18 10 19
11 2 32
12 11 32
31 12 32
16 15 33
28 27 34
1 17 35
6 5 36
8 7 37
20 8 37
21 20 37
25 24 38
15 14 39
29 28 39
28 34 39
33 15 39
34 33 39
4 3 40
24 23 41
38 24 41
40 38 41
3 1 42
1 35 42
40 3 42
38 40 42
26 25 43
25 38 43
38 42 43
42 35 43
33 34 44
27 26 44
26 43 44
34 27 44
43 35 44
14 13 45
13 30 45
30 29 45
29 39 45
39 14 45
7 6 46
6 36 46
22 21 46
36 22 46
21 37 46
37 7 46
9 8 47
8 20 47
19 9 47
20 19 47
13 12 48
12 31 48
30 13 48
31 30 48
17 16 49
35 17 49
44 35 49
16 33 49
33 44 49
23 22 50
22 36 50
41 23 50
5 4 51
4 40 51
40 41 51
36 5 51
50 36 51
41 50 51
