23
1 0 0
0 1 0
0 0 1
0.111111 0.888889 0
0.222222 0.777778 0
0.333333 0.666667 0
0.444444 0.555556 0
0.555556 0.444444 0
0.666667 0.333333 0
0.777778 0.222222 0
0.888889 0.111111 0
0 0.111111 0.888889
0 0.222222 0.777778
0 0.333333 0.666667
0 0.444444 0.555556
0 0.555556 0.444444
0 0.666667 0.333333
0 0.777778 0.222222
0 0.888889 0.111111
0.483009 0.053563 0.463428
0.446946 0.164234 0.38882
0.366344 0.27625 0.357406
0.300735 0.388487 0.310777


7 6 15
14 7 15
6 5 16
15 6 16
5 4 17
16 5 17
3 1 18
4 3 18
17 4 18
2 0 19
11 2 19
0 10 19
10 11 19
10 9 20
9 12 20
11 10 20
12 11 20
9 8 21
8 13 21
12 9 21
13 12 21
8 7 22
7 14 22
13 8 22
14 13 22
