68
1 0 0
0 1 0
0 0 1
0.111111 0.888889 0
0.222222 0.777778 0
0.333333 0.666667 0
0.444444 0.555556 0
0.555556 0.444444 0
0.666667 0.333333 0
0.777778 0.222222 0
0.888889 0.111111 0
0 0.111111 0.888889
0 0.222222 0.777778
0 0.333333 0.666667
0 0.444444 0.555556
0 0.555556 0.444444
0 0.666667 0.333333
0 0.777778 0.222222
0 0.888889 0.111111
0.928571 0 0.0714286
0.857143 0 0.142857
0.785714 0 0.214286
0.714286 0 0.285714
0.642857 0 0.357143
0.571429 0 0.428571
0.5 0 0.5
0.428571 0 0.571429
0.357143 0 0.642857
0.285714 0 0.714286
0.214286 0 0.785714
0.142857 0 0.857143
0.0714287 0 0.928571
0.625633 0.12605 0.248317
0.0986683 0.490012 0.411319
0.264903 0.1402 0.594897
0.169074 0.604009 0.226917
0.493672 0.406489 0.0998394
0.651659 0.270362 0.0779793
0.75532 0.152439 0.0922414
0.392063 0.260679 0.347259
0.168013 0.243974 0.588012
0.30654 0.582969 0.110491
0.401703 0.13655 0.461747
0.187423 0.32166 0.490916
0.467574 0.252148 0.280278
0.263937 0.53622 0.199843
0.692509 0.133065 0.174427
0.190786 0.701224 0.107991
0.087108 0.387774 0.525118
0.10422 0.149414 0.746366
0.0922017 0.808019 0.0997795
0.207727 0.418335 0.373938
0.532634 0.256097 0.211269
0.84331 0.0943256 0.0623648
0.0708183 0.742845 0.186337
0.481584 0.127541 0.390875
0.425547 0.403083 0.171371
0.362441 0.403345 0.234214
0.590117 0.275861 0.134022
0.394368 0.527798 0.0778343
0.194581 0.125958 0.679461
0.063676 0.0992988 0.837025
0.559825 0.117761 0.322414
0.0948929 0.609525 0.295582
0.304467 0.194066 0.501467
0.28349 0.415745 0.300765
0.089429 0.274497 0.636074
0.317854 0.28122 0.400926


0 10 19
11 2 31
23 22 32
16 15 33
28 27 34
7 6 36
8 7 37
9 8 38
8 37 38
21 20 38
5 4 41
26 25 42
40 34 43
22 21 46
32 22 46
21 38 46
38 37 46
4 3 47
41 4 47
45 41 47
35 45 47
15 14 48
33 15 48
40 43 48
43 33 48
13 12 49
30 29 49
3 1 50
1 18 50
47 3 50
35 47 50
33 43 51
10 9 53
19 10 53
20 19 53
9 38 53
38 20 53
18 17 54
50 18 54
35 50 54
25 24 55
39 42 55
42 25 55
44 39 55
44 52 56
52 36 56
39 44 57
41 45 57
56 41 57
44 56 57
7 36 58
37 7 58
32 46 58
52 32 58
36 52 58
46 37 58
6 5 59
36 6 59
56 36 59
5 41 59
41 56 59
29 28 60
28 34 60
34 40 60
49 29 60
12 11 61
11 31 61
31 30 61
30 49 61
49 12 61
24 23 62
23 32 62
32 52 62
52 44 62
44 55 62
55 24 62
16 33 63
33 51 63
51 35 63
17 16 63
54 17 63
35 54 63
27 26 64
34 27 64
26 42 64
43 34 64
51 43 64
45 35 65
35 51 65
39 57 65
57 45 65
14 13 66
40 48 66
48 14 66
60 40 66
13 49 66
49 60 66
51 64 67
64 42 67
42 39 67
39 65 67
65 51 67
