66
1 0 0
0 1 0
0 0 1
0.1 0.9 0
0.2 0.8 0
0.3 0.7 0
0.4 0.6 0
0.5 0.5 0
0.6 0.4 0
0.7 0.3 0
0.8 0.2 0
0.9 0.1 0
0 0.1 0.9
0 0.2 0.8
0 0.3 0.7
0 0.4 0.6
0 0.5 0.5
0 0.6 0.4
0 0.7 0.3
0 0.8 0.2
0 0.9 0.1
0.875 0 0.125
0.75 0 0.25
0.625 0 0.375
0.5 0 0.5
0.375 0 0.625
0.25 0 0.75
0.125 0 0.875
0.652039 0.117595 0.230365
0.101302 0.506183 0.392514
0.280303 0.145054 0.574643
0.179977 0.615508 0.204515
0.47936 0.415573 0.105068
0.798296 0.0700843 0.13162
0.400015 0.0737517 0.526233
0.395287 0.250804 0.353909
0.178891 0.232736 0.588373
0.681945 0.222173 0.0958813
0.287347 0.616798 0.0958549
0.290277 0.534062 0.175661
0.193143 0.327682 0.479175
0.581625 0.321072 0.0973027
0.526722 0.0863285 0.386949
0.578811 0.236987 0.184203
0.0851273 0.321374 0.593499
0.138379 0.142522 0.719099
0.0935306 0.808332 0.0981372
0.453636 0.319377 0.226987
0.0879693 0.709603 0.202428
0.216088 0.419822 0.36409
0.763781 0.142799 0.0934203
0.507619 0.194265 0.298117
0.292837 0.235763 0.471401
0.27046 0.068161 0.661379
0.185345 0.711941 0.102714
0.201708 0.515254 0.283038
0.081548 0.234845 0.683607
0.407122 0.157269 0.435609
0.346429 0.431786 0.221786
0.142897 0.067419 0.789684
0.31221 0.333521 0.354269
0.392799 0.517505 0.0896961
0.0984558 0.411673 0.489871
0.0599122 0.0464524 0.893635
0.903114 0.0412497 0.0556359
0.0846167 0.609066 0.306317


3 1 20
23 22 28
17 16 29
8 7 32
22 21 33
28 22 33
25 24 34
10 9 37
6 5 38
38 31 39
9 8 41
37 9 41
8 32 41
24 23 42
34 24 42
23 28 42
28 37 43
37 41 43
15 14 44
36 40 44
13 12 45
30 36 45
4 3 46
3 20 46
20 19 46
41 32 47
43 41 47
19 18 48
46 19 48
11 10 50
33 11 50
28 33 50
37 28 50
10 37 50
42 28 51
28 43 51
43 47 51
47 35 51
36 30 52
40 36 52
26 25 53
25 34 53
34 30 53
30 45 53
31 38 54
48 31 54
38 5 54
5 4 54
4 46 54
46 48 54
39 31 55
29 49 55
36 44 56
44 14 56
14 13 56
13 45 56
45 36 56
34 42 57
42 51 57
51 35 57
30 34 57
52 30 57
35 52 57
47 32 58
39 55 58
55 49 58
45 12 59
27 26 59
26 53 59
53 45 59
49 40 60
40 52 60
52 35 60
35 47 60
47 58 60
58 49 60
7 6 61
6 38 61
38 39 61
32 7 61
39 58 61
58 32 61
16 15 62
29 16 62
15 44 62
44 40 62
40 49 62
49 29 62
12 2 63
2 27 63
27 59 63
59 12 63
0 11 64
21 0 64
11 33 64
33 21 64
18 17 65
17 29 65
31 48 65
48 18 65
29 55 65
55 31 65
