31
1 0 0
0 1 0
0 0 1
0.1 0.9 0
0.2 0.8 0
0.3 0.7 0
0.4 0.6 0
0.5 0.5 0
0.6 0.4 0
0.7 0.3 0
0.8 0.2 0
0.9 0.1 0
0 0.1 0.9
0 0.2 0.8
0 0.3 0.7
0 0.4 0.6
0 0.5 0.5
0 0.6 0.4
0 0.7 0.3
0 0.8 0.2
0 0.9 0.1
0.5 0 0.5
0.312332 0.137661 0.550007
0.389584 0.236225 0.374191
0.613997 0.069171 0.316832
0.35115 0.334287 0.314563
0.273677 0.45996 0.266363
0.224021 0.536852 0.239127
0.271628 0.0560598 0.672312
0.603832 0.15095 0.245218
0.171275 0.647976 0.180749


5 4 19
18 5 19
3 1 20
4 3 20
19 4 20
13 12 22
10 9 23
14 13 23
13 22 23
0 11 24
21 0 24
9 8 25
8 15 25
15 14 25
14 23 25
23 9 25
8 7 26
15 8 26
16 15 26
7 6 27
6 17 27
17 16 27
16 26 27
26 7 27
12 2 28
2 21 28
21 24 28
22 12 28
24 22 28
11 10 29
10 23 29
23 22 29
22 24 29
24 11 29
6 5 30
5 18 30
17 6 30
18 17 30
