30
1 0 0
0 1 0
0 0 1
0.1 0.9 0
0.2 0.8 0
0.3 0.7 0
0.4 0.6 0
0.5 0.5 0
0.6 0.4 0
0.7 0.3 0
0.8 0.2 0
0.9 0.1 0
0 0.142857 0.857143
0 0.285714 0.714286
0 0.428571 0.571429
0 0.571429 0.428571
0 0.714286 0.285714
0 0.857143 0.142857
0.75 0 0.25
0.5 0 0.5
0.25 0 0.75
0.250159 0.135008 0.614834
0.217999 0.26832 0.513681
0.509248 0.132428 0.358324
0.180344 0.544632 0.275024
0.22231 0.422301 0.355389
0.451799 0.259152 0.28905
0.388752 0.367063 0.244185
0.130255 0.692549 0.177196
0.686586 0.0885738 0.22484


3 1 17
4 3 17
16 4 17
0 11 18
12 2 21
2 20 21
13 12 22
12 21 22
10 9 23
20 19 23
21 20 23
6 5 24
5 15 24
15 14 24
13 22 25
7 6 25
6 24 25
14 13 25
24 14 25
9 8 26
22 21 26
21 23 26
23 9 26
8 7 27
7 25 27
25 22 27
22 26 27
26 8 27
5 4 28
4 16 28
15 5 28
16 15 28
11 10 29
18 11 29
19 18 29
10 23 29
23 19 29
