62
1 0 0
0 1 0
0 0 1
0.1 0.9 0
0.2 0.8 0
0.3 0.7 0
0.4 0.6 0
0.5 0.5 0
0.6 0.4 0
0.7 0.3 0
0.8 0.2 0
0.9 0.1 0
0 0.111111 0.888889
0 0.222222 0.777778
0 0.333333 0.666667
0 0.444444 0.555556
0 0.555556 0.444444
0 0.666667 0.333333
0 0.777778 0.222222
0 0.888889 0.111111
0.888889 0 0.111111
0.777778 0 0.222222
0.666667 0 0.333333
0.555556 0 0.444444
0.444444 0 0.555556
0.333333 0 0.666667
0.222222 0 0.777778
0.111111 0 0.888889
0.646689 0.131269 0.222043
0.102738 0.475144 0.422118
0.282594 0.130358 0.587048
0.182438 0.609746 0.207816
0.477805 0.408251 0.113944
0.791293 0.0832685 0.125439
0.370672 0.277541 0.351786
0.163094 0.254429 0.582477
0.275809 0.626214 0.0979771
0.0744371 0.118025 0.807538
0.304498 0.536577 0.158925
0.424151 0.0752917 0.500557
0.509228 0.214379 0.276393
0.641929 0.25416 0.10391
0.547768 0.0918416 0.360391
0.100579 0.369722 0.529699
0.169701 0.111237 0.719062
0.271901 0.250265 0.477834
0.0927116 0.803949 0.103339
0.223526 0.369569 0.406906
0.445415 0.32797 0.226614
0.0867145 0.699047 0.214238
0.089893 0.212501 0.697606
0.736928 0.171674 0.0913982
0.344089 0.415284 0.240627
0.184922 0.712076 0.103002
0.407305 0.49503 0.0976648
0.205468 0.499856 0.294676
0.0880487 0.588346 0.323605
0.556301 0.289075 0.154625
0.452357 0.161443 0.386201
0.361045 0.172834 0.46612
0.0474102 0.051054 0.901536
0.256422 0.057855 0.685723


3 1 19
0 11 20
22 21 28
16 15 29
8 7 32
11 10 33
20 11 33
21 20 33
28 21 33
6 5 36
13 12 37
36 31 38
6 36 38
25 24 39
30 25 39
24 23 39
9 8 41
23 22 42
22 28 42
28 40 42
39 23 42
15 14 43
14 35 43
29 15 43
27 26 44
37 27 44
30 35 44
35 30 45
4 3 46
3 19 46
19 18 46
45 34 47
29 43 47
43 35 47
35 45 47
34 40 48
18 17 49
46 18 49
14 13 50
35 14 50
44 35 50
13 37 50
37 44 50
10 9 51
9 41 51
28 33 51
41 28 51
33 10 51
48 32 52
47 34 52
34 48 52
5 4 53
36 5 53
31 36 53
49 31 53
4 46 53
46 49 53
7 6 54
6 38 54
32 7 54
38 52 54
52 32 54
29 47 55
38 31 55
47 52 55
52 38 55
17 16 56
16 29 56
31 49 56
49 17 56
29 55 56
55 31 56
8 32 57
41 8 57
40 28 57
28 41 57
48 40 57
32 48 57
40 34 58
39 42 58
42 40 58
30 39 59
45 30 59
34 45 59
58 34 59
39 58 59
12 2 60
2 27 60
27 37 60
37 12 60
26 25 61
44 26 61
25 30 61
30 44 61
