23
1 0 0
0 1 0
0 0 1
0 0.111111 0.888889
0 0.222222 0.777778
0 0.333333 0.666667
0 0.444444 0.555556
0 0.555556 0.444444
0 0.666667 0.333333
0 0.777778 0.222222
0 0.888889 0.111111
0.888889 0 0.111111
0.777778 0 0.222222
0.666667 0 0.333333
0.555556 0 0.444444
0.444444 0 0.555556
0.333333 0 0.666667
0.222222 0 0.777778
0.111111 0 0.888889
0.47694 0.471794 0.0512656
0.420547 0.416251 0.163202
0.346201 0.377575 0.276224
0.317837 0.293715 0.388448


7 6 15
14 7 15
6 5 16
15 6 16
5 4 17
16 5 17
3 2 18
4 3 18
17 4 18
0 1 19
11 0 19
1 10 19
10 11 19
10 9 20
9 12 20
11 10 20
12 11 20
9 8 21
8 13 21
12 9 21
13 12 21
8 7 22
7 14 22
13 8 22
14 13 22
