30
1 0 0
0 1 0
0 0 1
0.5 0.5 0
0 0.1 0.9
0 0.2 0.8
0 0.3 0.7
0 0.4 0.6
0 0.5 0.5
0 0.6 0.4
0 0.7 0.3
0 0.8 0.2
0 0.9 0.1
0.9 0 0.1
0.8 0 0.2
0.7 0 0.3
0.6 0 0.4
0.5 0 0.5
0.4 0 0.6
0.3 0 0.7
0.2 0 0.8
0.1 0 0.9
0.43643 0.43876 0.12481
0.334179 0.323542 0.342279
0.369423 0.39544 0.235136
0.231569 0.221042 0.547388
0.270128 0.295176 0.434697
0.279454 0.669956 0.05059
0.184412 0.167507 0.648081
0.673039 0.278161 0.0488


6 5 20
19 6 20
4 2 21
5 4 21
20 5 21
12 11 22
14 13 22
10 9 23
16 15 23
11 10 24
15 14 24
14 22 24
22 11 24
10 23 24
23 15 24
8 7 25
7 18 25
17 8 25
18 17 25
9 8 26
8 17 26
17 16 26
16 23 26
23 9 26
3 1 27
1 12 27
12 22 27
7 6 28
6 19 28
18 7 28
19 18 28
0 3 29
13 0 29
22 13 29
3 27 29
27 22 29
