27
1 0 0
0 1 0
0 0 1
0.5 0.5 0
0 0.1 0.9
0 0.2 0.8
0 0.3 0.7
0 0.4 0.6
0 0.5 0.5
0 0.6 0.4
0 0.7 0.3
0 0.8 0.2
0 0.9 0.1
0.888889 0 0.111111
0.777778 0 0.222222
0.666667 0 0.333333
0.555556 0 0.444444
0.444444 0 0.555556
0.333333 0 0.666667
0.222222 0 0.777778
0.111111 0 0.888889
0.46869 0.430014 0.101296
0.372799 0.323244 0.303957
0.40267 0.392435 0.204895
0.321345 0.280774 0.397882
0.266518 0.21318 0.520302
0.185189 0.184228 0.630584


3 1 12
6 5 19
18 6 19
4 2 20
5 4 20
19 5 20
0 3 21
13 0 21
3 12 21
12 11 21
10 9 22
15 14 22
11 10 23
14 13 23
13 21 23
21 11 23
10 22 23
22 14 23
9 8 24
8 16 24
16 15 24
15 22 24
22 9 24
8 7 25
7 17 25
16 8 25
17 16 25
7 6 26
6 18 26
17 7 26
18 17 26
