24
1 0 0
0 1 0
0 0 1
0.5 0.5 0
0 0.125 0.875
0 0.25 0.75
0 0.375 0.625
0 0.5 0.5
0 0.625 0.375
0 0.75 0.25
0 0.875 0.125
0.875 0 0.125
0.75 0 0.25
0.625 0 0.375
0.5 0 0.5
0.375 0 0.625
0.25 0 0.75
0.125 0 0.875
0.528932 0.374755 0.0963126
0.356247 0.342064 0.301689
0.30287 0.287146 0.409984
0.227317 0.216884 0.555799
0.382442 0.424239 0.193319
0.150102 0.163881 0.686017


3 1 10
4 2 17
5 4 17
16 5 17
0 3 18
11 0 18
3 10 18
9 8 19
13 12 19
8 7 20
7 14 20
14 13 20
13 19 20
19 8 20
7 6 21
6 15 21
14 7 21
15 14 21
10 9 22
18 10 22
12 11 22
11 18 22
19 12 22
9 19 22
6 5 23
5 16 23
15 6 23
16 15 23
