20
1 0 0
0 1 0
0 0 1
0.333333 0.666667 0
0.666667 0.333333 0
0 0.2 0.8
0 0.4 0.6
0 0.6 0.4
0 0.8 0.2
0.833333 0 0.166667
0.666667 0 0.333333
0.5 0 0.5
0.333333 0 0.666667
0.166667 0 0.833333
0.51417 0.331391 0.15444
0.38316 0.294294 0.322546
0.219088 0.286256 0.494656
0.229229 0.617751 0.15302
0.147515 0.174609 0.677876
0.16024 0.528506 0.311254


0 4 9
5 2 13
4 3 14
9 4 14
10 9 14
11 10 15
10 14 15
7 6 16
12 11 16
11 15 16
3 1 17
1 8 17
14 3 17
15 14 17
6 5 18
5 13 18
13 12 18
12 16 18
16 6 18
8 7 19
7 16 19
16 15 19
15 17 19
17 8 19
