28
1 0 0
0 1 0
0 0 1
0.333333 0.666667 0
0.666667 0.333333 0
0 0.142857 0.857143
0 0.285714 0.714286
0 0.428572 0.571429
0 0.571429 0.428571
0 0.714286 0.285714
0 0.857143 0.142857
0.857143 0 0.142857
0.714286 0 0.285714
0.571429 0 0.428571
0.428571 0 0.571429
0.285714 0 0.714286
0.142857 0 0.857143
0.46604 0.434246 0.0997147
0.398849 0.254878 0.346273
0.351445 0.16415 0.484405
0.26646 0.518777 0.214763
0.200906 0.711384 0.0877099
0.572685 0.225547 0.201768
0.736386 0.179064 0.0845499
0.204094 0.19888 0.597026
0.104927 0.113067 0.782006
0.171068 0.481024 0.347908
0.178872 0.352063 0.469065


5 2 16
4 3 17
13 12 18
14 13 19
13 18 19
10 9 20
3 1 21
1 10 21
17 3 21
10 20 21
20 17 21
12 11 22
17 20 22
18 12 22
20 18 22
0 4 23
11 0 23
4 17 23
17 22 23
22 11 23
7 6 24
6 15 24
15 14 24
14 19 24
6 5 25
5 16 25
15 6 25
16 15 25
9 8 26
18 20 26
20 9 26
8 7 27
7 24 27
24 19 27
26 8 27
19 18 27
18 26 27
