41
1 0 0
0 1 0
0 0 1
0.25 0.75 0
0.5 0.5 0
0.75 0.25 0
0 0.1 0.9
0 0.2 0.8
0 0.3 0.7
0 0.4 0.6
0 0.5 0.5
0 0.6 0.4
0 0.7 0.3
0 0.8 0.2
0 0.9 0.1
0.9 0 0.1
0.8 0 0.2
0.7 0 0.3
0.6 0 0.4
0.5 0 0.5
0.4 0 0.6
0.3 0 0.7
0.2 0 0.8
0.1 0 0.9
0.186565 0.594686 0.218749
0.520396 0.386204 0.0933997
0.753057 0.17735 0.0695932
0.415113 0.241075 0.343812
0.180997 0.258593 0.560409
0.305588 0.591302 0.10311
0.205197 0.346723 0.448081
0.635375 0.205694 0.158931
0.13532 0.132783 0.731897
0.568457 0.179358 0.252186
0.332319 0.151126 0.516555
0.205559 0.464985 0.329457
0.382806 0.398882 0.218312
0.405841 0.15691 0.437249
0.136313 0.803899 0.0597879
0.180224 0.170823 0.648952
0.12582 0.735918 0.138262


6 2 23
7 6 23
22 7 23
13 12 24
5 4 25
0 5 26
15 0 26
5 25 26
18 17 27
10 9 28
4 3 29
25 4 29
11 10 30
10 28 30
16 15 31
15 26 31
26 25 31
8 7 32
7 22 32
22 21 32
17 16 33
16 31 33
27 17 33
20 19 34
28 20 34
30 28 34
12 11 35
24 12 35
11 30 35
30 27 35
25 29 36
29 24 36
31 25 36
33 31 36
27 33 36
35 27 36
24 35 36
18 27 37
27 30 37
19 18 37
34 19 37
30 34 37
3 1 38
1 14 38
29 3 38
9 8 39
28 9 39
21 20 39
20 28 39
8 32 39
32 21 39
14 13 40
13 24 40
24 29 40
29 38 40
38 14 40
