21
1 0 0
0 1 0
0 0 1
0.25 0.75 0
0.5 0.5 0
0.75 0.25 0
0 0.25 0.75
0 0.5 0.5
0 0.75 0.25
0.857143 0 0.142857
0.714286 0 0.285714
0.571429 0 0.428571
0.428571 0 0.571429
0.285714 0 0.714286
0.142857 0 0.857143
0.175577 0.605075 0.219348
0.198425 0.332486 0.469089
0.503154 0.307837 0.189009
0.35527 0.327821 0.316909
0.672049 0.208062 0.119889
0.120572 0.221018 0.65841


0 5 9
6 2 14
3 1 15
1 8 15
8 7 16
13 12 16
15 8 16
4 3 17
11 10 17
12 11 18
15 16 18
16 12 18
3 15 18
17 3 18
11 17 18
5 4 19
9 5 19
10 9 19
4 17 19
17 10 19
7 6 20
6 14 20
14 13 20
13 16 20
16 7 20
