29
1 0 0
0 1 0
0 0 1
0.25 0.75 0
0.5 0.5 0
0.75 0.25 0
0 0.166667 0.833333
0 0.333333 0.666667
0 0.5 0.5
0 0.666667 0.333333
0 0.833333 0.166667
0.875 0 0.125
0.75 0 0.25
0.625 0 0.375
0.5 0 0.5
0.375 0 0.625
0.25 0 0.75
0.125 0 0.875
0.173441 0.574912 0.251647
0.502122 0.37432 0.123558
0.377639 0.273483 0.348878
0.178728 0.241254 0.580018
0.331272 0.496121 0.172606
0.526798 0.220904 0.252298
0.676538 0.222689 0.100774
0.173029 0.411258 0.415714
0.323734 0.181096 0.49517
0.0909499 0.138785 0.770265
0.146455 0.754046 0.0994982


0 5 11
6 2 17
10 9 18
4 3 19
14 13 20
8 7 21
7 16 21
16 15 21
19 3 22
18 20 22
13 12 23
12 19 23
19 22 23
20 13 23
22 20 23
5 4 24
4 19 24
11 5 24
12 11 24
19 12 24
18 9 25
20 18 25
9 8 25
8 21 25
15 14 26
21 15 26
25 21 26
14 20 26
20 25 26
7 6 27
6 17 27
16 7 27
17 16 27
3 1 28
22 3 28
1 10 28
10 18 28
18 22 28
