21
1 0 0
0 1 0
0 0 1
0.25 0.75 0
0.5 0.5 0
0.75 0.25 0
0 0.142857 0.857143
0 0.285714 0.714286
0 0.428571 0.571429
0 0.571429 0.428571
0 0.714286 0.285714
0 0.857143 0.142857
0.75 0 0.25
0.5 0 0.5
0.25 0 0.75
0.62405 0.169196 0.206753
0.314332 0.500895 0.184773
0.3403 0.212672 0.447028
0.33057 0.357314 0.312116
0.209759 0.671906 0.118335
0.192225 0.114228 0.693547


3 1 11
6 2 14
0 5 15
12 0 15
5 4 16
10 9 16
8 7 17
7 13 17
13 12 17
12 15 17
9 8 18
16 9 18
15 5 18
5 16 18
8 17 18
17 15 18
4 3 19
3 11 19
11 10 19
10 16 19
16 4 19
7 6 20
6 14 20
13 7 20
14 13 20
