20
1 0 0
0 1 0
0 0 1
0.2 0.8 0
0.4 0.6 0
0.6 0.4 0
0.8 0.2 0
0 0.333333 0.666667
0 0.666667 0.333333
0.857143 0 0.142857
0.714286 0 0.285714
0.571429 0 0.428571
0.428571 0 0.571429
0.285714 0 0.714286
0.142857 0 0.857143
0.160247 0.567645 0.272109
0.352114 0.357329 0.290557
0.138694 0.299697 0.561609
0.559024 0.251064 0.189912
0.273214 0.240976 0.485811


0 6 9
6 5 10
9 6 10
7 2 14
3 1 15
1 8 15
4 3 16
11 4 16
12 11 16
3 15 16
8 7 17
7 14 17
14 13 17
15 8 17
5 4 18
4 11 18
10 5 18
11 10 18
13 12 19
12 16 19
16 15 19
15 17 19
17 13 19
