28
1 0 0
0 1 0
0 0 1
0.2 0.8 0
0.4 0.6 0
0.6 0.4 0
0.8 0.2 0
0 0.2 0.8
0 0.4 0.6
0 0.6 0.4
0 0.8 0.2
0.875 0 0.125
0.75 0 0.25
0.625 0 0.375
0.5 0 0.5
0.375 0 0.625
0.25 0 0.75
0.125 0 0.875
0.612121 0.19265 0.195229
0.175249 0.632887 0.191864
0.387385 0.290154 0.322462
0.175424 0.257435 0.567141
0.327386 0.525548 0.147066
0.49069 0.340105 0.169205
0.722765 0.165297 0.111938
0.113286 0.166451 0.720263
0.177012 0.451153 0.371835
0.324508 0.193759 0.481733


0 6 11
7 2 17
13 12 18
3 1 19
1 10 19
14 13 20
9 8 21
16 15 21
4 3 22
3 19 22
19 20 22
5 4 23
18 5 23
13 18 23
20 13 23
4 22 23
22 20 23
6 5 24
11 6 24
12 11 24
5 18 24
18 12 24
8 7 25
7 17 25
17 16 25
16 21 25
21 8 25
10 9 26
19 10 26
9 21 26
20 19 26
15 14 27
14 20 27
20 26 27
21 15 27
26 21 27
