31
1 0 0
0 1 0
0 0 1
0.2 0.8 0
0.4 0.6 0
0.6 0.4 0
0.8 0.2 0
0 0.166667 0.833333
0 0.333333 0.666667
0 0.5 0.5
0 0.666667 0.333333
0 0.833333 0.166667
0.875 0 0.125
0.75 0 0.25
0.625 0 0.375
0.5 0 0.5
0.375 0 0.625
0.25 0 0.75
0.125 0 0.875
0.568848 0.187256 0.243896
0.169526 0.420986 0.409488
0.182817 0.571267 0.245916
0.494754 0.38973 0.115516
0.692373 0.184255 0.123372
0.390532 0.258937 0.350531
0.177083 0.235798 0.587119
0.289867 0.599654 0.110478
0.323482 0.190705 0.485813
0.115738 0.148187 0.736076
0.120118 0.780017 0.0998656
0.382343 0.398637 0.21902


0 6 12
7 2 18
14 13 19
10 9 20
11 10 21
10 20 21
5 4 22
6 5 23
12 6 23
13 12 23
5 22 23
19 13 23
22 19 23
15 14 24
14 19 24
21 20 24
9 8 25
17 16 25
20 9 25
4 3 26
22 4 26
16 15 27
15 24 27
24 20 27
20 25 27
25 16 27
8 7 28
7 18 28
18 17 28
17 25 28
25 8 28
3 1 29
1 11 29
26 3 29
11 21 29
21 26 29
19 22 30
24 19 30
21 24 30
26 21 30
22 26 30
