35
1 0 0
0 1 0
0 0 1
0.2 0.8 0
0.4 0.6 0
0.6 0.4 0
0.8 0.2 0
0 0.142857 0.857143
0 0.285714 0.714286
0 0.428571 0.571429
0 0.571429 0.428571
0 0.714286 0.285714
0 0.857143 0.142857
0.857143 0 0.142857
0.714286 0 0.285714
0.571429 0 0.428571
0.428571 0 0.571429
0.285714 0 0.714286
0.142857 0 0.857143
0.262809 0.145933 0.591258
0.162347 0.628856 0.208797
0.484097 0.403795 0.112108
0.639747 0.174958 0.185295
0.348642 0.291411 0.359947
0.273798 0.61376 0.112442
0.186767 0.335358 0.477874
0.136509 0.13574 0.727751
0.385947 0.382623 0.23143
0.530145 0.150303 0.319552
0.81252 0.108453 0.0790267
0.174555 0.487559 0.337886
0.667671 0.25527 0.0770593
0.116346 0.268657 0.614997
0.393471 0.147199 0.45933
0.110202 0.803617 0.0861805


7 2 18
17 16 19
12 11 20
5 4 21
14 13 22
4 3 24
21 4 24
10 9 25
8 7 26
7 18 26
18 17 26
17 19 26
22 21 27
21 24 27
24 20 27
15 14 28
14 22 28
22 27 28
27 23 28
0 6 29
13 0 29
22 13 29
11 10 30
20 11 30
10 25 30
25 23 30
23 27 30
27 20 30
6 5 31
5 21 31
21 22 31
22 29 31
29 6 31
9 8 32
19 25 32
25 9 32
8 26 32
26 19 32
16 15 33
19 16 33
23 25 33
25 19 33
15 28 33
28 23 33
3 1 34
1 12 34
24 3 34
12 20 34
20 24 34
