35
1 0 0
0 1 0
0 0 1
0.2 0.8 0
0.4 0.6 0
0.6 0.4 0
0.8 0.2 0
0 0.142857 0.857143
0 0.285714 0.714286
0 0.428572 0.571429
0 0.571429 0.428571
0 0.714286 0.285714
0 0.857143 0.142857
0.888889 0 0.111111
0.777778 0 0.222222
0.666667 0 0.333333
0.555556 0 0.444444
0.444444 0 0.555556
0.333333 0 0.666667
0.222222 0 0.777778
0.111111 0 0.888889
0.283833 0.147668 0.568499
0.189092 0.584897 0.226011
0.495915 0.387618 0.116467
0.692455 0.186156 0.12139
0.383577 0.282823 0.333601
0.292232 0.600242 0.107526
0.165377 0.333209 0.501414
0.151798 0.196876 0.651327
0.563636 0.179749 0.256615
0.122817 0.782964 0.0942198
0.189188 0.442575 0.368237
0.381893 0.404698 0.213409
0.0966477 0.125501 0.777852
0.350702 0.189427 0.459871


0 6 13
7 2 20
18 17 21
12 11 22
5 4 23
6 5 24
13 6 24
14 13 24
5 23 24
4 3 26
23 4 26
10 9 27
9 8 28
19 18 28
18 21 28
21 27 28
27 9 28
15 14 29
14 24 29
24 23 29
16 15 29
25 16 29
3 1 30
1 12 30
26 3 30
12 22 30
22 26 30
11 10 31
10 27 31
22 11 31
25 22 31
22 25 32
26 22 32
23 26 32
29 23 32
25 29 32
8 7 33
7 20 33
20 19 33
19 28 33
28 8 33
17 16 34
16 25 34
21 17 34
25 31 34
27 21 34
31 27 34
