35
1 0 0
0 1 0
0 0 1
0.2 0.8 0
0.4 0.6 0
0.6 0.4 0
0.8 0.2 0
0 0.142857 0.857143
0 0.285714 0.714286
0 0.428571 0.571429
0 0.571429 0.428571
0 0.714286 0.285714
0 0.857143 0.142857
0.875 0 0.125
0.75 0 0.25
0.625 0 0.375
0.5 0 0.5
0.375 0 0.625
0.25 0 0.75
0.125 0 0.875
0.577654 0.190441 0.231905
0.245445 0.144922 0.609633
0.167989 0.618832 0.213179
0.482354 0.405758 0.111888
0.64522 0.258128 0.0966525
0.395775 0.241634 0.362591
0.285638 0.606939 0.107424
0.184156 0.33593 0.479913
0.129605 0.133908 0.736487
0.355948 0.147132 0.49692
0.366337 0.40556 0.228103
0.116541 0.793108 0.0903516
0.739325 0.117966 0.142709
0.176341 0.481593 0.342066
0.113365 0.269368 0.617267


0 6 13
7 2 19
15 14 20
18 17 21
12 11 22
5 4 23
6 5 24
5 23 24
23 20 24
16 15 25
15 20 25
4 3 26
23 4 26
10 9 27
8 7 28
7 19 28
19 18 28
18 21 28
17 16 29
21 17 29
27 21 29
16 25 29
25 27 29
20 23 30
25 20 30
23 26 30
26 22 30
3 1 31
1 12 31
26 3 31
12 22 31
22 26 31
13 6 32
6 24 32
14 13 32
20 14 32
24 20 32
11 10 33
22 11 33
10 27 33
27 25 33
25 30 33
30 22 33
9 8 34
21 27 34
27 9 34
8 28 34
28 21 34
