23
1 0 0
0 1 0
0 0 1
0.166667 0.833333 0
0.333333 0.666667 0
0.5 0.5 0
0.666667 0.333333 0
0.833333 0.166667 0
0 0.333333 0.666667
0 0.666667 0.333333
0.833333 0 0.166667
0.666667 0 0.333333
0.5 0 0.5
0.333333 0 0.666667
0.166667 0 0.833333
0.125126 0.501283 0.373591
0.397393 0.297428 0.305179
0.256221 0.511602 0.232177
0.237639 0.246191 0.51617
0.572098 0.21757 0.210332
0.0810197 0.758424 0.160556
0.103227 0.212171 0.684603
0.719903 0.133201 0.146896


0 7 10
9 8 15
5 4 16
13 12 16
4 3 17
3 15 17
16 4 17
14 13 18
17 15 18
13 16 18
16 17 18
6 5 19
12 11 19
5 16 19
16 12 19
3 1 20
1 9 20
9 15 20
15 3 20
8 2 21
2 14 21
14 18 21
15 8 21
18 15 21
7 6 22
10 7 22
11 10 22
6 19 22
19 11 22
