28
1 0 0
0 1 0
0 0 1
0.166667 0.833333 0
0.333333 0.666667 0
0.5 0.5 0
0.666667 0.333333 0
0.833333 0.166667 0
0 0.25 0.75
0 0.5 0.5
0 0.75 0.25
0.875 0 0.125
0.75 0 0.25
0.625 0 0.375
0.5 0 0.5
0.375 0 0.625
0.25 0 0.75
0.125 0 0.875
0.109521 0.471076 0.419403
0.167696 0.595895 0.236409
0.361406 0.282448 0.356146
0.127934 0.234043 0.638022
0.243069 0.260842 0.496089
0.58669 0.237471 0.175839
0.43293 0.40578 0.16129
0.291429 0.553169 0.155402
0.771874 0.132994 0.0951316
0.506327 0.17802 0.315653


0 7 11
8 2 17
10 9 18
3 1 19
1 10 19
10 18 19
15 14 20
9 8 21
8 17 21
17 16 21
18 9 21
16 15 22
15 20 22
19 18 22
20 19 22
18 21 22
21 16 22
6 5 23
12 6 23
13 12 23
5 4 24
23 5 24
4 3 25
3 19 25
19 20 25
20 24 25
24 4 25
7 6 26
6 12 26
11 7 26
12 11 26
14 13 27
20 14 27
24 20 27
13 23 27
23 24 27
