36
1 0 0
0 1 0
0 0 1
0.166667 0.833333 0
0.333333 0.666667 0
0.5 0.5 0
0.666667 0.333333 0
0.833333 0.166667 0
0 0.166667 0.833333
0 0.333333 0.666667
0 0.5 0.5
0 0.666667 0.333333
0 0.833333 0.166667
0.875 0 0.125
0.75 0 0.25
0.625 0 0.375
0.5 0 0.5
0.375 0 0.625
0.25 0 0.75
0.125 0 0.875
0.607327 0.156207 0.236467
0.128912 0.438215 0.432873
0.250926 0.195879 0.553195
0.153711 0.603053 0.243236
0.493082 0.392623 0.114295
0.706336 0.17268 0.120984
0.386942 0.267434 0.345623
0.271926 0.618558 0.109517
0.13357 0.25367 0.61276
0.111978 0.787416 0.100606
0.255997 0.36663 0.377373
0.505721 0.123798 0.37048
0.336158 0.439737 0.224106
0.375645 0.152001 0.472355
0.478885 0.272055 0.24906
0.103421 0.141817 0.754762


0 7 13
8 2 19
15 14 20
11 10 21
18 17 22
12 11 23
11 21 23
6 5 24
5 4 24
7 6 25
13 7 25
14 13 25
20 14 25
6 24 25
24 20 25
4 3 27
24 4 27
10 9 28
21 10 28
18 22 28
22 21 28
3 1 29
1 12 29
12 23 29
23 27 29
27 3 29
21 22 30
23 21 30
16 15 31
15 20 31
24 27 32
30 26 32
27 23 32
23 30 32
17 16 33
22 17 33
26 30 33
30 22 33
16 31 33
31 26 33
20 24 34
26 31 34
31 20 34
24 32 34
32 26 34
9 8 35
28 9 35
8 19 35
19 18 35
18 28 35
