31
1 0 0
0 1 0
0 0 1
0.166667 0.833333 0
0.333333 0.666667 0
0.5 0.5 0
0.666667 0.333333 0
0.833333 0.166667 0
0 0.166667 0.833333
0 0.333333 0.666667
0 0.5 0.5
0 0.666667 0.333333
0 0.833333 0.166667
0.833333 0 0.166667
0.666667 0 0.333333
0.5 0 0.5
0.333333 0 0.666667
0.166667 0 0.833333
0.599763 0.158377 0.24186
0.319675 0.150129 0.530196
0.145536 0.62192 0.232544
0.509888 0.343531 0.146581
0.383219 0.288423 0.328358
0.331482 0.508835 0.159683
0.170368 0.332068 0.497564
0.15511 0.160293 0.684597
0.683694 0.200151 0.116155
0.234962 0.444978 0.32006
0.19636 0.699295 0.104345
0.48834 0.116851 0.394809
0.0984853 0.51687 0.384645


3 1 12
0 7 13
8 2 17
14 13 18
16 15 19
12 11 20
6 5 21
18 21 22
5 4 23
21 5 23
22 21 23
10 9 24
19 22 24
9 8 25
8 17 25
17 16 25
16 19 25
19 24 25
24 9 25
7 6 26
13 7 26
18 13 26
6 21 26
21 18 26
22 23 27
24 22 27
23 20 27
4 3 28
3 12 28
12 20 28
20 23 28
23 4 28
15 14 29
14 18 29
18 22 29
19 15 29
22 19 29
11 10 30
20 11 30
27 20 30
10 24 30
24 27 30
