26
1 0 0
0 1 0
0 0 1
0.166667 0.833333 0
0.333333 0.666667 0
0.5 0.5 0
0.666667 0.333333 0
0.833333 0.166667 0
0 0.142857 0.857143
0 0.285714 0.714286
0 0.428571 0.571429
0 0.571429 0.428571
0 0.714286 0.285714
0 0.857143 0.142857
0.75 0 0.25
0.5 0 0.5
0.25 0 0.75
0.623612 0.117384 0.259004
0.284518 0.147007 0.568475
0.22231 0.57422 0.203471
0.422845 0.400564 0.176591
0.393353 0.264023 0.342624
0.598523 0.25336 0.148117
0.205796 0.424313 0.369891
0.177774 0.298578 0.523649
0.140112 0.731086 0.128802


3 1 13
8 2 16
0 7 17
14 0 17
15 14 17
9 8 18
8 16 18
16 15 18
15 17 18
5 4 19
12 11 19
6 5 20
5 19 20
18 17 21
7 6 22
17 7 22
21 17 22
6 20 22
20 21 22
11 10 23
19 11 23
20 19 23
21 20 23
10 9 24
9 18 24
18 21 24
21 23 24
23 10 24
4 3 25
3 13 25
13 12 25
12 19 25
19 4 25
