34
1 0 0
0 1 0
0 0 1
0.166667 0.833333 0
0.333333 0.666667 0
0.5 0.5 0
0.666667 0.333333 0
0.833333 0.166667 0
0 0.142857 0.857143
0 0.285714 0.714286
0 0.428571 0.571429
0 0.571429 0.428571
0 0.714286 0.285714
0 0.857143 0.142857
0.833333 0 0.166667
0.666667 0 0.333333
0.5 0 0.5
0.333333 0 0.666667
0.166667 0 0.833333
0.62537 0.134332 0.240298
0.301124 0.154213 0.544662
0.155248 0.594834 0.249918
0.45637 0.416489 0.127141
0.390811 0.249653 0.359536
0.690396 0.212352 0.0972516
0.186148 0.348466 0.465386
0.315329 0.558634 0.126037
0.149495 0.134582 0.715923
0.278578 0.430185 0.291237
0.48156 0.114157 0.404282
0.803985 0.0951401 0.100875
0.516013 0.294945 0.189041
0.155817 0.718637 0.125546
0.126164 0.265188 0.608649


3 1 13
8 2 18
15 14 19
17 16 20
12 11 21
6 5 22
7 6 24
11 10 25
20 23 25
5 4 26
22 5 26
9 8 27
8 18 27
18 17 27
17 20 27
21 11 28
11 25 28
25 23 28
22 26 28
26 21 28
16 15 29
15 19 29
19 23 29
20 16 29
23 20 29
0 7 30
14 0 30
7 24 30
19 14 30
24 19 30
23 19 31
6 22 31
24 6 31
19 24 31
22 28 31
28 23 31
4 3 32
3 13 32
13 12 32
12 21 32
21 26 32
26 4 32
10 9 33
25 10 33
20 25 33
9 27 33
27 20 33
