47
1 0 0
0 1 0
0 0 1
0.166667 0.833333 0
0.333333 0.666667 0
0.5 0.5 0
0.666667 0.333333 0
0.833333 0.166667 0
0 0.111111 0.888889
0 0.222222 0.777778
0 0.333333 0.666667
0 0.444444 0.555556
0 0.555556 0.444444
0 0.666667 0.333333
0 0.777778 0.222222
0 0.888889 0.111111
0.888889 0 0.111111
0.777778 0 0.222222
0.666667 0 0.333333
0.555556 0 0.444444
0.444444 0 0.555556
0.333333 0 0.666667
0.222222 0 0.777778
0.111111 0 0.888889
0.597332 0.145353 0.257315
0.277174 0.15925 0.563576
0.149329 0.624931 0.22574
0.479192 0.410999 0.109809
0.661027 0.263842 0.0751304
0.742019 0.129179 0.128803
0.401849 0.270317 0.327834
0.301455 0.591743 0.106802
0.422818 0.0958385 0.481343
0.162674 0.347355 0.489971
0.503955 0.117742 0.378303
0.154599 0.164232 0.681169
0.587572 0.24871 0.163719
0.221812 0.396138 0.38205
0.458334 0.316269 0.225396
0.301403 0.456713 0.241883
0.074579 0.872777 0.0526438
0.105136 0.102 0.792864
0.13893 0.746995 0.114076
0.132211 0.53479 0.332998
0.870109 0.0760847 0.0538065
0.115717 0.297731 0.586552
0.333319 0.223653 0.443028


8 2 23
18 17 24
21 20 25
14 13 26
6 5 27
7 6 28
6 27 28
7 28 29
17 16 29
24 17 29
5 4 31
27 5 31
20 19 32
25 20 32
12 11 33
19 18 34
18 24 34
24 30 34
32 19 34
10 9 35
22 21 35
21 25 35
28 27 36
24 29 36
29 28 36
12 33 37
36 27 38
30 24 38
24 36 38
27 31 39
38 27 39
31 26 39
37 30 39
30 38 39
3 1 40
1 15 40
9 8 41
8 23 41
23 22 41
22 35 41
35 9 41
15 14 42
14 26 42
4 3 42
31 4 42
3 40 42
40 15 42
26 31 42
13 12 43
12 37 43
26 13 43
37 39 43
39 26 43
0 7 44
16 0 44
7 29 44
29 16 44
11 10 45
33 11 45
25 33 45
10 35 45
35 25 45
25 32 46
33 25 46
32 34 46
34 30 46
30 37 46
37 33 46
