38
1 0 0
0 1 0
0 0 1
0.142857 0.857143 0
0.285714 0.714286 0
0.428571 0.571429 0
0.571429 0.428571 0
0.714286 0.285714 0
0.857143 0.142857 0
0 0.1 0.9
0 0.2 0.8
0 0.3 0.7
0 0.4 0.6
0 0.5 0.5
0 0.6 0.4
0 0.7 0.3
0 0.8 0.2
0 0.9 0.1
0.8 0 0.2
0.6 0 0.4
0.4 0 0.6
0.2 0 0.8
0.613984 0.139577 0.246439
0.269603 0.137401 0.592996
0.200212 0.569361 0.230427
0.440547 0.412542 0.146911
0.41014 0.245099 0.344761
0.605768 0.24295 0.151282
0.188455 0.374072 0.437473
0.204531 0.659904 0.135565
0.174862 0.0902384 0.7349
0.204653 0.47075 0.324597
0.220164 0.258867 0.520968
0.782393 0.102589 0.115019
0.384936 0.346957 0.268108
0.110759 0.812026 0.0772151
0.481401 0.121836 0.396763
0.368037 0.531616 0.100347


3 1 17
9 2 21
11 10 23
20 19 23
15 14 24
7 6 25
8 7 27
26 22 27
7 25 27
13 12 28
5 4 29
4 16 29
16 15 29
15 24 29
10 9 30
9 21 30
21 20 30
20 23 30
23 10 30
14 13 31
24 14 31
25 24 31
13 28 31
12 11 32
11 23 32
26 28 32
28 12 32
0 8 33
18 0 33
22 18 33
8 27 33
27 22 33
26 27 34
28 26 34
27 25 34
25 31 34
31 28 34
4 3 35
3 17 35
16 4 35
17 16 35
19 18 36
18 22 36
23 19 36
32 23 36
22 26 36
26 32 36
6 5 37
24 25 37
25 6 37
5 29 37
29 24 37
