30
1 0 0
0 1 0
0 0 1
0.142857 0.857143 0
0.285714 0.714286 0
0.428571 0.571429 0
0.571429 0.428571 0
0.714286 0.285714 0
0.857143 0.142857 0
0 0.25 0.75
0 0.5 0.5
0 0.75 0.25
0.875 0 0.125
0.75 0 0.25
0.625 0 0.375
0.5 0 0.5
0.375 0 0.625
0.25 0 0.75
0.125 0 0.875
0.102333 0.509079 0.388588
0.277488 0.171635 0.550877
0.17379 0.624412 0.201798
0.460696 0.383035 0.156269
0.390988 0.23694 0.372072
0.323965 0.491263 0.184772
0.13823 0.243993 0.617776
0.540667 0.201836 0.257497
0.652448 0.180199 0.167353
0.0689748 0.78554 0.145485
0.233542 0.371911 0.394547


0 8 12
8 7 13
12 8 13
9 2 18
11 10 19
17 16 20
4 3 21
6 5 22
16 15 23
20 16 23
5 4 24
22 5 24
4 21 24
23 22 24
10 9 25
19 10 25
9 18 25
18 17 25
17 20 25
6 22 26
15 14 26
22 23 26
23 15 26
7 6 27
6 26 27
13 7 27
14 13 27
26 14 27
3 1 28
1 11 28
21 3 28
11 19 28
19 21 28
21 19 29
24 21 29
20 23 29
23 24 29
19 25 29
25 20 29
