35
1 0 0
0 1 0
0 0 1
0.142857 0.857143 0
0.285714 0.714286 0
0.428572 0.571428 0
0.571429 0.428571 0
0.714286 0.285714 0
0.857143 0.142857 0
0 0.2 0.8
0 0.4 0.6
0 0.6 0.4
0 0.8 0.2
0.875 0 0.125
0.75 0 0.25
0.625 0 0.375
0.5 0 0.5
0.375 0 0.625
0.25 0 0.75
0.125 0 0.875
0.643234 0.122921 0.233845
0.106046 0.447272 0.446682
0.283505 0.17372 0.542775
0.138566 0.607424 0.254009
0.469878 0.380912 0.14921
0.742331 0.136497 0.121172
0.386991 0.262597 0.350412
0.311826 0.508452 0.179722
0.141529 0.224692 0.63378
0.231083 0.374112 0.394804
0.525619 0.185433 0.288948
0.609257 0.268426 0.122318
0.392469 0.112292 0.495239
0.0879713 0.802849 0.10918
0.19957 0.696719 0.103711


0 8 13
9 2 19
15 14 20
11 10 21
18 17 22
12 11 23
11 21 23
6 5 24
8 7 25
13 8 25
14 13 25
20 14 25
5 4 27
24 5 27
26 24 27
10 9 28
9 19 28
19 18 28
21 10 28
18 22 28
23 21 29
27 23 29
22 26 29
26 27 29
21 28 29
28 22 29
15 20 30
16 15 30
26 16 30
24 26 30
7 6 31
6 24 31
20 25 31
25 7 31
24 30 31
30 20 31
17 16 32
16 26 32
22 17 32
26 22 32
3 1 33
1 12 33
12 23 33
4 3 34
23 27 34
27 4 34
3 33 34
33 23 34
