19
1 0 0
0 1 0
0 0 1
0.142857 0.857143 0
0.285714 0.714286 0
0.428571 0.571429 0
0.571429 0.428571 0
0.714286 0.285714 0
0.857143 0.142857 0
0 0.166667 0.833333
0 0.333333 0.666667
0 0.5 0.5
0 0.666667 0.333333
0 0.833333 0.166667
0.5 0 0.5
0.386285 0.140884 0.472831
0.341475 0.279657 0.378867
0.265959 0.45258 0.281461
0.177411 0.609798 0.212791


3 1 13
4 3 13
12 4 13
0 8 14
9 2 15
2 14 15
8 7 15
14 8 15
7 6 16
6 10 16
10 9 16
9 15 16
15 7 16
6 5 17
5 11 17
10 6 17
11 10 17
5 4 18
4 12 18
11 5 18
12 11 18
