32
1 0 0
0 1 0
0 0 1
0.142857 0.857143 0
0.285714 0.714286 0
0.428571 0.571429 0
0.571429 0.428571 0
0.714286 0.285714 0
0.857143 0.142857 0
0 0.166667 0.833333
0 0.333333 0.666667
0 0.5 0.5
0 0.666667 0.333333
0 0.833333 0.166667
0.833333 0 0.166667
0.666667 0 0.333333
0.5 0 0.5
0.333333 0 0.666667
0.166667 0 0.833333
0.587424 0.154836 0.25774
0.280673 0.145075 0.574252
0.157735 0.598137 0.244128
0.385181 0.292797 0.322022
0.315201 0.512133 0.172666
0.175071 0.318335 0.506594
0.564669 0.290759 0.144571
0.129367 0.178974 0.691659
0.715578 0.153233 0.131189
0.464632 0.10589 0.429478
0.209191 0.445338 0.345471
0.118731 0.73777 0.143499
0.445492 0.425537 0.128971


3 1 13
0 8 14
9 2 18
18 17 20
12 11 21
5 4 23
4 21 23
11 10 24
20 22 24
7 6 25
22 19 25
9 18 26
18 20 26
10 9 26
24 10 26
20 24 26
8 7 27
14 8 27
15 14 27
19 15 27
7 25 27
25 19 27
16 15 28
15 19 28
17 16 28
20 17 28
19 22 28
22 20 28
21 11 29
11 24 29
22 23 29
24 22 29
23 21 29
4 3 30
21 4 30
3 13 30
13 12 30
12 21 30
6 5 31
5 23 31
25 6 31
23 22 31
22 25 31
