29
1 0 0
0 1 0
0 0 1
0.142857 0.857143 0
0.285714 0.714286 0
0.428571 0.571429 0
0.571429 0.428571 0
0.714286 0.285714 0
0.857143 0.142857 0
0 0.142857 0.857143
0 0.285714 0.714286
0 0.428571 0.571429
0 0.571429 0.428571
0 0.714286 0.285714
0 0.857143 0.142857
0.75 0 0.25
0.5 0 0.5
0.25 0 0.75
0.599717 0.147601 0.252681
0.267827 0.153347 0.578826
0.186494 0.60743 0.206076
0.385408 0.271109 0.343483
0.193448 0.335487 0.471065
0.521004 0.313646 0.165349
0.331556 0.440725 0.227719
0.126344 0.751045 0.122611
0.121678 0.0719185 0.806403
0.822007 0.0673615 0.110631
0.135628 0.479887 0.384485


3 1 14
8 7 18
16 15 18
10 9 19
17 16 19
16 18 19
5 4 20
13 12 20
19 18 21
11 10 22
10 19 22
19 21 22
7 6 23
18 7 23
21 18 23
6 5 24
5 20 24
23 6 24
22 21 24
21 23 24
4 3 25
3 14 25
14 13 25
13 20 25
20 4 25
9 2 26
2 17 26
17 19 26
19 9 26
0 8 27
15 0 27
8 18 27
18 15 27
12 11 28
11 22 28
22 24 28
20 12 28
24 20 28
