37
1 0 0
0 1 0
0 0 1
0.142857 0.857143 0
0.285714 0.714286 0
0.428571 0.571429 0
0.571429 0.428571 0
0.714286 0.285714 0
0.857143 0.142857 0
0 0.142857 0.857143
0 0.285714 0.714286
0 0.428571 0.571429
0 0.571429 0.428571
0 0.714286 0.285714
0 0.857143 0.142857
0.857143 0 0.142857
0.714286 0 0.285714
0.571429 0 0.428571
0.428571 0 0.571429
0.285714 0 0.714286
0.142857 0 0.857143
0.620182 0.131636 0.248182
0.130318 0.476721 0.392961
0.287195 0.158629 0.554176
0.141183 0.6015 0.257317
0.45645 0.423752 0.119798
0.738446 0.146276 0.115278
0.354466 0.273174 0.37236
0.281303 0.600452 0.118245
0.200226 0.342742 0.457033
0.607067 0.281475 0.111458
0.303952 0.444533 0.251515
0.138372 0.138893 0.722735
0.466337 0.135472 0.398191
0.136401 0.737278 0.126321
0.482184 0.278742 0.239073
0.121896 0.27205 0.606055


3 1 14
0 8 15
9 2 20
17 16 21
12 11 22
19 18 23
13 12 24
12 22 24
6 5 25
8 7 26
15 8 26
16 15 26
21 16 26
5 4 28
25 5 28
22 11 29
23 27 29
7 6 30
6 25 30
21 26 30
26 7 30
24 22 31
28 24 31
25 28 31
22 29 31
29 27 31
10 9 32
9 20 32
20 19 32
19 23 32
18 17 33
23 18 33
27 23 33
17 21 33
3 14 34
14 13 34
13 24 34
4 3 34
28 4 34
24 28 34
30 25 35
21 30 35
25 31 35
31 27 35
27 33 35
33 21 35
11 10 36
29 11 36
23 29 36
32 23 36
10 32 36
