42
1 0 0
0 1 0
0 0 1
0.142857 0.857143 0
0.285714 0.714286 0
0.428571 0.571429 0
0.571429 0.428571 0
0.714286 0.285714 0
0.857143 0.142857 0
0 0.125 0.875
0 0.25 0.75
0 0.375 0.625
0 0.5 0.5
0 0.625 0.375
0 0.75 0.25
0 0.875 0.125
0.857143 0 0.142857
0.714286 0 0.285714
0.571429 0 0.428571
0.428571 0 0.571429
0.285714 0 0.714286
0.142857 0 0.857143
0.652516 0.0987474 0.248737
0.137203 0.49308 0.369717
0.282219 0.149438 0.568343
0.140326 0.618996 0.240678
0.467059 0.411121 0.12182
0.726517 0.161995 0.111489
0.369119 0.245672 0.385209
0.264716 0.624095 0.111188
0.422475 0.106148 0.471377
0.177482 0.335704 0.486814
0.606979 0.302217 0.0908039
0.299 0.496598 0.204401
0.142959 0.125251 0.73179
0.537555 0.246144 0.216301
0.129366 0.748331 0.122303
0.131102 0.245699 0.623199
0.865781 0.0686687 0.0655503
0.511289 0.138909 0.349802
0.268034 0.388576 0.34339
0.39788 0.355518 0.246602


3 1 15
9 2 21
17 16 22
18 17 22
13 12 23
20 19 24
14 13 25
13 23 25
6 5 26
8 7 27
22 16 27
5 4 29
19 18 30
24 19 30
28 24 30
12 11 31
23 12 31
24 28 31
7 6 32
6 26 32
27 7 32
25 23 33
29 25 33
26 5 33
5 29 33
10 9 34
9 21 34
21 20 34
20 24 34
22 27 35
27 32 35
32 26 35
4 3 36
29 4 36
3 15 36
15 14 36
14 25 36
25 29 36
11 10 37
24 31 37
31 11 37
10 34 37
34 24 37
0 8 38
16 0 38
8 27 38
27 16 38
18 22 39
30 18 39
28 30 39
22 35 39
35 28 39
23 31 40
31 28 40
33 23 40
26 33 41
33 40 41
28 35 41
40 28 41
35 26 41
