31
1 0 0
0 1 0
0 0 1
0.142857 0.857143 0
0.285714 0.714286 0
0.428571 0.571429 0
0.571429 0.428571 0
0.714286 0.285714 0
0.857143 0.142857 0
0 0.111111 0.888889
0 0.222222 0.777778
0 0.333333 0.666667
0 0.444444 0.555556
0 0.555556 0.444444
0 0.666667 0.333333
0 0.777778 0.222222
0 0.888889 0.111111
0.75 0 0.25
0.5 0 0.5
0.25 0 0.75
0.615549 0.130301 0.254149
0.262572 0.117166 0.620263
0.372691 0.262173 0.365136
0.264961 0.52521 0.209829
0.453033 0.383099 0.163868
0.187238 0.671592 0.14117
0.238897 0.38435 0.376753
0.567847 0.255151 0.177002
0.253948 0.228465 0.517586
0.499063 0.0853885 0.415548
0.120199 0.786282 0.0935191


3 1 16
9 2 19
0 8 20
17 0 20
10 9 21
9 19 21
19 18 21
6 5 23
14 13 23
7 6 24
6 23 24
5 4 25
15 14 25
14 23 25
23 5 25
12 11 26
11 22 26
13 12 26
23 13 26
24 23 26
8 7 27
20 8 27
22 20 27
7 24 27
24 26 27
26 22 27
11 10 28
10 21 28
22 11 28
20 22 28
18 17 29
21 18 29
17 20 29
20 28 29
28 21 29
4 3 30
3 16 30
16 15 30
15 25 30
25 4 30
