29
1 0 0
0 1 0
0 0 1
0.125 0.875 0
0.25 0.75 0
0.375 0.625 0
0.5 0.5 0
0.625 0.375 0
0.75 0.25 0
0.875 0.125 0
0 0.1 0.9
0 0.2 0.8
0 0.3 0.7
0 0.4 0.6
0 0.5 0.5
0 0.6 0.4
0 0.7 0.3
0 0.8 0.2
0 0.9 0.1
0.666667 0 0.333333
0.333333 0 0.666667
0.596793 0.110836 0.292371
0.405928 0.250835 0.343237
0.275102 0.505959 0.218939
0.335688 0.364396 0.299916
0.321758 0.0934721 0.58477
0.225257 0.593428 0.181316
0.271217 0.190067 0.538716
0.15265 0.718231 0.129119


3 1 18
4 3 18
17 4 18
10 2 20
0 9 21
19 0 21
9 8 22
13 12 22
21 9 22
7 6 23
14 7 23
15 14 23
8 7 24
7 14 24
14 13 24
13 22 24
22 8 24
11 10 25
10 20 25
20 19 25
19 21 25
6 5 26
5 16 26
16 15 26
15 23 26
23 6 26
12 11 27
21 22 27
22 12 27
11 25 27
25 21 27
5 4 28
4 17 28
16 5 28
17 16 28
