59
1 0 0
0 1 0
0 0 1
0.125 0.875 0
0.25 0.75 0
0.375 0.625 0
0.5 0.5 0
0.625 0.375 0
0.75 0.25 0
0.875 0.125 0
0 0.111111 0.888889
0 0.222222 0.777778
0 0.333333 0.666667
0 0.444444 0.555556
0 0.555556 0.444444
0 0.666667 0.333333
0 0.777778 0.222222
0 0.888889 0.111111
0.888889 0 0.111111
0.777778 0 0.222222
0.666667 0 0.333333
0.555556 0 0.444444
0.444444 0 0.555556
0.333333 0 0.666667
0.222222 0 0.777778
0.111111 0 0.888889
0.628727 0.110588 0.260685
0.103203 0.488072 0.408725
0.290241 0.119655 0.590104
0.17033 0.596457 0.233213
0.481151 0.398968 0.119881
0.799741 0.0716587 0.1286
0.643555 0.27027 0.0861756
0.371951 0.262315 0.365734
0.183466 0.236967 0.579567
0.266956 0.636594 0.0964493
0.322645 0.514027 0.163328
0.419975 0.109002 0.471022
0.208213 0.336882 0.454905
0.524102 0.104179 0.371719
0.566455 0.245415 0.188131
0.0901152 0.359262 0.550623
0.149618 0.144814 0.705568
0.156818 0.754213 0.088969
0.444968 0.317929 0.237102
0.234899 0.424652 0.340449
0.692924 0.147134 0.159942
0.299539 0.21465 0.485811
0.392294 0.533953 0.0737529
0.775362 0.157268 0.0673707
0.240474 0.0731106 0.686415
0.0856175 0.767711 0.146672
0.882056 0.0635976 0.0543461
0.082984 0.256252 0.660764
0.0652949 0.875447 0.0592586
0.329556 0.424538 0.245906
0.0932719 0.0939302 0.812798
0.0698323 0.692701 0.237466
0.505099 0.199236 0.295665


10 2 25
20 19 26
15 14 27
14 13 27
23 22 28
15 27 29
7 6 30
19 18 31
8 7 32
7 30 32
5 4 35
35 29 36
22 21 37
28 22 37
21 20 39
20 26 39
37 21 39
33 37 39
32 30 40
13 12 41
27 13 41
38 27 41
34 38 41
28 34 42
4 3 43
35 4 43
29 35 43
40 30 44
29 27 45
38 33 45
27 38 45
26 19 46
19 31 46
32 40 46
40 26 46
37 33 47
33 38 47
34 28 47
38 34 47
28 37 47
6 5 48
30 6 48
36 30 48
5 35 48
35 36 48
9 8 49
46 31 49
8 32 49
32 46 49
24 23 50
42 24 50
23 28 50
28 42 50
17 16 51
29 43 51
0 9 52
18 0 52
31 18 52
9 49 52
49 31 52
34 41 53
41 12 53
12 11 53
11 42 53
42 34 53
3 1 54
1 17 54
43 3 54
17 51 54
51 43 54
30 36 55
44 30 55
36 29 55
29 45 55
33 44 55
45 33 55
11 10 56
42 11 56
10 25 56
25 24 56
24 42 56
16 15 57
15 29 57
29 51 57
51 16 57
39 26 58
26 40 58
33 39 58
44 33 58
40 44 58
