49
1 0 0
0 1 0
0 0 1
0.111111 0.888889 0
0.222222 0.777778 0
0.333333 0.666667 0
0.444444 0.555556 0
0.555556 0.444444 0
0.666667 0.333333 0
0.777778 0.222222 0
0.888889 0.111111 0
0 0.1 0.9
0 0.2 0.8
0 0.3 0.7
0 0.4 0.6
0 0.5 0.5
0 0.6 0.4
0 0.7 0.3
0 0.8 0.2
0 0.9 0.1
0.833333 0 0.166667
0.666667 0 0.333333
0.5 0 0.5
0.333333 0 0.666667
0.166667 0 0.833333
0.664404 0.0967469 0.238849
0.297626 0.131131 0.571243
0.150344 0.613851 0.235805
0.481806 0.394339 0.123855
0.444878 0.0630448 0.492077
0.614368 0.274969 0.110663
0.359076 0.237614 0.403311
0.168393 0.232605 0.599001
0.276931 0.618462 0.104607
0.334612 0.513063 0.152324
0.205239 0.334302 0.460459
0.843193 0.0613602 0.0954464
0.730124 0.153163 0.116713
0.551352 0.21191 0.236738
0.130287 0.144726 0.724988
0.0941102 0.820107 0.0857823
0.141791 0.429409 0.4288
0.421532 0.32418 0.254288
0.149014 0.717984 0.133002
0.483207 0.132091 0.384701
0.154291 0.517623 0.328086
0.299377 0.420005 0.280618
0.182516 0.0674295 0.750054
0.0752099 0.043512 0.881278


3 1 19
21 20 25
17 16 27
8 7 28
22 21 29
23 22 29
26 23 29
9 8 30
8 28 30
13 12 32
26 31 32
6 5 33
7 6 34
28 7 34
33 27 34
6 33 34
14 13 35
13 32 35
32 31 35
0 10 36
20 0 36
25 20 36
10 9 37
9 30 37
25 36 37
36 10 37
25 37 38
37 30 38
12 11 39
26 32 39
32 12 39
4 3 40
3 19 40
19 18 40
15 14 41
14 35 41
35 31 42
30 28 42
38 30 42
31 38 42
5 4 43
33 5 43
18 17 43
17 27 43
27 33 43
4 40 43
40 18 43
21 25 44
29 21 44
26 29 44
31 26 44
25 38 44
38 31 44
16 15 45
15 41 45
27 16 45
34 27 45
28 34 46
42 28 46
41 35 46
35 42 46
45 41 46
34 45 46
39 11 47
24 23 47
23 26 47
26 39 47
11 2 48
2 24 48
24 47 48
47 11 48
