27
1 0 0
0 1 0
0 0 1
0.111111 0.888889 0
0.222222 0.777778 0
0.333333 0.666667 0
0.444444 0.555556 0
0.555556 0.444444 0
0.666667 0.333333 0
0.777778 0.222222 0
0.888889 0.111111 0
0 0.5 0.5
0.9 0 0.1
0.8 0 0.2
0.7 0 0.3
0.6 0 0.4
0.5 0 0.5
0.4 0 0.6
0.3 0 0.7
0.2 0 0.8
0.1 0 0.9
0.103171 0.472053 0.424775
0.210585 0.410779 0.378636
0.401397 0.308466 0.290137
0.629866 0.191844 0.178289
0.521136 0.267752 0.211112
0.313389 0.341473 0.345137


0 10 12
10 9 13
12 10 13
9 8 14
13 9 14
11 2 20
3 1 21
20 19 21
1 11 21
11 20 21
4 3 22
19 18 22
3 21 22
21 19 22
6 5 23
16 6 23
17 16 23
8 7 24
7 15 24
14 8 24
15 14 24
7 6 25
6 16 25
15 7 25
16 15 25
5 4 26
18 17 26
4 22 26
22 18 26
17 23 26
23 5 26
