39
1 0 0
0 1 0
0 0 1
0.111111 0.888889 0
0.222222 0.777778 0
0.333333 0.666667 0
0.444444 0.555556 0
0.555556 0.444444 0
0.666667 0.333333 0
0.777778 0.222222 0
0.888889 0.111111 0
0 0.2 0.8
0 0.4 0.6
0 0.6 0.4
0 0.8 0.2
0.875 0 0.125
0.75 0 0.25
0.625 0 0.375
0.5 0 0.5
0.375 0 0.625
0.25 0 0.75
0.125 0 0.875
0.105941 0.447856 0.446203
0.275222 0.174406 0.550371
0.46363 0.361809 0.174561
0.688819 0.14566 0.165521
0.368968 0.260544 0.370487
0.174053 0.278947 0.547
0.341982 0.478351 0.179667
0.143495 0.618726 0.23778
0.577503 0.235116 0.187381
0.794322 0.0950946 0.110583
0.235992 0.410844 0.353164
0.487214 0.15005 0.362735
0.082472 0.261984 0.655544
0.0699672 0.109977 0.820056
0.165155 0.12442 0.710425
0.245435 0.605047 0.149518
0.0881559 0.757532 0.154312


3 1 14
0 10 15
13 12 22
20 19 23
7 6 24
9 8 25
17 16 25
23 19 26
6 5 28
24 6 28
26 24 28
13 22 29
8 7 30
7 24 30
25 8 30
17 25 30
10 9 31
15 10 31
16 15 31
9 25 31
25 16 31
23 26 32
27 23 32
22 27 32
26 28 32
29 22 32
19 18 33
26 19 33
18 17 33
17 30 33
24 26 33
30 24 33
12 11 34
22 12 34
27 22 34
11 2 35
2 21 35
34 11 35
21 20 36
20 23 36
23 27 36
35 21 36
27 34 36
34 35 36
5 4 37
4 29 37
28 5 37
32 28 37
29 32 37
4 3 38
29 4 38
3 14 38
14 13 38
13 29 38
