35
1 0 0
0 1 0
0 0 1
0.111111 0.888889 0
0.222222 0.777778 0
0.333333 0.666667 0
0.444444 0.555556 0
0.555556 0.444444 0
0.666667 0.333333 0
0.777778 0.222222 0
0.888889 0.111111 0
0 0.166667 0.833333
0 0.333333 0.666667
0 0.5 0.5
0 0.666667 0.333333
0 0.833333 0.166667
0.833333 0 0.166667
0.666667 0 0.333333
0.5 0 0.5
0.333333 0 0.666667
0.166667 0 0.833333
0.622857 0.132759 0.244385
0.130541 0.475828 0.393631
0.269937 0.126328 0.603735
0.443388 0.12089 0.435721
0.362972 0.255664 0.381364
0.167936 0.241733 0.590331
0.288506 0.518951 0.192543
0.15097 0.62878 0.220249
0.544887 0.261992 0.193121
0.760465 0.0921939 0.147341
0.417137 0.394203 0.18866
0.229624 0.372328 0.398048
0.115613 0.10244 0.781948
0.0973806 0.763406 0.139213


3 1 15
0 10 16
9 8 21
18 17 21
13 12 22
20 19 23
19 18 24
23 19 24
18 21 24
23 24 25
12 11 26
23 25 26
6 5 27
5 4 28
14 13 28
13 22 28
22 27 28
27 5 28
21 8 29
24 21 29
8 7 29
25 24 29
10 9 30
16 10 30
17 16 30
9 21 30
21 17 30
7 6 31
6 27 31
25 29 31
29 7 31
22 12 32
12 26 32
27 22 32
26 25 32
25 31 32
31 27 32
11 2 33
2 20 33
26 11 33
20 23 33
23 26 33
4 3 34
3 15 34
15 14 34
14 28 34
28 4 34
