35
1 0 0
0 1 0
0 0 1
0.111111 0.888889 0
0.222222 0.777778 0
0.333333 0.666667 0
0.444444 0.555556 0
0.555556 0.444444 0
0.666667 0.333333 0
0.777778 0.222222 0
0.888889 0.111111 0
0 0.125 0.875
0 0.25 0.75
0 0.375 0.625
0 0.5 0.5
0 0.625 0.375
0 0.75 0.25
0 0.875 0.125
0.75 0 0.25
0.5 0 0.5
0.25 0 0.75
0.66349 0.104222 0.232287
0.277665 0.144878 0.577456
0.1947 0.591627 0.213674
0.349681 0.266183 0.384136
0.156471 0.253496 0.590033
0.438273 0.0956649 0.466062
0.296228 0.480153 0.22362
0.21226 0.380107 0.407632
0.443256 0.359686 0.197058
0.532201 0.220413 0.247387
0.127963 0.0680959 0.803941
0.0938084 0.803703 0.102488
0.140655 0.704754 0.154591
0.837887 0.0493538 0.112759


3 1 17
10 9 21
19 18 21
6 5 23
15 14 23
12 11 25
11 22 25
13 12 25
22 24 25
20 19 26
22 20 26
19 21 26
7 6 27
6 23 27
23 14 27
13 25 28
25 24 28
14 13 28
27 14 28
8 7 29
28 24 29
7 27 29
27 28 29
9 8 30
21 9 30
26 21 30
24 22 30
22 26 30
8 29 30
29 24 30
11 2 31
2 20 31
20 22 31
22 11 31
4 3 32
3 17 32
17 16 32
5 4 33
16 15 33
15 23 33
23 5 33
4 32 33
32 16 33
0 10 34
18 0 34
10 21 34
21 18 34
