52
1 0 0
0 1 0
0 0 1
0.111111 0.888889 0
0.222222 0.777778 0
0.333333 0.666667 0
0.444444 0.555556 0
0.555556 0.444444 0
0.666667 0.333333 0
0.777778 0.222222 0
0.888889 0.111111 0
0 0.111111 0.888889
0 0.222222 0.777778
0 0.333333 0.666667
0 0.444444 0.555556
0 0.555556 0.444444
0 0.666667 0.333333
0 0.777778 0.222222
0 0.888889 0.111111
0.857143 0 0.142857
0.714286 0 0.285714
0.571429 0 0.428571
0.428571 0 0.571429
0.285714 0 0.714286
0.142857 0 0.857143
0.615138 0.126724 0.258138
0.107977 0.471462 0.420561
0.259775 0.138073 0.602152
0.161924 0.604235 0.233842
0.480654 0.414875 0.104471
0.388971 0.275774 0.335255
0.154713 0.253646 0.591641
0.245244 0.651988 0.102768
0.324931 0.517915 0.157154
0.413807 0.0940392 0.492154
0.661441 0.21994 0.118619
0.764081 0.105347 0.130572
0.104315 0.370765 0.52492
0.117753 0.143292 0.738955
0.527606 0.27724 0.195154
0.236184 0.357071 0.406745
0.11218 0.77901 0.10881
0.486217 0.158262 0.355522
0.367777 0.387442 0.24478
0.888772 0.0498053 0.0614223
0.217835 0.487931 0.294234
0.080353 0.0602488 0.859398
0.318695 0.215493 0.465812
0.0990122 0.698666 0.202322
0.320742 0.0562887 0.622969
0.0878121 0.570347 0.341841
0.198027 0.0641656 0.737808


3 1 18
21 20 25
15 14 26
8 7 29
7 6 29
13 12 31
5 4 32
6 5 32
29 6 33
6 32 33
32 28 33
22 21 34
9 8 35
20 19 36
25 20 36
10 9 36
9 35 36
35 25 36
14 13 37
13 31 37
26 14 37
12 11 38
27 31 38
31 12 38
25 35 39
8 29 39
35 8 39
26 37 40
37 31 40
4 3 41
3 18 41
18 17 41
32 4 41
21 25 42
34 21 42
25 39 42
39 30 42
30 39 43
39 29 43
40 30 43
29 33 43
0 10 44
19 0 44
10 36 44
36 19 44
33 28 45
43 33 45
26 40 45
40 43 45
11 2 46
2 24 46
38 11 46
31 27 47
27 34 47
30 40 47
40 31 47
34 42 47
42 30 47
17 16 48
16 28 48
41 17 48
28 32 48
32 41 48
23 22 49
22 34 49
34 27 49
16 15 50
28 16 50
15 26 50
26 45 50
45 28 50
24 23 51
38 46 51
46 24 51
27 38 51
49 27 51
23 49 51
