57
1 0 0
0 1 0
0 0 1
0.111111 0.888889 0
0.222222 0.777778 0
0.333333 0.666667 0
0.444444 0.555556 0
0.555556 0.444444 0
0.666667 0.333333 0
0.777778 0.222222 0
0.888889 0.111111 0
0 0.111111 0.888889
0 0.222222 0.777778
0 0.333333 0.666667
0 0.444444 0.555556
0 0.555556 0.444444
0 0.666667 0.333333
0 0.777778 0.222222
0 0.888889 0.111111
0.888889 0 0.111111
0.777778 0 0.222222
0.666667 0 0.333333
0.555556 0 0.444444
0.444444 0 0.555556
0.333333 0 0.666667
0.222222 0 0.777778
0.111111 0 0.888889
0.650078 0.111693 0.238229
0.105166 0.467577 0.427257
0.302035 0.114388 0.583577
0.184348 0.591398 0.224254
0.475694 0.402583 0.121723
0.785206 0.0810521 0.133742
0.627864 0.29536 0.0767761
0.389947 0.25314 0.356913
0.182961 0.233097 0.583942
0.279095 0.62923 0.091675
0.0846799 0.123204 0.792116
0.322714 0.510014 0.167271
0.429256 0.114388 0.456356
0.191964 0.344157 0.463879
0.552751 0.0834377 0.363811
0.576175 0.242527 0.181298
0.0896043 0.353942 0.556454
0.184083 0.111608 0.704309
0.0937746 0.801484 0.104742
0.456478 0.3082 0.235322
0.219418 0.457273 0.323309
0.724329 0.170428 0.105242
0.0862699 0.235664 0.678066
0.35293 0.39053 0.25654
0.299739 0.221519 0.478742
0.169006 0.708401 0.122593
0.089903 0.581752 0.328345
0.0812428 0.697195 0.221562
0.501961 0.18531 0.312729
0.290479 0.328889 0.380633


3 1 18
0 10 19
11 2 26
21 20 27
15 14 28
24 23 29
7 6 31
19 10 32
20 19 32
27 20 32
9 8 33
8 7 33
7 31 33
5 4 36
6 5 36
12 11 37
11 26 37
26 25 37
36 30 38
31 6 38
6 36 38
23 22 39
29 23 39
22 21 41
21 27 41
39 22 41
33 31 42
14 13 43
35 40 43
28 14 43
40 28 43
25 24 44
24 29 44
37 25 44
29 35 44
4 3 45
3 18 45
18 17 45
42 31 46
38 30 47
28 40 47
10 9 48
32 10 48
27 32 48
9 33 48
33 42 48
42 27 48
13 12 49
35 43 49
43 13 49
44 35 49
12 37 49
37 44 49
31 38 50
46 31 50
34 46 50
38 47 50
35 29 51
29 39 51
39 34 51
40 35 51
30 36 52
36 4 52
4 45 52
16 15 53
15 28 53
28 47 53
47 30 53
17 16 54
30 52 54
45 17 54
52 45 54
16 53 54
53 30 54
34 39 55
39 41 55
41 27 55
27 42 55
46 34 55
42 46 55
34 50 56
47 40 56
50 47 56
40 51 56
51 34 56
