43
1 0 0
0 1 0
0 0 1
0.111111 0.888889 0
0.222222 0.777778 0
0.333333 0.666667 0
0.444444 0.555556 0
0.555556 0.444444 0
0.666667 0.333333 0
0.777778 0.222222 0
0.888889 0.111111 0
0 0.111111 0.888889
0 0.222222 0.777778
0 0.333333 0.666667
0 0.444444 0.555556
0 0.555556 0.444444
0 0.666667 0.333333
0 0.777778 0.222222
0 0.888889 0.111111
0.8 0 0.2
0.6 0 0.4
0.4 0 0.6
0.2 0 0.8
0.638203 0.101185 0.260613
0.143847 0.496098 0.360054
0.296756 0.15942 0.543824
0.184987 0.600375 0.214637
0.374318 0.26568 0.360002
0.176687 0.260342 0.562971
0.329098 0.492688 0.178215
0.44558 0.0782067 0.476213
0.592228 0.235665 0.172106
0.458858 0.36653 0.174612
0.828134 0.0626953 0.10917
0.111947 0.35929 0.528763
0.240071 0.386192 0.373738
0.134456 0.143709 0.721835
0.140368 0.716367 0.143265
0.744314 0.146734 0.108952
0.109518 0.0564857 0.833996
0.469576 0.168923 0.3615
0.262332 0.0660614 0.671606
0.0938456 0.814491 0.0916637


3 1 18
20 19 23
15 14 24
6 5 26
16 15 26
15 24 26
13 12 28
25 27 28
7 6 29
6 26 29
26 24 29
21 20 30
20 23 30
9 8 31
8 7 32
7 29 32
27 31 32
31 8 32
0 10 33
19 0 33
23 19 33
14 13 34
13 28 34
29 24 35
32 29 35
24 14 35
14 34 35
28 27 35
34 28 35
27 32 35
12 11 36
25 28 36
28 12 36
5 4 37
26 5 37
17 16 37
16 26 37
10 9 38
9 31 38
31 23 38
23 33 38
33 10 38
11 2 39
2 22 39
36 11 39
30 23 40
27 25 40
25 30 40
23 31 40
31 27 40
21 30 41
30 25 41
22 21 41
25 36 41
36 39 41
39 22 41
4 3 42
3 18 42
18 17 42
17 37 42
37 4 42
