1
2
0
0
0
0
0
0
0
0
2
5
4
0
0
0
0
0
0
0
0
4
7
6
0
0
0
0
0
0
0
0
6
11
8
0
0
0
0
0
0
0
0
8
13
10
0
0
0
0
0
0
0
0
10
15
12
0
0
0
0
0
0
0
0
12
19
14
0
0
0
0
0
0
0
0
14
21
16
0
0
0
0
0
0
0
0
16
25
18
0
0
0
0
0
0
0
0
18
27
2
5
4
0
0
0
0
0
0
0
5
4
7
6
0
0
0
0
0
0
4
7
12
11
8
0
0
0
0
0
0
6
11
16
15
10
0
0
0
0
0
0
8
15
20
17
12
0
0
0
0
0
0
10
17
20
21
14
0
0
0
0
0
0
12
21
24
23
16
0
0
0
0
0
0
14
23
28
27
18
0
0
0
0
0
0
16
27
32
31
0
0
0
0
0
0
0
18
31
36
0
4
7
6
0
0
0
0
0
0
4
7
12
11
8
0
0
0
0
0
7
12
9
14
15
10
0
0
0
0
6
11
14
17
20
19
12
0
0
0
0
8
15
18
25
24
21
14
0
0
0
0
10
19
22
31
28
27
16
0
0
0
0
12
21
30
37
32
27
18
0
0
0
0
14
29
32
35
36
33
0
0
0
0
0
16
29
36
39
42
0
0
0
0
0
0
18
35
44
43
0
0
6
11
8
0
0
0
0
0
0
6
11
16
15
10
0
0
0
0
6
11
14
17
18
19
12
0
0
0
11
16
17
18
21
22
25
14
0
0
8
13
18
23
30
27
30
29
16
0
0
10
21
24
31
34
33
38
33
18
0
0
12
25
28
33
42
41
42
37
0
0
0
14
29
36
37
46
49
44
0
0
0
0
16
31
40
47
50
55
0
0
0
0
0
18
37
42
55
56
0
0
0
8
13
10
0
0
0
0
0
0
8
13
18
17
12
0
0
0
0
8
13
18
25
24
23
14
0
0
8
15
20
23
28
27
30
29
16
0
13
20
21
26
27
34
35
36
33
18
10
17
24
27
34
43
46
41
42
37
0
12
23
30
39
40
49
48
47
48
0
0
14
31
36
43
48
55
56
53
0
0
0
16
33
40
47
52
59
62
0
0
0
0
18
37
46
53
66
67
0
0
0
0
10
17
12
0
0
0
0
0
0
10
17
20
21
14
0
0
0
0
10
19
24
29
28
25
16
0
0
10
19
22
27
30
33
36
31
18
10
17
24
29
34
37
40
45
38
41
15
22
27
34
43
42
45
50
47
48
12
21
28
33
42
47
50
55
56
55
0
14
25
32
45
48
49
60
61
62
0
0
16
29
40
47
54
59
68
73
0
0
0
18
41
48
55
60
73
74
0
0
0
0
0
12
19
14
0
0
0
0
0
0
12
21
26
23
16
0
0
0
0
12
21
26
33
30
33
18
0
0
12
21
30
35
42
39
40
37
0
12
21
26
37
40
43
48
47
44
12
21
28
33
40
43
52
55
54
57
19
26
33
38
47
50
51
60
61
64
14
23
30
37
48
53
60
71
68
71
0
16
31
40
49
54
63
66
73
80
0
0
18
35
52
55
62
69
76
83
0
0
0
0
0
0
14
21
16
0
0
0
0
0
0
14
23
28
27
18
0
0
0
0
14
25
30
37
38
35
0
0
0
14
29
34
39
48
47
44
0
0
14
31
34
43
48
51
56
53
0
14
27
34
43
46
57
60
61
62
14
23
30
43
46
55
60
67
68
67
21
30
33
42
53
58
65
70
75
80
16
27
38
47
58
63
66
75
90
87
0
18
35
44
57
62
71
78
89
94
0
0
0
0
0
0
0
16
25
18
0
0
0
0
0
0
16
27
32
31
0
0
0
0
0
16
31
36
41
42
0
0
0
0
16
31
38
47
50
53
0
0
0
16
31
46
49
54
61
66
0
0
16
31
40
47
52
61
68
75
0
16
33
40
49
54
59
68
75
78
16
27
34
47
54
63
64
75
82
85
25
34
43
50
61
70
77
84
85
90
18
31
44
55
64
71
84
87
96
97
0
0
0
0
0
0
0
0
18
27
0
0
0
0
0
0
0
18
31
36
0
0
0
0
0
0
18
33
42
47
0
0
0
0
0
18
35
48
49
56
0
0
0
0
18
37
52
59
62
67
0
0
0
18
39
50
59
60
69
72
0
0
18
37
48
51
66
73
78
83
0
18
35
44
53
62
73
80
81
94
18
33
42
59
64
75
80
89
94
95
27
38
49
58
67
80
89
102
99
102
